[[ -4.21712494  18.05711746  17.07662582 -33.65373993]]
1
[[ -5.01520634  16.93102264  16.28143501 -33.78881073]]
1
[[ -5.5970974   17.05356598  15.94588375 -34.07053757]]
1
[[ -5.56894207  16.08560562  16.69209671 -33.81525803]]
2
[[ -5.43567276  15.2667284   15.69527149 -36.54408646]]
2
[[ -4.01163673  19.33968163  17.48476028 -31.56815147]]
1
[[ -6.73330402  15.05539799  16.50488853 -33.59609985]]
2
[[ -3.00153899  17.56630516  15.72696781 -34.64475632]]
1
[[ -4.89656448  16.87392044  17.62975311 -33.00803757]]
2
[[ -4.08013439  17.04688644  16.85889053 -34.26194763]]
1
FAIL
1/6
