[[ -97.45822144  -33.98880768    0.29819489 -125.40170288]]
2
[[ -8.43717861   3.56106091   8.91178799 -65.66772461]]
2
[[-15.18642616   9.06408882 -13.04658318 -58.54411316]]
1
[[-71.58406067 -55.51828384 -72.55472565 -48.33039093]]
3
[[-15.18642616   9.06408882 -13.04658318 -58.54411316]]
1
[[-71.58406067 -55.51828384 -72.55472565 -48.33039093]]
3
[[-15.18642616   9.06408882 -13.04658318 -58.54411316]]
1
[[-71.58406067 -55.51828384 -72.55472565 -48.33039093]]
3
[[-15.18642616   9.06408882 -13.04658318 -58.54411316]]
1
[[-71.58406067 -55.51828384 -72.55472565 -48.33039093]]
3
[[-15.18642616   9.06408882 -13.04658318 -58.54411316]]
1
[[-71.58406067 -55.51828384 -72.55472565 -48.33039093]]
3
[[-15.18642616   9.06408882 -13.04658318 -58.54411316]]
1
[[-71.58406067 -55.51828384 -72.55472565 -48.33039093]]
3
[[-15.18642616   9.06408882 -13.04658318 -58.54411316]]
1
[[-71.58406067 -55.51828384 -72.55472565 -48.33039093]]
3
[[-15.18642616   9.06408882 -13.04658318 -58.54411316]]
1
[[-71.58406067 -55.51828384 -72.55472565 -48.33039093]]
3
[[-15.18642616   9.06408882 -13.04658318 -58.54411316]]
1
[[-71.58406067 -55.51828384 -72.55472565 -48.33039093]]
3
[[-15.18642616   9.06408882 -13.04658318 -58.54411316]]
1
[[-71.58406067 -55.51828384 -72.55472565 -48.33039093]]
3
[[-15.18642616   9.06408882 -13.04658318 -58.54411316]]
1
[[-71.58406067 -55.51828384 -72.55472565 -48.33039093]]
3
[[-15.18642616   9.06408882 -13.04658318 -58.54411316]]
1
[[-71.58406067 -55.51828384 -72.55472565 -48.33039093]]
3
[[-15.18642616   9.06408882 -13.04658318 -58.54411316]]
1
[[-71.58406067 -55.51828384 -72.55472565 -48.33039093]]
3
[[-15.18642616   9.06408882 -13.04658318 -58.54411316]]
1
[[-71.58406067 -55.51828384 -72.55472565 -48.33039093]]
3
[[-15.18642616   9.06408882 -13.04658318 -58.54411316]]
1
[[-71.58406067 -55.51828384 -72.55472565 -48.33039093]]
3
[[-15.18642616   9.06408882 -13.04658318 -58.54411316]]
1
[[-71.58406067 -55.51828384 -72.55472565 -48.33039093]]
3
[[-15.18642616   9.06408882 -13.04658318 -58.54411316]]
1
[[-71.58406067 -55.51828384 -72.55472565 -48.33039093]]
3
[[-15.18642616   9.06408882 -13.04658318 -58.54411316]]
1
[[-71.58406067 -55.51828384 -72.55472565 -48.33039093]]
3
[[-15.18642616   9.06408882 -13.04658318 -58.54411316]]
1
[[-71.58406067 -55.51828384 -72.55472565 -48.33039093]]
3
[[-15.18642616   9.06408882 -13.04658318 -58.54411316]]
1
[[-71.58406067 -55.51828384 -72.55472565 -48.33039093]]
3
[[-15.18642616   9.06408882 -13.04658318 -58.54411316]]
1
[[-71.58406067 -55.51828384 -72.55472565 -48.33039093]]
3
[[-15.18642616   9.06408882 -13.04658318 -58.54411316]]
1
[[-71.58406067 -55.51828384 -72.55472565 -48.33039093]]
3
[[-15.18642616   9.06408882 -13.04658318 -58.54411316]]
1
[[-71.58406067 -55.51828384 -72.55472565 -48.33039093]]
3
[[-15.18642616   9.06408882 -13.04658318 -58.54411316]]
1
[[-71.58406067 -55.51828384 -72.55472565 -48.33039093]]
3
[[-15.18642616   9.06408882 -13.04658318 -58.54411316]]
1
[[-71.58406067 -55.51828384 -72.55472565 -48.33039093]]
3
[[-15.18642616   9.06408882 -13.04658318 -58.54411316]]
1
[[-71.58406067 -55.51828384 -72.55472565 -48.33039093]]
3
[[-15.18642616   9.06408882 -13.04658318 -58.54411316]]
1
[[-71.58406067 -55.51828384 -72.55472565 -48.33039093]]
3
[[-15.18642616   9.06408882 -13.04658318 -58.54411316]]
1
[[-71.58406067 -55.51828384 -72.55472565 -48.33039093]]
3
[[-15.18642616   9.06408882 -13.04658318 -58.54411316]]
1
[[-71.58406067 -55.51828384 -72.55472565 -48.33039093]]
3
[[-15.18642616   9.06408882 -13.04658318 -58.54411316]]
1
[[-71.58406067 -55.51828384 -72.55472565 -48.33039093]]
3
[[-15.18642616   9.06408882 -13.04658318 -58.54411316]]
1
[[-71.58406067 -55.51828384 -72.55472565 -48.33039093]]
3
[[-15.18642616   9.06408882 -13.04658318 -58.54411316]]
1
[[-71.58406067 -55.51828384 -72.55472565 -48.33039093]]
3
[[-15.18642616   9.06408882 -13.04658318 -58.54411316]]
1
[[-71.58406067 -55.51828384 -72.55472565 -48.33039093]]
3
[[-15.18642616   9.06408882 -13.04658318 -58.54411316]]
1
[[-71.58406067 -55.51828384 -72.55472565 -48.33039093]]
3
[[-15.18642616   9.06408882 -13.04658318 -58.54411316]]
1
[[-71.58406067 -55.51828384 -72.55472565 -48.33039093]]
3
[[-15.18642616   9.06408882 -13.04658318 -58.54411316]]
1
[[-71.58406067 -55.51828384 -72.55472565 -48.33039093]]
3
[[-15.18642616   9.06408882 -13.04658318 -58.54411316]]
1
[[-71.58406067 -55.51828384 -72.55472565 -48.33039093]]
3
[[-15.18642616   9.06408882 -13.04658318 -58.54411316]]
1
[[-71.58406067 -55.51828384 -72.55472565 -48.33039093]]
3
[[-15.18642616   9.06408882 -13.04658318 -58.54411316]]
1
[[-71.58406067 -55.51828384 -72.55472565 -48.33039093]]
3
[[-15.18642616   9.06408882 -13.04658318 -58.54411316]]
1
[[-71.58406067 -55.51828384 -72.55472565 -48.33039093]]
3
[[-15.18642616   9.06408882 -13.04658318 -58.54411316]]
1
[[-71.58406067 -55.51828384 -72.55472565 -48.33039093]]
3
[[-15.18642616   9.06408882 -13.04658318 -58.54411316]]
1
[[-71.58406067 -55.51828384 -72.55472565 -48.33039093]]
3
[[-15.18642616   9.06408882 -13.04658318 -58.54411316]]
1
[[-71.58406067 -55.51828384 -72.55472565 -48.33039093]]
3
[[-15.18642616   9.06408882 -13.04658318 -58.54411316]]
1
[[-71.58406067 -55.51828384 -72.55472565 -48.33039093]]
3
[[-15.18642616   9.06408882 -13.04658318 -58.54411316]]
1
[[-71.58406067 -55.51828384 -72.55472565 -48.33039093]]
3
[[-15.18642616   9.06408882 -13.04658318 -58.54411316]]
1
[[-71.58406067 -55.51828384 -72.55472565 -48.33039093]]
3
[[-15.18642616   9.06408882 -13.04658318 -58.54411316]]
1
[[-71.58406067 -55.51828384 -72.55472565 -48.33039093]]
3
[[-15.18642616   9.06408882 -13.04658318 -58.54411316]]
1
[[-71.58406067 -55.51828384 -72.55472565 -48.33039093]]
3
[[-15.18642616   9.06408882 -13.04658318 -58.54411316]]
1
[[-71.58406067 -55.51828384 -72.55472565 -48.33039093]]
3
[[-15.18642616   9.06408882 -13.04658318 -58.54411316]]
1
FAIL
2/31
