[[-102.09716797  -37.3245163    -1.38832855 -129.24737549]]
2
[[ -7.53626156   1.45591736   6.91564941 -66.53448486]]
2
[[-13.95459366   8.67361259 -14.78994179 -58.58237457]]
1
[[-74.61908722 -61.54533386 -79.8250351  -46.82970047]]
3
[[-13.95459366   8.67361259 -14.78994179 -58.58237457]]
1
[[-74.61908722 -61.54533386 -79.8250351  -46.82970047]]
3
[[-13.95459366   8.67361259 -14.78994179 -58.58237457]]
1
[[-74.61908722 -61.54533386 -79.8250351  -46.82970047]]
3
[[-13.95459366   8.67361259 -14.78994179 -58.58237457]]
1
[[-74.61908722 -61.54533386 -79.8250351  -46.82970047]]
3
[[-13.95459366   8.67361259 -14.78994179 -58.58237457]]
1
[[-74.61908722 -61.54533386 -79.8250351  -46.82970047]]
3
[[-13.95459366   8.67361259 -14.78994179 -58.58237457]]
1
[[-74.61908722 -61.54533386 -79.8250351  -46.82970047]]
3
[[-13.95459366   8.67361259 -14.78994179 -58.58237457]]
1
[[-74.61908722 -61.54533386 -79.8250351  -46.82970047]]
3
[[-13.95459366   8.67361259 -14.78994179 -58.58237457]]
1
[[-74.61908722 -61.54533386 -79.8250351  -46.82970047]]
3
[[-13.95459366   8.67361259 -14.78994179 -58.58237457]]
1
[[-74.61908722 -61.54533386 -79.8250351  -46.82970047]]
3
[[-13.95459366   8.67361259 -14.78994179 -58.58237457]]
1
[[-74.61908722 -61.54533386 -79.8250351  -46.82970047]]
3
[[-13.95459366   8.67361259 -14.78994179 -58.58237457]]
1
[[-74.61908722 -61.54533386 -79.8250351  -46.82970047]]
3
[[-13.95459366   8.67361259 -14.78994179 -58.58237457]]
1
[[-74.61908722 -61.54533386 -79.8250351  -46.82970047]]
3
[[-13.95459366   8.67361259 -14.78994179 -58.58237457]]
1
[[-74.61908722 -61.54533386 -79.8250351  -46.82970047]]
3
[[-13.95459366   8.67361259 -14.78994179 -58.58237457]]
1
[[-74.61908722 -61.54533386 -79.8250351  -46.82970047]]
3
[[-13.95459366   8.67361259 -14.78994179 -58.58237457]]
1
[[-74.61908722 -61.54533386 -79.8250351  -46.82970047]]
3
[[-13.95459366   8.67361259 -14.78994179 -58.58237457]]
1
[[-74.61908722 -61.54533386 -79.8250351  -46.82970047]]
3
[[-13.95459366   8.67361259 -14.78994179 -58.58237457]]
1
[[-74.61908722 -61.54533386 -79.8250351  -46.82970047]]
3
[[-13.95459366   8.67361259 -14.78994179 -58.58237457]]
1
[[-74.61908722 -61.54533386 -79.8250351  -46.82970047]]
3
[[-13.95459366   8.67361259 -14.78994179 -58.58237457]]
1
[[-74.61908722 -61.54533386 -79.8250351  -46.82970047]]
3
[[-13.95459366   8.67361259 -14.78994179 -58.58237457]]
1
[[-74.61908722 -61.54533386 -79.8250351  -46.82970047]]
3
[[-13.95459366   8.67361259 -14.78994179 -58.58237457]]
1
[[-74.61908722 -61.54533386 -79.8250351  -46.82970047]]
3
[[-13.95459366   8.67361259 -14.78994179 -58.58237457]]
1
[[-74.61908722 -61.54533386 -79.8250351  -46.82970047]]
3
[[-13.95459366   8.67361259 -14.78994179 -58.58237457]]
1
[[-74.61908722 -61.54533386 -79.8250351  -46.82970047]]
3
[[-13.95459366   8.67361259 -14.78994179 -58.58237457]]
1
[[-74.61908722 -61.54533386 -79.8250351  -46.82970047]]
3
[[-13.95459366   8.67361259 -14.78994179 -58.58237457]]
1
[[-74.61908722 -61.54533386 -79.8250351  -46.82970047]]
3
[[-13.95459366   8.67361259 -14.78994179 -58.58237457]]
1
[[-74.61908722 -61.54533386 -79.8250351  -46.82970047]]
3
[[-13.95459366   8.67361259 -14.78994179 -58.58237457]]
1
[[-74.61908722 -61.54533386 -79.8250351  -46.82970047]]
3
[[-13.95459366   8.67361259 -14.78994179 -58.58237457]]
1
[[-74.61908722 -61.54533386 -79.8250351  -46.82970047]]
3
[[-13.95459366   8.67361259 -14.78994179 -58.58237457]]
1
[[-74.61908722 -61.54533386 -79.8250351  -46.82970047]]
3
[[-13.95459366   8.67361259 -14.78994179 -58.58237457]]
1
[[-74.61908722 -61.54533386 -79.8250351  -46.82970047]]
3
[[-13.95459366   8.67361259 -14.78994179 -58.58237457]]
1
[[-74.61908722 -61.54533386 -79.8250351  -46.82970047]]
3
[[-13.95459366   8.67361259 -14.78994179 -58.58237457]]
1
[[-74.61908722 -61.54533386 -79.8250351  -46.82970047]]
3
[[-13.95459366   8.67361259 -14.78994179 -58.58237457]]
1
[[-74.61908722 -61.54533386 -79.8250351  -46.82970047]]
3
[[-13.95459366   8.67361259 -14.78994179 -58.58237457]]
1
[[-74.61908722 -61.54533386 -79.8250351  -46.82970047]]
3
[[-13.95459366   8.67361259 -14.78994179 -58.58237457]]
1
[[-74.61908722 -61.54533386 -79.8250351  -46.82970047]]
3
[[-13.95459366   8.67361259 -14.78994179 -58.58237457]]
1
[[-74.61908722 -61.54533386 -79.8250351  -46.82970047]]
3
[[-13.95459366   8.67361259 -14.78994179 -58.58237457]]
1
[[-74.61908722 -61.54533386 -79.8250351  -46.82970047]]
3
[[-13.95459366   8.67361259 -14.78994179 -58.58237457]]
1
[[-74.61908722 -61.54533386 -79.8250351  -46.82970047]]
3
[[-13.95459366   8.67361259 -14.78994179 -58.58237457]]
1
[[-74.61908722 -61.54533386 -79.8250351  -46.82970047]]
3
[[-13.95459366   8.67361259 -14.78994179 -58.58237457]]
1
[[-74.61908722 -61.54533386 -79.8250351  -46.82970047]]
3
[[-13.95459366   8.67361259 -14.78994179 -58.58237457]]
1
[[-74.61908722 -61.54533386 -79.8250351  -46.82970047]]
3
[[-13.95459366   8.67361259 -14.78994179 -58.58237457]]
1
[[-74.61908722 -61.54533386 -79.8250351  -46.82970047]]
3
[[-13.95459366   8.67361259 -14.78994179 -58.58237457]]
1
[[-74.61908722 -61.54533386 -79.8250351  -46.82970047]]
3
[[-13.95459366   8.67361259 -14.78994179 -58.58237457]]
1
[[-74.61908722 -61.54533386 -79.8250351  -46.82970047]]
3
[[-13.95459366   8.67361259 -14.78994179 -58.58237457]]
1
[[-74.61908722 -61.54533386 -79.8250351  -46.82970047]]
3
[[-13.95459366   8.67361259 -14.78994179 -58.58237457]]
1
[[-74.61908722 -61.54533386 -79.8250351  -46.82970047]]
3
[[-13.95459366   8.67361259 -14.78994179 -58.58237457]]
1
[[-74.61908722 -61.54533386 -79.8250351  -46.82970047]]
3
[[-13.95459366   8.67361259 -14.78994179 -58.58237457]]
1
[[-74.61908722 -61.54533386 -79.8250351  -46.82970047]]
3
[[-13.95459366   8.67361259 -14.78994179 -58.58237457]]
1
[[-74.61908722 -61.54533386 -79.8250351  -46.82970047]]
3
[[-13.95459366   8.67361259 -14.78994179 -58.58237457]]
1
FAIL
2/31
