[[-22.4438591  -18.13269424  -7.32069016 -77.31317902]]
2
[[-36.5915451  -38.04253387 -45.39074326 -33.50816727]]
3
[[-81.76451111  34.52602386  17.48513603 -39.54407501]]
1
[[-36.5915451  -38.04253387 -45.39074326 -33.50816727]]
3
[[-81.76451111  34.52602386  17.48513603 -39.54407501]]
1
[[-36.5915451  -38.04253387 -45.39074326 -33.50816727]]
3
[[-81.76451111  34.52602386  17.48513603 -39.54407501]]
1
[[-36.5915451  -38.04253387 -45.39074326 -33.50816727]]
3
[[-81.76451111  34.52602386  17.48513603 -39.54407501]]
1
[[-36.5915451  -38.04253387 -45.39074326 -33.50816727]]
3
[[-81.76451111  34.52602386  17.48513603 -39.54407501]]
1
[[-36.5915451  -38.04253387 -45.39074326 -33.50816727]]
3
[[-81.76451111  34.52602386  17.48513603 -39.54407501]]
1
[[-36.5915451  -38.04253387 -45.39074326 -33.50816727]]
3
[[-81.76451111  34.52602386  17.48513603 -39.54407501]]
1
[[-36.5915451  -38.04253387 -45.39074326 -33.50816727]]
3
[[-81.76451111  34.52602386  17.48513603 -39.54407501]]
1
[[-36.5915451  -38.04253387 -45.39074326 -33.50816727]]
3
[[-81.76451111  34.52602386  17.48513603 -39.54407501]]
1
[[-36.5915451  -38.04253387 -45.39074326 -33.50816727]]
3
[[-81.76451111  34.52602386  17.48513603 -39.54407501]]
1
[[-36.5915451  -38.04253387 -45.39074326 -33.50816727]]
3
[[-81.76451111  34.52602386  17.48513603 -39.54407501]]
1
[[-36.5915451  -38.04253387 -45.39074326 -33.50816727]]
3
[[-81.76451111  34.52602386  17.48513603 -39.54407501]]
1
[[-36.5915451  -38.04253387 -45.39074326 -33.50816727]]
3
[[-81.76451111  34.52602386  17.48513603 -39.54407501]]
1
[[-36.5915451  -38.04253387 -45.39074326 -33.50816727]]
3
[[-81.76451111  34.52602386  17.48513603 -39.54407501]]
1
[[-36.5915451  -38.04253387 -45.39074326 -33.50816727]]
3
[[-81.76451111  34.52602386  17.48513603 -39.54407501]]
1
[[-36.5915451  -38.04253387 -45.39074326 -33.50816727]]
3
[[-81.76451111  34.52602386  17.48513603 -39.54407501]]
1
[[-36.5915451  -38.04253387 -45.39074326 -33.50816727]]
3
[[-81.76451111  34.52602386  17.48513603 -39.54407501]]
1
[[-36.5915451  -38.04253387 -45.39074326 -33.50816727]]
3
[[-81.76451111  34.52602386  17.48513603 -39.54407501]]
1
[[-36.5915451  -38.04253387 -45.39074326 -33.50816727]]
3
[[-81.76451111  34.52602386  17.48513603 -39.54407501]]
1
[[-36.5915451  -38.04253387 -45.39074326 -33.50816727]]
3
[[-81.76451111  34.52602386  17.48513603 -39.54407501]]
1
[[-36.5915451  -38.04253387 -45.39074326 -33.50816727]]
3
[[-81.76451111  34.52602386  17.48513603 -39.54407501]]
1
[[-36.5915451  -38.04253387 -45.39074326 -33.50816727]]
3
[[-81.76451111  34.52602386  17.48513603 -39.54407501]]
1
[[-36.5915451  -38.04253387 -45.39074326 -33.50816727]]
3
[[-81.76451111  34.52602386  17.48513603 -39.54407501]]
1
[[-36.5915451  -38.04253387 -45.39074326 -33.50816727]]
3
[[-81.76451111  34.52602386  17.48513603 -39.54407501]]
1
[[-36.5915451  -38.04253387 -45.39074326 -33.50816727]]
3
[[-81.76451111  34.52602386  17.48513603 -39.54407501]]
1
[[-36.5915451  -38.04253387 -45.39074326 -33.50816727]]
3
[[-81.76451111  34.52602386  17.48513603 -39.54407501]]
1
[[-36.5915451  -38.04253387 -45.39074326 -33.50816727]]
3
[[-81.76451111  34.52602386  17.48513603 -39.54407501]]
1
[[-36.5915451  -38.04253387 -45.39074326 -33.50816727]]
3
[[-81.76451111  34.52602386  17.48513603 -39.54407501]]
1
[[-36.5915451  -38.04253387 -45.39074326 -33.50816727]]
3
[[-81.76451111  34.52602386  17.48513603 -39.54407501]]
1
[[-36.5915451  -38.04253387 -45.39074326 -33.50816727]]
3
[[-81.76451111  34.52602386  17.48513603 -39.54407501]]
1
[[-36.5915451  -38.04253387 -45.39074326 -33.50816727]]
3
[[-81.76451111  34.52602386  17.48513603 -39.54407501]]
1
[[-36.5915451  -38.04253387 -45.39074326 -33.50816727]]
3
[[-81.76451111  34.52602386  17.48513603 -39.54407501]]
1
[[-36.5915451  -38.04253387 -45.39074326 -33.50816727]]
3
[[-81.76451111  34.52602386  17.48513603 -39.54407501]]
1
[[-36.5915451  -38.04253387 -45.39074326 -33.50816727]]
3
[[-81.76451111  34.52602386  17.48513603 -39.54407501]]
1
[[-36.5915451  -38.04253387 -45.39074326 -33.50816727]]
3
[[-81.76451111  34.52602386  17.48513603 -39.54407501]]
1
[[-36.5915451  -38.04253387 -45.39074326 -33.50816727]]
3
[[-81.76451111  34.52602386  17.48513603 -39.54407501]]
1
[[-36.5915451  -38.04253387 -45.39074326 -33.50816727]]
3
[[-81.76451111  34.52602386  17.48513603 -39.54407501]]
1
[[-36.5915451  -38.04253387 -45.39074326 -33.50816727]]
3
[[-81.76451111  34.52602386  17.48513603 -39.54407501]]
1
[[-36.5915451  -38.04253387 -45.39074326 -33.50816727]]
3
[[-81.76451111  34.52602386  17.48513603 -39.54407501]]
1
[[-36.5915451  -38.04253387 -45.39074326 -33.50816727]]
3
[[-81.76451111  34.52602386  17.48513603 -39.54407501]]
1
[[-36.5915451  -38.04253387 -45.39074326 -33.50816727]]
3
[[-81.76451111  34.52602386  17.48513603 -39.54407501]]
1
[[-36.5915451  -38.04253387 -45.39074326 -33.50816727]]
3
[[-81.76451111  34.52602386  17.48513603 -39.54407501]]
1
[[-36.5915451  -38.04253387 -45.39074326 -33.50816727]]
3
[[-81.76451111  34.52602386  17.48513603 -39.54407501]]
1
[[-36.5915451  -38.04253387 -45.39074326 -33.50816727]]
3
[[-81.76451111  34.52602386  17.48513603 -39.54407501]]
1
[[-36.5915451  -38.04253387 -45.39074326 -33.50816727]]
3
[[-81.76451111  34.52602386  17.48513603 -39.54407501]]
1
[[-36.5915451  -38.04253387 -45.39074326 -33.50816727]]
3
[[-81.76451111  34.52602386  17.48513603 -39.54407501]]
1
[[-36.5915451  -38.04253387 -45.39074326 -33.50816727]]
3
[[-81.76451111  34.52602386  17.48513603 -39.54407501]]
1
[[-36.5915451  -38.04253387 -45.39074326 -33.50816727]]
3
[[-81.76451111  34.52602386  17.48513603 -39.54407501]]
1
[[-36.5915451  -38.04253387 -45.39074326 -33.50816727]]
3
[[-81.76451111  34.52602386  17.48513603 -39.54407501]]
1
[[-36.5915451  -38.04253387 -45.39074326 -33.50816727]]
3
[[-81.76451111  34.52602386  17.48513603 -39.54407501]]
1
FAIL
2/4
