[[-107.02765656  -41.36808777   -2.65711975 -133.39962769]]
2
[[ -7.15685272  -1.05527878   5.24750137 -67.96087646]]
2
[[-13.24021149   7.9285965  -16.23201752 -59.20524979]]
1
[[-78.26054382 -67.94932556 -86.38265991 -45.6572876 ]]
3
[[-13.24021149   7.9285965  -16.23201752 -59.20524979]]
1
[[-78.26054382 -67.94932556 -86.38265991 -45.6572876 ]]
3
[[-13.24021149   7.9285965  -16.23201752 -59.20524979]]
1
[[-78.26054382 -67.94932556 -86.38265991 -45.6572876 ]]
3
[[-13.24021149   7.9285965  -16.23201752 -59.20524979]]
1
[[-78.26054382 -67.94932556 -86.38265991 -45.6572876 ]]
3
[[-13.24021149   7.9285965  -16.23201752 -59.20524979]]
1
[[-78.26054382 -67.94932556 -86.38265991 -45.6572876 ]]
3
[[-13.24021149   7.9285965  -16.23201752 -59.20524979]]
1
[[-78.26054382 -67.94932556 -86.38265991 -45.6572876 ]]
3
[[-13.24021149   7.9285965  -16.23201752 -59.20524979]]
1
[[-78.26054382 -67.94932556 -86.38265991 -45.6572876 ]]
3
[[-13.24021149   7.9285965  -16.23201752 -59.20524979]]
1
[[-78.26054382 -67.94932556 -86.38265991 -45.6572876 ]]
3
[[-13.24021149   7.9285965  -16.23201752 -59.20524979]]
1
[[-78.26054382 -67.94932556 -86.38265991 -45.6572876 ]]
3
[[-13.24021149   7.9285965  -16.23201752 -59.20524979]]
1
[[-78.26054382 -67.94932556 -86.38265991 -45.6572876 ]]
3
[[-13.24021149   7.9285965  -16.23201752 -59.20524979]]
1
[[-78.26054382 -67.94932556 -86.38265991 -45.6572876 ]]
3
[[-13.24021149   7.9285965  -16.23201752 -59.20524979]]
1
[[-78.26054382 -67.94932556 -86.38265991 -45.6572876 ]]
3
[[-13.24021149   7.9285965  -16.23201752 -59.20524979]]
1
[[-78.26054382 -67.94932556 -86.38265991 -45.6572876 ]]
3
[[-13.24021149   7.9285965  -16.23201752 -59.20524979]]
1
[[-78.26054382 -67.94932556 -86.38265991 -45.6572876 ]]
3
[[-13.24021149   7.9285965  -16.23201752 -59.20524979]]
1
[[-78.26054382 -67.94932556 -86.38265991 -45.6572876 ]]
3
[[-13.24021149   7.9285965  -16.23201752 -59.20524979]]
1
[[-78.26054382 -67.94932556 -86.38265991 -45.6572876 ]]
3
[[-13.24021149   7.9285965  -16.23201752 -59.20524979]]
1
[[-78.26054382 -67.94932556 -86.38265991 -45.6572876 ]]
3
[[-13.24021149   7.9285965  -16.23201752 -59.20524979]]
1
[[-78.26054382 -67.94932556 -86.38265991 -45.6572876 ]]
3
[[-13.24021149   7.9285965  -16.23201752 -59.20524979]]
1
[[-78.26054382 -67.94932556 -86.38265991 -45.6572876 ]]
3
[[-13.24021149   7.9285965  -16.23201752 -59.20524979]]
1
[[-78.26054382 -67.94932556 -86.38265991 -45.6572876 ]]
3
[[-13.24021149   7.9285965  -16.23201752 -59.20524979]]
1
[[-78.26054382 -67.94932556 -86.38265991 -45.6572876 ]]
3
[[-13.24021149   7.9285965  -16.23201752 -59.20524979]]
1
[[-78.26054382 -67.94932556 -86.38265991 -45.6572876 ]]
3
[[-13.24021149   7.9285965  -16.23201752 -59.20524979]]
1
[[-78.26054382 -67.94932556 -86.38265991 -45.6572876 ]]
3
[[-13.24021149   7.9285965  -16.23201752 -59.20524979]]
1
[[-78.26054382 -67.94932556 -86.38265991 -45.6572876 ]]
3
[[-13.24021149   7.9285965  -16.23201752 -59.20524979]]
1
[[-78.26054382 -67.94932556 -86.38265991 -45.6572876 ]]
3
[[-13.24021149   7.9285965  -16.23201752 -59.20524979]]
1
[[-78.26054382 -67.94932556 -86.38265991 -45.6572876 ]]
3
[[-13.24021149   7.9285965  -16.23201752 -59.20524979]]
1
[[-78.26054382 -67.94932556 -86.38265991 -45.6572876 ]]
3
[[-13.24021149   7.9285965  -16.23201752 -59.20524979]]
1
[[-78.26054382 -67.94932556 -86.38265991 -45.6572876 ]]
3
[[-13.24021149   7.9285965  -16.23201752 -59.20524979]]
1
[[-78.26054382 -67.94932556 -86.38265991 -45.6572876 ]]
3
[[-13.24021149   7.9285965  -16.23201752 -59.20524979]]
1
[[-78.26054382 -67.94932556 -86.38265991 -45.6572876 ]]
3
[[-13.24021149   7.9285965  -16.23201752 -59.20524979]]
1
[[-78.26054382 -67.94932556 -86.38265991 -45.6572876 ]]
3
[[-13.24021149   7.9285965  -16.23201752 -59.20524979]]
1
[[-78.26054382 -67.94932556 -86.38265991 -45.6572876 ]]
3
[[-13.24021149   7.9285965  -16.23201752 -59.20524979]]
1
[[-78.26054382 -67.94932556 -86.38265991 -45.6572876 ]]
3
[[-13.24021149   7.9285965  -16.23201752 -59.20524979]]
1
[[-78.26054382 -67.94932556 -86.38265991 -45.6572876 ]]
3
[[-13.24021149   7.9285965  -16.23201752 -59.20524979]]
1
[[-78.26054382 -67.94932556 -86.38265991 -45.6572876 ]]
3
[[-13.24021149   7.9285965  -16.23201752 -59.20524979]]
1
[[-78.26054382 -67.94932556 -86.38265991 -45.6572876 ]]
3
[[-13.24021149   7.9285965  -16.23201752 -59.20524979]]
1
[[-78.26054382 -67.94932556 -86.38265991 -45.6572876 ]]
3
[[-13.24021149   7.9285965  -16.23201752 -59.20524979]]
1
[[-78.26054382 -67.94932556 -86.38265991 -45.6572876 ]]
3
[[-13.24021149   7.9285965  -16.23201752 -59.20524979]]
1
[[-78.26054382 -67.94932556 -86.38265991 -45.6572876 ]]
3
[[-13.24021149   7.9285965  -16.23201752 -59.20524979]]
1
[[-78.26054382 -67.94932556 -86.38265991 -45.6572876 ]]
3
[[-13.24021149   7.9285965  -16.23201752 -59.20524979]]
1
[[-78.26054382 -67.94932556 -86.38265991 -45.6572876 ]]
3
[[-13.24021149   7.9285965  -16.23201752 -59.20524979]]
1
[[-78.26054382 -67.94932556 -86.38265991 -45.6572876 ]]
3
[[-13.24021149   7.9285965  -16.23201752 -59.20524979]]
1
[[-78.26054382 -67.94932556 -86.38265991 -45.6572876 ]]
3
[[-13.24021149   7.9285965  -16.23201752 -59.20524979]]
1
[[-78.26054382 -67.94932556 -86.38265991 -45.6572876 ]]
3
[[-13.24021149   7.9285965  -16.23201752 -59.20524979]]
1
[[-78.26054382 -67.94932556 -86.38265991 -45.6572876 ]]
3
[[-13.24021149   7.9285965  -16.23201752 -59.20524979]]
1
[[-78.26054382 -67.94932556 -86.38265991 -45.6572876 ]]
3
[[-13.24021149   7.9285965  -16.23201752 -59.20524979]]
1
[[-78.26054382 -67.94932556 -86.38265991 -45.6572876 ]]
3
[[-13.24021149   7.9285965  -16.23201752 -59.20524979]]
1
[[-78.26054382 -67.94932556 -86.38265991 -45.6572876 ]]
3
[[-13.24021149   7.9285965  -16.23201752 -59.20524979]]
1
[[-78.26054382 -67.94932556 -86.38265991 -45.6572876 ]]
3
[[-13.24021149   7.9285965  -16.23201752 -59.20524979]]
1
FAIL
2/31
