[[-111.8768692   -45.46216202   -4.0198288  -137.69891357]]
2
[[ -6.73875809  -3.73000717   3.54819298 -69.9983139 ]]
2
[[-12.77925873   6.92673683 -17.50413513 -60.10199356]]
1
[[-82.29559326 -74.46315002 -92.9303894  -44.74058914]]
3
[[-12.77925873   6.92673683 -17.50413513 -60.10199356]]
1
[[-82.29559326 -74.46315002 -92.9303894  -44.74058914]]
3
[[-12.77925873   6.92673683 -17.50413513 -60.10199356]]
1
[[-82.29559326 -74.46315002 -92.9303894  -44.74058914]]
3
[[-12.77925873   6.92673683 -17.50413513 -60.10199356]]
1
[[-82.29559326 -74.46315002 -92.9303894  -44.74058914]]
3
[[-12.77925873   6.92673683 -17.50413513 -60.10199356]]
1
[[-82.29559326 -74.46315002 -92.9303894  -44.74058914]]
3
[[-12.77925873   6.92673683 -17.50413513 -60.10199356]]
1
[[-82.29559326 -74.46315002 -92.9303894  -44.74058914]]
3
[[-12.77925873   6.92673683 -17.50413513 -60.10199356]]
1
[[-82.29559326 -74.46315002 -92.9303894  -44.74058914]]
3
[[-12.77925873   6.92673683 -17.50413513 -60.10199356]]
1
[[-82.29559326 -74.46315002 -92.9303894  -44.74058914]]
3
[[-12.77925873   6.92673683 -17.50413513 -60.10199356]]
1
[[-82.29559326 -74.46315002 -92.9303894  -44.74058914]]
3
[[-12.77925873   6.92673683 -17.50413513 -60.10199356]]
1
[[-82.29559326 -74.46315002 -92.9303894  -44.74058914]]
3
[[-12.77925873   6.92673683 -17.50413513 -60.10199356]]
1
[[-82.29559326 -74.46315002 -92.9303894  -44.74058914]]
3
[[-12.77925873   6.92673683 -17.50413513 -60.10199356]]
1
[[-82.29559326 -74.46315002 -92.9303894  -44.74058914]]
3
[[-12.77925873   6.92673683 -17.50413513 -60.10199356]]
1
[[-82.29559326 -74.46315002 -92.9303894  -44.74058914]]
3
[[-12.77925873   6.92673683 -17.50413513 -60.10199356]]
1
[[-82.29559326 -74.46315002 -92.9303894  -44.74058914]]
3
[[-12.77925873   6.92673683 -17.50413513 -60.10199356]]
1
[[-82.29559326 -74.46315002 -92.9303894  -44.74058914]]
3
[[-12.77925873   6.92673683 -17.50413513 -60.10199356]]
1
[[-82.29559326 -74.46315002 -92.9303894  -44.74058914]]
3
[[-12.77925873   6.92673683 -17.50413513 -60.10199356]]
1
[[-82.29559326 -74.46315002 -92.9303894  -44.74058914]]
3
[[-12.77925873   6.92673683 -17.50413513 -60.10199356]]
1
[[-82.29559326 -74.46315002 -92.9303894  -44.74058914]]
3
[[-12.77925873   6.92673683 -17.50413513 -60.10199356]]
1
[[-82.29559326 -74.46315002 -92.9303894  -44.74058914]]
3
[[-12.77925873   6.92673683 -17.50413513 -60.10199356]]
1
[[-82.29559326 -74.46315002 -92.9303894  -44.74058914]]
3
[[-12.77925873   6.92673683 -17.50413513 -60.10199356]]
1
[[-82.29559326 -74.46315002 -92.9303894  -44.74058914]]
3
[[-12.77925873   6.92673683 -17.50413513 -60.10199356]]
1
[[-82.29559326 -74.46315002 -92.9303894  -44.74058914]]
3
[[-12.77925873   6.92673683 -17.50413513 -60.10199356]]
1
[[-82.29559326 -74.46315002 -92.9303894  -44.74058914]]
3
[[-12.77925873   6.92673683 -17.50413513 -60.10199356]]
1
[[-82.29559326 -74.46315002 -92.9303894  -44.74058914]]
3
[[-12.77925873   6.92673683 -17.50413513 -60.10199356]]
1
[[-82.29559326 -74.46315002 -92.9303894  -44.74058914]]
3
[[-12.77925873   6.92673683 -17.50413513 -60.10199356]]
1
[[-82.29559326 -74.46315002 -92.9303894  -44.74058914]]
3
[[-12.77925873   6.92673683 -17.50413513 -60.10199356]]
1
[[-82.29559326 -74.46315002 -92.9303894  -44.74058914]]
3
[[-12.77925873   6.92673683 -17.50413513 -60.10199356]]
1
[[-82.29559326 -74.46315002 -92.9303894  -44.74058914]]
3
[[-12.77925873   6.92673683 -17.50413513 -60.10199356]]
1
[[-82.29559326 -74.46315002 -92.9303894  -44.74058914]]
3
[[-12.77925873   6.92673683 -17.50413513 -60.10199356]]
1
[[-82.29559326 -74.46315002 -92.9303894  -44.74058914]]
3
[[-12.77925873   6.92673683 -17.50413513 -60.10199356]]
1
[[-82.29559326 -74.46315002 -92.9303894  -44.74058914]]
3
[[-12.77925873   6.92673683 -17.50413513 -60.10199356]]
1
[[-82.29559326 -74.46315002 -92.9303894  -44.74058914]]
3
[[-12.77925873   6.92673683 -17.50413513 -60.10199356]]
1
[[-82.29559326 -74.46315002 -92.9303894  -44.74058914]]
3
[[-12.77925873   6.92673683 -17.50413513 -60.10199356]]
1
[[-82.29559326 -74.46315002 -92.9303894  -44.74058914]]
3
[[-12.77925873   6.92673683 -17.50413513 -60.10199356]]
1
[[-82.29559326 -74.46315002 -92.9303894  -44.74058914]]
3
[[-12.77925873   6.92673683 -17.50413513 -60.10199356]]
1
[[-82.29559326 -74.46315002 -92.9303894  -44.74058914]]
3
[[-12.77925873   6.92673683 -17.50413513 -60.10199356]]
1
[[-82.29559326 -74.46315002 -92.9303894  -44.74058914]]
3
[[-12.77925873   6.92673683 -17.50413513 -60.10199356]]
1
[[-82.29559326 -74.46315002 -92.9303894  -44.74058914]]
3
[[-12.77925873   6.92673683 -17.50413513 -60.10199356]]
1
[[-82.29559326 -74.46315002 -92.9303894  -44.74058914]]
3
[[-12.77925873   6.92673683 -17.50413513 -60.10199356]]
1
[[-82.29559326 -74.46315002 -92.9303894  -44.74058914]]
3
[[-12.77925873   6.92673683 -17.50413513 -60.10199356]]
1
[[-82.29559326 -74.46315002 -92.9303894  -44.74058914]]
3
[[-12.77925873   6.92673683 -17.50413513 -60.10199356]]
1
[[-82.29559326 -74.46315002 -92.9303894  -44.74058914]]
3
[[-12.77925873   6.92673683 -17.50413513 -60.10199356]]
1
[[-82.29559326 -74.46315002 -92.9303894  -44.74058914]]
3
[[-12.77925873   6.92673683 -17.50413513 -60.10199356]]
1
[[-82.29559326 -74.46315002 -92.9303894  -44.74058914]]
3
[[-12.77925873   6.92673683 -17.50413513 -60.10199356]]
1
[[-82.29559326 -74.46315002 -92.9303894  -44.74058914]]
3
[[-12.77925873   6.92673683 -17.50413513 -60.10199356]]
1
[[-82.29559326 -74.46315002 -92.9303894  -44.74058914]]
3
[[-12.77925873   6.92673683 -17.50413513 -60.10199356]]
1
[[-82.29559326 -74.46315002 -92.9303894  -44.74058914]]
3
[[-12.77925873   6.92673683 -17.50413513 -60.10199356]]
1
[[-82.29559326 -74.46315002 -92.9303894  -44.74058914]]
3
[[-12.77925873   6.92673683 -17.50413513 -60.10199356]]
1
[[-82.29559326 -74.46315002 -92.9303894  -44.74058914]]
3
[[-12.77925873   6.92673683 -17.50413513 -60.10199356]]
1
FAIL
2/31
