[[-22.48433495 -20.8144722   -8.24204063 -78.39073181]]
2
[[-37.56533051 -43.10250854 -49.1470871  -31.91312599]]
3
[[-86.89367676  33.95170593  19.07242775 -38.29800415]]
1
[[-37.56533051 -43.10250854 -49.1470871  -31.91312599]]
3
[[-86.89367676  33.95170593  19.07242775 -38.29800415]]
1
[[-37.56533051 -43.10250854 -49.1470871  -31.91312599]]
3
[[-86.89367676  33.95170593  19.07242775 -38.29800415]]
1
[[-37.56533051 -43.10250854 -49.1470871  -31.91312599]]
3
[[-86.89367676  33.95170593  19.07242775 -38.29800415]]
1
[[-37.56533051 -43.10250854 -49.1470871  -31.91312599]]
3
[[-86.89367676  33.95170593  19.07242775 -38.29800415]]
1
[[-37.56533051 -43.10250854 -49.1470871  -31.91312599]]
3
[[-86.89367676  33.95170593  19.07242775 -38.29800415]]
1
[[-37.56533051 -43.10250854 -49.1470871  -31.91312599]]
3
[[-86.89367676  33.95170593  19.07242775 -38.29800415]]
1
[[-37.56533051 -43.10250854 -49.1470871  -31.91312599]]
3
[[-86.89367676  33.95170593  19.07242775 -38.29800415]]
1
[[-37.56533051 -43.10250854 -49.1470871  -31.91312599]]
3
[[-86.89367676  33.95170593  19.07242775 -38.29800415]]
1
[[-37.56533051 -43.10250854 -49.1470871  -31.91312599]]
3
[[-86.89367676  33.95170593  19.07242775 -38.29800415]]
1
[[-37.56533051 -43.10250854 -49.1470871  -31.91312599]]
3
[[-86.89367676  33.95170593  19.07242775 -38.29800415]]
1
[[-37.56533051 -43.10250854 -49.1470871  -31.91312599]]
3
[[-86.89367676  33.95170593  19.07242775 -38.29800415]]
1
[[-37.56533051 -43.10250854 -49.1470871  -31.91312599]]
3
[[-86.89367676  33.95170593  19.07242775 -38.29800415]]
1
[[-37.56533051 -43.10250854 -49.1470871  -31.91312599]]
3
[[-86.89367676  33.95170593  19.07242775 -38.29800415]]
1
[[-37.56533051 -43.10250854 -49.1470871  -31.91312599]]
3
[[-86.89367676  33.95170593  19.07242775 -38.29800415]]
1
[[-37.56533051 -43.10250854 -49.1470871  -31.91312599]]
3
[[-86.89367676  33.95170593  19.07242775 -38.29800415]]
1
[[-37.56533051 -43.10250854 -49.1470871  -31.91312599]]
3
[[-86.89367676  33.95170593  19.07242775 -38.29800415]]
1
[[-37.56533051 -43.10250854 -49.1470871  -31.91312599]]
3
[[-86.89367676  33.95170593  19.07242775 -38.29800415]]
1
[[-37.56533051 -43.10250854 -49.1470871  -31.91312599]]
3
[[-86.89367676  33.95170593  19.07242775 -38.29800415]]
1
[[-37.56533051 -43.10250854 -49.1470871  -31.91312599]]
3
[[-86.89367676  33.95170593  19.07242775 -38.29800415]]
1
[[-37.56533051 -43.10250854 -49.1470871  -31.91312599]]
3
[[-86.89367676  33.95170593  19.07242775 -38.29800415]]
1
[[-37.56533051 -43.10250854 -49.1470871  -31.91312599]]
3
[[-86.89367676  33.95170593  19.07242775 -38.29800415]]
1
[[-37.56533051 -43.10250854 -49.1470871  -31.91312599]]
3
[[-86.89367676  33.95170593  19.07242775 -38.29800415]]
1
[[-37.56533051 -43.10250854 -49.1470871  -31.91312599]]
3
[[-86.89367676  33.95170593  19.07242775 -38.29800415]]
1
[[-37.56533051 -43.10250854 -49.1470871  -31.91312599]]
3
[[-86.89367676  33.95170593  19.07242775 -38.29800415]]
1
[[-37.56533051 -43.10250854 -49.1470871  -31.91312599]]
3
[[-86.89367676  33.95170593  19.07242775 -38.29800415]]
1
[[-37.56533051 -43.10250854 -49.1470871  -31.91312599]]
3
[[-86.89367676  33.95170593  19.07242775 -38.29800415]]
1
[[-37.56533051 -43.10250854 -49.1470871  -31.91312599]]
3
[[-86.89367676  33.95170593  19.07242775 -38.29800415]]
1
[[-37.56533051 -43.10250854 -49.1470871  -31.91312599]]
3
[[-86.89367676  33.95170593  19.07242775 -38.29800415]]
1
[[-37.56533051 -43.10250854 -49.1470871  -31.91312599]]
3
[[-86.89367676  33.95170593  19.07242775 -38.29800415]]
1
[[-37.56533051 -43.10250854 -49.1470871  -31.91312599]]
3
[[-86.89367676  33.95170593  19.07242775 -38.29800415]]
1
[[-37.56533051 -43.10250854 -49.1470871  -31.91312599]]
3
[[-86.89367676  33.95170593  19.07242775 -38.29800415]]
1
[[-37.56533051 -43.10250854 -49.1470871  -31.91312599]]
3
[[-86.89367676  33.95170593  19.07242775 -38.29800415]]
1
[[-37.56533051 -43.10250854 -49.1470871  -31.91312599]]
3
[[-86.89367676  33.95170593  19.07242775 -38.29800415]]
1
[[-37.56533051 -43.10250854 -49.1470871  -31.91312599]]
3
[[-86.89367676  33.95170593  19.07242775 -38.29800415]]
1
[[-37.56533051 -43.10250854 -49.1470871  -31.91312599]]
3
[[-86.89367676  33.95170593  19.07242775 -38.29800415]]
1
[[-37.56533051 -43.10250854 -49.1470871  -31.91312599]]
3
[[-86.89367676  33.95170593  19.07242775 -38.29800415]]
1
[[-37.56533051 -43.10250854 -49.1470871  -31.91312599]]
3
[[-86.89367676  33.95170593  19.07242775 -38.29800415]]
1
[[-37.56533051 -43.10250854 -49.1470871  -31.91312599]]
3
[[-86.89367676  33.95170593  19.07242775 -38.29800415]]
1
[[-37.56533051 -43.10250854 -49.1470871  -31.91312599]]
3
[[-86.89367676  33.95170593  19.07242775 -38.29800415]]
1
[[-37.56533051 -43.10250854 -49.1470871  -31.91312599]]
3
[[-86.89367676  33.95170593  19.07242775 -38.29800415]]
1
[[-37.56533051 -43.10250854 -49.1470871  -31.91312599]]
3
[[-86.89367676  33.95170593  19.07242775 -38.29800415]]
1
[[-37.56533051 -43.10250854 -49.1470871  -31.91312599]]
3
[[-86.89367676  33.95170593  19.07242775 -38.29800415]]
1
[[-37.56533051 -43.10250854 -49.1470871  -31.91312599]]
3
[[-86.89367676  33.95170593  19.07242775 -38.29800415]]
1
[[-37.56533051 -43.10250854 -49.1470871  -31.91312599]]
3
[[-86.89367676  33.95170593  19.07242775 -38.29800415]]
1
[[-37.56533051 -43.10250854 -49.1470871  -31.91312599]]
3
[[-86.89367676  33.95170593  19.07242775 -38.29800415]]
1
[[-37.56533051 -43.10250854 -49.1470871  -31.91312599]]
3
[[-86.89367676  33.95170593  19.07242775 -38.29800415]]
1
[[-37.56533051 -43.10250854 -49.1470871  -31.91312599]]
3
[[-86.89367676  33.95170593  19.07242775 -38.29800415]]
1
[[-37.56533051 -43.10250854 -49.1470871  -31.91312599]]
3
[[-86.89367676  33.95170593  19.07242775 -38.29800415]]
1
[[-37.56533051 -43.10250854 -49.1470871  -31.91312599]]
3
[[-86.89367676  33.95170593  19.07242775 -38.29800415]]
1
FAIL
2/4
