[[-22.3536396  -23.90710449  -9.26741982 -79.48153687]]
2
[[-38.40224457 -48.52223587 -52.68567657 -29.65803146]]
3
[[-91.77970886  33.52412796  20.52537155 -37.15942383]]
1
[[-38.40224457 -48.52223587 -52.68567657 -29.65803146]]
3
[[-91.77970886  33.52412796  20.52537155 -37.15942383]]
1
[[-38.40224457 -48.52223587 -52.68567657 -29.65803146]]
3
[[-91.77970886  33.52412796  20.52537155 -37.15942383]]
1
[[-38.40224457 -48.52223587 -52.68567657 -29.65803146]]
3
[[-91.77970886  33.52412796  20.52537155 -37.15942383]]
1
[[-38.40224457 -48.52223587 -52.68567657 -29.65803146]]
3
[[-91.77970886  33.52412796  20.52537155 -37.15942383]]
1
[[-38.40224457 -48.52223587 -52.68567657 -29.65803146]]
3
[[-91.77970886  33.52412796  20.52537155 -37.15942383]]
1
[[-38.40224457 -48.52223587 -52.68567657 -29.65803146]]
3
[[-91.77970886  33.52412796  20.52537155 -37.15942383]]
1
[[-38.40224457 -48.52223587 -52.68567657 -29.65803146]]
3
[[-91.77970886  33.52412796  20.52537155 -37.15942383]]
1
[[-38.40224457 -48.52223587 -52.68567657 -29.65803146]]
3
[[-91.77970886  33.52412796  20.52537155 -37.15942383]]
1
[[-38.40224457 -48.52223587 -52.68567657 -29.65803146]]
3
[[-91.77970886  33.52412796  20.52537155 -37.15942383]]
1
[[-38.40224457 -48.52223587 -52.68567657 -29.65803146]]
3
[[-91.77970886  33.52412796  20.52537155 -37.15942383]]
1
[[-38.40224457 -48.52223587 -52.68567657 -29.65803146]]
3
[[-91.77970886  33.52412796  20.52537155 -37.15942383]]
1
[[-38.40224457 -48.52223587 -52.68567657 -29.65803146]]
3
[[-91.77970886  33.52412796  20.52537155 -37.15942383]]
1
[[-38.40224457 -48.52223587 -52.68567657 -29.65803146]]
3
[[-91.77970886  33.52412796  20.52537155 -37.15942383]]
1
[[-38.40224457 -48.52223587 -52.68567657 -29.65803146]]
3
[[-91.77970886  33.52412796  20.52537155 -37.15942383]]
1
[[-38.40224457 -48.52223587 -52.68567657 -29.65803146]]
3
[[-91.77970886  33.52412796  20.52537155 -37.15942383]]
1
[[-38.40224457 -48.52223587 -52.68567657 -29.65803146]]
3
[[-91.77970886  33.52412796  20.52537155 -37.15942383]]
1
[[-38.40224457 -48.52223587 -52.68567657 -29.65803146]]
3
[[-91.77970886  33.52412796  20.52537155 -37.15942383]]
1
[[-38.40224457 -48.52223587 -52.68567657 -29.65803146]]
3
[[-91.77970886  33.52412796  20.52537155 -37.15942383]]
1
[[-38.40224457 -48.52223587 -52.68567657 -29.65803146]]
3
[[-91.77970886  33.52412796  20.52537155 -37.15942383]]
1
[[-38.40224457 -48.52223587 -52.68567657 -29.65803146]]
3
[[-91.77970886  33.52412796  20.52537155 -37.15942383]]
1
[[-38.40224457 -48.52223587 -52.68567657 -29.65803146]]
3
[[-91.77970886  33.52412796  20.52537155 -37.15942383]]
1
[[-38.40224457 -48.52223587 -52.68567657 -29.65803146]]
3
[[-91.77970886  33.52412796  20.52537155 -37.15942383]]
1
[[-38.40224457 -48.52223587 -52.68567657 -29.65803146]]
3
[[-91.77970886  33.52412796  20.52537155 -37.15942383]]
1
[[-38.40224457 -48.52223587 -52.68567657 -29.65803146]]
3
[[-91.77970886  33.52412796  20.52537155 -37.15942383]]
1
[[-38.40224457 -48.52223587 -52.68567657 -29.65803146]]
3
[[-91.77970886  33.52412796  20.52537155 -37.15942383]]
1
[[-38.40224457 -48.52223587 -52.68567657 -29.65803146]]
3
[[-91.77970886  33.52412796  20.52537155 -37.15942383]]
1
[[-38.40224457 -48.52223587 -52.68567657 -29.65803146]]
3
[[-91.77970886  33.52412796  20.52537155 -37.15942383]]
1
[[-38.40224457 -48.52223587 -52.68567657 -29.65803146]]
3
[[-91.77970886  33.52412796  20.52537155 -37.15942383]]
1
[[-38.40224457 -48.52223587 -52.68567657 -29.65803146]]
3
[[-91.77970886  33.52412796  20.52537155 -37.15942383]]
1
[[-38.40224457 -48.52223587 -52.68567657 -29.65803146]]
3
[[-91.77970886  33.52412796  20.52537155 -37.15942383]]
1
[[-38.40224457 -48.52223587 -52.68567657 -29.65803146]]
3
[[-91.77970886  33.52412796  20.52537155 -37.15942383]]
1
[[-38.40224457 -48.52223587 -52.68567657 -29.65803146]]
3
[[-91.77970886  33.52412796  20.52537155 -37.15942383]]
1
[[-38.40224457 -48.52223587 -52.68567657 -29.65803146]]
3
[[-91.77970886  33.52412796  20.52537155 -37.15942383]]
1
[[-38.40224457 -48.52223587 -52.68567657 -29.65803146]]
3
[[-91.77970886  33.52412796  20.52537155 -37.15942383]]
1
[[-38.40224457 -48.52223587 -52.68567657 -29.65803146]]
3
[[-91.77970886  33.52412796  20.52537155 -37.15942383]]
1
[[-38.40224457 -48.52223587 -52.68567657 -29.65803146]]
3
[[-91.77970886  33.52412796  20.52537155 -37.15942383]]
1
[[-38.40224457 -48.52223587 -52.68567657 -29.65803146]]
3
[[-91.77970886  33.52412796  20.52537155 -37.15942383]]
1
[[-38.40224457 -48.52223587 -52.68567657 -29.65803146]]
3
[[-91.77970886  33.52412796  20.52537155 -37.15942383]]
1
[[-38.40224457 -48.52223587 -52.68567657 -29.65803146]]
3
[[-91.77970886  33.52412796  20.52537155 -37.15942383]]
1
[[-38.40224457 -48.52223587 -52.68567657 -29.65803146]]
3
[[-91.77970886  33.52412796  20.52537155 -37.15942383]]
1
[[-38.40224457 -48.52223587 -52.68567657 -29.65803146]]
3
[[-91.77970886  33.52412796  20.52537155 -37.15942383]]
1
[[-38.40224457 -48.52223587 -52.68567657 -29.65803146]]
3
[[-91.77970886  33.52412796  20.52537155 -37.15942383]]
1
[[-38.40224457 -48.52223587 -52.68567657 -29.65803146]]
3
[[-91.77970886  33.52412796  20.52537155 -37.15942383]]
1
[[-38.40224457 -48.52223587 -52.68567657 -29.65803146]]
3
[[-91.77970886  33.52412796  20.52537155 -37.15942383]]
1
[[-38.40224457 -48.52223587 -52.68567657 -29.65803146]]
3
[[-91.77970886  33.52412796  20.52537155 -37.15942383]]
1
[[-38.40224457 -48.52223587 -52.68567657 -29.65803146]]
3
[[-91.77970886  33.52412796  20.52537155 -37.15942383]]
1
[[-38.40224457 -48.52223587 -52.68567657 -29.65803146]]
3
[[-91.77970886  33.52412796  20.52537155 -37.15942383]]
1
[[-38.40224457 -48.52223587 -52.68567657 -29.65803146]]
3
[[-91.77970886  33.52412796  20.52537155 -37.15942383]]
1
[[-38.40224457 -48.52223587 -52.68567657 -29.65803146]]
3
[[-91.77970886  33.52412796  20.52537155 -37.15942383]]
1
FAIL
2/4
