[[-116.36492157  -49.1615715    -5.25106049 -141.840271  ]]
2
[[ -6.18996239  -6.50362968   1.80021858 -72.00995636]]
2
[[-12.17668629   5.63909912 -18.70627594 -60.97375488]]
1
[[-85.92217255 -80.98364258 -99.32666016 -43.42298508]]
3
[[-12.17668629   5.63909912 -18.70627594 -60.97375488]]
1
[[-85.92217255 -80.98364258 -99.32666016 -43.42298508]]
3
[[-12.17668629   5.63909912 -18.70627594 -60.97375488]]
1
[[-85.92217255 -80.98364258 -99.32666016 -43.42298508]]
3
[[-12.17668629   5.63909912 -18.70627594 -60.97375488]]
1
[[-85.92217255 -80.98364258 -99.32666016 -43.42298508]]
3
[[-12.17668629   5.63909912 -18.70627594 -60.97375488]]
1
[[-85.92217255 -80.98364258 -99.32666016 -43.42298508]]
3
[[-12.17668629   5.63909912 -18.70627594 -60.97375488]]
1
[[-85.92217255 -80.98364258 -99.32666016 -43.42298508]]
3
[[-12.17668629   5.63909912 -18.70627594 -60.97375488]]
1
[[-85.92217255 -80.98364258 -99.32666016 -43.42298508]]
3
[[-12.17668629   5.63909912 -18.70627594 -60.97375488]]
1
[[-85.92217255 -80.98364258 -99.32666016 -43.42298508]]
3
[[-12.17668629   5.63909912 -18.70627594 -60.97375488]]
1
[[-85.92217255 -80.98364258 -99.32666016 -43.42298508]]
3
[[-12.17668629   5.63909912 -18.70627594 -60.97375488]]
1
[[-85.92217255 -80.98364258 -99.32666016 -43.42298508]]
3
[[-12.17668629   5.63909912 -18.70627594 -60.97375488]]
1
[[-85.92217255 -80.98364258 -99.32666016 -43.42298508]]
3
[[-12.17668629   5.63909912 -18.70627594 -60.97375488]]
1
[[-85.92217255 -80.98364258 -99.32666016 -43.42298508]]
3
[[-12.17668629   5.63909912 -18.70627594 -60.97375488]]
1
[[-85.92217255 -80.98364258 -99.32666016 -43.42298508]]
3
[[-12.17668629   5.63909912 -18.70627594 -60.97375488]]
1
[[-85.92217255 -80.98364258 -99.32666016 -43.42298508]]
3
[[-12.17668629   5.63909912 -18.70627594 -60.97375488]]
1
[[-85.92217255 -80.98364258 -99.32666016 -43.42298508]]
3
[[-12.17668629   5.63909912 -18.70627594 -60.97375488]]
1
[[-85.92217255 -80.98364258 -99.32666016 -43.42298508]]
3
[[-12.17668629   5.63909912 -18.70627594 -60.97375488]]
1
[[-85.92217255 -80.98364258 -99.32666016 -43.42298508]]
3
[[-12.17668629   5.63909912 -18.70627594 -60.97375488]]
1
[[-85.92217255 -80.98364258 -99.32666016 -43.42298508]]
3
[[-12.17668629   5.63909912 -18.70627594 -60.97375488]]
1
[[-85.92217255 -80.98364258 -99.32666016 -43.42298508]]
3
[[-12.17668629   5.63909912 -18.70627594 -60.97375488]]
1
[[-85.92217255 -80.98364258 -99.32666016 -43.42298508]]
3
[[-12.17668629   5.63909912 -18.70627594 -60.97375488]]
1
[[-85.92217255 -80.98364258 -99.32666016 -43.42298508]]
3
[[-12.17668629   5.63909912 -18.70627594 -60.97375488]]
1
[[-85.92217255 -80.98364258 -99.32666016 -43.42298508]]
3
[[-12.17668629   5.63909912 -18.70627594 -60.97375488]]
1
[[-85.92217255 -80.98364258 -99.32666016 -43.42298508]]
3
[[-12.17668629   5.63909912 -18.70627594 -60.97375488]]
1
[[-85.92217255 -80.98364258 -99.32666016 -43.42298508]]
3
[[-12.17668629   5.63909912 -18.70627594 -60.97375488]]
1
[[-85.92217255 -80.98364258 -99.32666016 -43.42298508]]
3
[[-12.17668629   5.63909912 -18.70627594 -60.97375488]]
1
[[-85.92217255 -80.98364258 -99.32666016 -43.42298508]]
3
[[-12.17668629   5.63909912 -18.70627594 -60.97375488]]
1
[[-85.92217255 -80.98364258 -99.32666016 -43.42298508]]
3
[[-12.17668629   5.63909912 -18.70627594 -60.97375488]]
1
[[-85.92217255 -80.98364258 -99.32666016 -43.42298508]]
3
[[-12.17668629   5.63909912 -18.70627594 -60.97375488]]
1
[[-85.92217255 -80.98364258 -99.32666016 -43.42298508]]
3
[[-12.17668629   5.63909912 -18.70627594 -60.97375488]]
1
[[-85.92217255 -80.98364258 -99.32666016 -43.42298508]]
3
[[-12.17668629   5.63909912 -18.70627594 -60.97375488]]
1
[[-85.92217255 -80.98364258 -99.32666016 -43.42298508]]
3
[[-12.17668629   5.63909912 -18.70627594 -60.97375488]]
1
[[-85.92217255 -80.98364258 -99.32666016 -43.42298508]]
3
[[-12.17668629   5.63909912 -18.70627594 -60.97375488]]
1
[[-85.92217255 -80.98364258 -99.32666016 -43.42298508]]
3
[[-12.17668629   5.63909912 -18.70627594 -60.97375488]]
1
[[-85.92217255 -80.98364258 -99.32666016 -43.42298508]]
3
[[-12.17668629   5.63909912 -18.70627594 -60.97375488]]
1
[[-85.92217255 -80.98364258 -99.32666016 -43.42298508]]
3
[[-12.17668629   5.63909912 -18.70627594 -60.97375488]]
1
[[-85.92217255 -80.98364258 -99.32666016 -43.42298508]]
3
[[-12.17668629   5.63909912 -18.70627594 -60.97375488]]
1
[[-85.92217255 -80.98364258 -99.32666016 -43.42298508]]
3
[[-12.17668629   5.63909912 -18.70627594 -60.97375488]]
1
[[-85.92217255 -80.98364258 -99.32666016 -43.42298508]]
3
[[-12.17668629   5.63909912 -18.70627594 -60.97375488]]
1
[[-85.92217255 -80.98364258 -99.32666016 -43.42298508]]
3
[[-12.17668629   5.63909912 -18.70627594 -60.97375488]]
1
[[-85.92217255 -80.98364258 -99.32666016 -43.42298508]]
3
[[-12.17668629   5.63909912 -18.70627594 -60.97375488]]
1
[[-85.92217255 -80.98364258 -99.32666016 -43.42298508]]
3
[[-12.17668629   5.63909912 -18.70627594 -60.97375488]]
1
[[-85.92217255 -80.98364258 -99.32666016 -43.42298508]]
3
[[-12.17668629   5.63909912 -18.70627594 -60.97375488]]
1
[[-85.92217255 -80.98364258 -99.32666016 -43.42298508]]
3
[[-12.17668629   5.63909912 -18.70627594 -60.97375488]]
1
[[-85.92217255 -80.98364258 -99.32666016 -43.42298508]]
3
[[-12.17668629   5.63909912 -18.70627594 -60.97375488]]
1
[[-85.92217255 -80.98364258 -99.32666016 -43.42298508]]
3
[[-12.17668629   5.63909912 -18.70627594 -60.97375488]]
1
[[-85.92217255 -80.98364258 -99.32666016 -43.42298508]]
3
[[-12.17668629   5.63909912 -18.70627594 -60.97375488]]
1
[[-85.92217255 -80.98364258 -99.32666016 -43.42298508]]
3
[[-12.17668629   5.63909912 -18.70627594 -60.97375488]]
1
[[-85.92217255 -80.98364258 -99.32666016 -43.42298508]]
3
[[-12.17668629   5.63909912 -18.70627594 -60.97375488]]
1
[[-85.92217255 -80.98364258 -99.32666016 -43.42298508]]
3
[[-12.17668629   5.63909912 -18.70627594 -60.97375488]]
1
FAIL
2/31
