[[-23.97710991 -15.20323181 -29.76715088 -68.07220459]]
1
[[-30.72771263  -9.81117249 -33.74199677 -56.77056122]]
1
[[-29.53960609 -10.43291092 -29.0890789  -61.29550934]]
1
[[-19.45254326 -20.11846161 -38.75785828 -58.3134346 ]]
0
[[ -93.22260284  -56.10911179    5.20737076 -111.17855835]]
2
[[-19.45254326 -20.11846161 -38.75785828 -58.3134346 ]]
0
[[ -93.22260284  -56.10911179    5.20737076 -111.17855835]]
2
[[-19.45254326 -20.11846161 -38.75785828 -58.3134346 ]]
0
[[ -93.22260284  -56.10911179    5.20737076 -111.17855835]]
2
[[-19.45254326 -20.11846161 -38.75785828 -58.3134346 ]]
0
[[ -93.22260284  -56.10911179    5.20737076 -111.17855835]]
2
[[-19.45254326 -20.11846161 -38.75785828 -58.3134346 ]]
0
[[ -93.22260284  -56.10911179    5.20737076 -111.17855835]]
2
[[-19.45254326 -20.11846161 -38.75785828 -58.3134346 ]]
0
[[ -93.22260284  -56.10911179    5.20737076 -111.17855835]]
2
[[-19.45254326 -20.11846161 -38.75785828 -58.3134346 ]]
0
[[ -93.22260284  -56.10911179    5.20737076 -111.17855835]]
2
[[-19.45254326 -20.11846161 -38.75785828 -58.3134346 ]]
0
[[ -93.22260284  -56.10911179    5.20737076 -111.17855835]]
2
[[-19.45254326 -20.11846161 -38.75785828 -58.3134346 ]]
0
[[ -93.22260284  -56.10911179    5.20737076 -111.17855835]]
2
[[-19.45254326 -20.11846161 -38.75785828 -58.3134346 ]]
0
[[ -93.22260284  -56.10911179    5.20737076 -111.17855835]]
2
[[-19.45254326 -20.11846161 -38.75785828 -58.3134346 ]]
0
[[ -93.22260284  -56.10911179    5.20737076 -111.17855835]]
2
[[-19.45254326 -20.11846161 -38.75785828 -58.3134346 ]]
0
[[ -93.22260284  -56.10911179    5.20737076 -111.17855835]]
2
[[-19.45254326 -20.11846161 -38.75785828 -58.3134346 ]]
0
[[ -93.22260284  -56.10911179    5.20737076 -111.17855835]]
2
[[-19.45254326 -20.11846161 -38.75785828 -58.3134346 ]]
0
[[ -93.22260284  -56.10911179    5.20737076 -111.17855835]]
2
[[-19.45254326 -20.11846161 -38.75785828 -58.3134346 ]]
0
[[ -93.22260284  -56.10911179    5.20737076 -111.17855835]]
2
[[-19.45254326 -20.11846161 -38.75785828 -58.3134346 ]]
0
[[ -93.22260284  -56.10911179    5.20737076 -111.17855835]]
2
[[-19.45254326 -20.11846161 -38.75785828 -58.3134346 ]]
0
[[ -93.22260284  -56.10911179    5.20737076 -111.17855835]]
2
[[-19.45254326 -20.11846161 -38.75785828 -58.3134346 ]]
0
[[ -93.22260284  -56.10911179    5.20737076 -111.17855835]]
2
[[-19.45254326 -20.11846161 -38.75785828 -58.3134346 ]]
0
[[ -93.22260284  -56.10911179    5.20737076 -111.17855835]]
2
[[-19.45254326 -20.11846161 -38.75785828 -58.3134346 ]]
0
[[ -93.22260284  -56.10911179    5.20737076 -111.17855835]]
2
[[-19.45254326 -20.11846161 -38.75785828 -58.3134346 ]]
0
[[ -93.22260284  -56.10911179    5.20737076 -111.17855835]]
2
[[-19.45254326 -20.11846161 -38.75785828 -58.3134346 ]]
0
[[ -93.22260284  -56.10911179    5.20737076 -111.17855835]]
2
[[-19.45254326 -20.11846161 -38.75785828 -58.3134346 ]]
0
[[ -93.22260284  -56.10911179    5.20737076 -111.17855835]]
2
[[-19.45254326 -20.11846161 -38.75785828 -58.3134346 ]]
0
[[ -93.22260284  -56.10911179    5.20737076 -111.17855835]]
2
[[-19.45254326 -20.11846161 -38.75785828 -58.3134346 ]]
0
[[ -93.22260284  -56.10911179    5.20737076 -111.17855835]]
2
[[-19.45254326 -20.11846161 -38.75785828 -58.3134346 ]]
0
[[ -93.22260284  -56.10911179    5.20737076 -111.17855835]]
2
[[-19.45254326 -20.11846161 -38.75785828 -58.3134346 ]]
0
[[ -93.22260284  -56.10911179    5.20737076 -111.17855835]]
2
[[-19.45254326 -20.11846161 -38.75785828 -58.3134346 ]]
0
[[ -93.22260284  -56.10911179    5.20737076 -111.17855835]]
2
[[-19.45254326 -20.11846161 -38.75785828 -58.3134346 ]]
0
[[ -93.22260284  -56.10911179    5.20737076 -111.17855835]]
2
[[-19.45254326 -20.11846161 -38.75785828 -58.3134346 ]]
0
[[ -93.22260284  -56.10911179    5.20737076 -111.17855835]]
2
[[-19.45254326 -20.11846161 -38.75785828 -58.3134346 ]]
0
[[ -93.22260284  -56.10911179    5.20737076 -111.17855835]]
2
[[-19.45254326 -20.11846161 -38.75785828 -58.3134346 ]]
0
[[ -93.22260284  -56.10911179    5.20737076 -111.17855835]]
2
[[-19.45254326 -20.11846161 -38.75785828 -58.3134346 ]]
0
[[ -93.22260284  -56.10911179    5.20737076 -111.17855835]]
2
[[-19.45254326 -20.11846161 -38.75785828 -58.3134346 ]]
0
[[ -93.22260284  -56.10911179    5.20737076 -111.17855835]]
2
[[-19.45254326 -20.11846161 -38.75785828 -58.3134346 ]]
0
[[ -93.22260284  -56.10911179    5.20737076 -111.17855835]]
2
[[-19.45254326 -20.11846161 -38.75785828 -58.3134346 ]]
0
[[ -93.22260284  -56.10911179    5.20737076 -111.17855835]]
2
[[-19.45254326 -20.11846161 -38.75785828 -58.3134346 ]]
0
[[ -93.22260284  -56.10911179    5.20737076 -111.17855835]]
2
[[-19.45254326 -20.11846161 -38.75785828 -58.3134346 ]]
0
[[ -93.22260284  -56.10911179    5.20737076 -111.17855835]]
2
[[-19.45254326 -20.11846161 -38.75785828 -58.3134346 ]]
0
[[ -93.22260284  -56.10911179    5.20737076 -111.17855835]]
2
[[-19.45254326 -20.11846161 -38.75785828 -58.3134346 ]]
0
[[ -93.22260284  -56.10911179    5.20737076 -111.17855835]]
2
[[-19.45254326 -20.11846161 -38.75785828 -58.3134346 ]]
0
[[ -93.22260284  -56.10911179    5.20737076 -111.17855835]]
2
[[-19.45254326 -20.11846161 -38.75785828 -58.3134346 ]]
0
[[ -93.22260284  -56.10911179    5.20737076 -111.17855835]]
2
[[-19.45254326 -20.11846161 -38.75785828 -58.3134346 ]]
0
[[ -93.22260284  -56.10911179    5.20737076 -111.17855835]]
2
[[-19.45254326 -20.11846161 -38.75785828 -58.3134346 ]]
0
[[ -93.22260284  -56.10911179    5.20737076 -111.17855835]]
2
[[-19.45254326 -20.11846161 -38.75785828 -58.3134346 ]]
0
[[ -93.22260284  -56.10911179    5.20737076 -111.17855835]]
2
[[-19.45254326 -20.11846161 -38.75785828 -58.3134346 ]]
0
[[ -93.22260284  -56.10911179    5.20737076 -111.17855835]]
2
[[-19.45254326 -20.11846161 -38.75785828 -58.3134346 ]]
0
[[ -93.22260284  -56.10911179    5.20737076 -111.17855835]]
2
[[-19.45254326 -20.11846161 -38.75785828 -58.3134346 ]]
0
[[ -93.22260284  -56.10911179    5.20737076 -111.17855835]]
2
[[-19.45254326 -20.11846161 -38.75785828 -58.3134346 ]]
0
[[ -93.22260284  -56.10911179    5.20737076 -111.17855835]]
2
FAIL
0/19
