[[-34.48508072  -6.92978668 -32.06364059 -70.07844543]]
1
[[-37.10925674 -12.65513229 -31.75035477 -63.61145782]]
1
[[-23.92749214 -26.55532074 -28.93455696 -59.26641083]]
0
[[-55.13452148  -1.86813354 -25.08104706 -88.8011322 ]]
1
[[-18.00164604 -18.25688362 -42.19306946 -63.64608765]]
0
[[-12.11006927 -23.11451721 -12.56203079 -83.38275146]]
0
[[-40.17533875   8.07136345  10.03519821 -66.78045654]]
2
[[-12.11006927 -23.11451721 -12.56203079 -83.38275146]]
0
[[-40.17533875   8.07136345  10.03519821 -66.78045654]]
2
[[-12.11006927 -23.11451721 -12.56203079 -83.38275146]]
0
[[-40.17533875   8.07136345  10.03519821 -66.78045654]]
2
[[-12.11006927 -23.11451721 -12.56203079 -83.38275146]]
0
[[-40.17533875   8.07136345  10.03519821 -66.78045654]]
2
[[-12.11006927 -23.11451721 -12.56203079 -83.38275146]]
0
[[-40.17533875   8.07136345  10.03519821 -66.78045654]]
2
[[-12.11006927 -23.11451721 -12.56203079 -83.38275146]]
0
[[-40.17533875   8.07136345  10.03519821 -66.78045654]]
2
[[-12.11006927 -23.11451721 -12.56203079 -83.38275146]]
0
[[-40.17533875   8.07136345  10.03519821 -66.78045654]]
2
[[-12.11006927 -23.11451721 -12.56203079 -83.38275146]]
0
[[-40.17533875   8.07136345  10.03519821 -66.78045654]]
2
[[-12.11006927 -23.11451721 -12.56203079 -83.38275146]]
0
[[-40.17533875   8.07136345  10.03519821 -66.78045654]]
2
[[-12.11006927 -23.11451721 -12.56203079 -83.38275146]]
0
[[-40.17533875   8.07136345  10.03519821 -66.78045654]]
2
[[-12.11006927 -23.11451721 -12.56203079 -83.38275146]]
0
[[-40.17533875   8.07136345  10.03519821 -66.78045654]]
2
[[-12.11006927 -23.11451721 -12.56203079 -83.38275146]]
0
[[-40.17533875   8.07136345  10.03519821 -66.78045654]]
2
[[-12.11006927 -23.11451721 -12.56203079 -83.38275146]]
0
[[-40.17533875   8.07136345  10.03519821 -66.78045654]]
2
[[-12.11006927 -23.11451721 -12.56203079 -83.38275146]]
0
[[-40.17533875   8.07136345  10.03519821 -66.78045654]]
2
[[-12.11006927 -23.11451721 -12.56203079 -83.38275146]]
0
[[-40.17533875   8.07136345  10.03519821 -66.78045654]]
2
[[-12.11006927 -23.11451721 -12.56203079 -83.38275146]]
0
[[-40.17533875   8.07136345  10.03519821 -66.78045654]]
2
[[-12.11006927 -23.11451721 -12.56203079 -83.38275146]]
0
[[-40.17533875   8.07136345  10.03519821 -66.78045654]]
2
[[-12.11006927 -23.11451721 -12.56203079 -83.38275146]]
0
[[-40.17533875   8.07136345  10.03519821 -66.78045654]]
2
[[-12.11006927 -23.11451721 -12.56203079 -83.38275146]]
0
[[-40.17533875   8.07136345  10.03519821 -66.78045654]]
2
[[-12.11006927 -23.11451721 -12.56203079 -83.38275146]]
0
[[-40.17533875   8.07136345  10.03519821 -66.78045654]]
2
[[-12.11006927 -23.11451721 -12.56203079 -83.38275146]]
0
[[-40.17533875   8.07136345  10.03519821 -66.78045654]]
2
[[-12.11006927 -23.11451721 -12.56203079 -83.38275146]]
0
[[-40.17533875   8.07136345  10.03519821 -66.78045654]]
2
[[-12.11006927 -23.11451721 -12.56203079 -83.38275146]]
0
[[-40.17533875   8.07136345  10.03519821 -66.78045654]]
2
[[-12.11006927 -23.11451721 -12.56203079 -83.38275146]]
0
[[-40.17533875   8.07136345  10.03519821 -66.78045654]]
2
[[-12.11006927 -23.11451721 -12.56203079 -83.38275146]]
0
[[-40.17533875   8.07136345  10.03519821 -66.78045654]]
2
[[-12.11006927 -23.11451721 -12.56203079 -83.38275146]]
0
[[-40.17533875   8.07136345  10.03519821 -66.78045654]]
2
[[-12.11006927 -23.11451721 -12.56203079 -83.38275146]]
0
[[-40.17533875   8.07136345  10.03519821 -66.78045654]]
2
[[-12.11006927 -23.11451721 -12.56203079 -83.38275146]]
0
[[-40.17533875   8.07136345  10.03519821 -66.78045654]]
2
[[-12.11006927 -23.11451721 -12.56203079 -83.38275146]]
0
[[-40.17533875   8.07136345  10.03519821 -66.78045654]]
2
[[-12.11006927 -23.11451721 -12.56203079 -83.38275146]]
0
[[-40.17533875   8.07136345  10.03519821 -66.78045654]]
2
[[-12.11006927 -23.11451721 -12.56203079 -83.38275146]]
0
[[-40.17533875   8.07136345  10.03519821 -66.78045654]]
2
[[-12.11006927 -23.11451721 -12.56203079 -83.38275146]]
0
[[-40.17533875   8.07136345  10.03519821 -66.78045654]]
2
[[-12.11006927 -23.11451721 -12.56203079 -83.38275146]]
0
[[-40.17533875   8.07136345  10.03519821 -66.78045654]]
2
[[-12.11006927 -23.11451721 -12.56203079 -83.38275146]]
0
[[-40.17533875   8.07136345  10.03519821 -66.78045654]]
2
[[-12.11006927 -23.11451721 -12.56203079 -83.38275146]]
0
[[-40.17533875   8.07136345  10.03519821 -66.78045654]]
2
[[-12.11006927 -23.11451721 -12.56203079 -83.38275146]]
0
[[-40.17533875   8.07136345  10.03519821 -66.78045654]]
2
[[-12.11006927 -23.11451721 -12.56203079 -83.38275146]]
0
[[-40.17533875   8.07136345  10.03519821 -66.78045654]]
2
[[-12.11006927 -23.11451721 -12.56203079 -83.38275146]]
0
[[-40.17533875   8.07136345  10.03519821 -66.78045654]]
2
[[-12.11006927 -23.11451721 -12.56203079 -83.38275146]]
0
[[-40.17533875   8.07136345  10.03519821 -66.78045654]]
2
[[-12.11006927 -23.11451721 -12.56203079 -83.38275146]]
0
[[-40.17533875   8.07136345  10.03519821 -66.78045654]]
2
[[-12.11006927 -23.11451721 -12.56203079 -83.38275146]]
0
[[-40.17533875   8.07136345  10.03519821 -66.78045654]]
2
[[-12.11006927 -23.11451721 -12.56203079 -83.38275146]]
0
[[-40.17533875   8.07136345  10.03519821 -66.78045654]]
2
[[-12.11006927 -23.11451721 -12.56203079 -83.38275146]]
0
[[-40.17533875   8.07136345  10.03519821 -66.78045654]]
2
[[-12.11006927 -23.11451721 -12.56203079 -83.38275146]]
0
[[-40.17533875   8.07136345  10.03519821 -66.78045654]]
2
[[-12.11006927 -23.11451721 -12.56203079 -83.38275146]]
0
[[-40.17533875   8.07136345  10.03519821 -66.78045654]]
2
[[-12.11006927 -23.11451721 -12.56203079 -83.38275146]]
0
[[-40.17533875   8.07136345  10.03519821 -66.78045654]]
2
[[-12.11006927 -23.11451721 -12.56203079 -83.38275146]]
0
[[-40.17533875   8.07136345  10.03519821 -66.78045654]]
2
[[-12.11006927 -23.11451721 -12.56203079 -83.38275146]]
0
[[-40.17533875   8.07136345  10.03519821 -66.78045654]]
2
FAIL
6/22
