[[-24.57540131 -17.96710396 -32.66307831 -68.9433136 ]]
1
[[-32.17098618 -12.25605011 -36.83370209 -56.92837524]]
1
[[-30.48395538 -12.52427483 -31.68628883 -61.37073898]]
1
[[-18.91275406 -23.6870594  -42.28432465 -58.01111984]]
0
[[ -98.94845581  -61.56618881    4.57093048 -116.43215179]]
2
[[-18.91275406 -23.6870594  -42.28432465 -58.01111984]]
0
[[ -98.94845581  -61.56618881    4.57093048 -116.43215179]]
2
[[-18.91275406 -23.6870594  -42.28432465 -58.01111984]]
0
[[ -98.94845581  -61.56618881    4.57093048 -116.43215179]]
2
[[-18.91275406 -23.6870594  -42.28432465 -58.01111984]]
0
[[ -98.94845581  -61.56618881    4.57093048 -116.43215179]]
2
[[-18.91275406 -23.6870594  -42.28432465 -58.01111984]]
0
[[ -98.94845581  -61.56618881    4.57093048 -116.43215179]]
2
[[-18.91275406 -23.6870594  -42.28432465 -58.01111984]]
0
[[ -98.94845581  -61.56618881    4.57093048 -116.43215179]]
2
[[-18.91275406 -23.6870594  -42.28432465 -58.01111984]]
0
[[ -98.94845581  -61.56618881    4.57093048 -116.43215179]]
2
[[-18.91275406 -23.6870594  -42.28432465 -58.01111984]]
0
[[ -98.94845581  -61.56618881    4.57093048 -116.43215179]]
2
[[-18.91275406 -23.6870594  -42.28432465 -58.01111984]]
0
[[ -98.94845581  -61.56618881    4.57093048 -116.43215179]]
2
[[-18.91275406 -23.6870594  -42.28432465 -58.01111984]]
0
[[ -98.94845581  -61.56618881    4.57093048 -116.43215179]]
2
[[-18.91275406 -23.6870594  -42.28432465 -58.01111984]]
0
[[ -98.94845581  -61.56618881    4.57093048 -116.43215179]]
2
[[-18.91275406 -23.6870594  -42.28432465 -58.01111984]]
0
[[ -98.94845581  -61.56618881    4.57093048 -116.43215179]]
2
[[-18.91275406 -23.6870594  -42.28432465 -58.01111984]]
0
[[ -98.94845581  -61.56618881    4.57093048 -116.43215179]]
2
[[-18.91275406 -23.6870594  -42.28432465 -58.01111984]]
0
[[ -98.94845581  -61.56618881    4.57093048 -116.43215179]]
2
[[-18.91275406 -23.6870594  -42.28432465 -58.01111984]]
0
[[ -98.94845581  -61.56618881    4.57093048 -116.43215179]]
2
[[-18.91275406 -23.6870594  -42.28432465 -58.01111984]]
0
[[ -98.94845581  -61.56618881    4.57093048 -116.43215179]]
2
[[-18.91275406 -23.6870594  -42.28432465 -58.01111984]]
0
[[ -98.94845581  -61.56618881    4.57093048 -116.43215179]]
2
[[-18.91275406 -23.6870594  -42.28432465 -58.01111984]]
0
[[ -98.94845581  -61.56618881    4.57093048 -116.43215179]]
2
[[-18.91275406 -23.6870594  -42.28432465 -58.01111984]]
0
[[ -98.94845581  -61.56618881    4.57093048 -116.43215179]]
2
[[-18.91275406 -23.6870594  -42.28432465 -58.01111984]]
0
[[ -98.94845581  -61.56618881    4.57093048 -116.43215179]]
2
[[-18.91275406 -23.6870594  -42.28432465 -58.01111984]]
0
[[ -98.94845581  -61.56618881    4.57093048 -116.43215179]]
2
[[-18.91275406 -23.6870594  -42.28432465 -58.01111984]]
0
[[ -98.94845581  -61.56618881    4.57093048 -116.43215179]]
2
[[-18.91275406 -23.6870594  -42.28432465 -58.01111984]]
0
[[ -98.94845581  -61.56618881    4.57093048 -116.43215179]]
2
[[-18.91275406 -23.6870594  -42.28432465 -58.01111984]]
0
[[ -98.94845581  -61.56618881    4.57093048 -116.43215179]]
2
[[-18.91275406 -23.6870594  -42.28432465 -58.01111984]]
0
[[ -98.94845581  -61.56618881    4.57093048 -116.43215179]]
2
[[-18.91275406 -23.6870594  -42.28432465 -58.01111984]]
0
[[ -98.94845581  -61.56618881    4.57093048 -116.43215179]]
2
[[-18.91275406 -23.6870594  -42.28432465 -58.01111984]]
0
[[ -98.94845581  -61.56618881    4.57093048 -116.43215179]]
2
[[-18.91275406 -23.6870594  -42.28432465 -58.01111984]]
0
[[ -98.94845581  -61.56618881    4.57093048 -116.43215179]]
2
[[-18.91275406 -23.6870594  -42.28432465 -58.01111984]]
0
[[ -98.94845581  -61.56618881    4.57093048 -116.43215179]]
2
[[-18.91275406 -23.6870594  -42.28432465 -58.01111984]]
0
[[ -98.94845581  -61.56618881    4.57093048 -116.43215179]]
2
[[-18.91275406 -23.6870594  -42.28432465 -58.01111984]]
0
[[ -98.94845581  -61.56618881    4.57093048 -116.43215179]]
2
[[-18.91275406 -23.6870594  -42.28432465 -58.01111984]]
0
[[ -98.94845581  -61.56618881    4.57093048 -116.43215179]]
2
[[-18.91275406 -23.6870594  -42.28432465 -58.01111984]]
0
[[ -98.94845581  -61.56618881    4.57093048 -116.43215179]]
2
[[-18.91275406 -23.6870594  -42.28432465 -58.01111984]]
0
[[ -98.94845581  -61.56618881    4.57093048 -116.43215179]]
2
[[-18.91275406 -23.6870594  -42.28432465 -58.01111984]]
0
[[ -98.94845581  -61.56618881    4.57093048 -116.43215179]]
2
[[-18.91275406 -23.6870594  -42.28432465 -58.01111984]]
0
[[ -98.94845581  -61.56618881    4.57093048 -116.43215179]]
2
[[-18.91275406 -23.6870594  -42.28432465 -58.01111984]]
0
[[ -98.94845581  -61.56618881    4.57093048 -116.43215179]]
2
[[-18.91275406 -23.6870594  -42.28432465 -58.01111984]]
0
[[ -98.94845581  -61.56618881    4.57093048 -116.43215179]]
2
[[-18.91275406 -23.6870594  -42.28432465 -58.01111984]]
0
[[ -98.94845581  -61.56618881    4.57093048 -116.43215179]]
2
[[-18.91275406 -23.6870594  -42.28432465 -58.01111984]]
0
[[ -98.94845581  -61.56618881    4.57093048 -116.43215179]]
2
[[-18.91275406 -23.6870594  -42.28432465 -58.01111984]]
0
[[ -98.94845581  -61.56618881    4.57093048 -116.43215179]]
2
[[-18.91275406 -23.6870594  -42.28432465 -58.01111984]]
0
[[ -98.94845581  -61.56618881    4.57093048 -116.43215179]]
2
[[-18.91275406 -23.6870594  -42.28432465 -58.01111984]]
0
[[ -98.94845581  -61.56618881    4.57093048 -116.43215179]]
2
[[-18.91275406 -23.6870594  -42.28432465 -58.01111984]]
0
[[ -98.94845581  -61.56618881    4.57093048 -116.43215179]]
2
[[-18.91275406 -23.6870594  -42.28432465 -58.01111984]]
0
[[ -98.94845581  -61.56618881    4.57093048 -116.43215179]]
2
[[-18.91275406 -23.6870594  -42.28432465 -58.01111984]]
0
[[ -98.94845581  -61.56618881    4.57093048 -116.43215179]]
2
[[-18.91275406 -23.6870594  -42.28432465 -58.01111984]]
0
[[ -98.94845581  -61.56618881    4.57093048 -116.43215179]]
2
[[-18.91275406 -23.6870594  -42.28432465 -58.01111984]]
0
[[ -98.94845581  -61.56618881    4.57093048 -116.43215179]]
2
[[-18.91275406 -23.6870594  -42.28432465 -58.01111984]]
0
[[ -98.94845581  -61.56618881    4.57093048 -116.43215179]]
2
FAIL
0/19
