[[-35.93479919  -8.86893463 -35.3317337  -71.21430969]]
1
[[-38.71575928 -14.91907692 -34.89245605 -64.30088806]]
1
[[-24.81090927 -29.88656998 -31.89405441 -59.62810135]]
0
[[-57.62247086  -2.71405029 -27.42082024 -90.92881775]]
1
[[-17.77479744 -21.71470451 -46.3027153  -64.34445953]]
0
[[-11.72469711 -25.94216919 -14.10807037 -84.85234833]]
0
[[-42.38811874   6.85012436   9.11816788 -67.76681519]]
2
[[-11.72469711 -25.94216919 -14.10807037 -84.85234833]]
0
[[-42.38811874   6.85012436   9.11816788 -67.76681519]]
2
[[-11.72469711 -25.94216919 -14.10807037 -84.85234833]]
0
[[-42.38811874   6.85012436   9.11816788 -67.76681519]]
2
[[-11.72469711 -25.94216919 -14.10807037 -84.85234833]]
0
[[-42.38811874   6.85012436   9.11816788 -67.76681519]]
2
[[-11.72469711 -25.94216919 -14.10807037 -84.85234833]]
0
[[-42.38811874   6.85012436   9.11816788 -67.76681519]]
2
[[-11.72469711 -25.94216919 -14.10807037 -84.85234833]]
0
[[-42.38811874   6.85012436   9.11816788 -67.76681519]]
2
[[-11.72469711 -25.94216919 -14.10807037 -84.85234833]]
0
[[-42.38811874   6.85012436   9.11816788 -67.76681519]]
2
[[-11.72469711 -25.94216919 -14.10807037 -84.85234833]]
0
[[-42.38811874   6.85012436   9.11816788 -67.76681519]]
2
[[-11.72469711 -25.94216919 -14.10807037 -84.85234833]]
0
[[-42.38811874   6.85012436   9.11816788 -67.76681519]]
2
[[-11.72469711 -25.94216919 -14.10807037 -84.85234833]]
0
[[-42.38811874   6.85012436   9.11816788 -67.76681519]]
2
[[-11.72469711 -25.94216919 -14.10807037 -84.85234833]]
0
[[-42.38811874   6.85012436   9.11816788 -67.76681519]]
2
[[-11.72469711 -25.94216919 -14.10807037 -84.85234833]]
0
[[-42.38811874   6.85012436   9.11816788 -67.76681519]]
2
[[-11.72469711 -25.94216919 -14.10807037 -84.85234833]]
0
[[-42.38811874   6.85012436   9.11816788 -67.76681519]]
2
[[-11.72469711 -25.94216919 -14.10807037 -84.85234833]]
0
[[-42.38811874   6.85012436   9.11816788 -67.76681519]]
2
[[-11.72469711 -25.94216919 -14.10807037 -84.85234833]]
0
[[-42.38811874   6.85012436   9.11816788 -67.76681519]]
2
[[-11.72469711 -25.94216919 -14.10807037 -84.85234833]]
0
[[-42.38811874   6.85012436   9.11816788 -67.76681519]]
2
[[-11.72469711 -25.94216919 -14.10807037 -84.85234833]]
0
[[-42.38811874   6.85012436   9.11816788 -67.76681519]]
2
[[-11.72469711 -25.94216919 -14.10807037 -84.85234833]]
0
[[-42.38811874   6.85012436   9.11816788 -67.76681519]]
2
[[-11.72469711 -25.94216919 -14.10807037 -84.85234833]]
0
[[-42.38811874   6.85012436   9.11816788 -67.76681519]]
2
[[-11.72469711 -25.94216919 -14.10807037 -84.85234833]]
0
[[-42.38811874   6.85012436   9.11816788 -67.76681519]]
2
[[-11.72469711 -25.94216919 -14.10807037 -84.85234833]]
0
[[-42.38811874   6.85012436   9.11816788 -67.76681519]]
2
[[-11.72469711 -25.94216919 -14.10807037 -84.85234833]]
0
[[-42.38811874   6.85012436   9.11816788 -67.76681519]]
2
[[-11.72469711 -25.94216919 -14.10807037 -84.85234833]]
0
[[-42.38811874   6.85012436   9.11816788 -67.76681519]]
2
[[-11.72469711 -25.94216919 -14.10807037 -84.85234833]]
0
[[-42.38811874   6.85012436   9.11816788 -67.76681519]]
2
[[-11.72469711 -25.94216919 -14.10807037 -84.85234833]]
0
[[-42.38811874   6.85012436   9.11816788 -67.76681519]]
2
[[-11.72469711 -25.94216919 -14.10807037 -84.85234833]]
0
[[-42.38811874   6.85012436   9.11816788 -67.76681519]]
2
[[-11.72469711 -25.94216919 -14.10807037 -84.85234833]]
0
[[-42.38811874   6.85012436   9.11816788 -67.76681519]]
2
[[-11.72469711 -25.94216919 -14.10807037 -84.85234833]]
0
[[-42.38811874   6.85012436   9.11816788 -67.76681519]]
2
[[-11.72469711 -25.94216919 -14.10807037 -84.85234833]]
0
[[-42.38811874   6.85012436   9.11816788 -67.76681519]]
2
[[-11.72469711 -25.94216919 -14.10807037 -84.85234833]]
0
[[-42.38811874   6.85012436   9.11816788 -67.76681519]]
2
[[-11.72469711 -25.94216919 -14.10807037 -84.85234833]]
0
[[-42.38811874   6.85012436   9.11816788 -67.76681519]]
2
[[-11.72469711 -25.94216919 -14.10807037 -84.85234833]]
0
[[-42.38811874   6.85012436   9.11816788 -67.76681519]]
2
[[-11.72469711 -25.94216919 -14.10807037 -84.85234833]]
0
[[-42.38811874   6.85012436   9.11816788 -67.76681519]]
2
[[-11.72469711 -25.94216919 -14.10807037 -84.85234833]]
0
[[-42.38811874   6.85012436   9.11816788 -67.76681519]]
2
[[-11.72469711 -25.94216919 -14.10807037 -84.85234833]]
0
[[-42.38811874   6.85012436   9.11816788 -67.76681519]]
2
[[-11.72469711 -25.94216919 -14.10807037 -84.85234833]]
0
[[-42.38811874   6.85012436   9.11816788 -67.76681519]]
2
[[-11.72469711 -25.94216919 -14.10807037 -84.85234833]]
0
[[-42.38811874   6.85012436   9.11816788 -67.76681519]]
2
[[-11.72469711 -25.94216919 -14.10807037 -84.85234833]]
0
[[-42.38811874   6.85012436   9.11816788 -67.76681519]]
2
[[-11.72469711 -25.94216919 -14.10807037 -84.85234833]]
0
[[-42.38811874   6.85012436   9.11816788 -67.76681519]]
2
[[-11.72469711 -25.94216919 -14.10807037 -84.85234833]]
0
[[-42.38811874   6.85012436   9.11816788 -67.76681519]]
2
[[-11.72469711 -25.94216919 -14.10807037 -84.85234833]]
0
[[-42.38811874   6.85012436   9.11816788 -67.76681519]]
2
[[-11.72469711 -25.94216919 -14.10807037 -84.85234833]]
0
[[-42.38811874   6.85012436   9.11816788 -67.76681519]]
2
[[-11.72469711 -25.94216919 -14.10807037 -84.85234833]]
0
[[-42.38811874   6.85012436   9.11816788 -67.76681519]]
2
[[-11.72469711 -25.94216919 -14.10807037 -84.85234833]]
0
[[-42.38811874   6.85012436   9.11816788 -67.76681519]]
2
[[-11.72469711 -25.94216919 -14.10807037 -84.85234833]]
0
[[-42.38811874   6.85012436   9.11816788 -67.76681519]]
2
[[-11.72469711 -25.94216919 -14.10807037 -84.85234833]]
0
[[-42.38811874   6.85012436   9.11816788 -67.76681519]]
2
[[-11.72469711 -25.94216919 -14.10807037 -84.85234833]]
0
[[-42.38811874   6.85012436   9.11816788 -67.76681519]]
2
[[-11.72469711 -25.94216919 -14.10807037 -84.85234833]]
0
[[-42.38811874   6.85012436   9.11816788 -67.76681519]]
2
FAIL
6/22
