[[-22.6752739  -27.05944061 -10.1628952  -80.67722321]]
2
[[-39.78370285 -53.6982193  -55.73720551 -27.31123924]]
3
[[-96.97628784  33.09661484  22.09117508 -35.8539238 ]]
1
[[-39.78370285 -53.6982193  -55.73720551 -27.31123924]]
3
[[-96.97628784  33.09661484  22.09117508 -35.8539238 ]]
1
[[-39.78370285 -53.6982193  -55.73720551 -27.31123924]]
3
[[-96.97628784  33.09661484  22.09117508 -35.8539238 ]]
1
[[-39.78370285 -53.6982193  -55.73720551 -27.31123924]]
3
[[-96.97628784  33.09661484  22.09117508 -35.8539238 ]]
1
[[-39.78370285 -53.6982193  -55.73720551 -27.31123924]]
3
[[-96.97628784  33.09661484  22.09117508 -35.8539238 ]]
1
[[-39.78370285 -53.6982193  -55.73720551 -27.31123924]]
3
[[-96.97628784  33.09661484  22.09117508 -35.8539238 ]]
1
[[-39.78370285 -53.6982193  -55.73720551 -27.31123924]]
3
[[-96.97628784  33.09661484  22.09117508 -35.8539238 ]]
1
[[-39.78370285 -53.6982193  -55.73720551 -27.31123924]]
3
[[-96.97628784  33.09661484  22.09117508 -35.8539238 ]]
1
[[-39.78370285 -53.6982193  -55.73720551 -27.31123924]]
3
[[-96.97628784  33.09661484  22.09117508 -35.8539238 ]]
1
[[-39.78370285 -53.6982193  -55.73720551 -27.31123924]]
3
[[-96.97628784  33.09661484  22.09117508 -35.8539238 ]]
1
[[-39.78370285 -53.6982193  -55.73720551 -27.31123924]]
3
[[-96.97628784  33.09661484  22.09117508 -35.8539238 ]]
1
[[-39.78370285 -53.6982193  -55.73720551 -27.31123924]]
3
[[-96.97628784  33.09661484  22.09117508 -35.8539238 ]]
1
[[-39.78370285 -53.6982193  -55.73720551 -27.31123924]]
3
[[-96.97628784  33.09661484  22.09117508 -35.8539238 ]]
1
[[-39.78370285 -53.6982193  -55.73720551 -27.31123924]]
3
[[-96.97628784  33.09661484  22.09117508 -35.8539238 ]]
1
[[-39.78370285 -53.6982193  -55.73720551 -27.31123924]]
3
[[-96.97628784  33.09661484  22.09117508 -35.8539238 ]]
1
[[-39.78370285 -53.6982193  -55.73720551 -27.31123924]]
3
[[-96.97628784  33.09661484  22.09117508 -35.8539238 ]]
1
[[-39.78370285 -53.6982193  -55.73720551 -27.31123924]]
3
[[-96.97628784  33.09661484  22.09117508 -35.8539238 ]]
1
[[-39.78370285 -53.6982193  -55.73720551 -27.31123924]]
3
[[-96.97628784  33.09661484  22.09117508 -35.8539238 ]]
1
[[-39.78370285 -53.6982193  -55.73720551 -27.31123924]]
3
[[-96.97628784  33.09661484  22.09117508 -35.8539238 ]]
1
[[-39.78370285 -53.6982193  -55.73720551 -27.31123924]]
3
[[-96.97628784  33.09661484  22.09117508 -35.8539238 ]]
1
[[-39.78370285 -53.6982193  -55.73720551 -27.31123924]]
3
[[-96.97628784  33.09661484  22.09117508 -35.8539238 ]]
1
[[-39.78370285 -53.6982193  -55.73720551 -27.31123924]]
3
[[-96.97628784  33.09661484  22.09117508 -35.8539238 ]]
1
[[-39.78370285 -53.6982193  -55.73720551 -27.31123924]]
3
[[-96.97628784  33.09661484  22.09117508 -35.8539238 ]]
1
[[-39.78370285 -53.6982193  -55.73720551 -27.31123924]]
3
[[-96.97628784  33.09661484  22.09117508 -35.8539238 ]]
1
[[-39.78370285 -53.6982193  -55.73720551 -27.31123924]]
3
[[-96.97628784  33.09661484  22.09117508 -35.8539238 ]]
1
[[-39.78370285 -53.6982193  -55.73720551 -27.31123924]]
3
[[-96.97628784  33.09661484  22.09117508 -35.8539238 ]]
1
[[-39.78370285 -53.6982193  -55.73720551 -27.31123924]]
3
[[-96.97628784  33.09661484  22.09117508 -35.8539238 ]]
1
[[-39.78370285 -53.6982193  -55.73720551 -27.31123924]]
3
[[-96.97628784  33.09661484  22.09117508 -35.8539238 ]]
1
[[-39.78370285 -53.6982193  -55.73720551 -27.31123924]]
3
[[-96.97628784  33.09661484  22.09117508 -35.8539238 ]]
1
[[-39.78370285 -53.6982193  -55.73720551 -27.31123924]]
3
[[-96.97628784  33.09661484  22.09117508 -35.8539238 ]]
1
[[-39.78370285 -53.6982193  -55.73720551 -27.31123924]]
3
[[-96.97628784  33.09661484  22.09117508 -35.8539238 ]]
1
[[-39.78370285 -53.6982193  -55.73720551 -27.31123924]]
3
[[-96.97628784  33.09661484  22.09117508 -35.8539238 ]]
1
[[-39.78370285 -53.6982193  -55.73720551 -27.31123924]]
3
[[-96.97628784  33.09661484  22.09117508 -35.8539238 ]]
1
[[-39.78370285 -53.6982193  -55.73720551 -27.31123924]]
3
[[-96.97628784  33.09661484  22.09117508 -35.8539238 ]]
1
[[-39.78370285 -53.6982193  -55.73720551 -27.31123924]]
3
[[-96.97628784  33.09661484  22.09117508 -35.8539238 ]]
1
[[-39.78370285 -53.6982193  -55.73720551 -27.31123924]]
3
[[-96.97628784  33.09661484  22.09117508 -35.8539238 ]]
1
[[-39.78370285 -53.6982193  -55.73720551 -27.31123924]]
3
[[-96.97628784  33.09661484  22.09117508 -35.8539238 ]]
1
[[-39.78370285 -53.6982193  -55.73720551 -27.31123924]]
3
[[-96.97628784  33.09661484  22.09117508 -35.8539238 ]]
1
[[-39.78370285 -53.6982193  -55.73720551 -27.31123924]]
3
[[-96.97628784  33.09661484  22.09117508 -35.8539238 ]]
1
[[-39.78370285 -53.6982193  -55.73720551 -27.31123924]]
3
[[-96.97628784  33.09661484  22.09117508 -35.8539238 ]]
1
[[-39.78370285 -53.6982193  -55.73720551 -27.31123924]]
3
[[-96.97628784  33.09661484  22.09117508 -35.8539238 ]]
1
[[-39.78370285 -53.6982193  -55.73720551 -27.31123924]]
3
[[-96.97628784  33.09661484  22.09117508 -35.8539238 ]]
1
[[-39.78370285 -53.6982193  -55.73720551 -27.31123924]]
3
[[-96.97628784  33.09661484  22.09117508 -35.8539238 ]]
1
[[-39.78370285 -53.6982193  -55.73720551 -27.31123924]]
3
[[-96.97628784  33.09661484  22.09117508 -35.8539238 ]]
1
[[-39.78370285 -53.6982193  -55.73720551 -27.31123924]]
3
[[-96.97628784  33.09661484  22.09117508 -35.8539238 ]]
1
[[-39.78370285 -53.6982193  -55.73720551 -27.31123924]]
3
[[-96.97628784  33.09661484  22.09117508 -35.8539238 ]]
1
[[-39.78370285 -53.6982193  -55.73720551 -27.31123924]]
3
[[-96.97628784  33.09661484  22.09117508 -35.8539238 ]]
1
[[-39.78370285 -53.6982193  -55.73720551 -27.31123924]]
3
[[-96.97628784  33.09661484  22.09117508 -35.8539238 ]]
1
[[-39.78370285 -53.6982193  -55.73720551 -27.31123924]]
3
[[-96.97628784  33.09661484  22.09117508 -35.8539238 ]]
1
[[-39.78370285 -53.6982193  -55.73720551 -27.31123924]]
3
[[-96.97628784  33.09661484  22.09117508 -35.8539238 ]]
1
FAIL
2/4
