[[-121.12190247  -52.53922272   -6.46088409 -146.10928345]]
2
[[ -6.26497841  -9.13076782   0.08986855 -74.19552612]]
2
[[-11.91673088   4.53775024 -20.05606461 -62.08062363]]
1
[[ -89.49368286  -87.26885986 -105.48612976  -41.79020691]]
3
[[-11.91673088   4.53775024 -20.05606461 -62.08062363]]
1
[[ -89.49368286  -87.26885986 -105.48612976  -41.79020691]]
3
[[-11.91673088   4.53775024 -20.05606461 -62.08062363]]
1
[[ -89.49368286  -87.26885986 -105.48612976  -41.79020691]]
3
[[-11.91673088   4.53775024 -20.05606461 -62.08062363]]
1
[[ -89.49368286  -87.26885986 -105.48612976  -41.79020691]]
3
[[-11.91673088   4.53775024 -20.05606461 -62.08062363]]
1
[[ -89.49368286  -87.26885986 -105.48612976  -41.79020691]]
3
[[-11.91673088   4.53775024 -20.05606461 -62.08062363]]
1
[[ -89.49368286  -87.26885986 -105.48612976  -41.79020691]]
3
[[-11.91673088   4.53775024 -20.05606461 -62.08062363]]
1
[[ -89.49368286  -87.26885986 -105.48612976  -41.79020691]]
3
[[-11.91673088   4.53775024 -20.05606461 -62.08062363]]
1
[[ -89.49368286  -87.26885986 -105.48612976  -41.79020691]]
3
[[-11.91673088   4.53775024 -20.05606461 -62.08062363]]
1
[[ -89.49368286  -87.26885986 -105.48612976  -41.79020691]]
3
[[-11.91673088   4.53775024 -20.05606461 -62.08062363]]
1
[[ -89.49368286  -87.26885986 -105.48612976  -41.79020691]]
3
[[-11.91673088   4.53775024 -20.05606461 -62.08062363]]
1
[[ -89.49368286  -87.26885986 -105.48612976  -41.79020691]]
3
[[-11.91673088   4.53775024 -20.05606461 -62.08062363]]
1
[[ -89.49368286  -87.26885986 -105.48612976  -41.79020691]]
3
[[-11.91673088   4.53775024 -20.05606461 -62.08062363]]
1
[[ -89.49368286  -87.26885986 -105.48612976  -41.79020691]]
3
[[-11.91673088   4.53775024 -20.05606461 -62.08062363]]
1
[[ -89.49368286  -87.26885986 -105.48612976  -41.79020691]]
3
[[-11.91673088   4.53775024 -20.05606461 -62.08062363]]
1
[[ -89.49368286  -87.26885986 -105.48612976  -41.79020691]]
3
[[-11.91673088   4.53775024 -20.05606461 -62.08062363]]
1
[[ -89.49368286  -87.26885986 -105.48612976  -41.79020691]]
3
[[-11.91673088   4.53775024 -20.05606461 -62.08062363]]
1
[[ -89.49368286  -87.26885986 -105.48612976  -41.79020691]]
3
[[-11.91673088   4.53775024 -20.05606461 -62.08062363]]
1
[[ -89.49368286  -87.26885986 -105.48612976  -41.79020691]]
3
[[-11.91673088   4.53775024 -20.05606461 -62.08062363]]
1
[[ -89.49368286  -87.26885986 -105.48612976  -41.79020691]]
3
[[-11.91673088   4.53775024 -20.05606461 -62.08062363]]
1
[[ -89.49368286  -87.26885986 -105.48612976  -41.79020691]]
3
[[-11.91673088   4.53775024 -20.05606461 -62.08062363]]
1
[[ -89.49368286  -87.26885986 -105.48612976  -41.79020691]]
3
[[-11.91673088   4.53775024 -20.05606461 -62.08062363]]
1
[[ -89.49368286  -87.26885986 -105.48612976  -41.79020691]]
3
[[-11.91673088   4.53775024 -20.05606461 -62.08062363]]
1
[[ -89.49368286  -87.26885986 -105.48612976  -41.79020691]]
3
[[-11.91673088   4.53775024 -20.05606461 -62.08062363]]
1
[[ -89.49368286  -87.26885986 -105.48612976  -41.79020691]]
3
[[-11.91673088   4.53775024 -20.05606461 -62.08062363]]
1
[[ -89.49368286  -87.26885986 -105.48612976  -41.79020691]]
3
[[-11.91673088   4.53775024 -20.05606461 -62.08062363]]
1
[[ -89.49368286  -87.26885986 -105.48612976  -41.79020691]]
3
[[-11.91673088   4.53775024 -20.05606461 -62.08062363]]
1
[[ -89.49368286  -87.26885986 -105.48612976  -41.79020691]]
3
[[-11.91673088   4.53775024 -20.05606461 -62.08062363]]
1
[[ -89.49368286  -87.26885986 -105.48612976  -41.79020691]]
3
[[-11.91673088   4.53775024 -20.05606461 -62.08062363]]
1
[[ -89.49368286  -87.26885986 -105.48612976  -41.79020691]]
3
[[-11.91673088   4.53775024 -20.05606461 -62.08062363]]
1
[[ -89.49368286  -87.26885986 -105.48612976  -41.79020691]]
3
[[-11.91673088   4.53775024 -20.05606461 -62.08062363]]
1
[[ -89.49368286  -87.26885986 -105.48612976  -41.79020691]]
3
[[-11.91673088   4.53775024 -20.05606461 -62.08062363]]
1
[[ -89.49368286  -87.26885986 -105.48612976  -41.79020691]]
3
[[-11.91673088   4.53775024 -20.05606461 -62.08062363]]
1
[[ -89.49368286  -87.26885986 -105.48612976  -41.79020691]]
3
[[-11.91673088   4.53775024 -20.05606461 -62.08062363]]
1
[[ -89.49368286  -87.26885986 -105.48612976  -41.79020691]]
3
[[-11.91673088   4.53775024 -20.05606461 -62.08062363]]
1
[[ -89.49368286  -87.26885986 -105.48612976  -41.79020691]]
3
[[-11.91673088   4.53775024 -20.05606461 -62.08062363]]
1
[[ -89.49368286  -87.26885986 -105.48612976  -41.79020691]]
3
[[-11.91673088   4.53775024 -20.05606461 -62.08062363]]
1
[[ -89.49368286  -87.26885986 -105.48612976  -41.79020691]]
3
[[-11.91673088   4.53775024 -20.05606461 -62.08062363]]
1
[[ -89.49368286  -87.26885986 -105.48612976  -41.79020691]]
3
[[-11.91673088   4.53775024 -20.05606461 -62.08062363]]
1
[[ -89.49368286  -87.26885986 -105.48612976  -41.79020691]]
3
[[-11.91673088   4.53775024 -20.05606461 -62.08062363]]
1
[[ -89.49368286  -87.26885986 -105.48612976  -41.79020691]]
3
[[-11.91673088   4.53775024 -20.05606461 -62.08062363]]
1
[[ -89.49368286  -87.26885986 -105.48612976  -41.79020691]]
3
[[-11.91673088   4.53775024 -20.05606461 -62.08062363]]
1
[[ -89.49368286  -87.26885986 -105.48612976  -41.79020691]]
3
[[-11.91673088   4.53775024 -20.05606461 -62.08062363]]
1
[[ -89.49368286  -87.26885986 -105.48612976  -41.79020691]]
3
[[-11.91673088   4.53775024 -20.05606461 -62.08062363]]
1
[[ -89.49368286  -87.26885986 -105.48612976  -41.79020691]]
3
[[-11.91673088   4.53775024 -20.05606461 -62.08062363]]
1
[[ -89.49368286  -87.26885986 -105.48612976  -41.79020691]]
3
[[-11.91673088   4.53775024 -20.05606461 -62.08062363]]
1
[[ -89.49368286  -87.26885986 -105.48612976  -41.79020691]]
3
[[-11.91673088   4.53775024 -20.05606461 -62.08062363]]
1
[[ -89.49368286  -87.26885986 -105.48612976  -41.79020691]]
3
[[-11.91673088   4.53775024 -20.05606461 -62.08062363]]
1
[[ -89.49368286  -87.26885986 -105.48612976  -41.79020691]]
3
[[-11.91673088   4.53775024 -20.05606461 -62.08062363]]
1
[[ -89.49368286  -87.26885986 -105.48612976  -41.79020691]]
3
[[-11.91673088   4.53775024 -20.05606461 -62.08062363]]
1
FAIL
2/31
