[[-53.38982391 -14.51056671 -42.23464203 -95.64698029]]
1
[[-42.65940094 -11.10969543  -8.18939209 -48.21926117]]
2
[[-23.1773262  -30.13194847 -10.75708771 -81.93010712]]
2
[[-41.06760406 -59.08314896 -58.45373535 -24.89212227]]
3
[[-101.96775055   32.32015228   24.30670738  -34.31707382]]
1
[[-41.06760406 -59.08314896 -58.45373535 -24.89212227]]
3
[[-101.96775055   32.32015228   24.30670738  -34.31707382]]
1
[[-41.06760406 -59.08314896 -58.45373535 -24.89212227]]
3
[[-101.96775055   32.32015228   24.30670738  -34.31707382]]
1
[[-41.06760406 -59.08314896 -58.45373535 -24.89212227]]
3
[[-101.96775055   32.32015228   24.30670738  -34.31707382]]
1
[[-41.06760406 -59.08314896 -58.45373535 -24.89212227]]
3
[[-101.96775055   32.32015228   24.30670738  -34.31707382]]
1
[[-41.06760406 -59.08314896 -58.45373535 -24.89212227]]
3
[[-101.96775055   32.32015228   24.30670738  -34.31707382]]
1
[[-41.06760406 -59.08314896 -58.45373535 -24.89212227]]
3
[[-101.96775055   32.32015228   24.30670738  -34.31707382]]
1
[[-41.06760406 -59.08314896 -58.45373535 -24.89212227]]
3
[[-101.96775055   32.32015228   24.30670738  -34.31707382]]
1
[[-41.06760406 -59.08314896 -58.45373535 -24.89212227]]
3
[[-101.96775055   32.32015228   24.30670738  -34.31707382]]
1
[[-41.06760406 -59.08314896 -58.45373535 -24.89212227]]
3
[[-101.96775055   32.32015228   24.30670738  -34.31707382]]
1
[[-41.06760406 -59.08314896 -58.45373535 -24.89212227]]
3
[[-101.96775055   32.32015228   24.30670738  -34.31707382]]
1
[[-41.06760406 -59.08314896 -58.45373535 -24.89212227]]
3
[[-101.96775055   32.32015228   24.30670738  -34.31707382]]
1
[[-41.06760406 -59.08314896 -58.45373535 -24.89212227]]
3
[[-101.96775055   32.32015228   24.30670738  -34.31707382]]
1
[[-41.06760406 -59.08314896 -58.45373535 -24.89212227]]
3
[[-101.96775055   32.32015228   24.30670738  -34.31707382]]
1
[[-41.06760406 -59.08314896 -58.45373535 -24.89212227]]
3
[[-101.96775055   32.32015228   24.30670738  -34.31707382]]
1
[[-41.06760406 -59.08314896 -58.45373535 -24.89212227]]
3
[[-101.96775055   32.32015228   24.30670738  -34.31707382]]
1
[[-41.06760406 -59.08314896 -58.45373535 -24.89212227]]
3
[[-101.96775055   32.32015228   24.30670738  -34.31707382]]
1
[[-41.06760406 -59.08314896 -58.45373535 -24.89212227]]
3
[[-101.96775055   32.32015228   24.30670738  -34.31707382]]
1
[[-41.06760406 -59.08314896 -58.45373535 -24.89212227]]
3
[[-101.96775055   32.32015228   24.30670738  -34.31707382]]
1
[[-41.06760406 -59.08314896 -58.45373535 -24.89212227]]
3
[[-101.96775055   32.32015228   24.30670738  -34.31707382]]
1
[[-41.06760406 -59.08314896 -58.45373535 -24.89212227]]
3
[[-101.96775055   32.32015228   24.30670738  -34.31707382]]
1
[[-41.06760406 -59.08314896 -58.45373535 -24.89212227]]
3
[[-101.96775055   32.32015228   24.30670738  -34.31707382]]
1
[[-41.06760406 -59.08314896 -58.45373535 -24.89212227]]
3
[[-101.96775055   32.32015228   24.30670738  -34.31707382]]
1
[[-41.06760406 -59.08314896 -58.45373535 -24.89212227]]
3
[[-101.96775055   32.32015228   24.30670738  -34.31707382]]
1
[[-41.06760406 -59.08314896 -58.45373535 -24.89212227]]
3
[[-101.96775055   32.32015228   24.30670738  -34.31707382]]
1
[[-41.06760406 -59.08314896 -58.45373535 -24.89212227]]
3
[[-101.96775055   32.32015228   24.30670738  -34.31707382]]
1
[[-41.06760406 -59.08314896 -58.45373535 -24.89212227]]
3
[[-101.96775055   32.32015228   24.30670738  -34.31707382]]
1
[[-41.06760406 -59.08314896 -58.45373535 -24.89212227]]
3
[[-101.96775055   32.32015228   24.30670738  -34.31707382]]
1
[[-41.06760406 -59.08314896 -58.45373535 -24.89212227]]
3
[[-101.96775055   32.32015228   24.30670738  -34.31707382]]
1
[[-41.06760406 -59.08314896 -58.45373535 -24.89212227]]
3
[[-101.96775055   32.32015228   24.30670738  -34.31707382]]
1
[[-41.06760406 -59.08314896 -58.45373535 -24.89212227]]
3
[[-101.96775055   32.32015228   24.30670738  -34.31707382]]
1
[[-41.06760406 -59.08314896 -58.45373535 -24.89212227]]
3
[[-101.96775055   32.32015228   24.30670738  -34.31707382]]
1
[[-41.06760406 -59.08314896 -58.45373535 -24.89212227]]
3
[[-101.96775055   32.32015228   24.30670738  -34.31707382]]
1
[[-41.06760406 -59.08314896 -58.45373535 -24.89212227]]
3
[[-101.96775055   32.32015228   24.30670738  -34.31707382]]
1
[[-41.06760406 -59.08314896 -58.45373535 -24.89212227]]
3
[[-101.96775055   32.32015228   24.30670738  -34.31707382]]
1
[[-41.06760406 -59.08314896 -58.45373535 -24.89212227]]
3
[[-101.96775055   32.32015228   24.30670738  -34.31707382]]
1
[[-41.06760406 -59.08314896 -58.45373535 -24.89212227]]
3
[[-101.96775055   32.32015228   24.30670738  -34.31707382]]
1
[[-41.06760406 -59.08314896 -58.45373535 -24.89212227]]
3
[[-101.96775055   32.32015228   24.30670738  -34.31707382]]
1
[[-41.06760406 -59.08314896 -58.45373535 -24.89212227]]
3
[[-101.96775055   32.32015228   24.30670738  -34.31707382]]
1
[[-41.06760406 -59.08314896 -58.45373535 -24.89212227]]
3
[[-101.96775055   32.32015228   24.30670738  -34.31707382]]
1
[[-41.06760406 -59.08314896 -58.45373535 -24.89212227]]
3
[[-101.96775055   32.32015228   24.30670738  -34.31707382]]
1
[[-41.06760406 -59.08314896 -58.45373535 -24.89212227]]
3
[[-101.96775055   32.32015228   24.30670738  -34.31707382]]
1
[[-41.06760406 -59.08314896 -58.45373535 -24.89212227]]
3
[[-101.96775055   32.32015228   24.30670738  -34.31707382]]
1
[[-41.06760406 -59.08314896 -58.45373535 -24.89212227]]
3
[[-101.96775055   32.32015228   24.30670738  -34.31707382]]
1
[[-41.06760406 -59.08314896 -58.45373535 -24.89212227]]
3
[[-101.96775055   32.32015228   24.30670738  -34.31707382]]
1
[[-41.06760406 -59.08314896 -58.45373535 -24.89212227]]
3
[[-101.96775055   32.32015228   24.30670738  -34.31707382]]
1
[[-41.06760406 -59.08314896 -58.45373535 -24.89212227]]
3
[[-101.96775055   32.32015228   24.30670738  -34.31707382]]
1
[[-41.06760406 -59.08314896 -58.45373535 -24.89212227]]
3
[[-101.96775055   32.32015228   24.30670738  -34.31707382]]
1
[[-41.06760406 -59.08314896 -58.45373535 -24.89212227]]
3
[[-101.96775055   32.32015228   24.30670738  -34.31707382]]
1
FAIL
4/6
