[[-35.28541946 -11.52923012 -25.46010017 -67.46374512]]
1
[[-32.49002457 -12.7559166  -27.39599991 -63.11508179]]
1
[[-32.50642395 -22.80482483 -22.48537636 -65.20066071]]
2
[[-44.41307068  -0.6348114  -20.6436367  -98.35206604]]
1
[[-84.90385437 -35.83285904   7.94392014 -73.29794312]]
2
[[ -18.29821396   19.71611404 -113.03308105 -120.82984924]]
1
[[-101.96775055   32.32015228   24.30670738  -34.31707382]]
1
[[-41.06760406 -59.08314896 -58.45373535 -24.89212227]]
3
[[-101.96775055   32.32015228   24.30670738  -34.31707382]]
1
[[-41.06760406 -59.08314896 -58.45373535 -24.89212227]]
3
[[-101.96775055   32.32015228   24.30670738  -34.31707382]]
1
[[-41.06760406 -59.08314896 -58.45373535 -24.89212227]]
3
[[-101.96775055   32.32015228   24.30670738  -34.31707382]]
1
[[-41.06760406 -59.08314896 -58.45373535 -24.89212227]]
3
[[-101.96775055   32.32015228   24.30670738  -34.31707382]]
1
[[-41.06760406 -59.08314896 -58.45373535 -24.89212227]]
3
[[-101.96775055   32.32015228   24.30670738  -34.31707382]]
1
[[-41.06760406 -59.08314896 -58.45373535 -24.89212227]]
3
[[-101.96775055   32.32015228   24.30670738  -34.31707382]]
1
[[-41.06760406 -59.08314896 -58.45373535 -24.89212227]]
3
[[-101.96775055   32.32015228   24.30670738  -34.31707382]]
1
[[-41.06760406 -59.08314896 -58.45373535 -24.89212227]]
3
[[-101.96775055   32.32015228   24.30670738  -34.31707382]]
1
[[-41.06760406 -59.08314896 -58.45373535 -24.89212227]]
3
[[-101.96775055   32.32015228   24.30670738  -34.31707382]]
1
[[-41.06760406 -59.08314896 -58.45373535 -24.89212227]]
3
[[-101.96775055   32.32015228   24.30670738  -34.31707382]]
1
[[-41.06760406 -59.08314896 -58.45373535 -24.89212227]]
3
[[-101.96775055   32.32015228   24.30670738  -34.31707382]]
1
[[-41.06760406 -59.08314896 -58.45373535 -24.89212227]]
3
[[-101.96775055   32.32015228   24.30670738  -34.31707382]]
1
[[-41.06760406 -59.08314896 -58.45373535 -24.89212227]]
3
[[-101.96775055   32.32015228   24.30670738  -34.31707382]]
1
[[-41.06760406 -59.08314896 -58.45373535 -24.89212227]]
3
[[-101.96775055   32.32015228   24.30670738  -34.31707382]]
1
[[-41.06760406 -59.08314896 -58.45373535 -24.89212227]]
3
[[-101.96775055   32.32015228   24.30670738  -34.31707382]]
1
[[-41.06760406 -59.08314896 -58.45373535 -24.89212227]]
3
[[-101.96775055   32.32015228   24.30670738  -34.31707382]]
1
[[-41.06760406 -59.08314896 -58.45373535 -24.89212227]]
3
[[-101.96775055   32.32015228   24.30670738  -34.31707382]]
1
[[-41.06760406 -59.08314896 -58.45373535 -24.89212227]]
3
[[-101.96775055   32.32015228   24.30670738  -34.31707382]]
1
[[-41.06760406 -59.08314896 -58.45373535 -24.89212227]]
3
[[-101.96775055   32.32015228   24.30670738  -34.31707382]]
1
[[-41.06760406 -59.08314896 -58.45373535 -24.89212227]]
3
[[-101.96775055   32.32015228   24.30670738  -34.31707382]]
1
[[-41.06760406 -59.08314896 -58.45373535 -24.89212227]]
3
[[-101.96775055   32.32015228   24.30670738  -34.31707382]]
1
[[-41.06760406 -59.08314896 -58.45373535 -24.89212227]]
3
[[-101.96775055   32.32015228   24.30670738  -34.31707382]]
1
[[-41.06760406 -59.08314896 -58.45373535 -24.89212227]]
3
[[-101.96775055   32.32015228   24.30670738  -34.31707382]]
1
[[-41.06760406 -59.08314896 -58.45373535 -24.89212227]]
3
[[-101.96775055   32.32015228   24.30670738  -34.31707382]]
1
[[-41.06760406 -59.08314896 -58.45373535 -24.89212227]]
3
[[-101.96775055   32.32015228   24.30670738  -34.31707382]]
1
[[-41.06760406 -59.08314896 -58.45373535 -24.89212227]]
3
[[-101.96775055   32.32015228   24.30670738  -34.31707382]]
1
[[-41.06760406 -59.08314896 -58.45373535 -24.89212227]]
3
[[-101.96775055   32.32015228   24.30670738  -34.31707382]]
1
[[-41.06760406 -59.08314896 -58.45373535 -24.89212227]]
3
[[-101.96775055   32.32015228   24.30670738  -34.31707382]]
1
[[-41.06760406 -59.08314896 -58.45373535 -24.89212227]]
3
[[-101.96775055   32.32015228   24.30670738  -34.31707382]]
1
[[-41.06760406 -59.08314896 -58.45373535 -24.89212227]]
3
[[-101.96775055   32.32015228   24.30670738  -34.31707382]]
1
[[-41.06760406 -59.08314896 -58.45373535 -24.89212227]]
3
[[-101.96775055   32.32015228   24.30670738  -34.31707382]]
1
[[-41.06760406 -59.08314896 -58.45373535 -24.89212227]]
3
[[-101.96775055   32.32015228   24.30670738  -34.31707382]]
1
[[-41.06760406 -59.08314896 -58.45373535 -24.89212227]]
3
[[-101.96775055   32.32015228   24.30670738  -34.31707382]]
1
[[-41.06760406 -59.08314896 -58.45373535 -24.89212227]]
3
[[-101.96775055   32.32015228   24.30670738  -34.31707382]]
1
[[-41.06760406 -59.08314896 -58.45373535 -24.89212227]]
3
[[-101.96775055   32.32015228   24.30670738  -34.31707382]]
1
[[-41.06760406 -59.08314896 -58.45373535 -24.89212227]]
3
[[-101.96775055   32.32015228   24.30670738  -34.31707382]]
1
[[-41.06760406 -59.08314896 -58.45373535 -24.89212227]]
3
[[-101.96775055   32.32015228   24.30670738  -34.31707382]]
1
[[-41.06760406 -59.08314896 -58.45373535 -24.89212227]]
3
[[-101.96775055   32.32015228   24.30670738  -34.31707382]]
1
[[-41.06760406 -59.08314896 -58.45373535 -24.89212227]]
3
[[-101.96775055   32.32015228   24.30670738  -34.31707382]]
1
[[-41.06760406 -59.08314896 -58.45373535 -24.89212227]]
3
[[-101.96775055   32.32015228   24.30670738  -34.31707382]]
1
[[-41.06760406 -59.08314896 -58.45373535 -24.89212227]]
3
[[-101.96775055   32.32015228   24.30670738  -34.31707382]]
1
[[-41.06760406 -59.08314896 -58.45373535 -24.89212227]]
3
[[-101.96775055   32.32015228   24.30670738  -34.31707382]]
1
[[-41.06760406 -59.08314896 -58.45373535 -24.89212227]]
3
[[-101.96775055   32.32015228   24.30670738  -34.31707382]]
1
[[-41.06760406 -59.08314896 -58.45373535 -24.89212227]]
3
[[-101.96775055   32.32015228   24.30670738  -34.31707382]]
1
[[-41.06760406 -59.08314896 -58.45373535 -24.89212227]]
3
[[-101.96775055   32.32015228   24.30670738  -34.31707382]]
1
[[-41.06760406 -59.08314896 -58.45373535 -24.89212227]]
3
[[-101.96775055   32.32015228   24.30670738  -34.31707382]]
1
[[-41.06760406 -59.08314896 -58.45373535 -24.89212227]]
3
[[-101.96775055   32.32015228   24.30670738  -34.31707382]]
1
FAIL
6/8
