[[-24.90344238 -21.01111603 -35.56963348 -69.81106567]]
1
[[-33.3016243  -14.85416794 -40.07984161 -56.82641983]]
1
[[-31.60907555 -14.70544052 -34.20798492 -61.53532028]]
1
[[-18.1584549  -27.41194916 -45.81819916 -57.5445137 ]]
0
[[-104.36204529  -67.20389557    3.99791718 -121.74545288]]
2
[[-18.1584549  -27.41194916 -45.81819916 -57.5445137 ]]
0
[[-104.36204529  -67.20389557    3.99791718 -121.74545288]]
2
[[-18.1584549  -27.41194916 -45.81819916 -57.5445137 ]]
0
[[-104.36204529  -67.20389557    3.99791718 -121.74545288]]
2
[[-18.1584549  -27.41194916 -45.81819916 -57.5445137 ]]
0
[[-104.36204529  -67.20389557    3.99791718 -121.74545288]]
2
[[-18.1584549  -27.41194916 -45.81819916 -57.5445137 ]]
0
[[-104.36204529  -67.20389557    3.99791718 -121.74545288]]
2
[[-18.1584549  -27.41194916 -45.81819916 -57.5445137 ]]
0
[[-104.36204529  -67.20389557    3.99791718 -121.74545288]]
2
[[-18.1584549  -27.41194916 -45.81819916 -57.5445137 ]]
0
[[-104.36204529  -67.20389557    3.99791718 -121.74545288]]
2
[[-18.1584549  -27.41194916 -45.81819916 -57.5445137 ]]
0
[[-104.36204529  -67.20389557    3.99791718 -121.74545288]]
2
[[-18.1584549  -27.41194916 -45.81819916 -57.5445137 ]]
0
[[-104.36204529  -67.20389557    3.99791718 -121.74545288]]
2
[[-18.1584549  -27.41194916 -45.81819916 -57.5445137 ]]
0
[[-104.36204529  -67.20389557    3.99791718 -121.74545288]]
2
[[-18.1584549  -27.41194916 -45.81819916 -57.5445137 ]]
0
[[-104.36204529  -67.20389557    3.99791718 -121.74545288]]
2
[[-18.1584549  -27.41194916 -45.81819916 -57.5445137 ]]
0
[[-104.36204529  -67.20389557    3.99791718 -121.74545288]]
2
[[-18.1584549  -27.41194916 -45.81819916 -57.5445137 ]]
0
[[-104.36204529  -67.20389557    3.99791718 -121.74545288]]
2
[[-18.1584549  -27.41194916 -45.81819916 -57.5445137 ]]
0
[[-104.36204529  -67.20389557    3.99791718 -121.74545288]]
2
[[-18.1584549  -27.41194916 -45.81819916 -57.5445137 ]]
0
[[-104.36204529  -67.20389557    3.99791718 -121.74545288]]
2
[[-18.1584549  -27.41194916 -45.81819916 -57.5445137 ]]
0
[[-104.36204529  -67.20389557    3.99791718 -121.74545288]]
2
[[-18.1584549  -27.41194916 -45.81819916 -57.5445137 ]]
0
[[-104.36204529  -67.20389557    3.99791718 -121.74545288]]
2
[[-18.1584549  -27.41194916 -45.81819916 -57.5445137 ]]
0
[[-104.36204529  -67.20389557    3.99791718 -121.74545288]]
2
[[-18.1584549  -27.41194916 -45.81819916 -57.5445137 ]]
0
[[-104.36204529  -67.20389557    3.99791718 -121.74545288]]
2
[[-18.1584549  -27.41194916 -45.81819916 -57.5445137 ]]
0
[[-104.36204529  -67.20389557    3.99791718 -121.74545288]]
2
[[-18.1584549  -27.41194916 -45.81819916 -57.5445137 ]]
0
[[-104.36204529  -67.20389557    3.99791718 -121.74545288]]
2
[[-18.1584549  -27.41194916 -45.81819916 -57.5445137 ]]
0
[[-104.36204529  -67.20389557    3.99791718 -121.74545288]]
2
[[-18.1584549  -27.41194916 -45.81819916 -57.5445137 ]]
0
[[-104.36204529  -67.20389557    3.99791718 -121.74545288]]
2
[[-18.1584549  -27.41194916 -45.81819916 -57.5445137 ]]
0
[[-104.36204529  -67.20389557    3.99791718 -121.74545288]]
2
[[-18.1584549  -27.41194916 -45.81819916 -57.5445137 ]]
0
[[-104.36204529  -67.20389557    3.99791718 -121.74545288]]
2
[[-18.1584549  -27.41194916 -45.81819916 -57.5445137 ]]
0
[[-104.36204529  -67.20389557    3.99791718 -121.74545288]]
2
[[-18.1584549  -27.41194916 -45.81819916 -57.5445137 ]]
0
[[-104.36204529  -67.20389557    3.99791718 -121.74545288]]
2
[[-18.1584549  -27.41194916 -45.81819916 -57.5445137 ]]
0
[[-104.36204529  -67.20389557    3.99791718 -121.74545288]]
2
[[-18.1584549  -27.41194916 -45.81819916 -57.5445137 ]]
0
[[-104.36204529  -67.20389557    3.99791718 -121.74545288]]
2
[[-18.1584549  -27.41194916 -45.81819916 -57.5445137 ]]
0
[[-104.36204529  -67.20389557    3.99791718 -121.74545288]]
2
[[-18.1584549  -27.41194916 -45.81819916 -57.5445137 ]]
0
[[-104.36204529  -67.20389557    3.99791718 -121.74545288]]
2
[[-18.1584549  -27.41194916 -45.81819916 -57.5445137 ]]
0
[[-104.36204529  -67.20389557    3.99791718 -121.74545288]]
2
[[-18.1584549  -27.41194916 -45.81819916 -57.5445137 ]]
0
[[-104.36204529  -67.20389557    3.99791718 -121.74545288]]
2
[[-18.1584549  -27.41194916 -45.81819916 -57.5445137 ]]
0
[[-104.36204529  -67.20389557    3.99791718 -121.74545288]]
2
[[-18.1584549  -27.41194916 -45.81819916 -57.5445137 ]]
0
[[-104.36204529  -67.20389557    3.99791718 -121.74545288]]
2
[[-18.1584549  -27.41194916 -45.81819916 -57.5445137 ]]
0
[[-104.36204529  -67.20389557    3.99791718 -121.74545288]]
2
[[-18.1584549  -27.41194916 -45.81819916 -57.5445137 ]]
0
[[-104.36204529  -67.20389557    3.99791718 -121.74545288]]
2
[[-18.1584549  -27.41194916 -45.81819916 -57.5445137 ]]
0
[[-104.36204529  -67.20389557    3.99791718 -121.74545288]]
2
[[-18.1584549  -27.41194916 -45.81819916 -57.5445137 ]]
0
[[-104.36204529  -67.20389557    3.99791718 -121.74545288]]
2
[[-18.1584549  -27.41194916 -45.81819916 -57.5445137 ]]
0
[[-104.36204529  -67.20389557    3.99791718 -121.74545288]]
2
[[-18.1584549  -27.41194916 -45.81819916 -57.5445137 ]]
0
[[-104.36204529  -67.20389557    3.99791718 -121.74545288]]
2
[[-18.1584549  -27.41194916 -45.81819916 -57.5445137 ]]
0
[[-104.36204529  -67.20389557    3.99791718 -121.74545288]]
2
[[-18.1584549  -27.41194916 -45.81819916 -57.5445137 ]]
0
[[-104.36204529  -67.20389557    3.99791718 -121.74545288]]
2
[[-18.1584549  -27.41194916 -45.81819916 -57.5445137 ]]
0
[[-104.36204529  -67.20389557    3.99791718 -121.74545288]]
2
[[-18.1584549  -27.41194916 -45.81819916 -57.5445137 ]]
0
[[-104.36204529  -67.20389557    3.99791718 -121.74545288]]
2
[[-18.1584549  -27.41194916 -45.81819916 -57.5445137 ]]
0
[[-104.36204529  -67.20389557    3.99791718 -121.74545288]]
2
[[-18.1584549  -27.41194916 -45.81819916 -57.5445137 ]]
0
[[-104.36204529  -67.20389557    3.99791718 -121.74545288]]
2
[[-18.1584549  -27.41194916 -45.81819916 -57.5445137 ]]
0
[[-104.36204529  -67.20389557    3.99791718 -121.74545288]]
2
[[-18.1584549  -27.41194916 -45.81819916 -57.5445137 ]]
0
[[-104.36204529  -67.20389557    3.99791718 -121.74545288]]
2
FAIL
0/19
