[[-125.82274628  -56.02492523   -7.48946381 -150.5907135 ]]
2
[[ -6.10695076 -11.8095665   -1.30454445 -76.42721558]]
2
[[-11.25507164   3.12976265 -21.5507412  -62.91690445]]
1
[[ -93.02624512  -94.03085327 -111.52088928  -40.06910706]]
3
[[-11.25507164   3.12976265 -21.5507412  -62.91690445]]
1
[[ -93.02624512  -94.03085327 -111.52088928  -40.06910706]]
3
[[-11.25507164   3.12976265 -21.5507412  -62.91690445]]
1
[[ -93.02624512  -94.03085327 -111.52088928  -40.06910706]]
3
[[-11.25507164   3.12976265 -21.5507412  -62.91690445]]
1
[[ -93.02624512  -94.03085327 -111.52088928  -40.06910706]]
3
[[-11.25507164   3.12976265 -21.5507412  -62.91690445]]
1
[[ -93.02624512  -94.03085327 -111.52088928  -40.06910706]]
3
[[-11.25507164   3.12976265 -21.5507412  -62.91690445]]
1
[[ -93.02624512  -94.03085327 -111.52088928  -40.06910706]]
3
[[-11.25507164   3.12976265 -21.5507412  -62.91690445]]
1
[[ -93.02624512  -94.03085327 -111.52088928  -40.06910706]]
3
[[-11.25507164   3.12976265 -21.5507412  -62.91690445]]
1
[[ -93.02624512  -94.03085327 -111.52088928  -40.06910706]]
3
[[-11.25507164   3.12976265 -21.5507412  -62.91690445]]
1
[[ -93.02624512  -94.03085327 -111.52088928  -40.06910706]]
3
[[-11.25507164   3.12976265 -21.5507412  -62.91690445]]
1
[[ -93.02624512  -94.03085327 -111.52088928  -40.06910706]]
3
[[-11.25507164   3.12976265 -21.5507412  -62.91690445]]
1
[[ -93.02624512  -94.03085327 -111.52088928  -40.06910706]]
3
[[-11.25507164   3.12976265 -21.5507412  -62.91690445]]
1
[[ -93.02624512  -94.03085327 -111.52088928  -40.06910706]]
3
[[-11.25507164   3.12976265 -21.5507412  -62.91690445]]
1
[[ -93.02624512  -94.03085327 -111.52088928  -40.06910706]]
3
[[-11.25507164   3.12976265 -21.5507412  -62.91690445]]
1
[[ -93.02624512  -94.03085327 -111.52088928  -40.06910706]]
3
[[-11.25507164   3.12976265 -21.5507412  -62.91690445]]
1
[[ -93.02624512  -94.03085327 -111.52088928  -40.06910706]]
3
[[-11.25507164   3.12976265 -21.5507412  -62.91690445]]
1
[[ -93.02624512  -94.03085327 -111.52088928  -40.06910706]]
3
[[-11.25507164   3.12976265 -21.5507412  -62.91690445]]
1
[[ -93.02624512  -94.03085327 -111.52088928  -40.06910706]]
3
[[-11.25507164   3.12976265 -21.5507412  -62.91690445]]
1
[[ -93.02624512  -94.03085327 -111.52088928  -40.06910706]]
3
[[-11.25507164   3.12976265 -21.5507412  -62.91690445]]
1
[[ -93.02624512  -94.03085327 -111.52088928  -40.06910706]]
3
[[-11.25507164   3.12976265 -21.5507412  -62.91690445]]
1
[[ -93.02624512  -94.03085327 -111.52088928  -40.06910706]]
3
[[-11.25507164   3.12976265 -21.5507412  -62.91690445]]
1
[[ -93.02624512  -94.03085327 -111.52088928  -40.06910706]]
3
[[-11.25507164   3.12976265 -21.5507412  -62.91690445]]
1
[[ -93.02624512  -94.03085327 -111.52088928  -40.06910706]]
3
[[-11.25507164   3.12976265 -21.5507412  -62.91690445]]
1
[[ -93.02624512  -94.03085327 -111.52088928  -40.06910706]]
3
[[-11.25507164   3.12976265 -21.5507412  -62.91690445]]
1
[[ -93.02624512  -94.03085327 -111.52088928  -40.06910706]]
3
[[-11.25507164   3.12976265 -21.5507412  -62.91690445]]
1
[[ -93.02624512  -94.03085327 -111.52088928  -40.06910706]]
3
[[-11.25507164   3.12976265 -21.5507412  -62.91690445]]
1
[[ -93.02624512  -94.03085327 -111.52088928  -40.06910706]]
3
[[-11.25507164   3.12976265 -21.5507412  -62.91690445]]
1
[[ -93.02624512  -94.03085327 -111.52088928  -40.06910706]]
3
[[-11.25507164   3.12976265 -21.5507412  -62.91690445]]
1
[[ -93.02624512  -94.03085327 -111.52088928  -40.06910706]]
3
[[-11.25507164   3.12976265 -21.5507412  -62.91690445]]
1
[[ -93.02624512  -94.03085327 -111.52088928  -40.06910706]]
3
[[-11.25507164   3.12976265 -21.5507412  -62.91690445]]
1
[[ -93.02624512  -94.03085327 -111.52088928  -40.06910706]]
3
[[-11.25507164   3.12976265 -21.5507412  -62.91690445]]
1
[[ -93.02624512  -94.03085327 -111.52088928  -40.06910706]]
3
[[-11.25507164   3.12976265 -21.5507412  -62.91690445]]
1
[[ -93.02624512  -94.03085327 -111.52088928  -40.06910706]]
3
[[-11.25507164   3.12976265 -21.5507412  -62.91690445]]
1
[[ -93.02624512  -94.03085327 -111.52088928  -40.06910706]]
3
[[-11.25507164   3.12976265 -21.5507412  -62.91690445]]
1
[[ -93.02624512  -94.03085327 -111.52088928  -40.06910706]]
3
[[-11.25507164   3.12976265 -21.5507412  -62.91690445]]
1
[[ -93.02624512  -94.03085327 -111.52088928  -40.06910706]]
3
[[-11.25507164   3.12976265 -21.5507412  -62.91690445]]
1
[[ -93.02624512  -94.03085327 -111.52088928  -40.06910706]]
3
[[-11.25507164   3.12976265 -21.5507412  -62.91690445]]
1
[[ -93.02624512  -94.03085327 -111.52088928  -40.06910706]]
3
[[-11.25507164   3.12976265 -21.5507412  -62.91690445]]
1
[[ -93.02624512  -94.03085327 -111.52088928  -40.06910706]]
3
[[-11.25507164   3.12976265 -21.5507412  -62.91690445]]
1
[[ -93.02624512  -94.03085327 -111.52088928  -40.06910706]]
3
[[-11.25507164   3.12976265 -21.5507412  -62.91690445]]
1
[[ -93.02624512  -94.03085327 -111.52088928  -40.06910706]]
3
[[-11.25507164   3.12976265 -21.5507412  -62.91690445]]
1
[[ -93.02624512  -94.03085327 -111.52088928  -40.06910706]]
3
[[-11.25507164   3.12976265 -21.5507412  -62.91690445]]
1
[[ -93.02624512  -94.03085327 -111.52088928  -40.06910706]]
3
[[-11.25507164   3.12976265 -21.5507412  -62.91690445]]
1
[[ -93.02624512  -94.03085327 -111.52088928  -40.06910706]]
3
[[-11.25507164   3.12976265 -21.5507412  -62.91690445]]
1
[[ -93.02624512  -94.03085327 -111.52088928  -40.06910706]]
3
[[-11.25507164   3.12976265 -21.5507412  -62.91690445]]
1
[[ -93.02624512  -94.03085327 -111.52088928  -40.06910706]]
3
[[-11.25507164   3.12976265 -21.5507412  -62.91690445]]
1
[[ -93.02624512  -94.03085327 -111.52088928  -40.06910706]]
3
[[-11.25507164   3.12976265 -21.5507412  -62.91690445]]
1
[[ -93.02624512  -94.03085327 -111.52088928  -40.06910706]]
3
[[-11.25507164   3.12976265 -21.5507412  -62.91690445]]
1
[[ -93.02624512  -94.03085327 -111.52088928  -40.06910706]]
3
[[-11.25507164   3.12976265 -21.5507412  -62.91690445]]
1
[[ -93.02624512  -94.03085327 -111.52088928  -40.06910706]]
3
[[-11.25507164   3.12976265 -21.5507412  -62.91690445]]
1
FAIL
2/31
