[[-37.22911453 -10.83030701 -38.39360046 -72.31004333]]
1
[[-40.26245499 -17.12123871 -37.82312012 -64.96882629]]
1
[[-25.37171745 -33.37494659 -34.73943329 -59.94241333]]
0
[[-60.06658554  -3.76613617 -29.69795418 -93.06207275]]
1
[[-17.21809959 -25.46504784 -50.36248779 -65.0362854 ]]
0
[[-11.05565071 -29.05667877 -15.58338356 -86.26409149]]
0
[[-44.46035385   5.78777313   8.38047028 -68.81558228]]
2
[[-11.05565071 -29.05667877 -15.58338356 -86.26409149]]
0
[[-44.46035385   5.78777313   8.38047028 -68.81558228]]
2
[[-11.05565071 -29.05667877 -15.58338356 -86.26409149]]
0
[[-44.46035385   5.78777313   8.38047028 -68.81558228]]
2
[[-11.05565071 -29.05667877 -15.58338356 -86.26409149]]
0
[[-44.46035385   5.78777313   8.38047028 -68.81558228]]
2
[[-11.05565071 -29.05667877 -15.58338356 -86.26409149]]
0
[[-44.46035385   5.78777313   8.38047028 -68.81558228]]
2
[[-11.05565071 -29.05667877 -15.58338356 -86.26409149]]
0
[[-44.46035385   5.78777313   8.38047028 -68.81558228]]
2
[[-11.05565071 -29.05667877 -15.58338356 -86.26409149]]
0
[[-44.46035385   5.78777313   8.38047028 -68.81558228]]
2
[[-11.05565071 -29.05667877 -15.58338356 -86.26409149]]
0
[[-44.46035385   5.78777313   8.38047028 -68.81558228]]
2
[[-11.05565071 -29.05667877 -15.58338356 -86.26409149]]
0
[[-44.46035385   5.78777313   8.38047028 -68.81558228]]
2
[[-11.05565071 -29.05667877 -15.58338356 -86.26409149]]
0
[[-44.46035385   5.78777313   8.38047028 -68.81558228]]
2
[[-11.05565071 -29.05667877 -15.58338356 -86.26409149]]
0
[[-44.46035385   5.78777313   8.38047028 -68.81558228]]
2
[[-11.05565071 -29.05667877 -15.58338356 -86.26409149]]
0
[[-44.46035385   5.78777313   8.38047028 -68.81558228]]
2
[[-11.05565071 -29.05667877 -15.58338356 -86.26409149]]
0
[[-44.46035385   5.78777313   8.38047028 -68.81558228]]
2
[[-11.05565071 -29.05667877 -15.58338356 -86.26409149]]
0
[[-44.46035385   5.78777313   8.38047028 -68.81558228]]
2
[[-11.05565071 -29.05667877 -15.58338356 -86.26409149]]
0
[[-44.46035385   5.78777313   8.38047028 -68.81558228]]
2
[[-11.05565071 -29.05667877 -15.58338356 -86.26409149]]
0
[[-44.46035385   5.78777313   8.38047028 -68.81558228]]
2
[[-11.05565071 -29.05667877 -15.58338356 -86.26409149]]
0
[[-44.46035385   5.78777313   8.38047028 -68.81558228]]
2
[[-11.05565071 -29.05667877 -15.58338356 -86.26409149]]
0
[[-44.46035385   5.78777313   8.38047028 -68.81558228]]
2
[[-11.05565071 -29.05667877 -15.58338356 -86.26409149]]
0
[[-44.46035385   5.78777313   8.38047028 -68.81558228]]
2
[[-11.05565071 -29.05667877 -15.58338356 -86.26409149]]
0
[[-44.46035385   5.78777313   8.38047028 -68.81558228]]
2
[[-11.05565071 -29.05667877 -15.58338356 -86.26409149]]
0
[[-44.46035385   5.78777313   8.38047028 -68.81558228]]
2
[[-11.05565071 -29.05667877 -15.58338356 -86.26409149]]
0
[[-44.46035385   5.78777313   8.38047028 -68.81558228]]
2
[[-11.05565071 -29.05667877 -15.58338356 -86.26409149]]
0
[[-44.46035385   5.78777313   8.38047028 -68.81558228]]
2
[[-11.05565071 -29.05667877 -15.58338356 -86.26409149]]
0
[[-44.46035385   5.78777313   8.38047028 -68.81558228]]
2
[[-11.05565071 -29.05667877 -15.58338356 -86.26409149]]
0
[[-44.46035385   5.78777313   8.38047028 -68.81558228]]
2
[[-11.05565071 -29.05667877 -15.58338356 -86.26409149]]
0
[[-44.46035385   5.78777313   8.38047028 -68.81558228]]
2
[[-11.05565071 -29.05667877 -15.58338356 -86.26409149]]
0
[[-44.46035385   5.78777313   8.38047028 -68.81558228]]
2
[[-11.05565071 -29.05667877 -15.58338356 -86.26409149]]
0
[[-44.46035385   5.78777313   8.38047028 -68.81558228]]
2
[[-11.05565071 -29.05667877 -15.58338356 -86.26409149]]
0
[[-44.46035385   5.78777313   8.38047028 -68.81558228]]
2
[[-11.05565071 -29.05667877 -15.58338356 -86.26409149]]
0
[[-44.46035385   5.78777313   8.38047028 -68.81558228]]
2
[[-11.05565071 -29.05667877 -15.58338356 -86.26409149]]
0
[[-44.46035385   5.78777313   8.38047028 -68.81558228]]
2
[[-11.05565071 -29.05667877 -15.58338356 -86.26409149]]
0
[[-44.46035385   5.78777313   8.38047028 -68.81558228]]
2
[[-11.05565071 -29.05667877 -15.58338356 -86.26409149]]
0
[[-44.46035385   5.78777313   8.38047028 -68.81558228]]
2
[[-11.05565071 -29.05667877 -15.58338356 -86.26409149]]
0
[[-44.46035385   5.78777313   8.38047028 -68.81558228]]
2
[[-11.05565071 -29.05667877 -15.58338356 -86.26409149]]
0
[[-44.46035385   5.78777313   8.38047028 -68.81558228]]
2
[[-11.05565071 -29.05667877 -15.58338356 -86.26409149]]
0
[[-44.46035385   5.78777313   8.38047028 -68.81558228]]
2
[[-11.05565071 -29.05667877 -15.58338356 -86.26409149]]
0
[[-44.46035385   5.78777313   8.38047028 -68.81558228]]
2
[[-11.05565071 -29.05667877 -15.58338356 -86.26409149]]
0
[[-44.46035385   5.78777313   8.38047028 -68.81558228]]
2
[[-11.05565071 -29.05667877 -15.58338356 -86.26409149]]
0
[[-44.46035385   5.78777313   8.38047028 -68.81558228]]
2
[[-11.05565071 -29.05667877 -15.58338356 -86.26409149]]
0
[[-44.46035385   5.78777313   8.38047028 -68.81558228]]
2
[[-11.05565071 -29.05667877 -15.58338356 -86.26409149]]
0
[[-44.46035385   5.78777313   8.38047028 -68.81558228]]
2
[[-11.05565071 -29.05667877 -15.58338356 -86.26409149]]
0
[[-44.46035385   5.78777313   8.38047028 -68.81558228]]
2
[[-11.05565071 -29.05667877 -15.58338356 -86.26409149]]
0
[[-44.46035385   5.78777313   8.38047028 -68.81558228]]
2
[[-11.05565071 -29.05667877 -15.58338356 -86.26409149]]
0
[[-44.46035385   5.78777313   8.38047028 -68.81558228]]
2
[[-11.05565071 -29.05667877 -15.58338356 -86.26409149]]
0
[[-44.46035385   5.78777313   8.38047028 -68.81558228]]
2
[[-11.05565071 -29.05667877 -15.58338356 -86.26409149]]
0
[[-44.46035385   5.78777313   8.38047028 -68.81558228]]
2
[[-11.05565071 -29.05667877 -15.58338356 -86.26409149]]
0
[[-44.46035385   5.78777313   8.38047028 -68.81558228]]
2
[[-11.05565071 -29.05667877 -15.58338356 -86.26409149]]
0
[[-44.46035385   5.78777313   8.38047028 -68.81558228]]
2
FAIL
6/22
