[[-23.1773262  -30.13194847 -10.75708771 -81.93010712]]
2
[[-41.06760406 -59.08314896 -58.45373535 -24.89212227]]
3
[[-101.96775055   32.32015228   24.30670738  -34.31707382]]
1
[[-41.06760406 -59.08314896 -58.45373535 -24.89212227]]
3
[[-101.96775055   32.32015228   24.30670738  -34.31707382]]
1
[[-41.06760406 -59.08314896 -58.45373535 -24.89212227]]
3
[[-101.96775055   32.32015228   24.30670738  -34.31707382]]
1
[[-41.06760406 -59.08314896 -58.45373535 -24.89212227]]
3
[[-101.96775055   32.32015228   24.30670738  -34.31707382]]
1
[[-41.06760406 -59.08314896 -58.45373535 -24.89212227]]
3
[[-101.96775055   32.32015228   24.30670738  -34.31707382]]
1
[[-41.06760406 -59.08314896 -58.45373535 -24.89212227]]
3
[[-101.96775055   32.32015228   24.30670738  -34.31707382]]
1
[[-41.06760406 -59.08314896 -58.45373535 -24.89212227]]
3
[[-101.96775055   32.32015228   24.30670738  -34.31707382]]
1
[[-41.06760406 -59.08314896 -58.45373535 -24.89212227]]
3
[[-101.96775055   32.32015228   24.30670738  -34.31707382]]
1
[[-41.06760406 -59.08314896 -58.45373535 -24.89212227]]
3
[[-101.96775055   32.32015228   24.30670738  -34.31707382]]
1
[[-41.06760406 -59.08314896 -58.45373535 -24.89212227]]
3
[[-101.96775055   32.32015228   24.30670738  -34.31707382]]
1
[[-41.06760406 -59.08314896 -58.45373535 -24.89212227]]
3
[[-101.96775055   32.32015228   24.30670738  -34.31707382]]
1
[[-41.06760406 -59.08314896 -58.45373535 -24.89212227]]
3
[[-101.96775055   32.32015228   24.30670738  -34.31707382]]
1
[[-41.06760406 -59.08314896 -58.45373535 -24.89212227]]
3
[[-101.96775055   32.32015228   24.30670738  -34.31707382]]
1
[[-41.06760406 -59.08314896 -58.45373535 -24.89212227]]
3
[[-101.96775055   32.32015228   24.30670738  -34.31707382]]
1
[[-41.06760406 -59.08314896 -58.45373535 -24.89212227]]
3
[[-101.96775055   32.32015228   24.30670738  -34.31707382]]
1
[[-41.06760406 -59.08314896 -58.45373535 -24.89212227]]
3
[[-101.96775055   32.32015228   24.30670738  -34.31707382]]
1
[[-41.06760406 -59.08314896 -58.45373535 -24.89212227]]
3
[[-101.96775055   32.32015228   24.30670738  -34.31707382]]
1
[[-41.06760406 -59.08314896 -58.45373535 -24.89212227]]
3
[[-101.96775055   32.32015228   24.30670738  -34.31707382]]
1
[[-41.06760406 -59.08314896 -58.45373535 -24.89212227]]
3
[[-101.96775055   32.32015228   24.30670738  -34.31707382]]
1
[[-41.06760406 -59.08314896 -58.45373535 -24.89212227]]
3
[[-101.96775055   32.32015228   24.30670738  -34.31707382]]
1
[[-41.06760406 -59.08314896 -58.45373535 -24.89212227]]
3
[[-101.96775055   32.32015228   24.30670738  -34.31707382]]
1
[[-41.06760406 -59.08314896 -58.45373535 -24.89212227]]
3
[[-101.96775055   32.32015228   24.30670738  -34.31707382]]
1
[[-41.06760406 -59.08314896 -58.45373535 -24.89212227]]
3
[[-101.96775055   32.32015228   24.30670738  -34.31707382]]
1
[[-41.06760406 -59.08314896 -58.45373535 -24.89212227]]
3
[[-101.96775055   32.32015228   24.30670738  -34.31707382]]
1
[[-41.06760406 -59.08314896 -58.45373535 -24.89212227]]
3
[[-101.96775055   32.32015228   24.30670738  -34.31707382]]
1
[[-41.06760406 -59.08314896 -58.45373535 -24.89212227]]
3
[[-101.96775055   32.32015228   24.30670738  -34.31707382]]
1
[[-41.06760406 -59.08314896 -58.45373535 -24.89212227]]
3
[[-101.96775055   32.32015228   24.30670738  -34.31707382]]
1
[[-41.06760406 -59.08314896 -58.45373535 -24.89212227]]
3
[[-101.96775055   32.32015228   24.30670738  -34.31707382]]
1
[[-41.06760406 -59.08314896 -58.45373535 -24.89212227]]
3
[[-101.96775055   32.32015228   24.30670738  -34.31707382]]
1
[[-41.06760406 -59.08314896 -58.45373535 -24.89212227]]
3
[[-101.96775055   32.32015228   24.30670738  -34.31707382]]
1
[[-41.06760406 -59.08314896 -58.45373535 -24.89212227]]
3
[[-101.96775055   32.32015228   24.30670738  -34.31707382]]
1
[[-41.06760406 -59.08314896 -58.45373535 -24.89212227]]
3
[[-101.96775055   32.32015228   24.30670738  -34.31707382]]
1
[[-41.06760406 -59.08314896 -58.45373535 -24.89212227]]
3
[[-101.96775055   32.32015228   24.30670738  -34.31707382]]
1
[[-41.06760406 -59.08314896 -58.45373535 -24.89212227]]
3
[[-101.96775055   32.32015228   24.30670738  -34.31707382]]
1
[[-41.06760406 -59.08314896 -58.45373535 -24.89212227]]
3
[[-101.96775055   32.32015228   24.30670738  -34.31707382]]
1
[[-41.06760406 -59.08314896 -58.45373535 -24.89212227]]
3
[[-101.96775055   32.32015228   24.30670738  -34.31707382]]
1
[[-41.06760406 -59.08314896 -58.45373535 -24.89212227]]
3
[[-101.96775055   32.32015228   24.30670738  -34.31707382]]
1
[[-41.06760406 -59.08314896 -58.45373535 -24.89212227]]
3
[[-101.96775055   32.32015228   24.30670738  -34.31707382]]
1
[[-41.06760406 -59.08314896 -58.45373535 -24.89212227]]
3
[[-101.96775055   32.32015228   24.30670738  -34.31707382]]
1
[[-41.06760406 -59.08314896 -58.45373535 -24.89212227]]
3
[[-101.96775055   32.32015228   24.30670738  -34.31707382]]
1
[[-41.06760406 -59.08314896 -58.45373535 -24.89212227]]
3
[[-101.96775055   32.32015228   24.30670738  -34.31707382]]
1
[[-41.06760406 -59.08314896 -58.45373535 -24.89212227]]
3
[[-101.96775055   32.32015228   24.30670738  -34.31707382]]
1
[[-41.06760406 -59.08314896 -58.45373535 -24.89212227]]
3
[[-101.96775055   32.32015228   24.30670738  -34.31707382]]
1
[[-41.06760406 -59.08314896 -58.45373535 -24.89212227]]
3
[[-101.96775055   32.32015228   24.30670738  -34.31707382]]
1
[[-41.06760406 -59.08314896 -58.45373535 -24.89212227]]
3
[[-101.96775055   32.32015228   24.30670738  -34.31707382]]
1
[[-41.06760406 -59.08314896 -58.45373535 -24.89212227]]
3
[[-101.96775055   32.32015228   24.30670738  -34.31707382]]
1
[[-41.06760406 -59.08314896 -58.45373535 -24.89212227]]
3
[[-101.96775055   32.32015228   24.30670738  -34.31707382]]
1
[[-41.06760406 -59.08314896 -58.45373535 -24.89212227]]
3
[[-101.96775055   32.32015228   24.30670738  -34.31707382]]
1
[[-41.06760406 -59.08314896 -58.45373535 -24.89212227]]
3
[[-101.96775055   32.32015228   24.30670738  -34.31707382]]
1
[[-41.06760406 -59.08314896 -58.45373535 -24.89212227]]
3
[[-101.96775055   32.32015228   24.30670738  -34.31707382]]
1
FAIL
2/4
