[[-25.46100426 -24.00502396 -38.68142319 -71.08369446]]
1
[[-34.97718048 -17.38175964 -43.45191956 -57.05789185]]
1
[[-32.8696022  -17.23127747 -37.21233368 -62.08934784]]
1
[[-17.46647263 -30.95814133 -49.48378372 -57.21748352]]
0
[[-110.10044861  -72.6205368     3.14399719 -127.3735733 ]]
2
[[-17.46647263 -30.95814133 -49.48378372 -57.21748352]]
0
[[-110.10044861  -72.6205368     3.14399719 -127.3735733 ]]
2
[[-17.46647263 -30.95814133 -49.48378372 -57.21748352]]
0
[[-110.10044861  -72.6205368     3.14399719 -127.3735733 ]]
2
[[-17.46647263 -30.95814133 -49.48378372 -57.21748352]]
0
[[-110.10044861  -72.6205368     3.14399719 -127.3735733 ]]
2
[[-17.46647263 -30.95814133 -49.48378372 -57.21748352]]
0
[[-110.10044861  -72.6205368     3.14399719 -127.3735733 ]]
2
[[-17.46647263 -30.95814133 -49.48378372 -57.21748352]]
0
[[-110.10044861  -72.6205368     3.14399719 -127.3735733 ]]
2
[[-17.46647263 -30.95814133 -49.48378372 -57.21748352]]
0
[[-110.10044861  -72.6205368     3.14399719 -127.3735733 ]]
2
[[-17.46647263 -30.95814133 -49.48378372 -57.21748352]]
0
[[-110.10044861  -72.6205368     3.14399719 -127.3735733 ]]
2
[[-17.46647263 -30.95814133 -49.48378372 -57.21748352]]
0
[[-110.10044861  -72.6205368     3.14399719 -127.3735733 ]]
2
[[-17.46647263 -30.95814133 -49.48378372 -57.21748352]]
0
[[-110.10044861  -72.6205368     3.14399719 -127.3735733 ]]
2
[[-17.46647263 -30.95814133 -49.48378372 -57.21748352]]
0
[[-110.10044861  -72.6205368     3.14399719 -127.3735733 ]]
2
[[-17.46647263 -30.95814133 -49.48378372 -57.21748352]]
0
[[-110.10044861  -72.6205368     3.14399719 -127.3735733 ]]
2
[[-17.46647263 -30.95814133 -49.48378372 -57.21748352]]
0
[[-110.10044861  -72.6205368     3.14399719 -127.3735733 ]]
2
[[-17.46647263 -30.95814133 -49.48378372 -57.21748352]]
0
[[-110.10044861  -72.6205368     3.14399719 -127.3735733 ]]
2
[[-17.46647263 -30.95814133 -49.48378372 -57.21748352]]
0
[[-110.10044861  -72.6205368     3.14399719 -127.3735733 ]]
2
[[-17.46647263 -30.95814133 -49.48378372 -57.21748352]]
0
[[-110.10044861  -72.6205368     3.14399719 -127.3735733 ]]
2
[[-17.46647263 -30.95814133 -49.48378372 -57.21748352]]
0
[[-110.10044861  -72.6205368     3.14399719 -127.3735733 ]]
2
[[-17.46647263 -30.95814133 -49.48378372 -57.21748352]]
0
[[-110.10044861  -72.6205368     3.14399719 -127.3735733 ]]
2
[[-17.46647263 -30.95814133 -49.48378372 -57.21748352]]
0
[[-110.10044861  -72.6205368     3.14399719 -127.3735733 ]]
2
[[-17.46647263 -30.95814133 -49.48378372 -57.21748352]]
0
[[-110.10044861  -72.6205368     3.14399719 -127.3735733 ]]
2
[[-17.46647263 -30.95814133 -49.48378372 -57.21748352]]
0
[[-110.10044861  -72.6205368     3.14399719 -127.3735733 ]]
2
[[-17.46647263 -30.95814133 -49.48378372 -57.21748352]]
0
[[-110.10044861  -72.6205368     3.14399719 -127.3735733 ]]
2
[[-17.46647263 -30.95814133 -49.48378372 -57.21748352]]
0
[[-110.10044861  -72.6205368     3.14399719 -127.3735733 ]]
2
[[-17.46647263 -30.95814133 -49.48378372 -57.21748352]]
0
[[-110.10044861  -72.6205368     3.14399719 -127.3735733 ]]
2
[[-17.46647263 -30.95814133 -49.48378372 -57.21748352]]
0
[[-110.10044861  -72.6205368     3.14399719 -127.3735733 ]]
2
[[-17.46647263 -30.95814133 -49.48378372 -57.21748352]]
0
[[-110.10044861  -72.6205368     3.14399719 -127.3735733 ]]
2
[[-17.46647263 -30.95814133 -49.48378372 -57.21748352]]
0
[[-110.10044861  -72.6205368     3.14399719 -127.3735733 ]]
2
[[-17.46647263 -30.95814133 -49.48378372 -57.21748352]]
0
[[-110.10044861  -72.6205368     3.14399719 -127.3735733 ]]
2
[[-17.46647263 -30.95814133 -49.48378372 -57.21748352]]
0
[[-110.10044861  -72.6205368     3.14399719 -127.3735733 ]]
2
[[-17.46647263 -30.95814133 -49.48378372 -57.21748352]]
0
[[-110.10044861  -72.6205368     3.14399719 -127.3735733 ]]
2
[[-17.46647263 -30.95814133 -49.48378372 -57.21748352]]
0
[[-110.10044861  -72.6205368     3.14399719 -127.3735733 ]]
2
[[-17.46647263 -30.95814133 -49.48378372 -57.21748352]]
0
[[-110.10044861  -72.6205368     3.14399719 -127.3735733 ]]
2
[[-17.46647263 -30.95814133 -49.48378372 -57.21748352]]
0
[[-110.10044861  -72.6205368     3.14399719 -127.3735733 ]]
2
[[-17.46647263 -30.95814133 -49.48378372 -57.21748352]]
0
[[-110.10044861  -72.6205368     3.14399719 -127.3735733 ]]
2
[[-17.46647263 -30.95814133 -49.48378372 -57.21748352]]
0
[[-110.10044861  -72.6205368     3.14399719 -127.3735733 ]]
2
[[-17.46647263 -30.95814133 -49.48378372 -57.21748352]]
0
[[-110.10044861  -72.6205368     3.14399719 -127.3735733 ]]
2
[[-17.46647263 -30.95814133 -49.48378372 -57.21748352]]
0
[[-110.10044861  -72.6205368     3.14399719 -127.3735733 ]]
2
[[-17.46647263 -30.95814133 -49.48378372 -57.21748352]]
0
[[-110.10044861  -72.6205368     3.14399719 -127.3735733 ]]
2
[[-17.46647263 -30.95814133 -49.48378372 -57.21748352]]
0
[[-110.10044861  -72.6205368     3.14399719 -127.3735733 ]]
2
[[-17.46647263 -30.95814133 -49.48378372 -57.21748352]]
0
[[-110.10044861  -72.6205368     3.14399719 -127.3735733 ]]
2
[[-17.46647263 -30.95814133 -49.48378372 -57.21748352]]
0
[[-110.10044861  -72.6205368     3.14399719 -127.3735733 ]]
2
[[-17.46647263 -30.95814133 -49.48378372 -57.21748352]]
0
[[-110.10044861  -72.6205368     3.14399719 -127.3735733 ]]
2
[[-17.46647263 -30.95814133 -49.48378372 -57.21748352]]
0
[[-110.10044861  -72.6205368     3.14399719 -127.3735733 ]]
2
[[-17.46647263 -30.95814133 -49.48378372 -57.21748352]]
0
[[-110.10044861  -72.6205368     3.14399719 -127.3735733 ]]
2
[[-17.46647263 -30.95814133 -49.48378372 -57.21748352]]
0
[[-110.10044861  -72.6205368     3.14399719 -127.3735733 ]]
2
[[-17.46647263 -30.95814133 -49.48378372 -57.21748352]]
0
[[-110.10044861  -72.6205368     3.14399719 -127.3735733 ]]
2
[[-17.46647263 -30.95814133 -49.48378372 -57.21748352]]
0
[[-110.10044861  -72.6205368     3.14399719 -127.3735733 ]]
2
[[-17.46647263 -30.95814133 -49.48378372 -57.21748352]]
0
[[-110.10044861  -72.6205368     3.14399719 -127.3735733 ]]
2
[[-17.46647263 -30.95814133 -49.48378372 -57.21748352]]
0
[[-110.10044861  -72.6205368     3.14399719 -127.3735733 ]]
2
FAIL
0/19
