[[-37.09971619 -13.41355515 -27.75878525 -69.06556702]]
1
[[-34.40471268 -14.72399521 -29.74982834 -64.21782684]]
1
[[-34.21976471 -26.4255619  -24.13689423 -66.50564575]]
2
[[ -46.17050934   -1.55354691  -23.23849869 -101.74408722]]
1
[[-90.2862854  -40.48426437   7.26398849 -74.93817139]]
2
[[ -18.60129929   18.34083939 -120.97445679 -125.84454346]]
1
[[-106.84202576   31.66391754   26.44863892  -33.09358215]]
1
[[-42.54179382 -64.57830048 -61.15754318 -22.59967041]]
3
[[-106.84202576   31.66391754   26.44863892  -33.09358215]]
1
[[-42.54179382 -64.57830048 -61.15754318 -22.59967041]]
3
[[-106.84202576   31.66391754   26.44863892  -33.09358215]]
1
[[-42.54179382 -64.57830048 -61.15754318 -22.59967041]]
3
[[-106.84202576   31.66391754   26.44863892  -33.09358215]]
1
[[-42.54179382 -64.57830048 -61.15754318 -22.59967041]]
3
[[-106.84202576   31.66391754   26.44863892  -33.09358215]]
1
[[-42.54179382 -64.57830048 -61.15754318 -22.59967041]]
3
[[-106.84202576   31.66391754   26.44863892  -33.09358215]]
1
[[-42.54179382 -64.57830048 -61.15754318 -22.59967041]]
3
[[-106.84202576   31.66391754   26.44863892  -33.09358215]]
1
[[-42.54179382 -64.57830048 -61.15754318 -22.59967041]]
3
[[-106.84202576   31.66391754   26.44863892  -33.09358215]]
1
[[-42.54179382 -64.57830048 -61.15754318 -22.59967041]]
3
[[-106.84202576   31.66391754   26.44863892  -33.09358215]]
1
[[-42.54179382 -64.57830048 -61.15754318 -22.59967041]]
3
[[-106.84202576   31.66391754   26.44863892  -33.09358215]]
1
[[-42.54179382 -64.57830048 -61.15754318 -22.59967041]]
3
[[-106.84202576   31.66391754   26.44863892  -33.09358215]]
1
[[-42.54179382 -64.57830048 -61.15754318 -22.59967041]]
3
[[-106.84202576   31.66391754   26.44863892  -33.09358215]]
1
[[-42.54179382 -64.57830048 -61.15754318 -22.59967041]]
3
[[-106.84202576   31.66391754   26.44863892  -33.09358215]]
1
[[-42.54179382 -64.57830048 -61.15754318 -22.59967041]]
3
[[-106.84202576   31.66391754   26.44863892  -33.09358215]]
1
[[-42.54179382 -64.57830048 -61.15754318 -22.59967041]]
3
[[-106.84202576   31.66391754   26.44863892  -33.09358215]]
1
[[-42.54179382 -64.57830048 -61.15754318 -22.59967041]]
3
[[-106.84202576   31.66391754   26.44863892  -33.09358215]]
1
[[-42.54179382 -64.57830048 -61.15754318 -22.59967041]]
3
[[-106.84202576   31.66391754   26.44863892  -33.09358215]]
1
[[-42.54179382 -64.57830048 -61.15754318 -22.59967041]]
3
[[-106.84202576   31.66391754   26.44863892  -33.09358215]]
1
[[-42.54179382 -64.57830048 -61.15754318 -22.59967041]]
3
[[-106.84202576   31.66391754   26.44863892  -33.09358215]]
1
[[-42.54179382 -64.57830048 -61.15754318 -22.59967041]]
3
[[-106.84202576   31.66391754   26.44863892  -33.09358215]]
1
[[-42.54179382 -64.57830048 -61.15754318 -22.59967041]]
3
[[-106.84202576   31.66391754   26.44863892  -33.09358215]]
1
[[-42.54179382 -64.57830048 -61.15754318 -22.59967041]]
3
[[-106.84202576   31.66391754   26.44863892  -33.09358215]]
1
[[-42.54179382 -64.57830048 -61.15754318 -22.59967041]]
3
[[-106.84202576   31.66391754   26.44863892  -33.09358215]]
1
[[-42.54179382 -64.57830048 -61.15754318 -22.59967041]]
3
[[-106.84202576   31.66391754   26.44863892  -33.09358215]]
1
[[-42.54179382 -64.57830048 -61.15754318 -22.59967041]]
3
[[-106.84202576   31.66391754   26.44863892  -33.09358215]]
1
[[-42.54179382 -64.57830048 -61.15754318 -22.59967041]]
3
[[-106.84202576   31.66391754   26.44863892  -33.09358215]]
1
[[-42.54179382 -64.57830048 -61.15754318 -22.59967041]]
3
[[-106.84202576   31.66391754   26.44863892  -33.09358215]]
1
[[-42.54179382 -64.57830048 -61.15754318 -22.59967041]]
3
[[-106.84202576   31.66391754   26.44863892  -33.09358215]]
1
[[-42.54179382 -64.57830048 -61.15754318 -22.59967041]]
3
[[-106.84202576   31.66391754   26.44863892  -33.09358215]]
1
[[-42.54179382 -64.57830048 -61.15754318 -22.59967041]]
3
[[-106.84202576   31.66391754   26.44863892  -33.09358215]]
1
[[-42.54179382 -64.57830048 -61.15754318 -22.59967041]]
3
[[-106.84202576   31.66391754   26.44863892  -33.09358215]]
1
[[-42.54179382 -64.57830048 -61.15754318 -22.59967041]]
3
[[-106.84202576   31.66391754   26.44863892  -33.09358215]]
1
[[-42.54179382 -64.57830048 -61.15754318 -22.59967041]]
3
[[-106.84202576   31.66391754   26.44863892  -33.09358215]]
1
[[-42.54179382 -64.57830048 -61.15754318 -22.59967041]]
3
[[-106.84202576   31.66391754   26.44863892  -33.09358215]]
1
[[-42.54179382 -64.57830048 -61.15754318 -22.59967041]]
3
[[-106.84202576   31.66391754   26.44863892  -33.09358215]]
1
[[-42.54179382 -64.57830048 -61.15754318 -22.59967041]]
3
[[-106.84202576   31.66391754   26.44863892  -33.09358215]]
1
[[-42.54179382 -64.57830048 -61.15754318 -22.59967041]]
3
[[-106.84202576   31.66391754   26.44863892  -33.09358215]]
1
[[-42.54179382 -64.57830048 -61.15754318 -22.59967041]]
3
[[-106.84202576   31.66391754   26.44863892  -33.09358215]]
1
[[-42.54179382 -64.57830048 -61.15754318 -22.59967041]]
3
[[-106.84202576   31.66391754   26.44863892  -33.09358215]]
1
[[-42.54179382 -64.57830048 -61.15754318 -22.59967041]]
3
[[-106.84202576   31.66391754   26.44863892  -33.09358215]]
1
[[-42.54179382 -64.57830048 -61.15754318 -22.59967041]]
3
[[-106.84202576   31.66391754   26.44863892  -33.09358215]]
1
[[-42.54179382 -64.57830048 -61.15754318 -22.59967041]]
3
[[-106.84202576   31.66391754   26.44863892  -33.09358215]]
1
[[-42.54179382 -64.57830048 -61.15754318 -22.59967041]]
3
[[-106.84202576   31.66391754   26.44863892  -33.09358215]]
1
[[-42.54179382 -64.57830048 -61.15754318 -22.59967041]]
3
[[-106.84202576   31.66391754   26.44863892  -33.09358215]]
1
[[-42.54179382 -64.57830048 -61.15754318 -22.59967041]]
3
[[-106.84202576   31.66391754   26.44863892  -33.09358215]]
1
[[-42.54179382 -64.57830048 -61.15754318 -22.59967041]]
3
[[-106.84202576   31.66391754   26.44863892  -33.09358215]]
1
[[-42.54179382 -64.57830048 -61.15754318 -22.59967041]]
3
[[-106.84202576   31.66391754   26.44863892  -33.09358215]]
1
[[-42.54179382 -64.57830048 -61.15754318 -22.59967041]]
3
[[-106.84202576   31.66391754   26.44863892  -33.09358215]]
1
FAIL
6/8
