[[-24.08510399 -32.96916199 -11.65678024 -83.94538879]]
2
[[-42.54179382 -64.57830048 -61.15754318 -22.59967041]]
3
[[-106.84202576   31.66391754   26.44863892  -33.09358215]]
1
[[-42.54179382 -64.57830048 -61.15754318 -22.59967041]]
3
[[-106.84202576   31.66391754   26.44863892  -33.09358215]]
1
[[-42.54179382 -64.57830048 -61.15754318 -22.59967041]]
3
[[-106.84202576   31.66391754   26.44863892  -33.09358215]]
1
[[-42.54179382 -64.57830048 -61.15754318 -22.59967041]]
3
[[-106.84202576   31.66391754   26.44863892  -33.09358215]]
1
[[-42.54179382 -64.57830048 -61.15754318 -22.59967041]]
3
[[-106.84202576   31.66391754   26.44863892  -33.09358215]]
1
[[-42.54179382 -64.57830048 -61.15754318 -22.59967041]]
3
[[-106.84202576   31.66391754   26.44863892  -33.09358215]]
1
[[-42.54179382 -64.57830048 -61.15754318 -22.59967041]]
3
[[-106.84202576   31.66391754   26.44863892  -33.09358215]]
1
[[-42.54179382 -64.57830048 -61.15754318 -22.59967041]]
3
[[-106.84202576   31.66391754   26.44863892  -33.09358215]]
1
[[-42.54179382 -64.57830048 -61.15754318 -22.59967041]]
3
[[-106.84202576   31.66391754   26.44863892  -33.09358215]]
1
[[-42.54179382 -64.57830048 -61.15754318 -22.59967041]]
3
[[-106.84202576   31.66391754   26.44863892  -33.09358215]]
1
[[-42.54179382 -64.57830048 -61.15754318 -22.59967041]]
3
[[-106.84202576   31.66391754   26.44863892  -33.09358215]]
1
[[-42.54179382 -64.57830048 -61.15754318 -22.59967041]]
3
[[-106.84202576   31.66391754   26.44863892  -33.09358215]]
1
[[-42.54179382 -64.57830048 -61.15754318 -22.59967041]]
3
[[-106.84202576   31.66391754   26.44863892  -33.09358215]]
1
[[-42.54179382 -64.57830048 -61.15754318 -22.59967041]]
3
[[-106.84202576   31.66391754   26.44863892  -33.09358215]]
1
[[-42.54179382 -64.57830048 -61.15754318 -22.59967041]]
3
[[-106.84202576   31.66391754   26.44863892  -33.09358215]]
1
[[-42.54179382 -64.57830048 -61.15754318 -22.59967041]]
3
[[-106.84202576   31.66391754   26.44863892  -33.09358215]]
1
[[-42.54179382 -64.57830048 -61.15754318 -22.59967041]]
3
[[-106.84202576   31.66391754   26.44863892  -33.09358215]]
1
[[-42.54179382 -64.57830048 -61.15754318 -22.59967041]]
3
[[-106.84202576   31.66391754   26.44863892  -33.09358215]]
1
[[-42.54179382 -64.57830048 -61.15754318 -22.59967041]]
3
[[-106.84202576   31.66391754   26.44863892  -33.09358215]]
1
[[-42.54179382 -64.57830048 -61.15754318 -22.59967041]]
3
[[-106.84202576   31.66391754   26.44863892  -33.09358215]]
1
[[-42.54179382 -64.57830048 -61.15754318 -22.59967041]]
3
[[-106.84202576   31.66391754   26.44863892  -33.09358215]]
1
[[-42.54179382 -64.57830048 -61.15754318 -22.59967041]]
3
[[-106.84202576   31.66391754   26.44863892  -33.09358215]]
1
[[-42.54179382 -64.57830048 -61.15754318 -22.59967041]]
3
[[-106.84202576   31.66391754   26.44863892  -33.09358215]]
1
[[-42.54179382 -64.57830048 -61.15754318 -22.59967041]]
3
[[-106.84202576   31.66391754   26.44863892  -33.09358215]]
1
[[-42.54179382 -64.57830048 -61.15754318 -22.59967041]]
3
[[-106.84202576   31.66391754   26.44863892  -33.09358215]]
1
[[-42.54179382 -64.57830048 -61.15754318 -22.59967041]]
3
[[-106.84202576   31.66391754   26.44863892  -33.09358215]]
1
[[-42.54179382 -64.57830048 -61.15754318 -22.59967041]]
3
[[-106.84202576   31.66391754   26.44863892  -33.09358215]]
1
[[-42.54179382 -64.57830048 -61.15754318 -22.59967041]]
3
[[-106.84202576   31.66391754   26.44863892  -33.09358215]]
1
[[-42.54179382 -64.57830048 -61.15754318 -22.59967041]]
3
[[-106.84202576   31.66391754   26.44863892  -33.09358215]]
1
[[-42.54179382 -64.57830048 -61.15754318 -22.59967041]]
3
[[-106.84202576   31.66391754   26.44863892  -33.09358215]]
1
[[-42.54179382 -64.57830048 -61.15754318 -22.59967041]]
3
[[-106.84202576   31.66391754   26.44863892  -33.09358215]]
1
[[-42.54179382 -64.57830048 -61.15754318 -22.59967041]]
3
[[-106.84202576   31.66391754   26.44863892  -33.09358215]]
1
[[-42.54179382 -64.57830048 -61.15754318 -22.59967041]]
3
[[-106.84202576   31.66391754   26.44863892  -33.09358215]]
1
[[-42.54179382 -64.57830048 -61.15754318 -22.59967041]]
3
[[-106.84202576   31.66391754   26.44863892  -33.09358215]]
1
[[-42.54179382 -64.57830048 -61.15754318 -22.59967041]]
3
[[-106.84202576   31.66391754   26.44863892  -33.09358215]]
1
[[-42.54179382 -64.57830048 -61.15754318 -22.59967041]]
3
[[-106.84202576   31.66391754   26.44863892  -33.09358215]]
1
[[-42.54179382 -64.57830048 -61.15754318 -22.59967041]]
3
[[-106.84202576   31.66391754   26.44863892  -33.09358215]]
1
[[-42.54179382 -64.57830048 -61.15754318 -22.59967041]]
3
[[-106.84202576   31.66391754   26.44863892  -33.09358215]]
1
[[-42.54179382 -64.57830048 -61.15754318 -22.59967041]]
3
[[-106.84202576   31.66391754   26.44863892  -33.09358215]]
1
[[-42.54179382 -64.57830048 -61.15754318 -22.59967041]]
3
[[-106.84202576   31.66391754   26.44863892  -33.09358215]]
1
[[-42.54179382 -64.57830048 -61.15754318 -22.59967041]]
3
[[-106.84202576   31.66391754   26.44863892  -33.09358215]]
1
[[-42.54179382 -64.57830048 -61.15754318 -22.59967041]]
3
[[-106.84202576   31.66391754   26.44863892  -33.09358215]]
1
[[-42.54179382 -64.57830048 -61.15754318 -22.59967041]]
3
[[-106.84202576   31.66391754   26.44863892  -33.09358215]]
1
[[-42.54179382 -64.57830048 -61.15754318 -22.59967041]]
3
[[-106.84202576   31.66391754   26.44863892  -33.09358215]]
1
[[-42.54179382 -64.57830048 -61.15754318 -22.59967041]]
3
[[-106.84202576   31.66391754   26.44863892  -33.09358215]]
1
[[-42.54179382 -64.57830048 -61.15754318 -22.59967041]]
3
[[-106.84202576   31.66391754   26.44863892  -33.09358215]]
1
[[-42.54179382 -64.57830048 -61.15754318 -22.59967041]]
3
[[-106.84202576   31.66391754   26.44863892  -33.09358215]]
1
[[-42.54179382 -64.57830048 -61.15754318 -22.59967041]]
3
[[-106.84202576   31.66391754   26.44863892  -33.09358215]]
1
[[-42.54179382 -64.57830048 -61.15754318 -22.59967041]]
3
[[-106.84202576   31.66391754   26.44863892  -33.09358215]]
1
[[-42.54179382 -64.57830048 -61.15754318 -22.59967041]]
3
[[-106.84202576   31.66391754   26.44863892  -33.09358215]]
1
FAIL
2/4
