[[-39.03899384 -12.58142471 -41.53364563 -73.70597076]]
1
[[-42.09989166 -19.24031067 -40.92533493 -66.00786591]]
1
[[-26.19874763 -36.80448532 -37.70443726 -60.51306152]]
0
[[-62.71380234  -4.87042236 -32.02191925 -95.47622681]]
1
[[-17.15974617 -29.17634201 -54.46404648 -66.15314484]]
0
[[-10.81723976 -32.22006226 -17.06941795 -88.07111359]]
0
[[-46.62860489   4.91606712   7.59461975 -70.29122925]]
2
[[-10.81723976 -32.22006226 -17.06941795 -88.07111359]]
0
[[-46.62860489   4.91606712   7.59461975 -70.29122925]]
2
[[-10.81723976 -32.22006226 -17.06941795 -88.07111359]]
0
[[-46.62860489   4.91606712   7.59461975 -70.29122925]]
2
[[-10.81723976 -32.22006226 -17.06941795 -88.07111359]]
0
[[-46.62860489   4.91606712   7.59461975 -70.29122925]]
2
[[-10.81723976 -32.22006226 -17.06941795 -88.07111359]]
0
[[-46.62860489   4.91606712   7.59461975 -70.29122925]]
2
[[-10.81723976 -32.22006226 -17.06941795 -88.07111359]]
0
[[-46.62860489   4.91606712   7.59461975 -70.29122925]]
2
[[-10.81723976 -32.22006226 -17.06941795 -88.07111359]]
0
[[-46.62860489   4.91606712   7.59461975 -70.29122925]]
2
[[-10.81723976 -32.22006226 -17.06941795 -88.07111359]]
0
[[-46.62860489   4.91606712   7.59461975 -70.29122925]]
2
[[-10.81723976 -32.22006226 -17.06941795 -88.07111359]]
0
[[-46.62860489   4.91606712   7.59461975 -70.29122925]]
2
[[-10.81723976 -32.22006226 -17.06941795 -88.07111359]]
0
[[-46.62860489   4.91606712   7.59461975 -70.29122925]]
2
[[-10.81723976 -32.22006226 -17.06941795 -88.07111359]]
0
[[-46.62860489   4.91606712   7.59461975 -70.29122925]]
2
[[-10.81723976 -32.22006226 -17.06941795 -88.07111359]]
0
[[-46.62860489   4.91606712   7.59461975 -70.29122925]]
2
[[-10.81723976 -32.22006226 -17.06941795 -88.07111359]]
0
[[-46.62860489   4.91606712   7.59461975 -70.29122925]]
2
[[-10.81723976 -32.22006226 -17.06941795 -88.07111359]]
0
[[-46.62860489   4.91606712   7.59461975 -70.29122925]]
2
[[-10.81723976 -32.22006226 -17.06941795 -88.07111359]]
0
[[-46.62860489   4.91606712   7.59461975 -70.29122925]]
2
[[-10.81723976 -32.22006226 -17.06941795 -88.07111359]]
0
[[-46.62860489   4.91606712   7.59461975 -70.29122925]]
2
[[-10.81723976 -32.22006226 -17.06941795 -88.07111359]]
0
[[-46.62860489   4.91606712   7.59461975 -70.29122925]]
2
[[-10.81723976 -32.22006226 -17.06941795 -88.07111359]]
0
[[-46.62860489   4.91606712   7.59461975 -70.29122925]]
2
[[-10.81723976 -32.22006226 -17.06941795 -88.07111359]]
0
[[-46.62860489   4.91606712   7.59461975 -70.29122925]]
2
[[-10.81723976 -32.22006226 -17.06941795 -88.07111359]]
0
[[-46.62860489   4.91606712   7.59461975 -70.29122925]]
2
[[-10.81723976 -32.22006226 -17.06941795 -88.07111359]]
0
[[-46.62860489   4.91606712   7.59461975 -70.29122925]]
2
[[-10.81723976 -32.22006226 -17.06941795 -88.07111359]]
0
[[-46.62860489   4.91606712   7.59461975 -70.29122925]]
2
[[-10.81723976 -32.22006226 -17.06941795 -88.07111359]]
0
[[-46.62860489   4.91606712   7.59461975 -70.29122925]]
2
[[-10.81723976 -32.22006226 -17.06941795 -88.07111359]]
0
[[-46.62860489   4.91606712   7.59461975 -70.29122925]]
2
[[-10.81723976 -32.22006226 -17.06941795 -88.07111359]]
0
[[-46.62860489   4.91606712   7.59461975 -70.29122925]]
2
[[-10.81723976 -32.22006226 -17.06941795 -88.07111359]]
0
[[-46.62860489   4.91606712   7.59461975 -70.29122925]]
2
[[-10.81723976 -32.22006226 -17.06941795 -88.07111359]]
0
[[-46.62860489   4.91606712   7.59461975 -70.29122925]]
2
[[-10.81723976 -32.22006226 -17.06941795 -88.07111359]]
0
[[-46.62860489   4.91606712   7.59461975 -70.29122925]]
2
[[-10.81723976 -32.22006226 -17.06941795 -88.07111359]]
0
[[-46.62860489   4.91606712   7.59461975 -70.29122925]]
2
[[-10.81723976 -32.22006226 -17.06941795 -88.07111359]]
0
[[-46.62860489   4.91606712   7.59461975 -70.29122925]]
2
[[-10.81723976 -32.22006226 -17.06941795 -88.07111359]]
0
[[-46.62860489   4.91606712   7.59461975 -70.29122925]]
2
[[-10.81723976 -32.22006226 -17.06941795 -88.07111359]]
0
[[-46.62860489   4.91606712   7.59461975 -70.29122925]]
2
[[-10.81723976 -32.22006226 -17.06941795 -88.07111359]]
0
[[-46.62860489   4.91606712   7.59461975 -70.29122925]]
2
[[-10.81723976 -32.22006226 -17.06941795 -88.07111359]]
0
[[-46.62860489   4.91606712   7.59461975 -70.29122925]]
2
[[-10.81723976 -32.22006226 -17.06941795 -88.07111359]]
0
[[-46.62860489   4.91606712   7.59461975 -70.29122925]]
2
[[-10.81723976 -32.22006226 -17.06941795 -88.07111359]]
0
[[-46.62860489   4.91606712   7.59461975 -70.29122925]]
2
[[-10.81723976 -32.22006226 -17.06941795 -88.07111359]]
0
[[-46.62860489   4.91606712   7.59461975 -70.29122925]]
2
[[-10.81723976 -32.22006226 -17.06941795 -88.07111359]]
0
[[-46.62860489   4.91606712   7.59461975 -70.29122925]]
2
[[-10.81723976 -32.22006226 -17.06941795 -88.07111359]]
0
[[-46.62860489   4.91606712   7.59461975 -70.29122925]]
2
[[-10.81723976 -32.22006226 -17.06941795 -88.07111359]]
0
[[-46.62860489   4.91606712   7.59461975 -70.29122925]]
2
[[-10.81723976 -32.22006226 -17.06941795 -88.07111359]]
0
[[-46.62860489   4.91606712   7.59461975 -70.29122925]]
2
[[-10.81723976 -32.22006226 -17.06941795 -88.07111359]]
0
[[-46.62860489   4.91606712   7.59461975 -70.29122925]]
2
[[-10.81723976 -32.22006226 -17.06941795 -88.07111359]]
0
[[-46.62860489   4.91606712   7.59461975 -70.29122925]]
2
[[-10.81723976 -32.22006226 -17.06941795 -88.07111359]]
0
[[-46.62860489   4.91606712   7.59461975 -70.29122925]]
2
[[-10.81723976 -32.22006226 -17.06941795 -88.07111359]]
0
[[-46.62860489   4.91606712   7.59461975 -70.29122925]]
2
[[-10.81723976 -32.22006226 -17.06941795 -88.07111359]]
0
[[-46.62860489   4.91606712   7.59461975 -70.29122925]]
2
[[-10.81723976 -32.22006226 -17.06941795 -88.07111359]]
0
[[-46.62860489   4.91606712   7.59461975 -70.29122925]]
2
[[-10.81723976 -32.22006226 -17.06941795 -88.07111359]]
0
[[-46.62860489   4.91606712   7.59461975 -70.29122925]]
2
FAIL
6/22
