[[-130.51644897  -59.14526367   -8.26368713 -154.8210144 ]]
2
[[ -6.10266495 -14.11706543  -2.6938324  -78.74634552]]
2
[[-10.8047905    2.12392426 -23.18190575 -63.81431198]]
1
[[ -97.01473999 -100.5622406  -117.88108826  -38.73696518]]
3
[[-10.8047905    2.12392426 -23.18190575 -63.81431198]]
1
[[ -97.01473999 -100.5622406  -117.88108826  -38.73696518]]
3
[[-10.8047905    2.12392426 -23.18190575 -63.81431198]]
1
[[ -97.01473999 -100.5622406  -117.88108826  -38.73696518]]
3
[[-10.8047905    2.12392426 -23.18190575 -63.81431198]]
1
[[ -97.01473999 -100.5622406  -117.88108826  -38.73696518]]
3
[[-10.8047905    2.12392426 -23.18190575 -63.81431198]]
1
[[ -97.01473999 -100.5622406  -117.88108826  -38.73696518]]
3
[[-10.8047905    2.12392426 -23.18190575 -63.81431198]]
1
[[ -97.01473999 -100.5622406  -117.88108826  -38.73696518]]
3
[[-10.8047905    2.12392426 -23.18190575 -63.81431198]]
1
[[ -97.01473999 -100.5622406  -117.88108826  -38.73696518]]
3
[[-10.8047905    2.12392426 -23.18190575 -63.81431198]]
1
[[ -97.01473999 -100.5622406  -117.88108826  -38.73696518]]
3
[[-10.8047905    2.12392426 -23.18190575 -63.81431198]]
1
[[ -97.01473999 -100.5622406  -117.88108826  -38.73696518]]
3
[[-10.8047905    2.12392426 -23.18190575 -63.81431198]]
1
[[ -97.01473999 -100.5622406  -117.88108826  -38.73696518]]
3
[[-10.8047905    2.12392426 -23.18190575 -63.81431198]]
1
[[ -97.01473999 -100.5622406  -117.88108826  -38.73696518]]
3
[[-10.8047905    2.12392426 -23.18190575 -63.81431198]]
1
[[ -97.01473999 -100.5622406  -117.88108826  -38.73696518]]
3
[[-10.8047905    2.12392426 -23.18190575 -63.81431198]]
1
[[ -97.01473999 -100.5622406  -117.88108826  -38.73696518]]
3
[[-10.8047905    2.12392426 -23.18190575 -63.81431198]]
1
[[ -97.01473999 -100.5622406  -117.88108826  -38.73696518]]
3
[[-10.8047905    2.12392426 -23.18190575 -63.81431198]]
1
[[ -97.01473999 -100.5622406  -117.88108826  -38.73696518]]
3
[[-10.8047905    2.12392426 -23.18190575 -63.81431198]]
1
[[ -97.01473999 -100.5622406  -117.88108826  -38.73696518]]
3
[[-10.8047905    2.12392426 -23.18190575 -63.81431198]]
1
[[ -97.01473999 -100.5622406  -117.88108826  -38.73696518]]
3
[[-10.8047905    2.12392426 -23.18190575 -63.81431198]]
1
[[ -97.01473999 -100.5622406  -117.88108826  -38.73696518]]
3
[[-10.8047905    2.12392426 -23.18190575 -63.81431198]]
1
[[ -97.01473999 -100.5622406  -117.88108826  -38.73696518]]
3
[[-10.8047905    2.12392426 -23.18190575 -63.81431198]]
1
[[ -97.01473999 -100.5622406  -117.88108826  -38.73696518]]
3
[[-10.8047905    2.12392426 -23.18190575 -63.81431198]]
1
[[ -97.01473999 -100.5622406  -117.88108826  -38.73696518]]
3
[[-10.8047905    2.12392426 -23.18190575 -63.81431198]]
1
[[ -97.01473999 -100.5622406  -117.88108826  -38.73696518]]
3
[[-10.8047905    2.12392426 -23.18190575 -63.81431198]]
1
[[ -97.01473999 -100.5622406  -117.88108826  -38.73696518]]
3
[[-10.8047905    2.12392426 -23.18190575 -63.81431198]]
1
[[ -97.01473999 -100.5622406  -117.88108826  -38.73696518]]
3
[[-10.8047905    2.12392426 -23.18190575 -63.81431198]]
1
[[ -97.01473999 -100.5622406  -117.88108826  -38.73696518]]
3
[[-10.8047905    2.12392426 -23.18190575 -63.81431198]]
1
[[ -97.01473999 -100.5622406  -117.88108826  -38.73696518]]
3
[[-10.8047905    2.12392426 -23.18190575 -63.81431198]]
1
[[ -97.01473999 -100.5622406  -117.88108826  -38.73696518]]
3
[[-10.8047905    2.12392426 -23.18190575 -63.81431198]]
1
[[ -97.01473999 -100.5622406  -117.88108826  -38.73696518]]
3
[[-10.8047905    2.12392426 -23.18190575 -63.81431198]]
1
[[ -97.01473999 -100.5622406  -117.88108826  -38.73696518]]
3
[[-10.8047905    2.12392426 -23.18190575 -63.81431198]]
1
[[ -97.01473999 -100.5622406  -117.88108826  -38.73696518]]
3
[[-10.8047905    2.12392426 -23.18190575 -63.81431198]]
1
[[ -97.01473999 -100.5622406  -117.88108826  -38.73696518]]
3
[[-10.8047905    2.12392426 -23.18190575 -63.81431198]]
1
[[ -97.01473999 -100.5622406  -117.88108826  -38.73696518]]
3
[[-10.8047905    2.12392426 -23.18190575 -63.81431198]]
1
[[ -97.01473999 -100.5622406  -117.88108826  -38.73696518]]
3
[[-10.8047905    2.12392426 -23.18190575 -63.81431198]]
1
[[ -97.01473999 -100.5622406  -117.88108826  -38.73696518]]
3
[[-10.8047905    2.12392426 -23.18190575 -63.81431198]]
1
[[ -97.01473999 -100.5622406  -117.88108826  -38.73696518]]
3
[[-10.8047905    2.12392426 -23.18190575 -63.81431198]]
1
[[ -97.01473999 -100.5622406  -117.88108826  -38.73696518]]
3
[[-10.8047905    2.12392426 -23.18190575 -63.81431198]]
1
[[ -97.01473999 -100.5622406  -117.88108826  -38.73696518]]
3
[[-10.8047905    2.12392426 -23.18190575 -63.81431198]]
1
[[ -97.01473999 -100.5622406  -117.88108826  -38.73696518]]
3
[[-10.8047905    2.12392426 -23.18190575 -63.81431198]]
1
[[ -97.01473999 -100.5622406  -117.88108826  -38.73696518]]
3
[[-10.8047905    2.12392426 -23.18190575 -63.81431198]]
1
[[ -97.01473999 -100.5622406  -117.88108826  -38.73696518]]
3
[[-10.8047905    2.12392426 -23.18190575 -63.81431198]]
1
[[ -97.01473999 -100.5622406  -117.88108826  -38.73696518]]
3
[[-10.8047905    2.12392426 -23.18190575 -63.81431198]]
1
[[ -97.01473999 -100.5622406  -117.88108826  -38.73696518]]
3
[[-10.8047905    2.12392426 -23.18190575 -63.81431198]]
1
[[ -97.01473999 -100.5622406  -117.88108826  -38.73696518]]
3
[[-10.8047905    2.12392426 -23.18190575 -63.81431198]]
1
[[ -97.01473999 -100.5622406  -117.88108826  -38.73696518]]
3
[[-10.8047905    2.12392426 -23.18190575 -63.81431198]]
1
[[ -97.01473999 -100.5622406  -117.88108826  -38.73696518]]
3
[[-10.8047905    2.12392426 -23.18190575 -63.81431198]]
1
[[ -97.01473999 -100.5622406  -117.88108826  -38.73696518]]
3
[[-10.8047905    2.12392426 -23.18190575 -63.81431198]]
1
[[ -97.01473999 -100.5622406  -117.88108826  -38.73696518]]
3
[[-10.8047905    2.12392426 -23.18190575 -63.81431198]]
1
[[ -97.01473999 -100.5622406  -117.88108826  -38.73696518]]
3
[[-10.8047905    2.12392426 -23.18190575 -63.81431198]]
1
[[ -97.01473999 -100.5622406  -117.88108826  -38.73696518]]
3
[[-10.8047905    2.12392426 -23.18190575 -63.81431198]]
1
FAIL
2/31
