[[ -56.7098732   -16.47320938  -45.72177124 -100.13235474]]
1
[[-44.86332703 -13.58707428  -8.4625473  -46.8451004 ]]
2
[[-24.08510399 -32.96916199 -11.65678024 -83.94538879]]
2
[[-42.54179382 -64.57830048 -61.15754318 -22.59967041]]
3
[[-106.84202576   31.66391754   26.44863892  -33.09358215]]
1
[[-42.54179382 -64.57830048 -61.15754318 -22.59967041]]
3
[[-106.84202576   31.66391754   26.44863892  -33.09358215]]
1
[[-42.54179382 -64.57830048 -61.15754318 -22.59967041]]
3
[[-106.84202576   31.66391754   26.44863892  -33.09358215]]
1
[[-42.54179382 -64.57830048 -61.15754318 -22.59967041]]
3
[[-106.84202576   31.66391754   26.44863892  -33.09358215]]
1
[[-42.54179382 -64.57830048 -61.15754318 -22.59967041]]
3
[[-106.84202576   31.66391754   26.44863892  -33.09358215]]
1
[[-42.54179382 -64.57830048 -61.15754318 -22.59967041]]
3
[[-106.84202576   31.66391754   26.44863892  -33.09358215]]
1
[[-42.54179382 -64.57830048 -61.15754318 -22.59967041]]
3
[[-106.84202576   31.66391754   26.44863892  -33.09358215]]
1
[[-42.54179382 -64.57830048 -61.15754318 -22.59967041]]
3
[[-106.84202576   31.66391754   26.44863892  -33.09358215]]
1
[[-42.54179382 -64.57830048 -61.15754318 -22.59967041]]
3
[[-106.84202576   31.66391754   26.44863892  -33.09358215]]
1
[[-42.54179382 -64.57830048 -61.15754318 -22.59967041]]
3
[[-106.84202576   31.66391754   26.44863892  -33.09358215]]
1
[[-42.54179382 -64.57830048 -61.15754318 -22.59967041]]
3
[[-106.84202576   31.66391754   26.44863892  -33.09358215]]
1
[[-42.54179382 -64.57830048 -61.15754318 -22.59967041]]
3
[[-106.84202576   31.66391754   26.44863892  -33.09358215]]
1
[[-42.54179382 -64.57830048 -61.15754318 -22.59967041]]
3
[[-106.84202576   31.66391754   26.44863892  -33.09358215]]
1
[[-42.54179382 -64.57830048 -61.15754318 -22.59967041]]
3
[[-106.84202576   31.66391754   26.44863892  -33.09358215]]
1
[[-42.54179382 -64.57830048 -61.15754318 -22.59967041]]
3
[[-106.84202576   31.66391754   26.44863892  -33.09358215]]
1
[[-42.54179382 -64.57830048 -61.15754318 -22.59967041]]
3
[[-106.84202576   31.66391754   26.44863892  -33.09358215]]
1
[[-42.54179382 -64.57830048 -61.15754318 -22.59967041]]
3
[[-106.84202576   31.66391754   26.44863892  -33.09358215]]
1
[[-42.54179382 -64.57830048 -61.15754318 -22.59967041]]
3
[[-106.84202576   31.66391754   26.44863892  -33.09358215]]
1
[[-42.54179382 -64.57830048 -61.15754318 -22.59967041]]
3
[[-106.84202576   31.66391754   26.44863892  -33.09358215]]
1
[[-42.54179382 -64.57830048 -61.15754318 -22.59967041]]
3
[[-106.84202576   31.66391754   26.44863892  -33.09358215]]
1
[[-42.54179382 -64.57830048 -61.15754318 -22.59967041]]
3
[[-106.84202576   31.66391754   26.44863892  -33.09358215]]
1
[[-42.54179382 -64.57830048 -61.15754318 -22.59967041]]
3
[[-106.84202576   31.66391754   26.44863892  -33.09358215]]
1
[[-42.54179382 -64.57830048 -61.15754318 -22.59967041]]
3
[[-106.84202576   31.66391754   26.44863892  -33.09358215]]
1
[[-42.54179382 -64.57830048 -61.15754318 -22.59967041]]
3
[[-106.84202576   31.66391754   26.44863892  -33.09358215]]
1
[[-42.54179382 -64.57830048 -61.15754318 -22.59967041]]
3
[[-106.84202576   31.66391754   26.44863892  -33.09358215]]
1
[[-42.54179382 -64.57830048 -61.15754318 -22.59967041]]
3
[[-106.84202576   31.66391754   26.44863892  -33.09358215]]
1
[[-42.54179382 -64.57830048 -61.15754318 -22.59967041]]
3
[[-106.84202576   31.66391754   26.44863892  -33.09358215]]
1
[[-42.54179382 -64.57830048 -61.15754318 -22.59967041]]
3
[[-106.84202576   31.66391754   26.44863892  -33.09358215]]
1
[[-42.54179382 -64.57830048 -61.15754318 -22.59967041]]
3
[[-106.84202576   31.66391754   26.44863892  -33.09358215]]
1
[[-42.54179382 -64.57830048 -61.15754318 -22.59967041]]
3
[[-106.84202576   31.66391754   26.44863892  -33.09358215]]
1
[[-42.54179382 -64.57830048 -61.15754318 -22.59967041]]
3
[[-106.84202576   31.66391754   26.44863892  -33.09358215]]
1
[[-42.54179382 -64.57830048 -61.15754318 -22.59967041]]
3
[[-106.84202576   31.66391754   26.44863892  -33.09358215]]
1
[[-42.54179382 -64.57830048 -61.15754318 -22.59967041]]
3
[[-106.84202576   31.66391754   26.44863892  -33.09358215]]
1
[[-42.54179382 -64.57830048 -61.15754318 -22.59967041]]
3
[[-106.84202576   31.66391754   26.44863892  -33.09358215]]
1
[[-42.54179382 -64.57830048 -61.15754318 -22.59967041]]
3
[[-106.84202576   31.66391754   26.44863892  -33.09358215]]
1
[[-42.54179382 -64.57830048 -61.15754318 -22.59967041]]
3
[[-106.84202576   31.66391754   26.44863892  -33.09358215]]
1
[[-42.54179382 -64.57830048 -61.15754318 -22.59967041]]
3
[[-106.84202576   31.66391754   26.44863892  -33.09358215]]
1
[[-42.54179382 -64.57830048 -61.15754318 -22.59967041]]
3
[[-106.84202576   31.66391754   26.44863892  -33.09358215]]
1
[[-42.54179382 -64.57830048 -61.15754318 -22.59967041]]
3
[[-106.84202576   31.66391754   26.44863892  -33.09358215]]
1
[[-42.54179382 -64.57830048 -61.15754318 -22.59967041]]
3
[[-106.84202576   31.66391754   26.44863892  -33.09358215]]
1
[[-42.54179382 -64.57830048 -61.15754318 -22.59967041]]
3
[[-106.84202576   31.66391754   26.44863892  -33.09358215]]
1
[[-42.54179382 -64.57830048 -61.15754318 -22.59967041]]
3
[[-106.84202576   31.66391754   26.44863892  -33.09358215]]
1
[[-42.54179382 -64.57830048 -61.15754318 -22.59967041]]
3
[[-106.84202576   31.66391754   26.44863892  -33.09358215]]
1
[[-42.54179382 -64.57830048 -61.15754318 -22.59967041]]
3
[[-106.84202576   31.66391754   26.44863892  -33.09358215]]
1
[[-42.54179382 -64.57830048 -61.15754318 -22.59967041]]
3
[[-106.84202576   31.66391754   26.44863892  -33.09358215]]
1
[[-42.54179382 -64.57830048 -61.15754318 -22.59967041]]
3
[[-106.84202576   31.66391754   26.44863892  -33.09358215]]
1
[[-42.54179382 -64.57830048 -61.15754318 -22.59967041]]
3
[[-106.84202576   31.66391754   26.44863892  -33.09358215]]
1
[[-42.54179382 -64.57830048 -61.15754318 -22.59967041]]
3
[[-106.84202576   31.66391754   26.44863892  -33.09358215]]
1
[[-42.54179382 -64.57830048 -61.15754318 -22.59967041]]
3
[[-106.84202576   31.66391754   26.44863892  -33.09358215]]
1
FAIL
4/6
