[[-40.77707672 -14.40417862 -44.37378311 -75.4743042 ]]
1
[[-44.21448517 -21.19177246 -43.73821259 -67.83001709]]
1
[[-27.05862427 -40.18192291 -40.36604309 -61.70763779]]
0
[[-65.15609741  -6.01864243 -34.04847717 -98.28738403]]
1
[[-16.77253151 -32.84420013 -58.26122284 -67.66717529]]
0
[[-10.48339462 -35.41356659 -18.10828781 -90.33145142]]
0
[[-48.49034882   4.11878777   7.03662872 -72.2069397 ]]
2
[[-10.48339462 -35.41356659 -18.10828781 -90.33145142]]
0
[[-48.49034882   4.11878777   7.03662872 -72.2069397 ]]
2
[[-10.48339462 -35.41356659 -18.10828781 -90.33145142]]
0
[[-48.49034882   4.11878777   7.03662872 -72.2069397 ]]
2
[[-10.48339462 -35.41356659 -18.10828781 -90.33145142]]
0
[[-48.49034882   4.11878777   7.03662872 -72.2069397 ]]
2
[[-10.48339462 -35.41356659 -18.10828781 -90.33145142]]
0
[[-48.49034882   4.11878777   7.03662872 -72.2069397 ]]
2
[[-10.48339462 -35.41356659 -18.10828781 -90.33145142]]
0
[[-48.49034882   4.11878777   7.03662872 -72.2069397 ]]
2
[[-10.48339462 -35.41356659 -18.10828781 -90.33145142]]
0
[[-48.49034882   4.11878777   7.03662872 -72.2069397 ]]
2
[[-10.48339462 -35.41356659 -18.10828781 -90.33145142]]
0
[[-48.49034882   4.11878777   7.03662872 -72.2069397 ]]
2
[[-10.48339462 -35.41356659 -18.10828781 -90.33145142]]
0
[[-48.49034882   4.11878777   7.03662872 -72.2069397 ]]
2
[[-10.48339462 -35.41356659 -18.10828781 -90.33145142]]
0
[[-48.49034882   4.11878777   7.03662872 -72.2069397 ]]
2
[[-10.48339462 -35.41356659 -18.10828781 -90.33145142]]
0
[[-48.49034882   4.11878777   7.03662872 -72.2069397 ]]
2
[[-10.48339462 -35.41356659 -18.10828781 -90.33145142]]
0
[[-48.49034882   4.11878777   7.03662872 -72.2069397 ]]
2
[[-10.48339462 -35.41356659 -18.10828781 -90.33145142]]
0
[[-48.49034882   4.11878777   7.03662872 -72.2069397 ]]
2
[[-10.48339462 -35.41356659 -18.10828781 -90.33145142]]
0
[[-48.49034882   4.11878777   7.03662872 -72.2069397 ]]
2
[[-10.48339462 -35.41356659 -18.10828781 -90.33145142]]
0
[[-48.49034882   4.11878777   7.03662872 -72.2069397 ]]
2
[[-10.48339462 -35.41356659 -18.10828781 -90.33145142]]
0
[[-48.49034882   4.11878777   7.03662872 -72.2069397 ]]
2
[[-10.48339462 -35.41356659 -18.10828781 -90.33145142]]
0
[[-48.49034882   4.11878777   7.03662872 -72.2069397 ]]
2
[[-10.48339462 -35.41356659 -18.10828781 -90.33145142]]
0
[[-48.49034882   4.11878777   7.03662872 -72.2069397 ]]
2
[[-10.48339462 -35.41356659 -18.10828781 -90.33145142]]
0
[[-48.49034882   4.11878777   7.03662872 -72.2069397 ]]
2
[[-10.48339462 -35.41356659 -18.10828781 -90.33145142]]
0
[[-48.49034882   4.11878777   7.03662872 -72.2069397 ]]
2
[[-10.48339462 -35.41356659 -18.10828781 -90.33145142]]
0
[[-48.49034882   4.11878777   7.03662872 -72.2069397 ]]
2
[[-10.48339462 -35.41356659 -18.10828781 -90.33145142]]
0
[[-48.49034882   4.11878777   7.03662872 -72.2069397 ]]
2
[[-10.48339462 -35.41356659 -18.10828781 -90.33145142]]
0
[[-48.49034882   4.11878777   7.03662872 -72.2069397 ]]
2
[[-10.48339462 -35.41356659 -18.10828781 -90.33145142]]
0
[[-48.49034882   4.11878777   7.03662872 -72.2069397 ]]
2
[[-10.48339462 -35.41356659 -18.10828781 -90.33145142]]
0
[[-48.49034882   4.11878777   7.03662872 -72.2069397 ]]
2
[[-10.48339462 -35.41356659 -18.10828781 -90.33145142]]
0
[[-48.49034882   4.11878777   7.03662872 -72.2069397 ]]
2
[[-10.48339462 -35.41356659 -18.10828781 -90.33145142]]
0
[[-48.49034882   4.11878777   7.03662872 -72.2069397 ]]
2
[[-10.48339462 -35.41356659 -18.10828781 -90.33145142]]
0
[[-48.49034882   4.11878777   7.03662872 -72.2069397 ]]
2
[[-10.48339462 -35.41356659 -18.10828781 -90.33145142]]
0
[[-48.49034882   4.11878777   7.03662872 -72.2069397 ]]
2
[[-10.48339462 -35.41356659 -18.10828781 -90.33145142]]
0
[[-48.49034882   4.11878777   7.03662872 -72.2069397 ]]
2
[[-10.48339462 -35.41356659 -18.10828781 -90.33145142]]
0
[[-48.49034882   4.11878777   7.03662872 -72.2069397 ]]
2
[[-10.48339462 -35.41356659 -18.10828781 -90.33145142]]
0
[[-48.49034882   4.11878777   7.03662872 -72.2069397 ]]
2
[[-10.48339462 -35.41356659 -18.10828781 -90.33145142]]
0
[[-48.49034882   4.11878777   7.03662872 -72.2069397 ]]
2
[[-10.48339462 -35.41356659 -18.10828781 -90.33145142]]
0
[[-48.49034882   4.11878777   7.03662872 -72.2069397 ]]
2
[[-10.48339462 -35.41356659 -18.10828781 -90.33145142]]
0
[[-48.49034882   4.11878777   7.03662872 -72.2069397 ]]
2
[[-10.48339462 -35.41356659 -18.10828781 -90.33145142]]
0
[[-48.49034882   4.11878777   7.03662872 -72.2069397 ]]
2
[[-10.48339462 -35.41356659 -18.10828781 -90.33145142]]
0
[[-48.49034882   4.11878777   7.03662872 -72.2069397 ]]
2
[[-10.48339462 -35.41356659 -18.10828781 -90.33145142]]
0
[[-48.49034882   4.11878777   7.03662872 -72.2069397 ]]
2
[[-10.48339462 -35.41356659 -18.10828781 -90.33145142]]
0
[[-48.49034882   4.11878777   7.03662872 -72.2069397 ]]
2
[[-10.48339462 -35.41356659 -18.10828781 -90.33145142]]
0
[[-48.49034882   4.11878777   7.03662872 -72.2069397 ]]
2
[[-10.48339462 -35.41356659 -18.10828781 -90.33145142]]
0
[[-48.49034882   4.11878777   7.03662872 -72.2069397 ]]
2
[[-10.48339462 -35.41356659 -18.10828781 -90.33145142]]
0
[[-48.49034882   4.11878777   7.03662872 -72.2069397 ]]
2
[[-10.48339462 -35.41356659 -18.10828781 -90.33145142]]
0
[[-48.49034882   4.11878777   7.03662872 -72.2069397 ]]
2
[[-10.48339462 -35.41356659 -18.10828781 -90.33145142]]
0
[[-48.49034882   4.11878777   7.03662872 -72.2069397 ]]
2
[[-10.48339462 -35.41356659 -18.10828781 -90.33145142]]
0
[[-48.49034882   4.11878777   7.03662872 -72.2069397 ]]
2
[[-10.48339462 -35.41356659 -18.10828781 -90.33145142]]
0
[[-48.49034882   4.11878777   7.03662872 -72.2069397 ]]
2
[[-10.48339462 -35.41356659 -18.10828781 -90.33145142]]
0
[[-48.49034882   4.11878777   7.03662872 -72.2069397 ]]
2
[[-10.48339462 -35.41356659 -18.10828781 -90.33145142]]
0
[[-48.49034882   4.11878777   7.03662872 -72.2069397 ]]
2
FAIL
6/22
