[[ -59.72774887  -18.16689301  -48.84792328 -105.28204346]]
1
[[-46.70430756 -16.15525818  -8.60525894 -45.83599091]]
2
[[-24.21073532 -35.14147949 -12.10276413 -86.5450592 ]]
2
[[-43.77362823 -70.4550705  -63.65851974 -20.75234222]]
3
[[-111.70241547   30.60595703   28.62176514  -32.21466827]]
1
[[-43.77362823 -70.4550705  -63.65851974 -20.75234222]]
3
[[-111.70241547   30.60595703   28.62176514  -32.21466827]]
1
[[-43.77362823 -70.4550705  -63.65851974 -20.75234222]]
3
[[-111.70241547   30.60595703   28.62176514  -32.21466827]]
1
[[-43.77362823 -70.4550705  -63.65851974 -20.75234222]]
3
[[-111.70241547   30.60595703   28.62176514  -32.21466827]]
1
[[-43.77362823 -70.4550705  -63.65851974 -20.75234222]]
3
[[-111.70241547   30.60595703   28.62176514  -32.21466827]]
1
[[-43.77362823 -70.4550705  -63.65851974 -20.75234222]]
3
[[-111.70241547   30.60595703   28.62176514  -32.21466827]]
1
[[-43.77362823 -70.4550705  -63.65851974 -20.75234222]]
3
[[-111.70241547   30.60595703   28.62176514  -32.21466827]]
1
[[-43.77362823 -70.4550705  -63.65851974 -20.75234222]]
3
[[-111.70241547   30.60595703   28.62176514  -32.21466827]]
1
[[-43.77362823 -70.4550705  -63.65851974 -20.75234222]]
3
[[-111.70241547   30.60595703   28.62176514  -32.21466827]]
1
[[-43.77362823 -70.4550705  -63.65851974 -20.75234222]]
3
[[-111.70241547   30.60595703   28.62176514  -32.21466827]]
1
[[-43.77362823 -70.4550705  -63.65851974 -20.75234222]]
3
[[-111.70241547   30.60595703   28.62176514  -32.21466827]]
1
[[-43.77362823 -70.4550705  -63.65851974 -20.75234222]]
3
[[-111.70241547   30.60595703   28.62176514  -32.21466827]]
1
[[-43.77362823 -70.4550705  -63.65851974 -20.75234222]]
3
[[-111.70241547   30.60595703   28.62176514  -32.21466827]]
1
[[-43.77362823 -70.4550705  -63.65851974 -20.75234222]]
3
[[-111.70241547   30.60595703   28.62176514  -32.21466827]]
1
[[-43.77362823 -70.4550705  -63.65851974 -20.75234222]]
3
[[-111.70241547   30.60595703   28.62176514  -32.21466827]]
1
[[-43.77362823 -70.4550705  -63.65851974 -20.75234222]]
3
[[-111.70241547   30.60595703   28.62176514  -32.21466827]]
1
[[-43.77362823 -70.4550705  -63.65851974 -20.75234222]]
3
[[-111.70241547   30.60595703   28.62176514  -32.21466827]]
1
[[-43.77362823 -70.4550705  -63.65851974 -20.75234222]]
3
[[-111.70241547   30.60595703   28.62176514  -32.21466827]]
1
[[-43.77362823 -70.4550705  -63.65851974 -20.75234222]]
3
[[-111.70241547   30.60595703   28.62176514  -32.21466827]]
1
[[-43.77362823 -70.4550705  -63.65851974 -20.75234222]]
3
[[-111.70241547   30.60595703   28.62176514  -32.21466827]]
1
[[-43.77362823 -70.4550705  -63.65851974 -20.75234222]]
3
[[-111.70241547   30.60595703   28.62176514  -32.21466827]]
1
[[-43.77362823 -70.4550705  -63.65851974 -20.75234222]]
3
[[-111.70241547   30.60595703   28.62176514  -32.21466827]]
1
[[-43.77362823 -70.4550705  -63.65851974 -20.75234222]]
3
[[-111.70241547   30.60595703   28.62176514  -32.21466827]]
1
[[-43.77362823 -70.4550705  -63.65851974 -20.75234222]]
3
[[-111.70241547   30.60595703   28.62176514  -32.21466827]]
1
[[-43.77362823 -70.4550705  -63.65851974 -20.75234222]]
3
[[-111.70241547   30.60595703   28.62176514  -32.21466827]]
1
[[-43.77362823 -70.4550705  -63.65851974 -20.75234222]]
3
[[-111.70241547   30.60595703   28.62176514  -32.21466827]]
1
[[-43.77362823 -70.4550705  -63.65851974 -20.75234222]]
3
[[-111.70241547   30.60595703   28.62176514  -32.21466827]]
1
[[-43.77362823 -70.4550705  -63.65851974 -20.75234222]]
3
[[-111.70241547   30.60595703   28.62176514  -32.21466827]]
1
[[-43.77362823 -70.4550705  -63.65851974 -20.75234222]]
3
[[-111.70241547   30.60595703   28.62176514  -32.21466827]]
1
[[-43.77362823 -70.4550705  -63.65851974 -20.75234222]]
3
[[-111.70241547   30.60595703   28.62176514  -32.21466827]]
1
[[-43.77362823 -70.4550705  -63.65851974 -20.75234222]]
3
[[-111.70241547   30.60595703   28.62176514  -32.21466827]]
1
[[-43.77362823 -70.4550705  -63.65851974 -20.75234222]]
3
[[-111.70241547   30.60595703   28.62176514  -32.21466827]]
1
[[-43.77362823 -70.4550705  -63.65851974 -20.75234222]]
3
[[-111.70241547   30.60595703   28.62176514  -32.21466827]]
1
[[-43.77362823 -70.4550705  -63.65851974 -20.75234222]]
3
[[-111.70241547   30.60595703   28.62176514  -32.21466827]]
1
[[-43.77362823 -70.4550705  -63.65851974 -20.75234222]]
3
[[-111.70241547   30.60595703   28.62176514  -32.21466827]]
1
[[-43.77362823 -70.4550705  -63.65851974 -20.75234222]]
3
[[-111.70241547   30.60595703   28.62176514  -32.21466827]]
1
[[-43.77362823 -70.4550705  -63.65851974 -20.75234222]]
3
[[-111.70241547   30.60595703   28.62176514  -32.21466827]]
1
[[-43.77362823 -70.4550705  -63.65851974 -20.75234222]]
3
[[-111.70241547   30.60595703   28.62176514  -32.21466827]]
1
[[-43.77362823 -70.4550705  -63.65851974 -20.75234222]]
3
[[-111.70241547   30.60595703   28.62176514  -32.21466827]]
1
[[-43.77362823 -70.4550705  -63.65851974 -20.75234222]]
3
[[-111.70241547   30.60595703   28.62176514  -32.21466827]]
1
[[-43.77362823 -70.4550705  -63.65851974 -20.75234222]]
3
[[-111.70241547   30.60595703   28.62176514  -32.21466827]]
1
[[-43.77362823 -70.4550705  -63.65851974 -20.75234222]]
3
[[-111.70241547   30.60595703   28.62176514  -32.21466827]]
1
[[-43.77362823 -70.4550705  -63.65851974 -20.75234222]]
3
[[-111.70241547   30.60595703   28.62176514  -32.21466827]]
1
[[-43.77362823 -70.4550705  -63.65851974 -20.75234222]]
3
[[-111.70241547   30.60595703   28.62176514  -32.21466827]]
1
[[-43.77362823 -70.4550705  -63.65851974 -20.75234222]]
3
[[-111.70241547   30.60595703   28.62176514  -32.21466827]]
1
[[-43.77362823 -70.4550705  -63.65851974 -20.75234222]]
3
[[-111.70241547   30.60595703   28.62176514  -32.21466827]]
1
[[-43.77362823 -70.4550705  -63.65851974 -20.75234222]]
3
[[-111.70241547   30.60595703   28.62176514  -32.21466827]]
1
[[-43.77362823 -70.4550705  -63.65851974 -20.75234222]]
3
[[-111.70241547   30.60595703   28.62176514  -32.21466827]]
1
[[-43.77362823 -70.4550705  -63.65851974 -20.75234222]]
3
[[-111.70241547   30.60595703   28.62176514  -32.21466827]]
1
FAIL
4/6
