[[-134.77345276  -61.75026321   -8.69270325 -158.6945343 ]]
2
[[ -6.1308651  -16.00780678  -3.51237679 -81.18173218]]
2
[[ -9.95432091   1.05331802 -24.42857552 -64.88227081]]
1
[[-100.58699799 -106.70605469 -123.68557739  -38.01947403]]
3
[[ -9.95432091   1.05331802 -24.42857552 -64.88227081]]
1
[[-100.58699799 -106.70605469 -123.68557739  -38.01947403]]
3
[[ -9.95432091   1.05331802 -24.42857552 -64.88227081]]
1
[[-100.58699799 -106.70605469 -123.68557739  -38.01947403]]
3
[[ -9.95432091   1.05331802 -24.42857552 -64.88227081]]
1
[[-100.58699799 -106.70605469 -123.68557739  -38.01947403]]
3
[[ -9.95432091   1.05331802 -24.42857552 -64.88227081]]
1
[[-100.58699799 -106.70605469 -123.68557739  -38.01947403]]
3
[[ -9.95432091   1.05331802 -24.42857552 -64.88227081]]
1
[[-100.58699799 -106.70605469 -123.68557739  -38.01947403]]
3
[[ -9.95432091   1.05331802 -24.42857552 -64.88227081]]
1
[[-100.58699799 -106.70605469 -123.68557739  -38.01947403]]
3
[[ -9.95432091   1.05331802 -24.42857552 -64.88227081]]
1
[[-100.58699799 -106.70605469 -123.68557739  -38.01947403]]
3
[[ -9.95432091   1.05331802 -24.42857552 -64.88227081]]
1
[[-100.58699799 -106.70605469 -123.68557739  -38.01947403]]
3
[[ -9.95432091   1.05331802 -24.42857552 -64.88227081]]
1
[[-100.58699799 -106.70605469 -123.68557739  -38.01947403]]
3
[[ -9.95432091   1.05331802 -24.42857552 -64.88227081]]
1
[[-100.58699799 -106.70605469 -123.68557739  -38.01947403]]
3
[[ -9.95432091   1.05331802 -24.42857552 -64.88227081]]
1
[[-100.58699799 -106.70605469 -123.68557739  -38.01947403]]
3
[[ -9.95432091   1.05331802 -24.42857552 -64.88227081]]
1
[[-100.58699799 -106.70605469 -123.68557739  -38.01947403]]
3
[[ -9.95432091   1.05331802 -24.42857552 -64.88227081]]
1
[[-100.58699799 -106.70605469 -123.68557739  -38.01947403]]
3
[[ -9.95432091   1.05331802 -24.42857552 -64.88227081]]
1
[[-100.58699799 -106.70605469 -123.68557739  -38.01947403]]
3
[[ -9.95432091   1.05331802 -24.42857552 -64.88227081]]
1
[[-100.58699799 -106.70605469 -123.68557739  -38.01947403]]
3
[[ -9.95432091   1.05331802 -24.42857552 -64.88227081]]
1
[[-100.58699799 -106.70605469 -123.68557739  -38.01947403]]
3
[[ -9.95432091   1.05331802 -24.42857552 -64.88227081]]
1
[[-100.58699799 -106.70605469 -123.68557739  -38.01947403]]
3
[[ -9.95432091   1.05331802 -24.42857552 -64.88227081]]
1
[[-100.58699799 -106.70605469 -123.68557739  -38.01947403]]
3
[[ -9.95432091   1.05331802 -24.42857552 -64.88227081]]
1
[[-100.58699799 -106.70605469 -123.68557739  -38.01947403]]
3
[[ -9.95432091   1.05331802 -24.42857552 -64.88227081]]
1
[[-100.58699799 -106.70605469 -123.68557739  -38.01947403]]
3
[[ -9.95432091   1.05331802 -24.42857552 -64.88227081]]
1
[[-100.58699799 -106.70605469 -123.68557739  -38.01947403]]
3
[[ -9.95432091   1.05331802 -24.42857552 -64.88227081]]
1
[[-100.58699799 -106.70605469 -123.68557739  -38.01947403]]
3
[[ -9.95432091   1.05331802 -24.42857552 -64.88227081]]
1
[[-100.58699799 -106.70605469 -123.68557739  -38.01947403]]
3
[[ -9.95432091   1.05331802 -24.42857552 -64.88227081]]
1
[[-100.58699799 -106.70605469 -123.68557739  -38.01947403]]
3
[[ -9.95432091   1.05331802 -24.42857552 -64.88227081]]
1
[[-100.58699799 -106.70605469 -123.68557739  -38.01947403]]
3
[[ -9.95432091   1.05331802 -24.42857552 -64.88227081]]
1
[[-100.58699799 -106.70605469 -123.68557739  -38.01947403]]
3
[[ -9.95432091   1.05331802 -24.42857552 -64.88227081]]
1
[[-100.58699799 -106.70605469 -123.68557739  -38.01947403]]
3
[[ -9.95432091   1.05331802 -24.42857552 -64.88227081]]
1
[[-100.58699799 -106.70605469 -123.68557739  -38.01947403]]
3
[[ -9.95432091   1.05331802 -24.42857552 -64.88227081]]
1
[[-100.58699799 -106.70605469 -123.68557739  -38.01947403]]
3
[[ -9.95432091   1.05331802 -24.42857552 -64.88227081]]
1
[[-100.58699799 -106.70605469 -123.68557739  -38.01947403]]
3
[[ -9.95432091   1.05331802 -24.42857552 -64.88227081]]
1
[[-100.58699799 -106.70605469 -123.68557739  -38.01947403]]
3
[[ -9.95432091   1.05331802 -24.42857552 -64.88227081]]
1
[[-100.58699799 -106.70605469 -123.68557739  -38.01947403]]
3
[[ -9.95432091   1.05331802 -24.42857552 -64.88227081]]
1
[[-100.58699799 -106.70605469 -123.68557739  -38.01947403]]
3
[[ -9.95432091   1.05331802 -24.42857552 -64.88227081]]
1
[[-100.58699799 -106.70605469 -123.68557739  -38.01947403]]
3
[[ -9.95432091   1.05331802 -24.42857552 -64.88227081]]
1
[[-100.58699799 -106.70605469 -123.68557739  -38.01947403]]
3
[[ -9.95432091   1.05331802 -24.42857552 -64.88227081]]
1
[[-100.58699799 -106.70605469 -123.68557739  -38.01947403]]
3
[[ -9.95432091   1.05331802 -24.42857552 -64.88227081]]
1
[[-100.58699799 -106.70605469 -123.68557739  -38.01947403]]
3
[[ -9.95432091   1.05331802 -24.42857552 -64.88227081]]
1
[[-100.58699799 -106.70605469 -123.68557739  -38.01947403]]
3
[[ -9.95432091   1.05331802 -24.42857552 -64.88227081]]
1
[[-100.58699799 -106.70605469 -123.68557739  -38.01947403]]
3
[[ -9.95432091   1.05331802 -24.42857552 -64.88227081]]
1
[[-100.58699799 -106.70605469 -123.68557739  -38.01947403]]
3
[[ -9.95432091   1.05331802 -24.42857552 -64.88227081]]
1
[[-100.58699799 -106.70605469 -123.68557739  -38.01947403]]
3
[[ -9.95432091   1.05331802 -24.42857552 -64.88227081]]
1
[[-100.58699799 -106.70605469 -123.68557739  -38.01947403]]
3
[[ -9.95432091   1.05331802 -24.42857552 -64.88227081]]
1
[[-100.58699799 -106.70605469 -123.68557739  -38.01947403]]
3
[[ -9.95432091   1.05331802 -24.42857552 -64.88227081]]
1
[[-100.58699799 -106.70605469 -123.68557739  -38.01947403]]
3
[[ -9.95432091   1.05331802 -24.42857552 -64.88227081]]
1
[[-100.58699799 -106.70605469 -123.68557739  -38.01947403]]
3
[[ -9.95432091   1.05331802 -24.42857552 -64.88227081]]
1
[[-100.58699799 -106.70605469 -123.68557739  -38.01947403]]
3
[[ -9.95432091   1.05331802 -24.42857552 -64.88227081]]
1
[[-100.58699799 -106.70605469 -123.68557739  -38.01947403]]
3
[[ -9.95432091   1.05331802 -24.42857552 -64.88227081]]
1
[[-100.58699799 -106.70605469 -123.68557739  -38.01947403]]
3
[[ -9.95432091   1.05331802 -24.42857552 -64.88227081]]
1
FAIL
2/31
