[[-38.87905884 -15.26235199 -29.77140427 -71.34379578]]
1
[[-36.17008209 -16.70134735 -31.89955521 -65.91973114]]
1
[[-35.75911713 -30.22583199 -25.48334122 -68.4389801 ]]
2
[[ -47.82383347   -2.93851852  -25.78417969 -105.64199829]]
1
[[-95.49201202 -45.01597977   6.73511505 -76.90327454]]
2
[[ -18.58745956   16.83180237 -128.74427795 -131.06855774]]
1
[[-111.70241547   30.60595703   28.62176514  -32.21466827]]
1
[[-43.77362823 -70.4550705  -63.65851974 -20.75234222]]
3
[[-111.70241547   30.60595703   28.62176514  -32.21466827]]
1
[[-43.77362823 -70.4550705  -63.65851974 -20.75234222]]
3
[[-111.70241547   30.60595703   28.62176514  -32.21466827]]
1
[[-43.77362823 -70.4550705  -63.65851974 -20.75234222]]
3
[[-111.70241547   30.60595703   28.62176514  -32.21466827]]
1
[[-43.77362823 -70.4550705  -63.65851974 -20.75234222]]
3
[[-111.70241547   30.60595703   28.62176514  -32.21466827]]
1
[[-43.77362823 -70.4550705  -63.65851974 -20.75234222]]
3
[[-111.70241547   30.60595703   28.62176514  -32.21466827]]
1
[[-43.77362823 -70.4550705  -63.65851974 -20.75234222]]
3
[[-111.70241547   30.60595703   28.62176514  -32.21466827]]
1
[[-43.77362823 -70.4550705  -63.65851974 -20.75234222]]
3
[[-111.70241547   30.60595703   28.62176514  -32.21466827]]
1
[[-43.77362823 -70.4550705  -63.65851974 -20.75234222]]
3
[[-111.70241547   30.60595703   28.62176514  -32.21466827]]
1
[[-43.77362823 -70.4550705  -63.65851974 -20.75234222]]
3
[[-111.70241547   30.60595703   28.62176514  -32.21466827]]
1
[[-43.77362823 -70.4550705  -63.65851974 -20.75234222]]
3
[[-111.70241547   30.60595703   28.62176514  -32.21466827]]
1
[[-43.77362823 -70.4550705  -63.65851974 -20.75234222]]
3
[[-111.70241547   30.60595703   28.62176514  -32.21466827]]
1
[[-43.77362823 -70.4550705  -63.65851974 -20.75234222]]
3
[[-111.70241547   30.60595703   28.62176514  -32.21466827]]
1
[[-43.77362823 -70.4550705  -63.65851974 -20.75234222]]
3
[[-111.70241547   30.60595703   28.62176514  -32.21466827]]
1
[[-43.77362823 -70.4550705  -63.65851974 -20.75234222]]
3
[[-111.70241547   30.60595703   28.62176514  -32.21466827]]
1
[[-43.77362823 -70.4550705  -63.65851974 -20.75234222]]
3
[[-111.70241547   30.60595703   28.62176514  -32.21466827]]
1
[[-43.77362823 -70.4550705  -63.65851974 -20.75234222]]
3
[[-111.70241547   30.60595703   28.62176514  -32.21466827]]
1
[[-43.77362823 -70.4550705  -63.65851974 -20.75234222]]
3
[[-111.70241547   30.60595703   28.62176514  -32.21466827]]
1
[[-43.77362823 -70.4550705  -63.65851974 -20.75234222]]
3
[[-111.70241547   30.60595703   28.62176514  -32.21466827]]
1
[[-43.77362823 -70.4550705  -63.65851974 -20.75234222]]
3
[[-111.70241547   30.60595703   28.62176514  -32.21466827]]
1
[[-43.77362823 -70.4550705  -63.65851974 -20.75234222]]
3
[[-111.70241547   30.60595703   28.62176514  -32.21466827]]
1
[[-43.77362823 -70.4550705  -63.65851974 -20.75234222]]
3
[[-111.70241547   30.60595703   28.62176514  -32.21466827]]
1
[[-43.77362823 -70.4550705  -63.65851974 -20.75234222]]
3
[[-111.70241547   30.60595703   28.62176514  -32.21466827]]
1
[[-43.77362823 -70.4550705  -63.65851974 -20.75234222]]
3
[[-111.70241547   30.60595703   28.62176514  -32.21466827]]
1
[[-43.77362823 -70.4550705  -63.65851974 -20.75234222]]
3
[[-111.70241547   30.60595703   28.62176514  -32.21466827]]
1
[[-43.77362823 -70.4550705  -63.65851974 -20.75234222]]
3
[[-111.70241547   30.60595703   28.62176514  -32.21466827]]
1
[[-43.77362823 -70.4550705  -63.65851974 -20.75234222]]
3
[[-111.70241547   30.60595703   28.62176514  -32.21466827]]
1
[[-43.77362823 -70.4550705  -63.65851974 -20.75234222]]
3
[[-111.70241547   30.60595703   28.62176514  -32.21466827]]
1
[[-43.77362823 -70.4550705  -63.65851974 -20.75234222]]
3
[[-111.70241547   30.60595703   28.62176514  -32.21466827]]
1
[[-43.77362823 -70.4550705  -63.65851974 -20.75234222]]
3
[[-111.70241547   30.60595703   28.62176514  -32.21466827]]
1
[[-43.77362823 -70.4550705  -63.65851974 -20.75234222]]
3
[[-111.70241547   30.60595703   28.62176514  -32.21466827]]
1
[[-43.77362823 -70.4550705  -63.65851974 -20.75234222]]
3
[[-111.70241547   30.60595703   28.62176514  -32.21466827]]
1
[[-43.77362823 -70.4550705  -63.65851974 -20.75234222]]
3
[[-111.70241547   30.60595703   28.62176514  -32.21466827]]
1
[[-43.77362823 -70.4550705  -63.65851974 -20.75234222]]
3
[[-111.70241547   30.60595703   28.62176514  -32.21466827]]
1
[[-43.77362823 -70.4550705  -63.65851974 -20.75234222]]
3
[[-111.70241547   30.60595703   28.62176514  -32.21466827]]
1
[[-43.77362823 -70.4550705  -63.65851974 -20.75234222]]
3
[[-111.70241547   30.60595703   28.62176514  -32.21466827]]
1
[[-43.77362823 -70.4550705  -63.65851974 -20.75234222]]
3
[[-111.70241547   30.60595703   28.62176514  -32.21466827]]
1
[[-43.77362823 -70.4550705  -63.65851974 -20.75234222]]
3
[[-111.70241547   30.60595703   28.62176514  -32.21466827]]
1
[[-43.77362823 -70.4550705  -63.65851974 -20.75234222]]
3
[[-111.70241547   30.60595703   28.62176514  -32.21466827]]
1
[[-43.77362823 -70.4550705  -63.65851974 -20.75234222]]
3
[[-111.70241547   30.60595703   28.62176514  -32.21466827]]
1
[[-43.77362823 -70.4550705  -63.65851974 -20.75234222]]
3
[[-111.70241547   30.60595703   28.62176514  -32.21466827]]
1
[[-43.77362823 -70.4550705  -63.65851974 -20.75234222]]
3
[[-111.70241547   30.60595703   28.62176514  -32.21466827]]
1
[[-43.77362823 -70.4550705  -63.65851974 -20.75234222]]
3
[[-111.70241547   30.60595703   28.62176514  -32.21466827]]
1
[[-43.77362823 -70.4550705  -63.65851974 -20.75234222]]
3
[[-111.70241547   30.60595703   28.62176514  -32.21466827]]
1
[[-43.77362823 -70.4550705  -63.65851974 -20.75234222]]
3
[[-111.70241547   30.60595703   28.62176514  -32.21466827]]
1
[[-43.77362823 -70.4550705  -63.65851974 -20.75234222]]
3
[[-111.70241547   30.60595703   28.62176514  -32.21466827]]
1
[[-43.77362823 -70.4550705  -63.65851974 -20.75234222]]
3
[[-111.70241547   30.60595703   28.62176514  -32.21466827]]
1
[[-43.77362823 -70.4550705  -63.65851974 -20.75234222]]
3
[[-111.70241547   30.60595703   28.62176514  -32.21466827]]
1
FAIL
6/8
