[[-37.7071228  -37.30330658 -36.29200745 -68.4067688 ]]
2
[[-38.02102661 -39.06131744 -44.65606689 -71.99460602]]
0
[[-37.7071228  -37.30330658 -36.29200745 -68.4067688 ]]
2
[[-38.02102661 -39.06131744 -44.65606689 -71.99460602]]
0
[[-37.7071228  -37.30330658 -36.29200745 -68.4067688 ]]
2
[[-38.02102661 -39.06131744 -44.65606689 -71.99460602]]
0
[[-37.7071228  -37.30330658 -36.29200745 -68.4067688 ]]
2
[[-38.02102661 -39.06131744 -44.65606689 -71.99460602]]
0
[[-37.7071228  -37.30330658 -36.29200745 -68.4067688 ]]
2
[[-38.02102661 -39.06131744 -44.65606689 -71.99460602]]
0
[[-37.7071228  -37.30330658 -36.29200745 -68.4067688 ]]
2
[[-38.02102661 -39.06131744 -44.65606689 -71.99460602]]
0
[[-37.7071228  -37.30330658 -36.29200745 -68.4067688 ]]
2
[[-38.02102661 -39.06131744 -44.65606689 -71.99460602]]
0
[[-37.7071228  -37.30330658 -36.29200745 -68.4067688 ]]
2
[[-38.02102661 -39.06131744 -44.65606689 -71.99460602]]
0
[[-37.7071228  -37.30330658 -36.29200745 -68.4067688 ]]
2
[[-38.02102661 -39.06131744 -44.65606689 -71.99460602]]
0
[[-37.7071228  -37.30330658 -36.29200745 -68.4067688 ]]
2
[[-38.02102661 -39.06131744 -44.65606689 -71.99460602]]
0
[[-37.7071228  -37.30330658 -36.29200745 -68.4067688 ]]
2
[[-38.02102661 -39.06131744 -44.65606689 -71.99460602]]
0
[[-37.7071228  -37.30330658 -36.29200745 -68.4067688 ]]
2
[[-38.02102661 -39.06131744 -44.65606689 -71.99460602]]
0
[[-37.7071228  -37.30330658 -36.29200745 -68.4067688 ]]
2
[[-38.02102661 -39.06131744 -44.65606689 -71.99460602]]
0
[[-37.7071228  -37.30330658 -36.29200745 -68.4067688 ]]
2
[[-38.02102661 -39.06131744 -44.65606689 -71.99460602]]
0
[[-37.7071228  -37.30330658 -36.29200745 -68.4067688 ]]
2
[[-38.02102661 -39.06131744 -44.65606689 -71.99460602]]
0
[[-37.7071228  -37.30330658 -36.29200745 -68.4067688 ]]
2
[[-38.02102661 -39.06131744 -44.65606689 -71.99460602]]
0
[[-37.7071228  -37.30330658 -36.29200745 -68.4067688 ]]
2
[[-38.02102661 -39.06131744 -44.65606689 -71.99460602]]
0
[[-37.7071228  -37.30330658 -36.29200745 -68.4067688 ]]
2
[[-38.02102661 -39.06131744 -44.65606689 -71.99460602]]
0
[[-37.7071228  -37.30330658 -36.29200745 -68.4067688 ]]
2
[[-38.02102661 -39.06131744 -44.65606689 -71.99460602]]
0
[[-37.7071228  -37.30330658 -36.29200745 -68.4067688 ]]
2
[[-38.02102661 -39.06131744 -44.65606689 -71.99460602]]
0
[[-37.7071228  -37.30330658 -36.29200745 -68.4067688 ]]
2
[[-38.02102661 -39.06131744 -44.65606689 -71.99460602]]
0
[[-37.7071228  -37.30330658 -36.29200745 -68.4067688 ]]
2
[[-38.02102661 -39.06131744 -44.65606689 -71.99460602]]
0
[[-37.7071228  -37.30330658 -36.29200745 -68.4067688 ]]
2
[[-38.02102661 -39.06131744 -44.65606689 -71.99460602]]
0
[[-37.7071228  -37.30330658 -36.29200745 -68.4067688 ]]
2
[[-38.02102661 -39.06131744 -44.65606689 -71.99460602]]
0
[[-37.7071228  -37.30330658 -36.29200745 -68.4067688 ]]
2
[[-38.02102661 -39.06131744 -44.65606689 -71.99460602]]
0
[[-37.7071228  -37.30330658 -36.29200745 -68.4067688 ]]
2
[[-38.02102661 -39.06131744 -44.65606689 -71.99460602]]
0
[[-37.7071228  -37.30330658 -36.29200745 -68.4067688 ]]
2
[[-38.02102661 -39.06131744 -44.65606689 -71.99460602]]
0
[[-37.7071228  -37.30330658 -36.29200745 -68.4067688 ]]
2
[[-38.02102661 -39.06131744 -44.65606689 -71.99460602]]
0
[[-37.7071228  -37.30330658 -36.29200745 -68.4067688 ]]
2
[[-38.02102661 -39.06131744 -44.65606689 -71.99460602]]
0
[[-37.7071228  -37.30330658 -36.29200745 -68.4067688 ]]
2
[[-38.02102661 -39.06131744 -44.65606689 -71.99460602]]
0
[[-37.7071228  -37.30330658 -36.29200745 -68.4067688 ]]
2
[[-38.02102661 -39.06131744 -44.65606689 -71.99460602]]
0
[[-37.7071228  -37.30330658 -36.29200745 -68.4067688 ]]
2
[[-38.02102661 -39.06131744 -44.65606689 -71.99460602]]
0
[[-37.7071228  -37.30330658 -36.29200745 -68.4067688 ]]
2
[[-38.02102661 -39.06131744 -44.65606689 -71.99460602]]
0
[[-37.7071228  -37.30330658 -36.29200745 -68.4067688 ]]
2
[[-38.02102661 -39.06131744 -44.65606689 -71.99460602]]
0
[[-37.7071228  -37.30330658 -36.29200745 -68.4067688 ]]
2
[[-38.02102661 -39.06131744 -44.65606689 -71.99460602]]
0
[[-37.7071228  -37.30330658 -36.29200745 -68.4067688 ]]
2
[[-38.02102661 -39.06131744 -44.65606689 -71.99460602]]
0
[[-37.7071228  -37.30330658 -36.29200745 -68.4067688 ]]
2
[[-38.02102661 -39.06131744 -44.65606689 -71.99460602]]
0
[[-37.7071228  -37.30330658 -36.29200745 -68.4067688 ]]
2
[[-38.02102661 -39.06131744 -44.65606689 -71.99460602]]
0
[[-37.7071228  -37.30330658 -36.29200745 -68.4067688 ]]
2
[[-38.02102661 -39.06131744 -44.65606689 -71.99460602]]
0
[[-37.7071228  -37.30330658 -36.29200745 -68.4067688 ]]
2
[[-38.02102661 -39.06131744 -44.65606689 -71.99460602]]
0
[[-37.7071228  -37.30330658 -36.29200745 -68.4067688 ]]
2
[[-38.02102661 -39.06131744 -44.65606689 -71.99460602]]
0
[[-37.7071228  -37.30330658 -36.29200745 -68.4067688 ]]
2
[[-38.02102661 -39.06131744 -44.65606689 -71.99460602]]
0
[[-37.7071228  -37.30330658 -36.29200745 -68.4067688 ]]
2
[[-38.02102661 -39.06131744 -44.65606689 -71.99460602]]
0
[[-37.7071228  -37.30330658 -36.29200745 -68.4067688 ]]
2
[[-38.02102661 -39.06131744 -44.65606689 -71.99460602]]
0
[[-37.7071228  -37.30330658 -36.29200745 -68.4067688 ]]
2
[[-38.02102661 -39.06131744 -44.65606689 -71.99460602]]
0
[[-37.7071228  -37.30330658 -36.29200745 -68.4067688 ]]
2
[[-38.02102661 -39.06131744 -44.65606689 -71.99460602]]
0
[[-37.7071228  -37.30330658 -36.29200745 -68.4067688 ]]
2
[[-38.02102661 -39.06131744 -44.65606689 -71.99460602]]
0
[[-37.7071228  -37.30330658 -36.29200745 -68.4067688 ]]
2
[[-38.02102661 -39.06131744 -44.65606689 -71.99460602]]
0
[[-37.7071228  -37.30330658 -36.29200745 -68.4067688 ]]
2
[[-38.02102661 -39.06131744 -44.65606689 -71.99460602]]
0
[[-37.7071228  -37.30330658 -36.29200745 -68.4067688 ]]
2
[[-38.02102661 -39.06131744 -44.65606689 -71.99460602]]
0
[[-37.7071228  -37.30330658 -36.29200745 -68.4067688 ]]
2
FAIL
0/9
