[[-25.86641884 -27.04966927 -41.5072937  -72.90487671]]
0
[[-30.25635529 -34.01093292 -18.67909431 -68.49493408]]
2
[[-25.86641884 -27.04966927 -41.5072937  -72.90487671]]
0
[[-30.25635529 -34.01093292 -18.67909431 -68.49493408]]
2
[[-25.86641884 -27.04966927 -41.5072937  -72.90487671]]
0
[[-30.25635529 -34.01093292 -18.67909431 -68.49493408]]
2
[[-25.86641884 -27.04966927 -41.5072937  -72.90487671]]
0
[[-30.25635529 -34.01093292 -18.67909431 -68.49493408]]
2
[[-25.86641884 -27.04966927 -41.5072937  -72.90487671]]
0
[[-30.25635529 -34.01093292 -18.67909431 -68.49493408]]
2
[[-25.86641884 -27.04966927 -41.5072937  -72.90487671]]
0
[[-30.25635529 -34.01093292 -18.67909431 -68.49493408]]
2
[[-25.86641884 -27.04966927 -41.5072937  -72.90487671]]
0
[[-30.25635529 -34.01093292 -18.67909431 -68.49493408]]
2
[[-25.86641884 -27.04966927 -41.5072937  -72.90487671]]
0
[[-30.25635529 -34.01093292 -18.67909431 -68.49493408]]
2
[[-25.86641884 -27.04966927 -41.5072937  -72.90487671]]
0
[[-30.25635529 -34.01093292 -18.67909431 -68.49493408]]
2
[[-25.86641884 -27.04966927 -41.5072937  -72.90487671]]
0
[[-30.25635529 -34.01093292 -18.67909431 -68.49493408]]
2
[[-25.86641884 -27.04966927 -41.5072937  -72.90487671]]
0
[[-30.25635529 -34.01093292 -18.67909431 -68.49493408]]
2
[[-25.86641884 -27.04966927 -41.5072937  -72.90487671]]
0
[[-30.25635529 -34.01093292 -18.67909431 -68.49493408]]
2
[[-25.86641884 -27.04966927 -41.5072937  -72.90487671]]
0
[[-30.25635529 -34.01093292 -18.67909431 -68.49493408]]
2
[[-25.86641884 -27.04966927 -41.5072937  -72.90487671]]
0
[[-30.25635529 -34.01093292 -18.67909431 -68.49493408]]
2
[[-25.86641884 -27.04966927 -41.5072937  -72.90487671]]
0
[[-30.25635529 -34.01093292 -18.67909431 -68.49493408]]
2
[[-25.86641884 -27.04966927 -41.5072937  -72.90487671]]
0
[[-30.25635529 -34.01093292 -18.67909431 -68.49493408]]
2
[[-25.86641884 -27.04966927 -41.5072937  -72.90487671]]
0
[[-30.25635529 -34.01093292 -18.67909431 -68.49493408]]
2
[[-25.86641884 -27.04966927 -41.5072937  -72.90487671]]
0
[[-30.25635529 -34.01093292 -18.67909431 -68.49493408]]
2
[[-25.86641884 -27.04966927 -41.5072937  -72.90487671]]
0
[[-30.25635529 -34.01093292 -18.67909431 -68.49493408]]
2
[[-25.86641884 -27.04966927 -41.5072937  -72.90487671]]
0
[[-30.25635529 -34.01093292 -18.67909431 -68.49493408]]
2
[[-25.86641884 -27.04966927 -41.5072937  -72.90487671]]
0
[[-30.25635529 -34.01093292 -18.67909431 -68.49493408]]
2
[[-25.86641884 -27.04966927 -41.5072937  -72.90487671]]
0
[[-30.25635529 -34.01093292 -18.67909431 -68.49493408]]
2
[[-25.86641884 -27.04966927 -41.5072937  -72.90487671]]
0
[[-30.25635529 -34.01093292 -18.67909431 -68.49493408]]
2
[[-25.86641884 -27.04966927 -41.5072937  -72.90487671]]
0
[[-30.25635529 -34.01093292 -18.67909431 -68.49493408]]
2
[[-25.86641884 -27.04966927 -41.5072937  -72.90487671]]
0
[[-30.25635529 -34.01093292 -18.67909431 -68.49493408]]
2
[[-25.86641884 -27.04966927 -41.5072937  -72.90487671]]
0
[[-30.25635529 -34.01093292 -18.67909431 -68.49493408]]
2
[[-25.86641884 -27.04966927 -41.5072937  -72.90487671]]
0
[[-30.25635529 -34.01093292 -18.67909431 -68.49493408]]
2
[[-25.86641884 -27.04966927 -41.5072937  -72.90487671]]
0
[[-30.25635529 -34.01093292 -18.67909431 -68.49493408]]
2
[[-25.86641884 -27.04966927 -41.5072937  -72.90487671]]
0
[[-30.25635529 -34.01093292 -18.67909431 -68.49493408]]
2
[[-25.86641884 -27.04966927 -41.5072937  -72.90487671]]
0
[[-30.25635529 -34.01093292 -18.67909431 -68.49493408]]
2
[[-25.86641884 -27.04966927 -41.5072937  -72.90487671]]
0
[[-30.25635529 -34.01093292 -18.67909431 -68.49493408]]
2
[[-25.86641884 -27.04966927 -41.5072937  -72.90487671]]
0
[[-30.25635529 -34.01093292 -18.67909431 -68.49493408]]
2
[[-25.86641884 -27.04966927 -41.5072937  -72.90487671]]
0
[[-30.25635529 -34.01093292 -18.67909431 -68.49493408]]
2
[[-25.86641884 -27.04966927 -41.5072937  -72.90487671]]
0
[[-30.25635529 -34.01093292 -18.67909431 -68.49493408]]
2
[[-25.86641884 -27.04966927 -41.5072937  -72.90487671]]
0
[[-30.25635529 -34.01093292 -18.67909431 -68.49493408]]
2
[[-25.86641884 -27.04966927 -41.5072937  -72.90487671]]
0
[[-30.25635529 -34.01093292 -18.67909431 -68.49493408]]
2
[[-25.86641884 -27.04966927 -41.5072937  -72.90487671]]
0
[[-30.25635529 -34.01093292 -18.67909431 -68.49493408]]
2
[[-25.86641884 -27.04966927 -41.5072937  -72.90487671]]
0
[[-30.25635529 -34.01093292 -18.67909431 -68.49493408]]
2
[[-25.86641884 -27.04966927 -41.5072937  -72.90487671]]
0
[[-30.25635529 -34.01093292 -18.67909431 -68.49493408]]
2
[[-25.86641884 -27.04966927 -41.5072937  -72.90487671]]
0
[[-30.25635529 -34.01093292 -18.67909431 -68.49493408]]
2
[[-25.86641884 -27.04966927 -41.5072937  -72.90487671]]
0
[[-30.25635529 -34.01093292 -18.67909431 -68.49493408]]
2
[[-25.86641884 -27.04966927 -41.5072937  -72.90487671]]
0
[[-30.25635529 -34.01093292 -18.67909431 -68.49493408]]
2
[[-25.86641884 -27.04966927 -41.5072937  -72.90487671]]
0
[[-30.25635529 -34.01093292 -18.67909431 -68.49493408]]
2
[[-25.86641884 -27.04966927 -41.5072937  -72.90487671]]
0
[[-30.25635529 -34.01093292 -18.67909431 -68.49493408]]
2
[[-25.86641884 -27.04966927 -41.5072937  -72.90487671]]
0
[[-30.25635529 -34.01093292 -18.67909431 -68.49493408]]
2
[[-25.86641884 -27.04966927 -41.5072937  -72.90487671]]
0
[[-30.25635529 -34.01093292 -18.67909431 -68.49493408]]
2
[[-25.86641884 -27.04966927 -41.5072937  -72.90487671]]
0
[[-30.25635529 -34.01093292 -18.67909431 -68.49493408]]
2
[[-25.86641884 -27.04966927 -41.5072937  -72.90487671]]
0
[[-30.25635529 -34.01093292 -18.67909431 -68.49493408]]
2
[[-25.86641884 -27.04966927 -41.5072937  -72.90487671]]
0
[[-30.25635529 -34.01093292 -18.67909431 -68.49493408]]
2
[[-25.86641884 -27.04966927 -41.5072937  -72.90487671]]
0
[[-30.25635529 -34.01093292 -18.67909431 -68.49493408]]
2
[[-25.86641884 -27.04966927 -41.5072937  -72.90487671]]
0
FAIL
1/19
