[[-139.49511719  -64.51159668   -9.26525879 -162.6413269 ]]
2
[[ -6.30467033 -18.07809067  -4.11024284 -83.71760559]]
2
[[ -8.84428596   0.19256783 -25.53845978 -66.18602753]]
1
[[-103.6129303  -112.39440918 -129.07286072  -37.17969513]]
3
[[ -8.84428596   0.19256783 -25.53845978 -66.18602753]]
1
[[-103.6129303  -112.39440918 -129.07286072  -37.17969513]]
3
[[ -8.84428596   0.19256783 -25.53845978 -66.18602753]]
1
[[-103.6129303  -112.39440918 -129.07286072  -37.17969513]]
3
[[ -8.84428596   0.19256783 -25.53845978 -66.18602753]]
1
[[-103.6129303  -112.39440918 -129.07286072  -37.17969513]]
3
[[ -8.84428596   0.19256783 -25.53845978 -66.18602753]]
1
[[-103.6129303  -112.39440918 -129.07286072  -37.17969513]]
3
[[ -8.84428596   0.19256783 -25.53845978 -66.18602753]]
1
[[-103.6129303  -112.39440918 -129.07286072  -37.17969513]]
3
[[ -8.84428596   0.19256783 -25.53845978 -66.18602753]]
1
[[-103.6129303  -112.39440918 -129.07286072  -37.17969513]]
3
[[ -8.84428596   0.19256783 -25.53845978 -66.18602753]]
1
[[-103.6129303  -112.39440918 -129.07286072  -37.17969513]]
3
[[ -8.84428596   0.19256783 -25.53845978 -66.18602753]]
1
[[-103.6129303  -112.39440918 -129.07286072  -37.17969513]]
3
[[ -8.84428596   0.19256783 -25.53845978 -66.18602753]]
1
[[-103.6129303  -112.39440918 -129.07286072  -37.17969513]]
3
[[ -8.84428596   0.19256783 -25.53845978 -66.18602753]]
1
[[-103.6129303  -112.39440918 -129.07286072  -37.17969513]]
3
[[ -8.84428596   0.19256783 -25.53845978 -66.18602753]]
1
[[-103.6129303  -112.39440918 -129.07286072  -37.17969513]]
3
[[ -8.84428596   0.19256783 -25.53845978 -66.18602753]]
1
[[-103.6129303  -112.39440918 -129.07286072  -37.17969513]]
3
[[ -8.84428596   0.19256783 -25.53845978 -66.18602753]]
1
[[-103.6129303  -112.39440918 -129.07286072  -37.17969513]]
3
[[ -8.84428596   0.19256783 -25.53845978 -66.18602753]]
1
[[-103.6129303  -112.39440918 -129.07286072  -37.17969513]]
3
[[ -8.84428596   0.19256783 -25.53845978 -66.18602753]]
1
[[-103.6129303  -112.39440918 -129.07286072  -37.17969513]]
3
[[ -8.84428596   0.19256783 -25.53845978 -66.18602753]]
1
[[-103.6129303  -112.39440918 -129.07286072  -37.17969513]]
3
[[ -8.84428596   0.19256783 -25.53845978 -66.18602753]]
1
[[-103.6129303  -112.39440918 -129.07286072  -37.17969513]]
3
[[ -8.84428596   0.19256783 -25.53845978 -66.18602753]]
1
[[-103.6129303  -112.39440918 -129.07286072  -37.17969513]]
3
[[ -8.84428596   0.19256783 -25.53845978 -66.18602753]]
1
[[-103.6129303  -112.39440918 -129.07286072  -37.17969513]]
3
[[ -8.84428596   0.19256783 -25.53845978 -66.18602753]]
1
[[-103.6129303  -112.39440918 -129.07286072  -37.17969513]]
3
[[ -8.84428596   0.19256783 -25.53845978 -66.18602753]]
1
[[-103.6129303  -112.39440918 -129.07286072  -37.17969513]]
3
[[ -8.84428596   0.19256783 -25.53845978 -66.18602753]]
1
[[-103.6129303  -112.39440918 -129.07286072  -37.17969513]]
3
[[ -8.84428596   0.19256783 -25.53845978 -66.18602753]]
1
[[-103.6129303  -112.39440918 -129.07286072  -37.17969513]]
3
[[ -8.84428596   0.19256783 -25.53845978 -66.18602753]]
1
[[-103.6129303  -112.39440918 -129.07286072  -37.17969513]]
3
[[ -8.84428596   0.19256783 -25.53845978 -66.18602753]]
1
[[-103.6129303  -112.39440918 -129.07286072  -37.17969513]]
3
[[ -8.84428596   0.19256783 -25.53845978 -66.18602753]]
1
[[-103.6129303  -112.39440918 -129.07286072  -37.17969513]]
3
[[ -8.84428596   0.19256783 -25.53845978 -66.18602753]]
1
[[-103.6129303  -112.39440918 -129.07286072  -37.17969513]]
3
[[ -8.84428596   0.19256783 -25.53845978 -66.18602753]]
1
[[-103.6129303  -112.39440918 -129.07286072  -37.17969513]]
3
[[ -8.84428596   0.19256783 -25.53845978 -66.18602753]]
1
[[-103.6129303  -112.39440918 -129.07286072  -37.17969513]]
3
[[ -8.84428596   0.19256783 -25.53845978 -66.18602753]]
1
[[-103.6129303  -112.39440918 -129.07286072  -37.17969513]]
3
[[ -8.84428596   0.19256783 -25.53845978 -66.18602753]]
1
[[-103.6129303  -112.39440918 -129.07286072  -37.17969513]]
3
[[ -8.84428596   0.19256783 -25.53845978 -66.18602753]]
1
[[-103.6129303  -112.39440918 -129.07286072  -37.17969513]]
3
[[ -8.84428596   0.19256783 -25.53845978 -66.18602753]]
1
[[-103.6129303  -112.39440918 -129.07286072  -37.17969513]]
3
[[ -8.84428596   0.19256783 -25.53845978 -66.18602753]]
1
[[-103.6129303  -112.39440918 -129.07286072  -37.17969513]]
3
[[ -8.84428596   0.19256783 -25.53845978 -66.18602753]]
1
[[-103.6129303  -112.39440918 -129.07286072  -37.17969513]]
3
[[ -8.84428596   0.19256783 -25.53845978 -66.18602753]]
1
[[-103.6129303  -112.39440918 -129.07286072  -37.17969513]]
3
[[ -8.84428596   0.19256783 -25.53845978 -66.18602753]]
1
[[-103.6129303  -112.39440918 -129.07286072  -37.17969513]]
3
[[ -8.84428596   0.19256783 -25.53845978 -66.18602753]]
1
[[-103.6129303  -112.39440918 -129.07286072  -37.17969513]]
3
[[ -8.84428596   0.19256783 -25.53845978 -66.18602753]]
1
[[-103.6129303  -112.39440918 -129.07286072  -37.17969513]]
3
[[ -8.84428596   0.19256783 -25.53845978 -66.18602753]]
1
[[-103.6129303  -112.39440918 -129.07286072  -37.17969513]]
3
[[ -8.84428596   0.19256783 -25.53845978 -66.18602753]]
1
[[-103.6129303  -112.39440918 -129.07286072  -37.17969513]]
3
[[ -8.84428596   0.19256783 -25.53845978 -66.18602753]]
1
[[-103.6129303  -112.39440918 -129.07286072  -37.17969513]]
3
[[ -8.84428596   0.19256783 -25.53845978 -66.18602753]]
1
[[-103.6129303  -112.39440918 -129.07286072  -37.17969513]]
3
[[ -8.84428596   0.19256783 -25.53845978 -66.18602753]]
1
[[-103.6129303  -112.39440918 -129.07286072  -37.17969513]]
3
[[ -8.84428596   0.19256783 -25.53845978 -66.18602753]]
1
[[-103.6129303  -112.39440918 -129.07286072  -37.17969513]]
3
[[ -8.84428596   0.19256783 -25.53845978 -66.18602753]]
1
[[-103.6129303  -112.39440918 -129.07286072  -37.17969513]]
3
[[ -8.84428596   0.19256783 -25.53845978 -66.18602753]]
1
[[-103.6129303  -112.39440918 -129.07286072  -37.17969513]]
3
[[ -8.84428596   0.19256783 -25.53845978 -66.18602753]]
1
[[-103.6129303  -112.39440918 -129.07286072  -37.17969513]]
3
[[ -8.84428596   0.19256783 -25.53845978 -66.18602753]]
1
FAIL
2/31
