[[-26.10420418 -29.68967628 -44.25528717 -75.07379913]]
0
[[-30.06714821 -37.1733017  -19.31241798 -70.26916504]]
2
[[-26.10420418 -29.68967628 -44.25528717 -75.07379913]]
0
[[-30.06714821 -37.1733017  -19.31241798 -70.26916504]]
2
[[-26.10420418 -29.68967628 -44.25528717 -75.07379913]]
0
[[-30.06714821 -37.1733017  -19.31241798 -70.26916504]]
2
[[-26.10420418 -29.68967628 -44.25528717 -75.07379913]]
0
[[-30.06714821 -37.1733017  -19.31241798 -70.26916504]]
2
[[-26.10420418 -29.68967628 -44.25528717 -75.07379913]]
0
[[-30.06714821 -37.1733017  -19.31241798 -70.26916504]]
2
[[-26.10420418 -29.68967628 -44.25528717 -75.07379913]]
0
[[-30.06714821 -37.1733017  -19.31241798 -70.26916504]]
2
[[-26.10420418 -29.68967628 -44.25528717 -75.07379913]]
0
[[-30.06714821 -37.1733017  -19.31241798 -70.26916504]]
2
[[-26.10420418 -29.68967628 -44.25528717 -75.07379913]]
0
[[-30.06714821 -37.1733017  -19.31241798 -70.26916504]]
2
[[-26.10420418 -29.68967628 -44.25528717 -75.07379913]]
0
[[-30.06714821 -37.1733017  -19.31241798 -70.26916504]]
2
[[-26.10420418 -29.68967628 -44.25528717 -75.07379913]]
0
[[-30.06714821 -37.1733017  -19.31241798 -70.26916504]]
2
[[-26.10420418 -29.68967628 -44.25528717 -75.07379913]]
0
[[-30.06714821 -37.1733017  -19.31241798 -70.26916504]]
2
[[-26.10420418 -29.68967628 -44.25528717 -75.07379913]]
0
[[-30.06714821 -37.1733017  -19.31241798 -70.26916504]]
2
[[-26.10420418 -29.68967628 -44.25528717 -75.07379913]]
0
[[-30.06714821 -37.1733017  -19.31241798 -70.26916504]]
2
[[-26.10420418 -29.68967628 -44.25528717 -75.07379913]]
0
[[-30.06714821 -37.1733017  -19.31241798 -70.26916504]]
2
[[-26.10420418 -29.68967628 -44.25528717 -75.07379913]]
0
[[-30.06714821 -37.1733017  -19.31241798 -70.26916504]]
2
[[-26.10420418 -29.68967628 -44.25528717 -75.07379913]]
0
[[-30.06714821 -37.1733017  -19.31241798 -70.26916504]]
2
[[-26.10420418 -29.68967628 -44.25528717 -75.07379913]]
0
[[-30.06714821 -37.1733017  -19.31241798 -70.26916504]]
2
[[-26.10420418 -29.68967628 -44.25528717 -75.07379913]]
0
[[-30.06714821 -37.1733017  -19.31241798 -70.26916504]]
2
[[-26.10420418 -29.68967628 -44.25528717 -75.07379913]]
0
[[-30.06714821 -37.1733017  -19.31241798 -70.26916504]]
2
[[-26.10420418 -29.68967628 -44.25528717 -75.07379913]]
0
[[-30.06714821 -37.1733017  -19.31241798 -70.26916504]]
2
[[-26.10420418 -29.68967628 -44.25528717 -75.07379913]]
0
[[-30.06714821 -37.1733017  -19.31241798 -70.26916504]]
2
[[-26.10420418 -29.68967628 -44.25528717 -75.07379913]]
0
[[-30.06714821 -37.1733017  -19.31241798 -70.26916504]]
2
[[-26.10420418 -29.68967628 -44.25528717 -75.07379913]]
0
[[-30.06714821 -37.1733017  -19.31241798 -70.26916504]]
2
[[-26.10420418 -29.68967628 -44.25528717 -75.07379913]]
0
[[-30.06714821 -37.1733017  -19.31241798 -70.26916504]]
2
[[-26.10420418 -29.68967628 -44.25528717 -75.07379913]]
0
[[-30.06714821 -37.1733017  -19.31241798 -70.26916504]]
2
[[-26.10420418 -29.68967628 -44.25528717 -75.07379913]]
0
[[-30.06714821 -37.1733017  -19.31241798 -70.26916504]]
2
[[-26.10420418 -29.68967628 -44.25528717 -75.07379913]]
0
[[-30.06714821 -37.1733017  -19.31241798 -70.26916504]]
2
[[-26.10420418 -29.68967628 -44.25528717 -75.07379913]]
0
[[-30.06714821 -37.1733017  -19.31241798 -70.26916504]]
2
[[-26.10420418 -29.68967628 -44.25528717 -75.07379913]]
0
[[-30.06714821 -37.1733017  -19.31241798 -70.26916504]]
2
[[-26.10420418 -29.68967628 -44.25528717 -75.07379913]]
0
[[-30.06714821 -37.1733017  -19.31241798 -70.26916504]]
2
[[-26.10420418 -29.68967628 -44.25528717 -75.07379913]]
0
[[-30.06714821 -37.1733017  -19.31241798 -70.26916504]]
2
[[-26.10420418 -29.68967628 -44.25528717 -75.07379913]]
0
[[-30.06714821 -37.1733017  -19.31241798 -70.26916504]]
2
[[-26.10420418 -29.68967628 -44.25528717 -75.07379913]]
0
[[-30.06714821 -37.1733017  -19.31241798 -70.26916504]]
2
[[-26.10420418 -29.68967628 -44.25528717 -75.07379913]]
0
[[-30.06714821 -37.1733017  -19.31241798 -70.26916504]]
2
[[-26.10420418 -29.68967628 -44.25528717 -75.07379913]]
0
[[-30.06714821 -37.1733017  -19.31241798 -70.26916504]]
2
[[-26.10420418 -29.68967628 -44.25528717 -75.07379913]]
0
[[-30.06714821 -37.1733017  -19.31241798 -70.26916504]]
2
[[-26.10420418 -29.68967628 -44.25528717 -75.07379913]]
0
[[-30.06714821 -37.1733017  -19.31241798 -70.26916504]]
2
[[-26.10420418 -29.68967628 -44.25528717 -75.07379913]]
0
[[-30.06714821 -37.1733017  -19.31241798 -70.26916504]]
2
[[-26.10420418 -29.68967628 -44.25528717 -75.07379913]]
0
[[-30.06714821 -37.1733017  -19.31241798 -70.26916504]]
2
[[-26.10420418 -29.68967628 -44.25528717 -75.07379913]]
0
[[-30.06714821 -37.1733017  -19.31241798 -70.26916504]]
2
[[-26.10420418 -29.68967628 -44.25528717 -75.07379913]]
0
[[-30.06714821 -37.1733017  -19.31241798 -70.26916504]]
2
[[-26.10420418 -29.68967628 -44.25528717 -75.07379913]]
0
[[-30.06714821 -37.1733017  -19.31241798 -70.26916504]]
2
[[-26.10420418 -29.68967628 -44.25528717 -75.07379913]]
0
[[-30.06714821 -37.1733017  -19.31241798 -70.26916504]]
2
[[-26.10420418 -29.68967628 -44.25528717 -75.07379913]]
0
[[-30.06714821 -37.1733017  -19.31241798 -70.26916504]]
2
[[-26.10420418 -29.68967628 -44.25528717 -75.07379913]]
0
[[-30.06714821 -37.1733017  -19.31241798 -70.26916504]]
2
[[-26.10420418 -29.68967628 -44.25528717 -75.07379913]]
0
[[-30.06714821 -37.1733017  -19.31241798 -70.26916504]]
2
[[-26.10420418 -29.68967628 -44.25528717 -75.07379913]]
0
[[-30.06714821 -37.1733017  -19.31241798 -70.26916504]]
2
[[-26.10420418 -29.68967628 -44.25528717 -75.07379913]]
0
[[-30.06714821 -37.1733017  -19.31241798 -70.26916504]]
2
[[-26.10420418 -29.68967628 -44.25528717 -75.07379913]]
0
[[-30.06714821 -37.1733017  -19.31241798 -70.26916504]]
2
[[-26.10420418 -29.68967628 -44.25528717 -75.07379913]]
0
[[-30.06714821 -37.1733017  -19.31241798 -70.26916504]]
2
[[-26.10420418 -29.68967628 -44.25528717 -75.07379913]]
0
FAIL
1/19
