[[-39.22450256 -41.54228973 -38.88758087 -69.74775696]]
2
[[-38.88539124 -42.53871918 -47.65078735 -73.60790253]]
0
[[-39.22450256 -41.54228973 -38.88758087 -69.74775696]]
2
[[-38.88539124 -42.53871918 -47.65078735 -73.60790253]]
0
[[-39.22450256 -41.54228973 -38.88758087 -69.74775696]]
2
[[-38.88539124 -42.53871918 -47.65078735 -73.60790253]]
0
[[-39.22450256 -41.54228973 -38.88758087 -69.74775696]]
2
[[-38.88539124 -42.53871918 -47.65078735 -73.60790253]]
0
[[-39.22450256 -41.54228973 -38.88758087 -69.74775696]]
2
[[-38.88539124 -42.53871918 -47.65078735 -73.60790253]]
0
[[-39.22450256 -41.54228973 -38.88758087 -69.74775696]]
2
[[-38.88539124 -42.53871918 -47.65078735 -73.60790253]]
0
[[-39.22450256 -41.54228973 -38.88758087 -69.74775696]]
2
[[-38.88539124 -42.53871918 -47.65078735 -73.60790253]]
0
[[-39.22450256 -41.54228973 -38.88758087 -69.74775696]]
2
[[-38.88539124 -42.53871918 -47.65078735 -73.60790253]]
0
[[-39.22450256 -41.54228973 -38.88758087 -69.74775696]]
2
[[-38.88539124 -42.53871918 -47.65078735 -73.60790253]]
0
[[-39.22450256 -41.54228973 -38.88758087 -69.74775696]]
2
[[-38.88539124 -42.53871918 -47.65078735 -73.60790253]]
0
[[-39.22450256 -41.54228973 -38.88758087 -69.74775696]]
2
[[-38.88539124 -42.53871918 -47.65078735 -73.60790253]]
0
[[-39.22450256 -41.54228973 -38.88758087 -69.74775696]]
2
[[-38.88539124 -42.53871918 -47.65078735 -73.60790253]]
0
[[-39.22450256 -41.54228973 -38.88758087 -69.74775696]]
2
[[-38.88539124 -42.53871918 -47.65078735 -73.60790253]]
0
[[-39.22450256 -41.54228973 -38.88758087 -69.74775696]]
2
[[-38.88539124 -42.53871918 -47.65078735 -73.60790253]]
0
[[-39.22450256 -41.54228973 -38.88758087 -69.74775696]]
2
[[-38.88539124 -42.53871918 -47.65078735 -73.60790253]]
0
[[-39.22450256 -41.54228973 -38.88758087 -69.74775696]]
2
[[-38.88539124 -42.53871918 -47.65078735 -73.60790253]]
0
[[-39.22450256 -41.54228973 -38.88758087 -69.74775696]]
2
[[-38.88539124 -42.53871918 -47.65078735 -73.60790253]]
0
[[-39.22450256 -41.54228973 -38.88758087 -69.74775696]]
2
[[-38.88539124 -42.53871918 -47.65078735 -73.60790253]]
0
[[-39.22450256 -41.54228973 -38.88758087 -69.74775696]]
2
[[-38.88539124 -42.53871918 -47.65078735 -73.60790253]]
0
[[-39.22450256 -41.54228973 -38.88758087 -69.74775696]]
2
[[-38.88539124 -42.53871918 -47.65078735 -73.60790253]]
0
[[-39.22450256 -41.54228973 -38.88758087 -69.74775696]]
2
[[-38.88539124 -42.53871918 -47.65078735 -73.60790253]]
0
[[-39.22450256 -41.54228973 -38.88758087 -69.74775696]]
2
[[-38.88539124 -42.53871918 -47.65078735 -73.60790253]]
0
[[-39.22450256 -41.54228973 -38.88758087 -69.74775696]]
2
[[-38.88539124 -42.53871918 -47.65078735 -73.60790253]]
0
[[-39.22450256 -41.54228973 -38.88758087 -69.74775696]]
2
[[-38.88539124 -42.53871918 -47.65078735 -73.60790253]]
0
[[-39.22450256 -41.54228973 -38.88758087 -69.74775696]]
2
[[-38.88539124 -42.53871918 -47.65078735 -73.60790253]]
0
[[-39.22450256 -41.54228973 -38.88758087 -69.74775696]]
2
[[-38.88539124 -42.53871918 -47.65078735 -73.60790253]]
0
[[-39.22450256 -41.54228973 -38.88758087 -69.74775696]]
2
[[-38.88539124 -42.53871918 -47.65078735 -73.60790253]]
0
[[-39.22450256 -41.54228973 -38.88758087 -69.74775696]]
2
[[-38.88539124 -42.53871918 -47.65078735 -73.60790253]]
0
[[-39.22450256 -41.54228973 -38.88758087 -69.74775696]]
2
[[-38.88539124 -42.53871918 -47.65078735 -73.60790253]]
0
[[-39.22450256 -41.54228973 -38.88758087 -69.74775696]]
2
[[-38.88539124 -42.53871918 -47.65078735 -73.60790253]]
0
[[-39.22450256 -41.54228973 -38.88758087 -69.74775696]]
2
[[-38.88539124 -42.53871918 -47.65078735 -73.60790253]]
0
[[-39.22450256 -41.54228973 -38.88758087 -69.74775696]]
2
[[-38.88539124 -42.53871918 -47.65078735 -73.60790253]]
0
[[-39.22450256 -41.54228973 -38.88758087 -69.74775696]]
2
[[-38.88539124 -42.53871918 -47.65078735 -73.60790253]]
0
[[-39.22450256 -41.54228973 -38.88758087 -69.74775696]]
2
[[-38.88539124 -42.53871918 -47.65078735 -73.60790253]]
0
[[-39.22450256 -41.54228973 -38.88758087 -69.74775696]]
2
[[-38.88539124 -42.53871918 -47.65078735 -73.60790253]]
0
[[-39.22450256 -41.54228973 -38.88758087 -69.74775696]]
2
[[-38.88539124 -42.53871918 -47.65078735 -73.60790253]]
0
[[-39.22450256 -41.54228973 -38.88758087 -69.74775696]]
2
[[-38.88539124 -42.53871918 -47.65078735 -73.60790253]]
0
[[-39.22450256 -41.54228973 -38.88758087 -69.74775696]]
2
[[-38.88539124 -42.53871918 -47.65078735 -73.60790253]]
0
[[-39.22450256 -41.54228973 -38.88758087 -69.74775696]]
2
[[-38.88539124 -42.53871918 -47.65078735 -73.60790253]]
0
[[-39.22450256 -41.54228973 -38.88758087 -69.74775696]]
2
[[-38.88539124 -42.53871918 -47.65078735 -73.60790253]]
0
[[-39.22450256 -41.54228973 -38.88758087 -69.74775696]]
2
[[-38.88539124 -42.53871918 -47.65078735 -73.60790253]]
0
[[-39.22450256 -41.54228973 -38.88758087 -69.74775696]]
2
[[-38.88539124 -42.53871918 -47.65078735 -73.60790253]]
0
[[-39.22450256 -41.54228973 -38.88758087 -69.74775696]]
2
[[-38.88539124 -42.53871918 -47.65078735 -73.60790253]]
0
[[-39.22450256 -41.54228973 -38.88758087 -69.74775696]]
2
[[-38.88539124 -42.53871918 -47.65078735 -73.60790253]]
0
[[-39.22450256 -41.54228973 -38.88758087 -69.74775696]]
2
[[-38.88539124 -42.53871918 -47.65078735 -73.60790253]]
0
[[-39.22450256 -41.54228973 -38.88758087 -69.74775696]]
2
[[-38.88539124 -42.53871918 -47.65078735 -73.60790253]]
0
[[-39.22450256 -41.54228973 -38.88758087 -69.74775696]]
2
[[-38.88539124 -42.53871918 -47.65078735 -73.60790253]]
0
[[-39.22450256 -41.54228973 -38.88758087 -69.74775696]]
2
[[-38.88539124 -42.53871918 -47.65078735 -73.60790253]]
0
[[-39.22450256 -41.54228973 -38.88758087 -69.74775696]]
2
[[-38.88539124 -42.53871918 -47.65078735 -73.60790253]]
0
[[-39.22450256 -41.54228973 -38.88758087 -69.74775696]]
2
[[-38.88539124 -42.53871918 -47.65078735 -73.60790253]]
0
[[-39.22450256 -41.54228973 -38.88758087 -69.74775696]]
2
FAIL
0/9
