[[-42.35743713 -15.87343216 -47.0107193  -77.57963562]]
1
[[-46.17108917 -22.59815979 -46.5891037  -70.21008301]]
1
[[-27.48931122 -43.14959717 -43.02736664 -63.17760849]]
0
[[ -67.2547226    -6.74530029  -36.14714813 -101.46516418]]
1
[[-16.28896523 -35.97655487 -62.00829697 -69.53266144]]
0
[[ -9.63640213 -38.33596039 -19.34099197 -92.83853149]]
0
[[-50.28282547   3.72065353   6.36109543 -74.42222595]]
2
[[ -9.63640213 -38.33596039 -19.34099197 -92.83853149]]
0
[[-50.28282547   3.72065353   6.36109543 -74.42222595]]
2
[[ -9.63640213 -38.33596039 -19.34099197 -92.83853149]]
0
[[-50.28282547   3.72065353   6.36109543 -74.42222595]]
2
[[ -9.63640213 -38.33596039 -19.34099197 -92.83853149]]
0
[[-50.28282547   3.72065353   6.36109543 -74.42222595]]
2
[[ -9.63640213 -38.33596039 -19.34099197 -92.83853149]]
0
[[-50.28282547   3.72065353   6.36109543 -74.42222595]]
2
[[ -9.63640213 -38.33596039 -19.34099197 -92.83853149]]
0
[[-50.28282547   3.72065353   6.36109543 -74.42222595]]
2
[[ -9.63640213 -38.33596039 -19.34099197 -92.83853149]]
0
[[-50.28282547   3.72065353   6.36109543 -74.42222595]]
2
[[ -9.63640213 -38.33596039 -19.34099197 -92.83853149]]
0
[[-50.28282547   3.72065353   6.36109543 -74.42222595]]
2
[[ -9.63640213 -38.33596039 -19.34099197 -92.83853149]]
0
[[-50.28282547   3.72065353   6.36109543 -74.42222595]]
2
[[ -9.63640213 -38.33596039 -19.34099197 -92.83853149]]
0
[[-50.28282547   3.72065353   6.36109543 -74.42222595]]
2
[[ -9.63640213 -38.33596039 -19.34099197 -92.83853149]]
0
[[-50.28282547   3.72065353   6.36109543 -74.42222595]]
2
[[ -9.63640213 -38.33596039 -19.34099197 -92.83853149]]
0
[[-50.28282547   3.72065353   6.36109543 -74.42222595]]
2
[[ -9.63640213 -38.33596039 -19.34099197 -92.83853149]]
0
[[-50.28282547   3.72065353   6.36109543 -74.42222595]]
2
[[ -9.63640213 -38.33596039 -19.34099197 -92.83853149]]
0
[[-50.28282547   3.72065353   6.36109543 -74.42222595]]
2
[[ -9.63640213 -38.33596039 -19.34099197 -92.83853149]]
0
[[-50.28282547   3.72065353   6.36109543 -74.42222595]]
2
[[ -9.63640213 -38.33596039 -19.34099197 -92.83853149]]
0
[[-50.28282547   3.72065353   6.36109543 -74.42222595]]
2
[[ -9.63640213 -38.33596039 -19.34099197 -92.83853149]]
0
[[-50.28282547   3.72065353   6.36109543 -74.42222595]]
2
[[ -9.63640213 -38.33596039 -19.34099197 -92.83853149]]
0
[[-50.28282547   3.72065353   6.36109543 -74.42222595]]
2
[[ -9.63640213 -38.33596039 -19.34099197 -92.83853149]]
0
[[-50.28282547   3.72065353   6.36109543 -74.42222595]]
2
[[ -9.63640213 -38.33596039 -19.34099197 -92.83853149]]
0
[[-50.28282547   3.72065353   6.36109543 -74.42222595]]
2
[[ -9.63640213 -38.33596039 -19.34099197 -92.83853149]]
0
[[-50.28282547   3.72065353   6.36109543 -74.42222595]]
2
[[ -9.63640213 -38.33596039 -19.34099197 -92.83853149]]
0
[[-50.28282547   3.72065353   6.36109543 -74.42222595]]
2
[[ -9.63640213 -38.33596039 -19.34099197 -92.83853149]]
0
[[-50.28282547   3.72065353   6.36109543 -74.42222595]]
2
[[ -9.63640213 -38.33596039 -19.34099197 -92.83853149]]
0
[[-50.28282547   3.72065353   6.36109543 -74.42222595]]
2
[[ -9.63640213 -38.33596039 -19.34099197 -92.83853149]]
0
[[-50.28282547   3.72065353   6.36109543 -74.42222595]]
2
[[ -9.63640213 -38.33596039 -19.34099197 -92.83853149]]
0
[[-50.28282547   3.72065353   6.36109543 -74.42222595]]
2
[[ -9.63640213 -38.33596039 -19.34099197 -92.83853149]]
0
[[-50.28282547   3.72065353   6.36109543 -74.42222595]]
2
[[ -9.63640213 -38.33596039 -19.34099197 -92.83853149]]
0
[[-50.28282547   3.72065353   6.36109543 -74.42222595]]
2
[[ -9.63640213 -38.33596039 -19.34099197 -92.83853149]]
0
[[-50.28282547   3.72065353   6.36109543 -74.42222595]]
2
[[ -9.63640213 -38.33596039 -19.34099197 -92.83853149]]
0
[[-50.28282547   3.72065353   6.36109543 -74.42222595]]
2
[[ -9.63640213 -38.33596039 -19.34099197 -92.83853149]]
0
[[-50.28282547   3.72065353   6.36109543 -74.42222595]]
2
[[ -9.63640213 -38.33596039 -19.34099197 -92.83853149]]
0
[[-50.28282547   3.72065353   6.36109543 -74.42222595]]
2
[[ -9.63640213 -38.33596039 -19.34099197 -92.83853149]]
0
[[-50.28282547   3.72065353   6.36109543 -74.42222595]]
2
[[ -9.63640213 -38.33596039 -19.34099197 -92.83853149]]
0
[[-50.28282547   3.72065353   6.36109543 -74.42222595]]
2
[[ -9.63640213 -38.33596039 -19.34099197 -92.83853149]]
0
[[-50.28282547   3.72065353   6.36109543 -74.42222595]]
2
[[ -9.63640213 -38.33596039 -19.34099197 -92.83853149]]
0
[[-50.28282547   3.72065353   6.36109543 -74.42222595]]
2
[[ -9.63640213 -38.33596039 -19.34099197 -92.83853149]]
0
[[-50.28282547   3.72065353   6.36109543 -74.42222595]]
2
[[ -9.63640213 -38.33596039 -19.34099197 -92.83853149]]
0
[[-50.28282547   3.72065353   6.36109543 -74.42222595]]
2
[[ -9.63640213 -38.33596039 -19.34099197 -92.83853149]]
0
[[-50.28282547   3.72065353   6.36109543 -74.42222595]]
2
[[ -9.63640213 -38.33596039 -19.34099197 -92.83853149]]
0
[[-50.28282547   3.72065353   6.36109543 -74.42222595]]
2
[[ -9.63640213 -38.33596039 -19.34099197 -92.83853149]]
0
[[-50.28282547   3.72065353   6.36109543 -74.42222595]]
2
[[ -9.63640213 -38.33596039 -19.34099197 -92.83853149]]
0
[[-50.28282547   3.72065353   6.36109543 -74.42222595]]
2
[[ -9.63640213 -38.33596039 -19.34099197 -92.83853149]]
0
[[-50.28282547   3.72065353   6.36109543 -74.42222595]]
2
[[ -9.63640213 -38.33596039 -19.34099197 -92.83853149]]
0
[[-50.28282547   3.72065353   6.36109543 -74.42222595]]
2
[[ -9.63640213 -38.33596039 -19.34099197 -92.83853149]]
0
[[-50.28282547   3.72065353   6.36109543 -74.42222595]]
2
[[ -9.63640213 -38.33596039 -19.34099197 -92.83853149]]
0
[[-50.28282547   3.72065353   6.36109543 -74.42222595]]
2
[[ -9.63640213 -38.33596039 -19.34099197 -92.83853149]]
0
[[-50.28282547   3.72065353   6.36109543 -74.42222595]]
2
[[ -9.63640213 -38.33596039 -19.34099197 -92.83853149]]
0
[[-50.28282547   3.72065353   6.36109543 -74.42222595]]
2
FAIL
6/22
