[[-44.42658234 -16.75410843 -50.43144989 -80.0447998 ]]
1
[[-48.69436646 -23.44777679 -50.24972534 -73.17437744]]
1
[[-28.3055439  -45.57165527 -46.65036774 -65.27886963]]
0
[[ -69.92732239   -6.93471909  -38.99601364 -105.37824249]]
1
[[-16.34999847 -38.51251221 -66.67642212 -72.13040161]]
0
[[ -9.1810112  -40.93747711 -21.19126129 -96.01602173]]
0
[[-52.44158173   3.99995422   5.2450943  -77.32672119]]
2
[[ -9.1810112  -40.93747711 -21.19126129 -96.01602173]]
0
[[-52.44158173   3.99995422   5.2450943  -77.32672119]]
2
[[ -9.1810112  -40.93747711 -21.19126129 -96.01602173]]
0
[[-52.44158173   3.99995422   5.2450943  -77.32672119]]
2
[[ -9.1810112  -40.93747711 -21.19126129 -96.01602173]]
0
[[-52.44158173   3.99995422   5.2450943  -77.32672119]]
2
[[ -9.1810112  -40.93747711 -21.19126129 -96.01602173]]
0
[[-52.44158173   3.99995422   5.2450943  -77.32672119]]
2
[[ -9.1810112  -40.93747711 -21.19126129 -96.01602173]]
0
[[-52.44158173   3.99995422   5.2450943  -77.32672119]]
2
[[ -9.1810112  -40.93747711 -21.19126129 -96.01602173]]
0
[[-52.44158173   3.99995422   5.2450943  -77.32672119]]
2
[[ -9.1810112  -40.93747711 -21.19126129 -96.01602173]]
0
[[-52.44158173   3.99995422   5.2450943  -77.32672119]]
2
[[ -9.1810112  -40.93747711 -21.19126129 -96.01602173]]
0
[[-52.44158173   3.99995422   5.2450943  -77.32672119]]
2
[[ -9.1810112  -40.93747711 -21.19126129 -96.01602173]]
0
[[-52.44158173   3.99995422   5.2450943  -77.32672119]]
2
[[ -9.1810112  -40.93747711 -21.19126129 -96.01602173]]
0
[[-52.44158173   3.99995422   5.2450943  -77.32672119]]
2
[[ -9.1810112  -40.93747711 -21.19126129 -96.01602173]]
0
[[-52.44158173   3.99995422   5.2450943  -77.32672119]]
2
[[ -9.1810112  -40.93747711 -21.19126129 -96.01602173]]
0
[[-52.44158173   3.99995422   5.2450943  -77.32672119]]
2
[[ -9.1810112  -40.93747711 -21.19126129 -96.01602173]]
0
[[-52.44158173   3.99995422   5.2450943  -77.32672119]]
2
[[ -9.1810112  -40.93747711 -21.19126129 -96.01602173]]
0
[[-52.44158173   3.99995422   5.2450943  -77.32672119]]
2
[[ -9.1810112  -40.93747711 -21.19126129 -96.01602173]]
0
[[-52.44158173   3.99995422   5.2450943  -77.32672119]]
2
[[ -9.1810112  -40.93747711 -21.19126129 -96.01602173]]
0
[[-52.44158173   3.99995422   5.2450943  -77.32672119]]
2
[[ -9.1810112  -40.93747711 -21.19126129 -96.01602173]]
0
[[-52.44158173   3.99995422   5.2450943  -77.32672119]]
2
[[ -9.1810112  -40.93747711 -21.19126129 -96.01602173]]
0
[[-52.44158173   3.99995422   5.2450943  -77.32672119]]
2
[[ -9.1810112  -40.93747711 -21.19126129 -96.01602173]]
0
[[-52.44158173   3.99995422   5.2450943  -77.32672119]]
2
[[ -9.1810112  -40.93747711 -21.19126129 -96.01602173]]
0
[[-52.44158173   3.99995422   5.2450943  -77.32672119]]
2
[[ -9.1810112  -40.93747711 -21.19126129 -96.01602173]]
0
[[-52.44158173   3.99995422   5.2450943  -77.32672119]]
2
[[ -9.1810112  -40.93747711 -21.19126129 -96.01602173]]
0
[[-52.44158173   3.99995422   5.2450943  -77.32672119]]
2
[[ -9.1810112  -40.93747711 -21.19126129 -96.01602173]]
0
[[-52.44158173   3.99995422   5.2450943  -77.32672119]]
2
[[ -9.1810112  -40.93747711 -21.19126129 -96.01602173]]
0
[[-52.44158173   3.99995422   5.2450943  -77.32672119]]
2
[[ -9.1810112  -40.93747711 -21.19126129 -96.01602173]]
0
[[-52.44158173   3.99995422   5.2450943  -77.32672119]]
2
[[ -9.1810112  -40.93747711 -21.19126129 -96.01602173]]
0
[[-52.44158173   3.99995422   5.2450943  -77.32672119]]
2
[[ -9.1810112  -40.93747711 -21.19126129 -96.01602173]]
0
[[-52.44158173   3.99995422   5.2450943  -77.32672119]]
2
[[ -9.1810112  -40.93747711 -21.19126129 -96.01602173]]
0
[[-52.44158173   3.99995422   5.2450943  -77.32672119]]
2
[[ -9.1810112  -40.93747711 -21.19126129 -96.01602173]]
0
[[-52.44158173   3.99995422   5.2450943  -77.32672119]]
2
[[ -9.1810112  -40.93747711 -21.19126129 -96.01602173]]
0
[[-52.44158173   3.99995422   5.2450943  -77.32672119]]
2
[[ -9.1810112  -40.93747711 -21.19126129 -96.01602173]]
0
[[-52.44158173   3.99995422   5.2450943  -77.32672119]]
2
[[ -9.1810112  -40.93747711 -21.19126129 -96.01602173]]
0
[[-52.44158173   3.99995422   5.2450943  -77.32672119]]
2
[[ -9.1810112  -40.93747711 -21.19126129 -96.01602173]]
0
[[-52.44158173   3.99995422   5.2450943  -77.32672119]]
2
[[ -9.1810112  -40.93747711 -21.19126129 -96.01602173]]
0
[[-52.44158173   3.99995422   5.2450943  -77.32672119]]
2
[[ -9.1810112  -40.93747711 -21.19126129 -96.01602173]]
0
[[-52.44158173   3.99995422   5.2450943  -77.32672119]]
2
[[ -9.1810112  -40.93747711 -21.19126129 -96.01602173]]
0
[[-52.44158173   3.99995422   5.2450943  -77.32672119]]
2
[[ -9.1810112  -40.93747711 -21.19126129 -96.01602173]]
0
[[-52.44158173   3.99995422   5.2450943  -77.32672119]]
2
[[ -9.1810112  -40.93747711 -21.19126129 -96.01602173]]
0
[[-52.44158173   3.99995422   5.2450943  -77.32672119]]
2
[[ -9.1810112  -40.93747711 -21.19126129 -96.01602173]]
0
[[-52.44158173   3.99995422   5.2450943  -77.32672119]]
2
[[ -9.1810112  -40.93747711 -21.19126129 -96.01602173]]
0
[[-52.44158173   3.99995422   5.2450943  -77.32672119]]
2
[[ -9.1810112  -40.93747711 -21.19126129 -96.01602173]]
0
[[-52.44158173   3.99995422   5.2450943  -77.32672119]]
2
[[ -9.1810112  -40.93747711 -21.19126129 -96.01602173]]
0
[[-52.44158173   3.99995422   5.2450943  -77.32672119]]
2
[[ -9.1810112  -40.93747711 -21.19126129 -96.01602173]]
0
[[-52.44158173   3.99995422   5.2450943  -77.32672119]]
2
[[ -9.1810112  -40.93747711 -21.19126129 -96.01602173]]
0
[[-52.44158173   3.99995422   5.2450943  -77.32672119]]
2
[[ -9.1810112  -40.93747711 -21.19126129 -96.01602173]]
0
[[-52.44158173   3.99995422   5.2450943  -77.32672119]]
2
[[ -9.1810112  -40.93747711 -21.19126129 -96.01602173]]
0
[[-52.44158173   3.99995422   5.2450943  -77.32672119]]
2
[[ -9.1810112  -40.93747711 -21.19126129 -96.01602173]]
0
[[-52.44158173   3.99995422   5.2450943  -77.32672119]]
2
FAIL
6/22
