[[-26.87394142 -31.86835289 -47.82729721 -77.97562408]]
0
[[-29.62454796 -40.02037811 -20.72584724 -72.65571594]]
2
[[-26.87394142 -31.86835289 -47.82729721 -77.97562408]]
0
[[-29.62454796 -40.02037811 -20.72584724 -72.65571594]]
2
[[-26.87394142 -31.86835289 -47.82729721 -77.97562408]]
0
[[-29.62454796 -40.02037811 -20.72584724 -72.65571594]]
2
[[-26.87394142 -31.86835289 -47.82729721 -77.97562408]]
0
[[-29.62454796 -40.02037811 -20.72584724 -72.65571594]]
2
[[-26.87394142 -31.86835289 -47.82729721 -77.97562408]]
0
[[-29.62454796 -40.02037811 -20.72584724 -72.65571594]]
2
[[-26.87394142 -31.86835289 -47.82729721 -77.97562408]]
0
[[-29.62454796 -40.02037811 -20.72584724 -72.65571594]]
2
[[-26.87394142 -31.86835289 -47.82729721 -77.97562408]]
0
[[-29.62454796 -40.02037811 -20.72584724 -72.65571594]]
2
[[-26.87394142 -31.86835289 -47.82729721 -77.97562408]]
0
[[-29.62454796 -40.02037811 -20.72584724 -72.65571594]]
2
[[-26.87394142 -31.86835289 -47.82729721 -77.97562408]]
0
[[-29.62454796 -40.02037811 -20.72584724 -72.65571594]]
2
[[-26.87394142 -31.86835289 -47.82729721 -77.97562408]]
0
[[-29.62454796 -40.02037811 -20.72584724 -72.65571594]]
2
[[-26.87394142 -31.86835289 -47.82729721 -77.97562408]]
0
[[-29.62454796 -40.02037811 -20.72584724 -72.65571594]]
2
[[-26.87394142 -31.86835289 -47.82729721 -77.97562408]]
0
[[-29.62454796 -40.02037811 -20.72584724 -72.65571594]]
2
[[-26.87394142 -31.86835289 -47.82729721 -77.97562408]]
0
[[-29.62454796 -40.02037811 -20.72584724 -72.65571594]]
2
[[-26.87394142 -31.86835289 -47.82729721 -77.97562408]]
0
[[-29.62454796 -40.02037811 -20.72584724 -72.65571594]]
2
[[-26.87394142 -31.86835289 -47.82729721 -77.97562408]]
0
[[-29.62454796 -40.02037811 -20.72584724 -72.65571594]]
2
[[-26.87394142 -31.86835289 -47.82729721 -77.97562408]]
0
[[-29.62454796 -40.02037811 -20.72584724 -72.65571594]]
2
[[-26.87394142 -31.86835289 -47.82729721 -77.97562408]]
0
[[-29.62454796 -40.02037811 -20.72584724 -72.65571594]]
2
[[-26.87394142 -31.86835289 -47.82729721 -77.97562408]]
0
[[-29.62454796 -40.02037811 -20.72584724 -72.65571594]]
2
[[-26.87394142 -31.86835289 -47.82729721 -77.97562408]]
0
[[-29.62454796 -40.02037811 -20.72584724 -72.65571594]]
2
[[-26.87394142 -31.86835289 -47.82729721 -77.97562408]]
0
[[-29.62454796 -40.02037811 -20.72584724 -72.65571594]]
2
[[-26.87394142 -31.86835289 -47.82729721 -77.97562408]]
0
[[-29.62454796 -40.02037811 -20.72584724 -72.65571594]]
2
[[-26.87394142 -31.86835289 -47.82729721 -77.97562408]]
0
[[-29.62454796 -40.02037811 -20.72584724 -72.65571594]]
2
[[-26.87394142 -31.86835289 -47.82729721 -77.97562408]]
0
[[-29.62454796 -40.02037811 -20.72584724 -72.65571594]]
2
[[-26.87394142 -31.86835289 -47.82729721 -77.97562408]]
0
[[-29.62454796 -40.02037811 -20.72584724 -72.65571594]]
2
[[-26.87394142 -31.86835289 -47.82729721 -77.97562408]]
0
[[-29.62454796 -40.02037811 -20.72584724 -72.65571594]]
2
[[-26.87394142 -31.86835289 -47.82729721 -77.97562408]]
0
[[-29.62454796 -40.02037811 -20.72584724 -72.65571594]]
2
[[-26.87394142 -31.86835289 -47.82729721 -77.97562408]]
0
[[-29.62454796 -40.02037811 -20.72584724 -72.65571594]]
2
[[-26.87394142 -31.86835289 -47.82729721 -77.97562408]]
0
[[-29.62454796 -40.02037811 -20.72584724 -72.65571594]]
2
[[-26.87394142 -31.86835289 -47.82729721 -77.97562408]]
0
[[-29.62454796 -40.02037811 -20.72584724 -72.65571594]]
2
[[-26.87394142 -31.86835289 -47.82729721 -77.97562408]]
0
[[-29.62454796 -40.02037811 -20.72584724 -72.65571594]]
2
[[-26.87394142 -31.86835289 -47.82729721 -77.97562408]]
0
[[-29.62454796 -40.02037811 -20.72584724 -72.65571594]]
2
[[-26.87394142 -31.86835289 -47.82729721 -77.97562408]]
0
[[-29.62454796 -40.02037811 -20.72584724 -72.65571594]]
2
[[-26.87394142 -31.86835289 -47.82729721 -77.97562408]]
0
[[-29.62454796 -40.02037811 -20.72584724 -72.65571594]]
2
[[-26.87394142 -31.86835289 -47.82729721 -77.97562408]]
0
[[-29.62454796 -40.02037811 -20.72584724 -72.65571594]]
2
[[-26.87394142 -31.86835289 -47.82729721 -77.97562408]]
0
[[-29.62454796 -40.02037811 -20.72584724 -72.65571594]]
2
[[-26.87394142 -31.86835289 -47.82729721 -77.97562408]]
0
[[-29.62454796 -40.02037811 -20.72584724 -72.65571594]]
2
[[-26.87394142 -31.86835289 -47.82729721 -77.97562408]]
0
[[-29.62454796 -40.02037811 -20.72584724 -72.65571594]]
2
[[-26.87394142 -31.86835289 -47.82729721 -77.97562408]]
0
[[-29.62454796 -40.02037811 -20.72584724 -72.65571594]]
2
[[-26.87394142 -31.86835289 -47.82729721 -77.97562408]]
0
[[-29.62454796 -40.02037811 -20.72584724 -72.65571594]]
2
[[-26.87394142 -31.86835289 -47.82729721 -77.97562408]]
0
[[-29.62454796 -40.02037811 -20.72584724 -72.65571594]]
2
[[-26.87394142 -31.86835289 -47.82729721 -77.97562408]]
0
[[-29.62454796 -40.02037811 -20.72584724 -72.65571594]]
2
[[-26.87394142 -31.86835289 -47.82729721 -77.97562408]]
0
[[-29.62454796 -40.02037811 -20.72584724 -72.65571594]]
2
[[-26.87394142 -31.86835289 -47.82729721 -77.97562408]]
0
[[-29.62454796 -40.02037811 -20.72584724 -72.65571594]]
2
[[-26.87394142 -31.86835289 -47.82729721 -77.97562408]]
0
[[-29.62454796 -40.02037811 -20.72584724 -72.65571594]]
2
[[-26.87394142 -31.86835289 -47.82729721 -77.97562408]]
0
[[-29.62454796 -40.02037811 -20.72584724 -72.65571594]]
2
[[-26.87394142 -31.86835289 -47.82729721 -77.97562408]]
0
[[-29.62454796 -40.02037811 -20.72584724 -72.65571594]]
2
[[-26.87394142 -31.86835289 -47.82729721 -77.97562408]]
0
[[-29.62454796 -40.02037811 -20.72584724 -72.65571594]]
2
[[-26.87394142 -31.86835289 -47.82729721 -77.97562408]]
0
[[-29.62454796 -40.02037811 -20.72584724 -72.65571594]]
2
[[-26.87394142 -31.86835289 -47.82729721 -77.97562408]]
0
[[-29.62454796 -40.02037811 -20.72584724 -72.65571594]]
2
[[-26.87394142 -31.86835289 -47.82729721 -77.97562408]]
0
[[-29.62454796 -40.02037811 -20.72584724 -72.65571594]]
2
[[-26.87394142 -31.86835289 -47.82729721 -77.97562408]]
0
FAIL
1/19
