[[-145.37588501  -66.98145294   -9.86229706 -167.71170044]]
2
[[ -6.50537109 -19.50304031  -4.32068253 -87.18144226]]
2
[[ -7.78969002e+00  -4.08458710e-02  -2.68049870e+01  -6.78982849e+01]]
1
[[-107.08546448 -117.80379486 -135.33724976  -36.67913437]]
3
[[ -7.78969002e+00  -4.08458710e-02  -2.68049870e+01  -6.78982849e+01]]
1
[[-107.08546448 -117.80379486 -135.33724976  -36.67913437]]
3
[[ -7.78969002e+00  -4.08458710e-02  -2.68049870e+01  -6.78982849e+01]]
1
[[-107.08546448 -117.80379486 -135.33724976  -36.67913437]]
3
[[ -7.78969002e+00  -4.08458710e-02  -2.68049870e+01  -6.78982849e+01]]
1
[[-107.08546448 -117.80379486 -135.33724976  -36.67913437]]
3
[[ -7.78969002e+00  -4.08458710e-02  -2.68049870e+01  -6.78982849e+01]]
1
[[-107.08546448 -117.80379486 -135.33724976  -36.67913437]]
3
[[ -7.78969002e+00  -4.08458710e-02  -2.68049870e+01  -6.78982849e+01]]
1
[[-107.08546448 -117.80379486 -135.33724976  -36.67913437]]
3
[[ -7.78969002e+00  -4.08458710e-02  -2.68049870e+01  -6.78982849e+01]]
1
[[-107.08546448 -117.80379486 -135.33724976  -36.67913437]]
3
[[ -7.78969002e+00  -4.08458710e-02  -2.68049870e+01  -6.78982849e+01]]
1
[[-107.08546448 -117.80379486 -135.33724976  -36.67913437]]
3
[[ -7.78969002e+00  -4.08458710e-02  -2.68049870e+01  -6.78982849e+01]]
1
[[-107.08546448 -117.80379486 -135.33724976  -36.67913437]]
3
[[ -7.78969002e+00  -4.08458710e-02  -2.68049870e+01  -6.78982849e+01]]
1
[[-107.08546448 -117.80379486 -135.33724976  -36.67913437]]
3
[[ -7.78969002e+00  -4.08458710e-02  -2.68049870e+01  -6.78982849e+01]]
1
[[-107.08546448 -117.80379486 -135.33724976  -36.67913437]]
3
[[ -7.78969002e+00  -4.08458710e-02  -2.68049870e+01  -6.78982849e+01]]
1
[[-107.08546448 -117.80379486 -135.33724976  -36.67913437]]
3
[[ -7.78969002e+00  -4.08458710e-02  -2.68049870e+01  -6.78982849e+01]]
1
[[-107.08546448 -117.80379486 -135.33724976  -36.67913437]]
3
[[ -7.78969002e+00  -4.08458710e-02  -2.68049870e+01  -6.78982849e+01]]
1
[[-107.08546448 -117.80379486 -135.33724976  -36.67913437]]
3
[[ -7.78969002e+00  -4.08458710e-02  -2.68049870e+01  -6.78982849e+01]]
1
[[-107.08546448 -117.80379486 -135.33724976  -36.67913437]]
3
[[ -7.78969002e+00  -4.08458710e-02  -2.68049870e+01  -6.78982849e+01]]
1
[[-107.08546448 -117.80379486 -135.33724976  -36.67913437]]
3
[[ -7.78969002e+00  -4.08458710e-02  -2.68049870e+01  -6.78982849e+01]]
1
[[-107.08546448 -117.80379486 -135.33724976  -36.67913437]]
3
[[ -7.78969002e+00  -4.08458710e-02  -2.68049870e+01  -6.78982849e+01]]
1
[[-107.08546448 -117.80379486 -135.33724976  -36.67913437]]
3
[[ -7.78969002e+00  -4.08458710e-02  -2.68049870e+01  -6.78982849e+01]]
1
[[-107.08546448 -117.80379486 -135.33724976  -36.67913437]]
3
[[ -7.78969002e+00  -4.08458710e-02  -2.68049870e+01  -6.78982849e+01]]
1
[[-107.08546448 -117.80379486 -135.33724976  -36.67913437]]
3
[[ -7.78969002e+00  -4.08458710e-02  -2.68049870e+01  -6.78982849e+01]]
1
[[-107.08546448 -117.80379486 -135.33724976  -36.67913437]]
3
[[ -7.78969002e+00  -4.08458710e-02  -2.68049870e+01  -6.78982849e+01]]
1
[[-107.08546448 -117.80379486 -135.33724976  -36.67913437]]
3
[[ -7.78969002e+00  -4.08458710e-02  -2.68049870e+01  -6.78982849e+01]]
1
[[-107.08546448 -117.80379486 -135.33724976  -36.67913437]]
3
[[ -7.78969002e+00  -4.08458710e-02  -2.68049870e+01  -6.78982849e+01]]
1
[[-107.08546448 -117.80379486 -135.33724976  -36.67913437]]
3
[[ -7.78969002e+00  -4.08458710e-02  -2.68049870e+01  -6.78982849e+01]]
1
[[-107.08546448 -117.80379486 -135.33724976  -36.67913437]]
3
[[ -7.78969002e+00  -4.08458710e-02  -2.68049870e+01  -6.78982849e+01]]
1
[[-107.08546448 -117.80379486 -135.33724976  -36.67913437]]
3
[[ -7.78969002e+00  -4.08458710e-02  -2.68049870e+01  -6.78982849e+01]]
1
[[-107.08546448 -117.80379486 -135.33724976  -36.67913437]]
3
[[ -7.78969002e+00  -4.08458710e-02  -2.68049870e+01  -6.78982849e+01]]
1
[[-107.08546448 -117.80379486 -135.33724976  -36.67913437]]
3
[[ -7.78969002e+00  -4.08458710e-02  -2.68049870e+01  -6.78982849e+01]]
1
[[-107.08546448 -117.80379486 -135.33724976  -36.67913437]]
3
[[ -7.78969002e+00  -4.08458710e-02  -2.68049870e+01  -6.78982849e+01]]
1
[[-107.08546448 -117.80379486 -135.33724976  -36.67913437]]
3
[[ -7.78969002e+00  -4.08458710e-02  -2.68049870e+01  -6.78982849e+01]]
1
[[-107.08546448 -117.80379486 -135.33724976  -36.67913437]]
3
[[ -7.78969002e+00  -4.08458710e-02  -2.68049870e+01  -6.78982849e+01]]
1
[[-107.08546448 -117.80379486 -135.33724976  -36.67913437]]
3
[[ -7.78969002e+00  -4.08458710e-02  -2.68049870e+01  -6.78982849e+01]]
1
[[-107.08546448 -117.80379486 -135.33724976  -36.67913437]]
3
[[ -7.78969002e+00  -4.08458710e-02  -2.68049870e+01  -6.78982849e+01]]
1
[[-107.08546448 -117.80379486 -135.33724976  -36.67913437]]
3
[[ -7.78969002e+00  -4.08458710e-02  -2.68049870e+01  -6.78982849e+01]]
1
[[-107.08546448 -117.80379486 -135.33724976  -36.67913437]]
3
[[ -7.78969002e+00  -4.08458710e-02  -2.68049870e+01  -6.78982849e+01]]
1
[[-107.08546448 -117.80379486 -135.33724976  -36.67913437]]
3
[[ -7.78969002e+00  -4.08458710e-02  -2.68049870e+01  -6.78982849e+01]]
1
[[-107.08546448 -117.80379486 -135.33724976  -36.67913437]]
3
[[ -7.78969002e+00  -4.08458710e-02  -2.68049870e+01  -6.78982849e+01]]
1
[[-107.08546448 -117.80379486 -135.33724976  -36.67913437]]
3
[[ -7.78969002e+00  -4.08458710e-02  -2.68049870e+01  -6.78982849e+01]]
1
[[-107.08546448 -117.80379486 -135.33724976  -36.67913437]]
3
[[ -7.78969002e+00  -4.08458710e-02  -2.68049870e+01  -6.78982849e+01]]
1
[[-107.08546448 -117.80379486 -135.33724976  -36.67913437]]
3
[[ -7.78969002e+00  -4.08458710e-02  -2.68049870e+01  -6.78982849e+01]]
1
[[-107.08546448 -117.80379486 -135.33724976  -36.67913437]]
3
[[ -7.78969002e+00  -4.08458710e-02  -2.68049870e+01  -6.78982849e+01]]
1
[[-107.08546448 -117.80379486 -135.33724976  -36.67913437]]
3
[[ -7.78969002e+00  -4.08458710e-02  -2.68049870e+01  -6.78982849e+01]]
1
[[-107.08546448 -117.80379486 -135.33724976  -36.67913437]]
3
[[ -7.78969002e+00  -4.08458710e-02  -2.68049870e+01  -6.78982849e+01]]
1
[[-107.08546448 -117.80379486 -135.33724976  -36.67913437]]
3
[[ -7.78969002e+00  -4.08458710e-02  -2.68049870e+01  -6.78982849e+01]]
1
[[-107.08546448 -117.80379486 -135.33724976  -36.67913437]]
3
[[ -7.78969002e+00  -4.08458710e-02  -2.68049870e+01  -6.78982849e+01]]
1
[[-107.08546448 -117.80379486 -135.33724976  -36.67913437]]
3
[[ -7.78969002e+00  -4.08458710e-02  -2.68049870e+01  -6.78982849e+01]]
1
[[-107.08546448 -117.80379486 -135.33724976  -36.67913437]]
3
[[ -7.78969002e+00  -4.08458710e-02  -2.68049870e+01  -6.78982849e+01]]
1
[[-107.08546448 -117.80379486 -135.33724976  -36.67913437]]
3
[[ -7.78969002e+00  -4.08458710e-02  -2.68049870e+01  -6.78982849e+01]]
1
[[-107.08546448 -117.80379486 -135.33724976  -36.67913437]]
3
[[ -7.78969002e+00  -4.08458710e-02  -2.68049870e+01  -6.78982849e+01]]
1
FAIL
2/31
