[[-46.64595032 -17.39362335 -54.28451538 -82.8489151 ]]
1
[[-51.06841278 -24.15655136 -54.20250702 -76.27445984]]
1
[[-28.76993179 -47.67940903 -50.66436005 -67.66719055]]
0
[[ -72.45023346   -6.6764679   -41.84629059 -109.62689209]]
1
[[-16.45480728 -41.11752319 -71.80671692 -75.10445404]]
0
[[ -8.8770256  -43.57561874 -23.48266983 -99.55735779]]
0
[[-54.98113251   4.26153374   4.07484245 -80.628479  ]]
1
[[-39.21026993 -41.46781921 -49.18255234 -76.51200867]]
0
[[-21.86978912 -49.79511642 -38.8335495  -75.15978241]]
0
[[-20.47034836 -35.16732025 -12.86932755 -90.82302094]]
2
[[-21.86978912 -49.79511642 -38.8335495  -75.15978241]]
0
[[-20.47034836 -35.16732025 -12.86932755 -90.82302094]]
2
[[-21.86978912 -49.79511642 -38.8335495  -75.15978241]]
0
[[-20.47034836 -35.16732025 -12.86932755 -90.82302094]]
2
[[-21.86978912 -49.79511642 -38.8335495  -75.15978241]]
0
[[-20.47034836 -35.16732025 -12.86932755 -90.82302094]]
2
[[-21.86978912 -49.79511642 -38.8335495  -75.15978241]]
0
[[-20.47034836 -35.16732025 -12.86932755 -90.82302094]]
2
[[-21.86978912 -49.79511642 -38.8335495  -75.15978241]]
0
[[-20.47034836 -35.16732025 -12.86932755 -90.82302094]]
2
[[-21.86978912 -49.79511642 -38.8335495  -75.15978241]]
0
[[-20.47034836 -35.16732025 -12.86932755 -90.82302094]]
2
[[-21.86978912 -49.79511642 -38.8335495  -75.15978241]]
0
[[-20.47034836 -35.16732025 -12.86932755 -90.82302094]]
2
[[-21.86978912 -49.79511642 -38.8335495  -75.15978241]]
0
[[-20.47034836 -35.16732025 -12.86932755 -90.82302094]]
2
[[-21.86978912 -49.79511642 -38.8335495  -75.15978241]]
0
[[-20.47034836 -35.16732025 -12.86932755 -90.82302094]]
2
[[-21.86978912 -49.79511642 -38.8335495  -75.15978241]]
0
[[-20.47034836 -35.16732025 -12.86932755 -90.82302094]]
2
[[-21.86978912 -49.79511642 -38.8335495  -75.15978241]]
0
[[-20.47034836 -35.16732025 -12.86932755 -90.82302094]]
2
[[-21.86978912 -49.79511642 -38.8335495  -75.15978241]]
0
[[-20.47034836 -35.16732025 -12.86932755 -90.82302094]]
2
[[-21.86978912 -49.79511642 -38.8335495  -75.15978241]]
0
[[-20.47034836 -35.16732025 -12.86932755 -90.82302094]]
2
[[-21.86978912 -49.79511642 -38.8335495  -75.15978241]]
0
[[-20.47034836 -35.16732025 -12.86932755 -90.82302094]]
2
[[-21.86978912 -49.79511642 -38.8335495  -75.15978241]]
0
[[-20.47034836 -35.16732025 -12.86932755 -90.82302094]]
2
[[-21.86978912 -49.79511642 -38.8335495  -75.15978241]]
0
[[-20.47034836 -35.16732025 -12.86932755 -90.82302094]]
2
[[-21.86978912 -49.79511642 -38.8335495  -75.15978241]]
0
[[-20.47034836 -35.16732025 -12.86932755 -90.82302094]]
2
[[-21.86978912 -49.79511642 -38.8335495  -75.15978241]]
0
[[-20.47034836 -35.16732025 -12.86932755 -90.82302094]]
2
[[-21.86978912 -49.79511642 -38.8335495  -75.15978241]]
0
[[-20.47034836 -35.16732025 -12.86932755 -90.82302094]]
2
[[-21.86978912 -49.79511642 -38.8335495  -75.15978241]]
0
[[-20.47034836 -35.16732025 -12.86932755 -90.82302094]]
2
[[-21.86978912 -49.79511642 -38.8335495  -75.15978241]]
0
[[-20.47034836 -35.16732025 -12.86932755 -90.82302094]]
2
[[-21.86978912 -49.79511642 -38.8335495  -75.15978241]]
0
[[-20.47034836 -35.16732025 -12.86932755 -90.82302094]]
2
[[-21.86978912 -49.79511642 -38.8335495  -75.15978241]]
0
[[-20.47034836 -35.16732025 -12.86932755 -90.82302094]]
2
[[-21.86978912 -49.79511642 -38.8335495  -75.15978241]]
0
[[-20.47034836 -35.16732025 -12.86932755 -90.82302094]]
2
[[-21.86978912 -49.79511642 -38.8335495  -75.15978241]]
0
[[-20.47034836 -35.16732025 -12.86932755 -90.82302094]]
2
[[-21.86978912 -49.79511642 -38.8335495  -75.15978241]]
0
[[-20.47034836 -35.16732025 -12.86932755 -90.82302094]]
2
[[-21.86978912 -49.79511642 -38.8335495  -75.15978241]]
0
[[-20.47034836 -35.16732025 -12.86932755 -90.82302094]]
2
[[-21.86978912 -49.79511642 -38.8335495  -75.15978241]]
0
[[-20.47034836 -35.16732025 -12.86932755 -90.82302094]]
2
[[-21.86978912 -49.79511642 -38.8335495  -75.15978241]]
0
[[-20.47034836 -35.16732025 -12.86932755 -90.82302094]]
2
[[-21.86978912 -49.79511642 -38.8335495  -75.15978241]]
0
[[-20.47034836 -35.16732025 -12.86932755 -90.82302094]]
2
[[-21.86978912 -49.79511642 -38.8335495  -75.15978241]]
0
[[-20.47034836 -35.16732025 -12.86932755 -90.82302094]]
2
[[-21.86978912 -49.79511642 -38.8335495  -75.15978241]]
0
[[-20.47034836 -35.16732025 -12.86932755 -90.82302094]]
2
[[-21.86978912 -49.79511642 -38.8335495  -75.15978241]]
0
[[-20.47034836 -35.16732025 -12.86932755 -90.82302094]]
2
[[-21.86978912 -49.79511642 -38.8335495  -75.15978241]]
0
[[-20.47034836 -35.16732025 -12.86932755 -90.82302094]]
2
[[-21.86978912 -49.79511642 -38.8335495  -75.15978241]]
0
[[-20.47034836 -35.16732025 -12.86932755 -90.82302094]]
2
[[-21.86978912 -49.79511642 -38.8335495  -75.15978241]]
0
[[-20.47034836 -35.16732025 -12.86932755 -90.82302094]]
2
[[-21.86978912 -49.79511642 -38.8335495  -75.15978241]]
0
[[-20.47034836 -35.16732025 -12.86932755 -90.82302094]]
2
[[-21.86978912 -49.79511642 -38.8335495  -75.15978241]]
0
[[-20.47034836 -35.16732025 -12.86932755 -90.82302094]]
2
[[-21.86978912 -49.79511642 -38.8335495  -75.15978241]]
0
[[-20.47034836 -35.16732025 -12.86932755 -90.82302094]]
2
[[-21.86978912 -49.79511642 -38.8335495  -75.15978241]]
0
[[-20.47034836 -35.16732025 -12.86932755 -90.82302094]]
2
[[-21.86978912 -49.79511642 -38.8335495  -75.15978241]]
0
[[-20.47034836 -35.16732025 -12.86932755 -90.82302094]]
2
[[-21.86978912 -49.79511642 -38.8335495  -75.15978241]]
0
[[-20.47034836 -35.16732025 -12.86932755 -90.82302094]]
2
[[-21.86978912 -49.79511642 -38.8335495  -75.15978241]]
0
[[-20.47034836 -35.16732025 -12.86932755 -90.82302094]]
2
[[-21.86978912 -49.79511642 -38.8335495  -75.15978241]]
0
[[-20.47034836 -35.16732025 -12.86932755 -90.82302094]]
2
[[-21.86978912 -49.79511642 -38.8335495  -75.15978241]]
0
[[-20.47034836 -35.16732025 -12.86932755 -90.82302094]]
2
[[-21.86978912 -49.79511642 -38.8335495  -75.15978241]]
0
FAIL
9/22
