[[-151.70570374  -69.50815582  -10.63747406 -173.0827179 ]]
2
[[ -6.70880508 -20.85813141  -4.1019783  -91.32260132]]
2
[[ -7.13945007  -0.20912552 -28.17697334 -70.28991699]]
1
[[-110.39131927 -123.06119537 -141.85604858  -37.01675415]]
3
[[ -7.13945007  -0.20912552 -28.17697334 -70.28991699]]
1
[[-110.39131927 -123.06119537 -141.85604858  -37.01675415]]
3
[[ -7.13945007  -0.20912552 -28.17697334 -70.28991699]]
1
[[-110.39131927 -123.06119537 -141.85604858  -37.01675415]]
3
[[ -7.13945007  -0.20912552 -28.17697334 -70.28991699]]
1
[[-110.39131927 -123.06119537 -141.85604858  -37.01675415]]
3
[[ -7.13945007  -0.20912552 -28.17697334 -70.28991699]]
1
[[-110.39131927 -123.06119537 -141.85604858  -37.01675415]]
3
[[ -7.13945007  -0.20912552 -28.17697334 -70.28991699]]
1
[[-110.39131927 -123.06119537 -141.85604858  -37.01675415]]
3
[[ -7.13945007  -0.20912552 -28.17697334 -70.28991699]]
1
[[-110.39131927 -123.06119537 -141.85604858  -37.01675415]]
3
[[ -7.13945007  -0.20912552 -28.17697334 -70.28991699]]
1
[[-110.39131927 -123.06119537 -141.85604858  -37.01675415]]
3
[[ -7.13945007  -0.20912552 -28.17697334 -70.28991699]]
1
[[-110.39131927 -123.06119537 -141.85604858  -37.01675415]]
3
[[ -7.13945007  -0.20912552 -28.17697334 -70.28991699]]
1
[[-110.39131927 -123.06119537 -141.85604858  -37.01675415]]
3
[[ -7.13945007  -0.20912552 -28.17697334 -70.28991699]]
1
[[-110.39131927 -123.06119537 -141.85604858  -37.01675415]]
3
[[ -7.13945007  -0.20912552 -28.17697334 -70.28991699]]
1
[[-110.39131927 -123.06119537 -141.85604858  -37.01675415]]
3
[[ -7.13945007  -0.20912552 -28.17697334 -70.28991699]]
1
[[-110.39131927 -123.06119537 -141.85604858  -37.01675415]]
3
[[ -7.13945007  -0.20912552 -28.17697334 -70.28991699]]
1
[[-110.39131927 -123.06119537 -141.85604858  -37.01675415]]
3
[[ -7.13945007  -0.20912552 -28.17697334 -70.28991699]]
1
[[-110.39131927 -123.06119537 -141.85604858  -37.01675415]]
3
[[ -7.13945007  -0.20912552 -28.17697334 -70.28991699]]
1
[[-110.39131927 -123.06119537 -141.85604858  -37.01675415]]
3
[[ -7.13945007  -0.20912552 -28.17697334 -70.28991699]]
1
[[-110.39131927 -123.06119537 -141.85604858  -37.01675415]]
3
[[ -7.13945007  -0.20912552 -28.17697334 -70.28991699]]
1
[[-110.39131927 -123.06119537 -141.85604858  -37.01675415]]
3
[[ -7.13945007  -0.20912552 -28.17697334 -70.28991699]]
1
[[-110.39131927 -123.06119537 -141.85604858  -37.01675415]]
3
[[ -7.13945007  -0.20912552 -28.17697334 -70.28991699]]
1
[[-110.39131927 -123.06119537 -141.85604858  -37.01675415]]
3
[[ -7.13945007  -0.20912552 -28.17697334 -70.28991699]]
1
[[-110.39131927 -123.06119537 -141.85604858  -37.01675415]]
3
[[ -7.13945007  -0.20912552 -28.17697334 -70.28991699]]
1
[[-110.39131927 -123.06119537 -141.85604858  -37.01675415]]
3
[[ -7.13945007  -0.20912552 -28.17697334 -70.28991699]]
1
[[-110.39131927 -123.06119537 -141.85604858  -37.01675415]]
3
[[ -7.13945007  -0.20912552 -28.17697334 -70.28991699]]
1
[[-110.39131927 -123.06119537 -141.85604858  -37.01675415]]
3
[[ -7.13945007  -0.20912552 -28.17697334 -70.28991699]]
1
[[-110.39131927 -123.06119537 -141.85604858  -37.01675415]]
3
[[ -7.13945007  -0.20912552 -28.17697334 -70.28991699]]
1
[[-110.39131927 -123.06119537 -141.85604858  -37.01675415]]
3
[[ -7.13945007  -0.20912552 -28.17697334 -70.28991699]]
1
[[-110.39131927 -123.06119537 -141.85604858  -37.01675415]]
3
[[ -7.13945007  -0.20912552 -28.17697334 -70.28991699]]
1
[[-110.39131927 -123.06119537 -141.85604858  -37.01675415]]
3
[[ -7.13945007  -0.20912552 -28.17697334 -70.28991699]]
1
[[-110.39131927 -123.06119537 -141.85604858  -37.01675415]]
3
[[ -7.13945007  -0.20912552 -28.17697334 -70.28991699]]
1
[[-110.39131927 -123.06119537 -141.85604858  -37.01675415]]
3
[[ -7.13945007  -0.20912552 -28.17697334 -70.28991699]]
1
[[-110.39131927 -123.06119537 -141.85604858  -37.01675415]]
3
[[ -7.13945007  -0.20912552 -28.17697334 -70.28991699]]
1
[[-110.39131927 -123.06119537 -141.85604858  -37.01675415]]
3
[[ -7.13945007  -0.20912552 -28.17697334 -70.28991699]]
1
[[-110.39131927 -123.06119537 -141.85604858  -37.01675415]]
3
[[ -7.13945007  -0.20912552 -28.17697334 -70.28991699]]
1
[[-110.39131927 -123.06119537 -141.85604858  -37.01675415]]
3
[[ -7.13945007  -0.20912552 -28.17697334 -70.28991699]]
1
[[-110.39131927 -123.06119537 -141.85604858  -37.01675415]]
3
[[ -7.13945007  -0.20912552 -28.17697334 -70.28991699]]
1
[[-110.39131927 -123.06119537 -141.85604858  -37.01675415]]
3
[[ -7.13945007  -0.20912552 -28.17697334 -70.28991699]]
1
[[-110.39131927 -123.06119537 -141.85604858  -37.01675415]]
3
[[ -7.13945007  -0.20912552 -28.17697334 -70.28991699]]
1
[[-110.39131927 -123.06119537 -141.85604858  -37.01675415]]
3
[[ -7.13945007  -0.20912552 -28.17697334 -70.28991699]]
1
[[-110.39131927 -123.06119537 -141.85604858  -37.01675415]]
3
[[ -7.13945007  -0.20912552 -28.17697334 -70.28991699]]
1
[[-110.39131927 -123.06119537 -141.85604858  -37.01675415]]
3
[[ -7.13945007  -0.20912552 -28.17697334 -70.28991699]]
1
[[-110.39131927 -123.06119537 -141.85604858  -37.01675415]]
3
[[ -7.13945007  -0.20912552 -28.17697334 -70.28991699]]
1
[[-110.39131927 -123.06119537 -141.85604858  -37.01675415]]
3
[[ -7.13945007  -0.20912552 -28.17697334 -70.28991699]]
1
[[-110.39131927 -123.06119537 -141.85604858  -37.01675415]]
3
[[ -7.13945007  -0.20912552 -28.17697334 -70.28991699]]
1
[[-110.39131927 -123.06119537 -141.85604858  -37.01675415]]
3
[[ -7.13945007  -0.20912552 -28.17697334 -70.28991699]]
1
[[-110.39131927 -123.06119537 -141.85604858  -37.01675415]]
3
[[ -7.13945007  -0.20912552 -28.17697334 -70.28991699]]
1
[[-110.39131927 -123.06119537 -141.85604858  -37.01675415]]
3
[[ -7.13945007  -0.20912552 -28.17697334 -70.28991699]]
1
[[-110.39131927 -123.06119537 -141.85604858  -37.01675415]]
3
[[ -7.13945007  -0.20912552 -28.17697334 -70.28991699]]
1
[[-110.39131927 -123.06119537 -141.85604858  -37.01675415]]
3
[[ -7.13945007  -0.20912552 -28.17697334 -70.28991699]]
1
[[-110.39131927 -123.06119537 -141.85604858  -37.01675415]]
3
[[ -7.13945007  -0.20912552 -28.17697334 -70.28991699]]
1
FAIL
2/31
