[[-27.49899292 -33.80765915 -51.67126846 -81.07704163]]
0
[[-29.03699493 -42.7720108  -22.62208176 -75.39369202]]
2
[[-27.49899292 -33.80765915 -51.67126846 -81.07704163]]
0
[[-29.03699493 -42.7720108  -22.62208176 -75.39369202]]
2
[[-27.49899292 -33.80765915 -51.67126846 -81.07704163]]
0
[[-29.03699493 -42.7720108  -22.62208176 -75.39369202]]
2
[[-27.49899292 -33.80765915 -51.67126846 -81.07704163]]
0
[[-29.03699493 -42.7720108  -22.62208176 -75.39369202]]
2
[[-27.49899292 -33.80765915 -51.67126846 -81.07704163]]
0
[[-29.03699493 -42.7720108  -22.62208176 -75.39369202]]
2
[[-27.49899292 -33.80765915 -51.67126846 -81.07704163]]
0
[[-29.03699493 -42.7720108  -22.62208176 -75.39369202]]
2
[[-27.49899292 -33.80765915 -51.67126846 -81.07704163]]
0
[[-29.03699493 -42.7720108  -22.62208176 -75.39369202]]
2
[[-27.49899292 -33.80765915 -51.67126846 -81.07704163]]
0
[[-29.03699493 -42.7720108  -22.62208176 -75.39369202]]
2
[[-27.49899292 -33.80765915 -51.67126846 -81.07704163]]
0
[[-29.03699493 -42.7720108  -22.62208176 -75.39369202]]
2
[[-27.49899292 -33.80765915 -51.67126846 -81.07704163]]
0
[[-29.03699493 -42.7720108  -22.62208176 -75.39369202]]
2
[[-27.49899292 -33.80765915 -51.67126846 -81.07704163]]
0
[[-29.03699493 -42.7720108  -22.62208176 -75.39369202]]
2
[[-27.49899292 -33.80765915 -51.67126846 -81.07704163]]
0
[[-29.03699493 -42.7720108  -22.62208176 -75.39369202]]
2
[[-27.49899292 -33.80765915 -51.67126846 -81.07704163]]
0
[[-29.03699493 -42.7720108  -22.62208176 -75.39369202]]
2
[[-27.49899292 -33.80765915 -51.67126846 -81.07704163]]
0
[[-29.03699493 -42.7720108  -22.62208176 -75.39369202]]
2
[[-27.49899292 -33.80765915 -51.67126846 -81.07704163]]
0
[[-29.03699493 -42.7720108  -22.62208176 -75.39369202]]
2
[[-27.49899292 -33.80765915 -51.67126846 -81.07704163]]
0
[[-29.03699493 -42.7720108  -22.62208176 -75.39369202]]
2
[[-27.49899292 -33.80765915 -51.67126846 -81.07704163]]
0
[[-29.03699493 -42.7720108  -22.62208176 -75.39369202]]
2
[[-27.49899292 -33.80765915 -51.67126846 -81.07704163]]
0
[[-29.03699493 -42.7720108  -22.62208176 -75.39369202]]
2
[[-27.49899292 -33.80765915 -51.67126846 -81.07704163]]
0
[[-29.03699493 -42.7720108  -22.62208176 -75.39369202]]
2
[[-27.49899292 -33.80765915 -51.67126846 -81.07704163]]
0
[[-29.03699493 -42.7720108  -22.62208176 -75.39369202]]
2
[[-27.49899292 -33.80765915 -51.67126846 -81.07704163]]
0
[[-29.03699493 -42.7720108  -22.62208176 -75.39369202]]
2
[[-27.49899292 -33.80765915 -51.67126846 -81.07704163]]
0
[[-29.03699493 -42.7720108  -22.62208176 -75.39369202]]
2
[[-27.49899292 -33.80765915 -51.67126846 -81.07704163]]
0
[[-29.03699493 -42.7720108  -22.62208176 -75.39369202]]
2
[[-27.49899292 -33.80765915 -51.67126846 -81.07704163]]
0
[[-29.03699493 -42.7720108  -22.62208176 -75.39369202]]
2
[[-27.49899292 -33.80765915 -51.67126846 -81.07704163]]
0
[[-29.03699493 -42.7720108  -22.62208176 -75.39369202]]
2
[[-27.49899292 -33.80765915 -51.67126846 -81.07704163]]
0
[[-29.03699493 -42.7720108  -22.62208176 -75.39369202]]
2
[[-27.49899292 -33.80765915 -51.67126846 -81.07704163]]
0
[[-29.03699493 -42.7720108  -22.62208176 -75.39369202]]
2
[[-27.49899292 -33.80765915 -51.67126846 -81.07704163]]
0
[[-29.03699493 -42.7720108  -22.62208176 -75.39369202]]
2
[[-27.49899292 -33.80765915 -51.67126846 -81.07704163]]
0
[[-29.03699493 -42.7720108  -22.62208176 -75.39369202]]
2
[[-27.49899292 -33.80765915 -51.67126846 -81.07704163]]
0
[[-29.03699493 -42.7720108  -22.62208176 -75.39369202]]
2
[[-27.49899292 -33.80765915 -51.67126846 -81.07704163]]
0
[[-29.03699493 -42.7720108  -22.62208176 -75.39369202]]
2
[[-27.49899292 -33.80765915 -51.67126846 -81.07704163]]
0
[[-29.03699493 -42.7720108  -22.62208176 -75.39369202]]
2
[[-27.49899292 -33.80765915 -51.67126846 -81.07704163]]
0
[[-29.03699493 -42.7720108  -22.62208176 -75.39369202]]
2
[[-27.49899292 -33.80765915 -51.67126846 -81.07704163]]
0
[[-29.03699493 -42.7720108  -22.62208176 -75.39369202]]
2
[[-27.49899292 -33.80765915 -51.67126846 -81.07704163]]
0
[[-29.03699493 -42.7720108  -22.62208176 -75.39369202]]
2
[[-27.49899292 -33.80765915 -51.67126846 -81.07704163]]
0
[[-29.03699493 -42.7720108  -22.62208176 -75.39369202]]
2
[[-27.49899292 -33.80765915 -51.67126846 -81.07704163]]
0
[[-29.03699493 -42.7720108  -22.62208176 -75.39369202]]
2
[[-27.49899292 -33.80765915 -51.67126846 -81.07704163]]
0
[[-29.03699493 -42.7720108  -22.62208176 -75.39369202]]
2
[[-27.49899292 -33.80765915 -51.67126846 -81.07704163]]
0
[[-29.03699493 -42.7720108  -22.62208176 -75.39369202]]
2
[[-27.49899292 -33.80765915 -51.67126846 -81.07704163]]
0
[[-29.03699493 -42.7720108  -22.62208176 -75.39369202]]
2
[[-27.49899292 -33.80765915 -51.67126846 -81.07704163]]
0
[[-29.03699493 -42.7720108  -22.62208176 -75.39369202]]
2
[[-27.49899292 -33.80765915 -51.67126846 -81.07704163]]
0
[[-29.03699493 -42.7720108  -22.62208176 -75.39369202]]
2
[[-27.49899292 -33.80765915 -51.67126846 -81.07704163]]
0
[[-29.03699493 -42.7720108  -22.62208176 -75.39369202]]
2
[[-27.49899292 -33.80765915 -51.67126846 -81.07704163]]
0
[[-29.03699493 -42.7720108  -22.62208176 -75.39369202]]
2
[[-27.49899292 -33.80765915 -51.67126846 -81.07704163]]
0
[[-29.03699493 -42.7720108  -22.62208176 -75.39369202]]
2
[[-27.49899292 -33.80765915 -51.67126846 -81.07704163]]
0
[[-29.03699493 -42.7720108  -22.62208176 -75.39369202]]
2
[[-27.49899292 -33.80765915 -51.67126846 -81.07704163]]
0
[[-29.03699493 -42.7720108  -22.62208176 -75.39369202]]
2
[[-27.49899292 -33.80765915 -51.67126846 -81.07704163]]
0
[[-29.03699493 -42.7720108  -22.62208176 -75.39369202]]
2
[[-27.49899292 -33.80765915 -51.67126846 -81.07704163]]
0
[[-29.03699493 -42.7720108  -22.62208176 -75.39369202]]
2
[[-27.49899292 -33.80765915 -51.67126846 -81.07704163]]
0
[[-29.03699493 -42.7720108  -22.62208176 -75.39369202]]
2
[[-27.49899292 -33.80765915 -51.67126846 -81.07704163]]
0
FAIL
1/19
