[[-49.20118713 -17.92277527 -58.1823349  -85.93769073]]
1
[[-53.4090271  -24.564785   -58.38380814 -79.51728058]]
1
[[-29.09393311 -49.58152008 -54.52581024 -69.86752319]]
0
[[ -74.99769592   -6.23001099  -44.842659   -114.08063507]]
1
[[-16.71595383 -43.8205986  -76.94403076 -78.22120667]]
0
[[  -8.49330139  -46.22195435  -25.98606873 -103.30291748]]
0
[[-57.62286758   4.4540062    2.84687424 -84.11765289]]
1
[[-39.72946548 -43.43577194 -52.77539062 -79.43196106]]
0
[[-21.41479492 -52.82325745 -41.8048172  -78.23920441]]
0
[[-21.04295349 -36.89037323 -14.20709991 -94.84776306]]
2
[[-21.41479492 -52.82325745 -41.8048172  -78.23920441]]
0
[[-21.04295349 -36.89037323 -14.20709991 -94.84776306]]
2
[[-21.41479492 -52.82325745 -41.8048172  -78.23920441]]
0
[[-21.04295349 -36.89037323 -14.20709991 -94.84776306]]
2
[[-21.41479492 -52.82325745 -41.8048172  -78.23920441]]
0
[[-21.04295349 -36.89037323 -14.20709991 -94.84776306]]
2
[[-21.41479492 -52.82325745 -41.8048172  -78.23920441]]
0
[[-21.04295349 -36.89037323 -14.20709991 -94.84776306]]
2
[[-21.41479492 -52.82325745 -41.8048172  -78.23920441]]
0
[[-21.04295349 -36.89037323 -14.20709991 -94.84776306]]
2
[[-21.41479492 -52.82325745 -41.8048172  -78.23920441]]
0
[[-21.04295349 -36.89037323 -14.20709991 -94.84776306]]
2
[[-21.41479492 -52.82325745 -41.8048172  -78.23920441]]
0
[[-21.04295349 -36.89037323 -14.20709991 -94.84776306]]
2
[[-21.41479492 -52.82325745 -41.8048172  -78.23920441]]
0
[[-21.04295349 -36.89037323 -14.20709991 -94.84776306]]
2
[[-21.41479492 -52.82325745 -41.8048172  -78.23920441]]
0
[[-21.04295349 -36.89037323 -14.20709991 -94.84776306]]
2
[[-21.41479492 -52.82325745 -41.8048172  -78.23920441]]
0
[[-21.04295349 -36.89037323 -14.20709991 -94.84776306]]
2
[[-21.41479492 -52.82325745 -41.8048172  -78.23920441]]
0
[[-21.04295349 -36.89037323 -14.20709991 -94.84776306]]
2
[[-21.41479492 -52.82325745 -41.8048172  -78.23920441]]
0
[[-21.04295349 -36.89037323 -14.20709991 -94.84776306]]
2
[[-21.41479492 -52.82325745 -41.8048172  -78.23920441]]
0
[[-21.04295349 -36.89037323 -14.20709991 -94.84776306]]
2
[[-21.41479492 -52.82325745 -41.8048172  -78.23920441]]
0
[[-21.04295349 -36.89037323 -14.20709991 -94.84776306]]
2
[[-21.41479492 -52.82325745 -41.8048172  -78.23920441]]
0
[[-21.04295349 -36.89037323 -14.20709991 -94.84776306]]
2
[[-21.41479492 -52.82325745 -41.8048172  -78.23920441]]
0
[[-21.04295349 -36.89037323 -14.20709991 -94.84776306]]
2
[[-21.41479492 -52.82325745 -41.8048172  -78.23920441]]
0
[[-21.04295349 -36.89037323 -14.20709991 -94.84776306]]
2
[[-21.41479492 -52.82325745 -41.8048172  -78.23920441]]
0
[[-21.04295349 -36.89037323 -14.20709991 -94.84776306]]
2
[[-21.41479492 -52.82325745 -41.8048172  -78.23920441]]
0
[[-21.04295349 -36.89037323 -14.20709991 -94.84776306]]
2
[[-21.41479492 -52.82325745 -41.8048172  -78.23920441]]
0
[[-21.04295349 -36.89037323 -14.20709991 -94.84776306]]
2
[[-21.41479492 -52.82325745 -41.8048172  -78.23920441]]
0
[[-21.04295349 -36.89037323 -14.20709991 -94.84776306]]
2
[[-21.41479492 -52.82325745 -41.8048172  -78.23920441]]
0
[[-21.04295349 -36.89037323 -14.20709991 -94.84776306]]
2
[[-21.41479492 -52.82325745 -41.8048172  -78.23920441]]
0
[[-21.04295349 -36.89037323 -14.20709991 -94.84776306]]
2
[[-21.41479492 -52.82325745 -41.8048172  -78.23920441]]
0
[[-21.04295349 -36.89037323 -14.20709991 -94.84776306]]
2
[[-21.41479492 -52.82325745 -41.8048172  -78.23920441]]
0
[[-21.04295349 -36.89037323 -14.20709991 -94.84776306]]
2
[[-21.41479492 -52.82325745 -41.8048172  -78.23920441]]
0
[[-21.04295349 -36.89037323 -14.20709991 -94.84776306]]
2
[[-21.41479492 -52.82325745 -41.8048172  -78.23920441]]
0
[[-21.04295349 -36.89037323 -14.20709991 -94.84776306]]
2
[[-21.41479492 -52.82325745 -41.8048172  -78.23920441]]
0
[[-21.04295349 -36.89037323 -14.20709991 -94.84776306]]
2
[[-21.41479492 -52.82325745 -41.8048172  -78.23920441]]
0
[[-21.04295349 -36.89037323 -14.20709991 -94.84776306]]
2
[[-21.41479492 -52.82325745 -41.8048172  -78.23920441]]
0
[[-21.04295349 -36.89037323 -14.20709991 -94.84776306]]
2
[[-21.41479492 -52.82325745 -41.8048172  -78.23920441]]
0
[[-21.04295349 -36.89037323 -14.20709991 -94.84776306]]
2
[[-21.41479492 -52.82325745 -41.8048172  -78.23920441]]
0
[[-21.04295349 -36.89037323 -14.20709991 -94.84776306]]
2
[[-21.41479492 -52.82325745 -41.8048172  -78.23920441]]
0
[[-21.04295349 -36.89037323 -14.20709991 -94.84776306]]
2
[[-21.41479492 -52.82325745 -41.8048172  -78.23920441]]
0
[[-21.04295349 -36.89037323 -14.20709991 -94.84776306]]
2
[[-21.41479492 -52.82325745 -41.8048172  -78.23920441]]
0
[[-21.04295349 -36.89037323 -14.20709991 -94.84776306]]
2
[[-21.41479492 -52.82325745 -41.8048172  -78.23920441]]
0
[[-21.04295349 -36.89037323 -14.20709991 -94.84776306]]
2
[[-21.41479492 -52.82325745 -41.8048172  -78.23920441]]
0
[[-21.04295349 -36.89037323 -14.20709991 -94.84776306]]
2
[[-21.41479492 -52.82325745 -41.8048172  -78.23920441]]
0
[[-21.04295349 -36.89037323 -14.20709991 -94.84776306]]
2
[[-21.41479492 -52.82325745 -41.8048172  -78.23920441]]
0
[[-21.04295349 -36.89037323 -14.20709991 -94.84776306]]
2
[[-21.41479492 -52.82325745 -41.8048172  -78.23920441]]
0
[[-21.04295349 -36.89037323 -14.20709991 -94.84776306]]
2
[[-21.41479492 -52.82325745 -41.8048172  -78.23920441]]
0
[[-21.04295349 -36.89037323 -14.20709991 -94.84776306]]
2
[[-21.41479492 -52.82325745 -41.8048172  -78.23920441]]
0
[[-21.04295349 -36.89037323 -14.20709991 -94.84776306]]
2
[[-21.41479492 -52.82325745 -41.8048172  -78.23920441]]
0
[[-21.04295349 -36.89037323 -14.20709991 -94.84776306]]
2
[[-21.41479492 -52.82325745 -41.8048172  -78.23920441]]
0
[[-21.04295349 -36.89037323 -14.20709991 -94.84776306]]
2
[[-21.41479492 -52.82325745 -41.8048172  -78.23920441]]
0
[[-21.04295349 -36.89037323 -14.20709991 -94.84776306]]
2
[[-21.41479492 -52.82325745 -41.8048172  -78.23920441]]
0
FAIL
9/22
