[[-158.19590759  -71.99576569  -11.59629822 -178.71572876]]
2
[[ -6.94939423 -22.38375664  -4.06133652 -96.25744629]]
2
[[ -6.87775612  -0.49057961 -29.35608864 -73.16638947]]
1
[[-113.55680847 -128.35333252 -148.07662964  -37.07478333]]
3
[[ -6.87775612  -0.49057961 -29.35608864 -73.16638947]]
1
[[-113.55680847 -128.35333252 -148.07662964  -37.07478333]]
3
[[ -6.87775612  -0.49057961 -29.35608864 -73.16638947]]
1
[[-113.55680847 -128.35333252 -148.07662964  -37.07478333]]
3
[[ -6.87775612  -0.49057961 -29.35608864 -73.16638947]]
1
[[-113.55680847 -128.35333252 -148.07662964  -37.07478333]]
3
[[ -6.87775612  -0.49057961 -29.35608864 -73.16638947]]
1
[[-113.55680847 -128.35333252 -148.07662964  -37.07478333]]
3
[[ -6.87775612  -0.49057961 -29.35608864 -73.16638947]]
1
[[-113.55680847 -128.35333252 -148.07662964  -37.07478333]]
3
[[ -6.87775612  -0.49057961 -29.35608864 -73.16638947]]
1
[[-113.55680847 -128.35333252 -148.07662964  -37.07478333]]
3
[[ -6.87775612  -0.49057961 -29.35608864 -73.16638947]]
1
[[-113.55680847 -128.35333252 -148.07662964  -37.07478333]]
3
[[ -6.87775612  -0.49057961 -29.35608864 -73.16638947]]
1
[[-113.55680847 -128.35333252 -148.07662964  -37.07478333]]
3
[[ -6.87775612  -0.49057961 -29.35608864 -73.16638947]]
1
[[-113.55680847 -128.35333252 -148.07662964  -37.07478333]]
3
[[ -6.87775612  -0.49057961 -29.35608864 -73.16638947]]
1
[[-113.55680847 -128.35333252 -148.07662964  -37.07478333]]
3
[[ -6.87775612  -0.49057961 -29.35608864 -73.16638947]]
1
[[-113.55680847 -128.35333252 -148.07662964  -37.07478333]]
3
[[ -6.87775612  -0.49057961 -29.35608864 -73.16638947]]
1
[[-113.55680847 -128.35333252 -148.07662964  -37.07478333]]
3
[[ -6.87775612  -0.49057961 -29.35608864 -73.16638947]]
1
[[-113.55680847 -128.35333252 -148.07662964  -37.07478333]]
3
[[ -6.87775612  -0.49057961 -29.35608864 -73.16638947]]
1
[[-113.55680847 -128.35333252 -148.07662964  -37.07478333]]
3
[[ -6.87775612  -0.49057961 -29.35608864 -73.16638947]]
1
[[-113.55680847 -128.35333252 -148.07662964  -37.07478333]]
3
[[ -6.87775612  -0.49057961 -29.35608864 -73.16638947]]
1
[[-113.55680847 -128.35333252 -148.07662964  -37.07478333]]
3
[[ -6.87775612  -0.49057961 -29.35608864 -73.16638947]]
1
[[-113.55680847 -128.35333252 -148.07662964  -37.07478333]]
3
[[ -6.87775612  -0.49057961 -29.35608864 -73.16638947]]
1
[[-113.55680847 -128.35333252 -148.07662964  -37.07478333]]
3
[[ -6.87775612  -0.49057961 -29.35608864 -73.16638947]]
1
[[-113.55680847 -128.35333252 -148.07662964  -37.07478333]]
3
[[ -6.87775612  -0.49057961 -29.35608864 -73.16638947]]
1
[[-113.55680847 -128.35333252 -148.07662964  -37.07478333]]
3
[[ -6.87775612  -0.49057961 -29.35608864 -73.16638947]]
1
[[-113.55680847 -128.35333252 -148.07662964  -37.07478333]]
3
[[ -6.87775612  -0.49057961 -29.35608864 -73.16638947]]
1
[[-113.55680847 -128.35333252 -148.07662964  -37.07478333]]
3
[[ -6.87775612  -0.49057961 -29.35608864 -73.16638947]]
1
[[-113.55680847 -128.35333252 -148.07662964  -37.07478333]]
3
[[ -6.87775612  -0.49057961 -29.35608864 -73.16638947]]
1
[[-113.55680847 -128.35333252 -148.07662964  -37.07478333]]
3
[[ -6.87775612  -0.49057961 -29.35608864 -73.16638947]]
1
[[-113.55680847 -128.35333252 -148.07662964  -37.07478333]]
3
[[ -6.87775612  -0.49057961 -29.35608864 -73.16638947]]
1
[[-113.55680847 -128.35333252 -148.07662964  -37.07478333]]
3
[[ -6.87775612  -0.49057961 -29.35608864 -73.16638947]]
1
[[-113.55680847 -128.35333252 -148.07662964  -37.07478333]]
3
[[ -6.87775612  -0.49057961 -29.35608864 -73.16638947]]
1
[[-113.55680847 -128.35333252 -148.07662964  -37.07478333]]
3
[[ -6.87775612  -0.49057961 -29.35608864 -73.16638947]]
1
[[-113.55680847 -128.35333252 -148.07662964  -37.07478333]]
3
[[ -6.87775612  -0.49057961 -29.35608864 -73.16638947]]
1
[[-113.55680847 -128.35333252 -148.07662964  -37.07478333]]
3
[[ -6.87775612  -0.49057961 -29.35608864 -73.16638947]]
1
[[-113.55680847 -128.35333252 -148.07662964  -37.07478333]]
3
[[ -6.87775612  -0.49057961 -29.35608864 -73.16638947]]
1
[[-113.55680847 -128.35333252 -148.07662964  -37.07478333]]
3
[[ -6.87775612  -0.49057961 -29.35608864 -73.16638947]]
1
[[-113.55680847 -128.35333252 -148.07662964  -37.07478333]]
3
[[ -6.87775612  -0.49057961 -29.35608864 -73.16638947]]
1
[[-113.55680847 -128.35333252 -148.07662964  -37.07478333]]
3
[[ -6.87775612  -0.49057961 -29.35608864 -73.16638947]]
1
[[-113.55680847 -128.35333252 -148.07662964  -37.07478333]]
3
[[ -6.87775612  -0.49057961 -29.35608864 -73.16638947]]
1
[[-113.55680847 -128.35333252 -148.07662964  -37.07478333]]
3
[[ -6.87775612  -0.49057961 -29.35608864 -73.16638947]]
1
[[-113.55680847 -128.35333252 -148.07662964  -37.07478333]]
3
[[ -6.87775612  -0.49057961 -29.35608864 -73.16638947]]
1
[[-113.55680847 -128.35333252 -148.07662964  -37.07478333]]
3
[[ -6.87775612  -0.49057961 -29.35608864 -73.16638947]]
1
[[-113.55680847 -128.35333252 -148.07662964  -37.07478333]]
3
[[ -6.87775612  -0.49057961 -29.35608864 -73.16638947]]
1
[[-113.55680847 -128.35333252 -148.07662964  -37.07478333]]
3
[[ -6.87775612  -0.49057961 -29.35608864 -73.16638947]]
1
[[-113.55680847 -128.35333252 -148.07662964  -37.07478333]]
3
[[ -6.87775612  -0.49057961 -29.35608864 -73.16638947]]
1
[[-113.55680847 -128.35333252 -148.07662964  -37.07478333]]
3
[[ -6.87775612  -0.49057961 -29.35608864 -73.16638947]]
1
[[-113.55680847 -128.35333252 -148.07662964  -37.07478333]]
3
[[ -6.87775612  -0.49057961 -29.35608864 -73.16638947]]
1
[[-113.55680847 -128.35333252 -148.07662964  -37.07478333]]
3
[[ -6.87775612  -0.49057961 -29.35608864 -73.16638947]]
1
[[-113.55680847 -128.35333252 -148.07662964  -37.07478333]]
3
[[ -6.87775612  -0.49057961 -29.35608864 -73.16638947]]
1
[[-113.55680847 -128.35333252 -148.07662964  -37.07478333]]
3
[[ -6.87775612  -0.49057961 -29.35608864 -73.16638947]]
1
[[-113.55680847 -128.35333252 -148.07662964  -37.07478333]]
3
[[ -6.87775612  -0.49057961 -29.35608864 -73.16638947]]
1
[[-113.55680847 -128.35333252 -148.07662964  -37.07478333]]
3
[[ -6.87775612  -0.49057961 -29.35608864 -73.16638947]]
1
FAIL
2/31
