[[-28.17566299 -35.695961   -55.69594193 -84.43333435]]
0
[[-28.59344482 -45.66750336 -24.7555809  -78.37634277]]
2
[[-28.17566299 -35.695961   -55.69594193 -84.43333435]]
0
[[-28.59344482 -45.66750336 -24.7555809  -78.37634277]]
2
[[-28.17566299 -35.695961   -55.69594193 -84.43333435]]
0
[[-28.59344482 -45.66750336 -24.7555809  -78.37634277]]
2
[[-28.17566299 -35.695961   -55.69594193 -84.43333435]]
0
[[-28.59344482 -45.66750336 -24.7555809  -78.37634277]]
2
[[-28.17566299 -35.695961   -55.69594193 -84.43333435]]
0
[[-28.59344482 -45.66750336 -24.7555809  -78.37634277]]
2
[[-28.17566299 -35.695961   -55.69594193 -84.43333435]]
0
[[-28.59344482 -45.66750336 -24.7555809  -78.37634277]]
2
[[-28.17566299 -35.695961   -55.69594193 -84.43333435]]
0
[[-28.59344482 -45.66750336 -24.7555809  -78.37634277]]
2
[[-28.17566299 -35.695961   -55.69594193 -84.43333435]]
0
[[-28.59344482 -45.66750336 -24.7555809  -78.37634277]]
2
[[-28.17566299 -35.695961   -55.69594193 -84.43333435]]
0
[[-28.59344482 -45.66750336 -24.7555809  -78.37634277]]
2
[[-28.17566299 -35.695961   -55.69594193 -84.43333435]]
0
[[-28.59344482 -45.66750336 -24.7555809  -78.37634277]]
2
[[-28.17566299 -35.695961   -55.69594193 -84.43333435]]
0
[[-28.59344482 -45.66750336 -24.7555809  -78.37634277]]
2
[[-28.17566299 -35.695961   -55.69594193 -84.43333435]]
0
[[-28.59344482 -45.66750336 -24.7555809  -78.37634277]]
2
[[-28.17566299 -35.695961   -55.69594193 -84.43333435]]
0
[[-28.59344482 -45.66750336 -24.7555809  -78.37634277]]
2
[[-28.17566299 -35.695961   -55.69594193 -84.43333435]]
0
[[-28.59344482 -45.66750336 -24.7555809  -78.37634277]]
2
[[-28.17566299 -35.695961   -55.69594193 -84.43333435]]
0
[[-28.59344482 -45.66750336 -24.7555809  -78.37634277]]
2
[[-28.17566299 -35.695961   -55.69594193 -84.43333435]]
0
[[-28.59344482 -45.66750336 -24.7555809  -78.37634277]]
2
[[-28.17566299 -35.695961   -55.69594193 -84.43333435]]
0
[[-28.59344482 -45.66750336 -24.7555809  -78.37634277]]
2
[[-28.17566299 -35.695961   -55.69594193 -84.43333435]]
0
[[-28.59344482 -45.66750336 -24.7555809  -78.37634277]]
2
[[-28.17566299 -35.695961   -55.69594193 -84.43333435]]
0
[[-28.59344482 -45.66750336 -24.7555809  -78.37634277]]
2
[[-28.17566299 -35.695961   -55.69594193 -84.43333435]]
0
[[-28.59344482 -45.66750336 -24.7555809  -78.37634277]]
2
[[-28.17566299 -35.695961   -55.69594193 -84.43333435]]
0
[[-28.59344482 -45.66750336 -24.7555809  -78.37634277]]
2
[[-28.17566299 -35.695961   -55.69594193 -84.43333435]]
0
[[-28.59344482 -45.66750336 -24.7555809  -78.37634277]]
2
[[-28.17566299 -35.695961   -55.69594193 -84.43333435]]
0
[[-28.59344482 -45.66750336 -24.7555809  -78.37634277]]
2
[[-28.17566299 -35.695961   -55.69594193 -84.43333435]]
0
[[-28.59344482 -45.66750336 -24.7555809  -78.37634277]]
2
[[-28.17566299 -35.695961   -55.69594193 -84.43333435]]
0
[[-28.59344482 -45.66750336 -24.7555809  -78.37634277]]
2
[[-28.17566299 -35.695961   -55.69594193 -84.43333435]]
0
[[-28.59344482 -45.66750336 -24.7555809  -78.37634277]]
2
[[-28.17566299 -35.695961   -55.69594193 -84.43333435]]
0
[[-28.59344482 -45.66750336 -24.7555809  -78.37634277]]
2
[[-28.17566299 -35.695961   -55.69594193 -84.43333435]]
0
[[-28.59344482 -45.66750336 -24.7555809  -78.37634277]]
2
[[-28.17566299 -35.695961   -55.69594193 -84.43333435]]
0
[[-28.59344482 -45.66750336 -24.7555809  -78.37634277]]
2
[[-28.17566299 -35.695961   -55.69594193 -84.43333435]]
0
[[-28.59344482 -45.66750336 -24.7555809  -78.37634277]]
2
[[-28.17566299 -35.695961   -55.69594193 -84.43333435]]
0
[[-28.59344482 -45.66750336 -24.7555809  -78.37634277]]
2
[[-28.17566299 -35.695961   -55.69594193 -84.43333435]]
0
[[-28.59344482 -45.66750336 -24.7555809  -78.37634277]]
2
[[-28.17566299 -35.695961   -55.69594193 -84.43333435]]
0
[[-28.59344482 -45.66750336 -24.7555809  -78.37634277]]
2
[[-28.17566299 -35.695961   -55.69594193 -84.43333435]]
0
[[-28.59344482 -45.66750336 -24.7555809  -78.37634277]]
2
[[-28.17566299 -35.695961   -55.69594193 -84.43333435]]
0
[[-28.59344482 -45.66750336 -24.7555809  -78.37634277]]
2
[[-28.17566299 -35.695961   -55.69594193 -84.43333435]]
0
[[-28.59344482 -45.66750336 -24.7555809  -78.37634277]]
2
[[-28.17566299 -35.695961   -55.69594193 -84.43333435]]
0
[[-28.59344482 -45.66750336 -24.7555809  -78.37634277]]
2
[[-28.17566299 -35.695961   -55.69594193 -84.43333435]]
0
[[-28.59344482 -45.66750336 -24.7555809  -78.37634277]]
2
[[-28.17566299 -35.695961   -55.69594193 -84.43333435]]
0
[[-28.59344482 -45.66750336 -24.7555809  -78.37634277]]
2
[[-28.17566299 -35.695961   -55.69594193 -84.43333435]]
0
[[-28.59344482 -45.66750336 -24.7555809  -78.37634277]]
2
[[-28.17566299 -35.695961   -55.69594193 -84.43333435]]
0
[[-28.59344482 -45.66750336 -24.7555809  -78.37634277]]
2
[[-28.17566299 -35.695961   -55.69594193 -84.43333435]]
0
[[-28.59344482 -45.66750336 -24.7555809  -78.37634277]]
2
[[-28.17566299 -35.695961   -55.69594193 -84.43333435]]
0
[[-28.59344482 -45.66750336 -24.7555809  -78.37634277]]
2
[[-28.17566299 -35.695961   -55.69594193 -84.43333435]]
0
[[-28.59344482 -45.66750336 -24.7555809  -78.37634277]]
2
[[-28.17566299 -35.695961   -55.69594193 -84.43333435]]
0
[[-28.59344482 -45.66750336 -24.7555809  -78.37634277]]
2
[[-28.17566299 -35.695961   -55.69594193 -84.43333435]]
0
[[-28.59344482 -45.66750336 -24.7555809  -78.37634277]]
2
[[-28.17566299 -35.695961   -55.69594193 -84.43333435]]
0
[[-28.59344482 -45.66750336 -24.7555809  -78.37634277]]
2
[[-28.17566299 -35.695961   -55.69594193 -84.43333435]]
0
[[-28.59344482 -45.66750336 -24.7555809  -78.37634277]]
2
[[-28.17566299 -35.695961   -55.69594193 -84.43333435]]
0
[[-28.59344482 -45.66750336 -24.7555809  -78.37634277]]
2
[[-28.17566299 -35.695961   -55.69594193 -84.43333435]]
0
[[-28.59344482 -45.66750336 -24.7555809  -78.37634277]]
2
[[-28.17566299 -35.695961   -55.69594193 -84.43333435]]
0
FAIL
1/19
