[[-164.31468201  -74.44469452  -12.82694244 -183.92481995]]
2
[[  -7.29532623  -24.10055542   -4.57881165 -101.18006134]]
2
[[ -6.61731148  -0.87056923 -30.76743698 -75.81411743]]
1
[[-116.20983124 -133.32167053 -154.75        -36.9912262 ]]
3
[[ -6.61731148  -0.87056923 -30.76743698 -75.81411743]]
1
[[-116.20983124 -133.32167053 -154.75        -36.9912262 ]]
3
[[ -6.61731148  -0.87056923 -30.76743698 -75.81411743]]
1
[[-116.20983124 -133.32167053 -154.75        -36.9912262 ]]
3
[[ -6.61731148  -0.87056923 -30.76743698 -75.81411743]]
1
[[-116.20983124 -133.32167053 -154.75        -36.9912262 ]]
3
[[ -6.61731148  -0.87056923 -30.76743698 -75.81411743]]
1
[[-116.20983124 -133.32167053 -154.75        -36.9912262 ]]
3
[[ -6.61731148  -0.87056923 -30.76743698 -75.81411743]]
1
[[-116.20983124 -133.32167053 -154.75        -36.9912262 ]]
3
[[ -6.61731148  -0.87056923 -30.76743698 -75.81411743]]
1
[[-116.20983124 -133.32167053 -154.75        -36.9912262 ]]
3
[[ -6.61731148  -0.87056923 -30.76743698 -75.81411743]]
1
[[-116.20983124 -133.32167053 -154.75        -36.9912262 ]]
3
[[ -6.61731148  -0.87056923 -30.76743698 -75.81411743]]
1
[[-116.20983124 -133.32167053 -154.75        -36.9912262 ]]
3
[[ -6.61731148  -0.87056923 -30.76743698 -75.81411743]]
1
[[-116.20983124 -133.32167053 -154.75        -36.9912262 ]]
3
[[ -6.61731148  -0.87056923 -30.76743698 -75.81411743]]
1
[[-116.20983124 -133.32167053 -154.75        -36.9912262 ]]
3
[[ -6.61731148  -0.87056923 -30.76743698 -75.81411743]]
1
[[-116.20983124 -133.32167053 -154.75        -36.9912262 ]]
3
[[ -6.61731148  -0.87056923 -30.76743698 -75.81411743]]
1
[[-116.20983124 -133.32167053 -154.75        -36.9912262 ]]
3
[[ -6.61731148  -0.87056923 -30.76743698 -75.81411743]]
1
[[-116.20983124 -133.32167053 -154.75        -36.9912262 ]]
3
[[ -6.61731148  -0.87056923 -30.76743698 -75.81411743]]
1
[[-116.20983124 -133.32167053 -154.75        -36.9912262 ]]
3
[[ -6.61731148  -0.87056923 -30.76743698 -75.81411743]]
1
[[-116.20983124 -133.32167053 -154.75        -36.9912262 ]]
3
[[ -6.61731148  -0.87056923 -30.76743698 -75.81411743]]
1
[[-116.20983124 -133.32167053 -154.75        -36.9912262 ]]
3
[[ -6.61731148  -0.87056923 -30.76743698 -75.81411743]]
1
[[-116.20983124 -133.32167053 -154.75        -36.9912262 ]]
3
[[ -6.61731148  -0.87056923 -30.76743698 -75.81411743]]
1
[[-116.20983124 -133.32167053 -154.75        -36.9912262 ]]
3
[[ -6.61731148  -0.87056923 -30.76743698 -75.81411743]]
1
[[-116.20983124 -133.32167053 -154.75        -36.9912262 ]]
3
[[ -6.61731148  -0.87056923 -30.76743698 -75.81411743]]
1
[[-116.20983124 -133.32167053 -154.75        -36.9912262 ]]
3
[[ -6.61731148  -0.87056923 -30.76743698 -75.81411743]]
1
[[-116.20983124 -133.32167053 -154.75        -36.9912262 ]]
3
[[ -6.61731148  -0.87056923 -30.76743698 -75.81411743]]
1
[[-116.20983124 -133.32167053 -154.75        -36.9912262 ]]
3
[[ -6.61731148  -0.87056923 -30.76743698 -75.81411743]]
1
[[-116.20983124 -133.32167053 -154.75        -36.9912262 ]]
3
[[ -6.61731148  -0.87056923 -30.76743698 -75.81411743]]
1
[[-116.20983124 -133.32167053 -154.75        -36.9912262 ]]
3
[[ -6.61731148  -0.87056923 -30.76743698 -75.81411743]]
1
[[-116.20983124 -133.32167053 -154.75        -36.9912262 ]]
3
[[ -6.61731148  -0.87056923 -30.76743698 -75.81411743]]
1
[[-116.20983124 -133.32167053 -154.75        -36.9912262 ]]
3
[[ -6.61731148  -0.87056923 -30.76743698 -75.81411743]]
1
[[-116.20983124 -133.32167053 -154.75        -36.9912262 ]]
3
[[ -6.61731148  -0.87056923 -30.76743698 -75.81411743]]
1
[[-116.20983124 -133.32167053 -154.75        -36.9912262 ]]
3
[[ -6.61731148  -0.87056923 -30.76743698 -75.81411743]]
1
[[-116.20983124 -133.32167053 -154.75        -36.9912262 ]]
3
[[ -6.61731148  -0.87056923 -30.76743698 -75.81411743]]
1
[[-116.20983124 -133.32167053 -154.75        -36.9912262 ]]
3
[[ -6.61731148  -0.87056923 -30.76743698 -75.81411743]]
1
[[-116.20983124 -133.32167053 -154.75        -36.9912262 ]]
3
[[ -6.61731148  -0.87056923 -30.76743698 -75.81411743]]
1
[[-116.20983124 -133.32167053 -154.75        -36.9912262 ]]
3
[[ -6.61731148  -0.87056923 -30.76743698 -75.81411743]]
1
[[-116.20983124 -133.32167053 -154.75        -36.9912262 ]]
3
[[ -6.61731148  -0.87056923 -30.76743698 -75.81411743]]
1
[[-116.20983124 -133.32167053 -154.75        -36.9912262 ]]
3
[[ -6.61731148  -0.87056923 -30.76743698 -75.81411743]]
1
[[-116.20983124 -133.32167053 -154.75        -36.9912262 ]]
3
[[ -6.61731148  -0.87056923 -30.76743698 -75.81411743]]
1
[[-116.20983124 -133.32167053 -154.75        -36.9912262 ]]
3
[[ -6.61731148  -0.87056923 -30.76743698 -75.81411743]]
1
[[-116.20983124 -133.32167053 -154.75        -36.9912262 ]]
3
[[ -6.61731148  -0.87056923 -30.76743698 -75.81411743]]
1
[[-116.20983124 -133.32167053 -154.75        -36.9912262 ]]
3
[[ -6.61731148  -0.87056923 -30.76743698 -75.81411743]]
1
[[-116.20983124 -133.32167053 -154.75        -36.9912262 ]]
3
[[ -6.61731148  -0.87056923 -30.76743698 -75.81411743]]
1
[[-116.20983124 -133.32167053 -154.75        -36.9912262 ]]
3
[[ -6.61731148  -0.87056923 -30.76743698 -75.81411743]]
1
[[-116.20983124 -133.32167053 -154.75        -36.9912262 ]]
3
[[ -6.61731148  -0.87056923 -30.76743698 -75.81411743]]
1
[[-116.20983124 -133.32167053 -154.75        -36.9912262 ]]
3
[[ -6.61731148  -0.87056923 -30.76743698 -75.81411743]]
1
[[-116.20983124 -133.32167053 -154.75        -36.9912262 ]]
3
[[ -6.61731148  -0.87056923 -30.76743698 -75.81411743]]
1
[[-116.20983124 -133.32167053 -154.75        -36.9912262 ]]
3
[[ -6.61731148  -0.87056923 -30.76743698 -75.81411743]]
1
[[-116.20983124 -133.32167053 -154.75        -36.9912262 ]]
3
[[ -6.61731148  -0.87056923 -30.76743698 -75.81411743]]
1
[[-116.20983124 -133.32167053 -154.75        -36.9912262 ]]
3
[[ -6.61731148  -0.87056923 -30.76743698 -75.81411743]]
1
[[-116.20983124 -133.32167053 -154.75        -36.9912262 ]]
3
[[ -6.61731148  -0.87056923 -30.76743698 -75.81411743]]
1
[[-116.20983124 -133.32167053 -154.75        -36.9912262 ]]
3
[[ -6.61731148  -0.87056923 -30.76743698 -75.81411743]]
1
FAIL
2/31
