[[-51.46374893 -18.43210983 -62.91418457 -89.0453186 ]]
1
[[-55.61708069 -25.04447365 -63.14363098 -82.52037811]]
1
[[-29.43663979 -51.71498871 -58.9145813  -71.98822784]]
0
[[ -77.40510559   -5.8132515   -48.09213257 -118.52613831]]
1
[[-16.84092712 -46.31819916 -82.39634705 -81.19577789]]
0
[[  -7.94749069  -48.93919754  -28.87764359 -106.68327332]]
0
[[-60.16114426   4.66149902   0.90189362 -87.63521576]]
1
[[-40.00031281 -45.21442795 -56.44186401 -82.31560516]]
0
[[-20.93528557 -55.7433548  -45.43412781 -81.14608765]]
0
[[-21.48221779 -38.54859924 -15.8127079  -98.48728943]]
2
[[-20.93528557 -55.7433548  -45.43412781 -81.14608765]]
0
[[-21.48221779 -38.54859924 -15.8127079  -98.48728943]]
2
[[-20.93528557 -55.7433548  -45.43412781 -81.14608765]]
0
[[-21.48221779 -38.54859924 -15.8127079  -98.48728943]]
2
[[-20.93528557 -55.7433548  -45.43412781 -81.14608765]]
0
[[-21.48221779 -38.54859924 -15.8127079  -98.48728943]]
2
[[-20.93528557 -55.7433548  -45.43412781 -81.14608765]]
0
[[-21.48221779 -38.54859924 -15.8127079  -98.48728943]]
2
[[-20.93528557 -55.7433548  -45.43412781 -81.14608765]]
0
[[-21.48221779 -38.54859924 -15.8127079  -98.48728943]]
2
[[-20.93528557 -55.7433548  -45.43412781 -81.14608765]]
0
[[-21.48221779 -38.54859924 -15.8127079  -98.48728943]]
2
[[-20.93528557 -55.7433548  -45.43412781 -81.14608765]]
0
[[-21.48221779 -38.54859924 -15.8127079  -98.48728943]]
2
[[-20.93528557 -55.7433548  -45.43412781 -81.14608765]]
0
[[-21.48221779 -38.54859924 -15.8127079  -98.48728943]]
2
[[-20.93528557 -55.7433548  -45.43412781 -81.14608765]]
0
[[-21.48221779 -38.54859924 -15.8127079  -98.48728943]]
2
[[-20.93528557 -55.7433548  -45.43412781 -81.14608765]]
0
[[-21.48221779 -38.54859924 -15.8127079  -98.48728943]]
2
[[-20.93528557 -55.7433548  -45.43412781 -81.14608765]]
0
[[-21.48221779 -38.54859924 -15.8127079  -98.48728943]]
2
[[-20.93528557 -55.7433548  -45.43412781 -81.14608765]]
0
[[-21.48221779 -38.54859924 -15.8127079  -98.48728943]]
2
[[-20.93528557 -55.7433548  -45.43412781 -81.14608765]]
0
[[-21.48221779 -38.54859924 -15.8127079  -98.48728943]]
2
[[-20.93528557 -55.7433548  -45.43412781 -81.14608765]]
0
[[-21.48221779 -38.54859924 -15.8127079  -98.48728943]]
2
[[-20.93528557 -55.7433548  -45.43412781 -81.14608765]]
0
[[-21.48221779 -38.54859924 -15.8127079  -98.48728943]]
2
[[-20.93528557 -55.7433548  -45.43412781 -81.14608765]]
0
[[-21.48221779 -38.54859924 -15.8127079  -98.48728943]]
2
[[-20.93528557 -55.7433548  -45.43412781 -81.14608765]]
0
[[-21.48221779 -38.54859924 -15.8127079  -98.48728943]]
2
[[-20.93528557 -55.7433548  -45.43412781 -81.14608765]]
0
[[-21.48221779 -38.54859924 -15.8127079  -98.48728943]]
2
[[-20.93528557 -55.7433548  -45.43412781 -81.14608765]]
0
[[-21.48221779 -38.54859924 -15.8127079  -98.48728943]]
2
[[-20.93528557 -55.7433548  -45.43412781 -81.14608765]]
0
[[-21.48221779 -38.54859924 -15.8127079  -98.48728943]]
2
[[-20.93528557 -55.7433548  -45.43412781 -81.14608765]]
0
[[-21.48221779 -38.54859924 -15.8127079  -98.48728943]]
2
[[-20.93528557 -55.7433548  -45.43412781 -81.14608765]]
0
[[-21.48221779 -38.54859924 -15.8127079  -98.48728943]]
2
[[-20.93528557 -55.7433548  -45.43412781 -81.14608765]]
0
[[-21.48221779 -38.54859924 -15.8127079  -98.48728943]]
2
[[-20.93528557 -55.7433548  -45.43412781 -81.14608765]]
0
[[-21.48221779 -38.54859924 -15.8127079  -98.48728943]]
2
[[-20.93528557 -55.7433548  -45.43412781 -81.14608765]]
0
[[-21.48221779 -38.54859924 -15.8127079  -98.48728943]]
2
[[-20.93528557 -55.7433548  -45.43412781 -81.14608765]]
0
[[-21.48221779 -38.54859924 -15.8127079  -98.48728943]]
2
[[-20.93528557 -55.7433548  -45.43412781 -81.14608765]]
0
[[-21.48221779 -38.54859924 -15.8127079  -98.48728943]]
2
[[-20.93528557 -55.7433548  -45.43412781 -81.14608765]]
0
[[-21.48221779 -38.54859924 -15.8127079  -98.48728943]]
2
[[-20.93528557 -55.7433548  -45.43412781 -81.14608765]]
0
[[-21.48221779 -38.54859924 -15.8127079  -98.48728943]]
2
[[-20.93528557 -55.7433548  -45.43412781 -81.14608765]]
0
[[-21.48221779 -38.54859924 -15.8127079  -98.48728943]]
2
[[-20.93528557 -55.7433548  -45.43412781 -81.14608765]]
0
[[-21.48221779 -38.54859924 -15.8127079  -98.48728943]]
2
[[-20.93528557 -55.7433548  -45.43412781 -81.14608765]]
0
[[-21.48221779 -38.54859924 -15.8127079  -98.48728943]]
2
[[-20.93528557 -55.7433548  -45.43412781 -81.14608765]]
0
[[-21.48221779 -38.54859924 -15.8127079  -98.48728943]]
2
[[-20.93528557 -55.7433548  -45.43412781 -81.14608765]]
0
[[-21.48221779 -38.54859924 -15.8127079  -98.48728943]]
2
[[-20.93528557 -55.7433548  -45.43412781 -81.14608765]]
0
[[-21.48221779 -38.54859924 -15.8127079  -98.48728943]]
2
[[-20.93528557 -55.7433548  -45.43412781 -81.14608765]]
0
[[-21.48221779 -38.54859924 -15.8127079  -98.48728943]]
2
[[-20.93528557 -55.7433548  -45.43412781 -81.14608765]]
0
[[-21.48221779 -38.54859924 -15.8127079  -98.48728943]]
2
[[-20.93528557 -55.7433548  -45.43412781 -81.14608765]]
0
[[-21.48221779 -38.54859924 -15.8127079  -98.48728943]]
2
[[-20.93528557 -55.7433548  -45.43412781 -81.14608765]]
0
[[-21.48221779 -38.54859924 -15.8127079  -98.48728943]]
2
[[-20.93528557 -55.7433548  -45.43412781 -81.14608765]]
0
[[-21.48221779 -38.54859924 -15.8127079  -98.48728943]]
2
[[-20.93528557 -55.7433548  -45.43412781 -81.14608765]]
0
[[-21.48221779 -38.54859924 -15.8127079  -98.48728943]]
2
[[-20.93528557 -55.7433548  -45.43412781 -81.14608765]]
0
[[-21.48221779 -38.54859924 -15.8127079  -98.48728943]]
2
[[-20.93528557 -55.7433548  -45.43412781 -81.14608765]]
0
[[-21.48221779 -38.54859924 -15.8127079  -98.48728943]]
2
[[-20.93528557 -55.7433548  -45.43412781 -81.14608765]]
0
[[-21.48221779 -38.54859924 -15.8127079  -98.48728943]]
2
[[-20.93528557 -55.7433548  -45.43412781 -81.14608765]]
0
[[-21.48221779 -38.54859924 -15.8127079  -98.48728943]]
2
[[-20.93528557 -55.7433548  -45.43412781 -81.14608765]]
0
FAIL
9/22
