[[-28.6823597  -37.74489594 -60.22865295 -87.66964722]]
0
[[-27.96117401 -48.68812561 -27.50606918 -81.19665527]]
2
[[-28.6823597  -37.74489594 -60.22865295 -87.66964722]]
0
[[-27.96117401 -48.68812561 -27.50606918 -81.19665527]]
2
[[-28.6823597  -37.74489594 -60.22865295 -87.66964722]]
0
[[-27.96117401 -48.68812561 -27.50606918 -81.19665527]]
2
[[-28.6823597  -37.74489594 -60.22865295 -87.66964722]]
0
[[-27.96117401 -48.68812561 -27.50606918 -81.19665527]]
2
[[-28.6823597  -37.74489594 -60.22865295 -87.66964722]]
0
[[-27.96117401 -48.68812561 -27.50606918 -81.19665527]]
2
[[-28.6823597  -37.74489594 -60.22865295 -87.66964722]]
0
[[-27.96117401 -48.68812561 -27.50606918 -81.19665527]]
2
[[-28.6823597  -37.74489594 -60.22865295 -87.66964722]]
0
[[-27.96117401 -48.68812561 -27.50606918 -81.19665527]]
2
[[-28.6823597  -37.74489594 -60.22865295 -87.66964722]]
0
[[-27.96117401 -48.68812561 -27.50606918 -81.19665527]]
2
[[-28.6823597  -37.74489594 -60.22865295 -87.66964722]]
0
[[-27.96117401 -48.68812561 -27.50606918 -81.19665527]]
2
[[-28.6823597  -37.74489594 -60.22865295 -87.66964722]]
0
[[-27.96117401 -48.68812561 -27.50606918 -81.19665527]]
2
[[-28.6823597  -37.74489594 -60.22865295 -87.66964722]]
0
[[-27.96117401 -48.68812561 -27.50606918 -81.19665527]]
2
[[-28.6823597  -37.74489594 -60.22865295 -87.66964722]]
0
[[-27.96117401 -48.68812561 -27.50606918 -81.19665527]]
2
[[-28.6823597  -37.74489594 -60.22865295 -87.66964722]]
0
[[-27.96117401 -48.68812561 -27.50606918 -81.19665527]]
2
[[-28.6823597  -37.74489594 -60.22865295 -87.66964722]]
0
[[-27.96117401 -48.68812561 -27.50606918 -81.19665527]]
2
[[-28.6823597  -37.74489594 -60.22865295 -87.66964722]]
0
[[-27.96117401 -48.68812561 -27.50606918 -81.19665527]]
2
[[-28.6823597  -37.74489594 -60.22865295 -87.66964722]]
0
[[-27.96117401 -48.68812561 -27.50606918 -81.19665527]]
2
[[-28.6823597  -37.74489594 -60.22865295 -87.66964722]]
0
[[-27.96117401 -48.68812561 -27.50606918 -81.19665527]]
2
[[-28.6823597  -37.74489594 -60.22865295 -87.66964722]]
0
[[-27.96117401 -48.68812561 -27.50606918 -81.19665527]]
2
[[-28.6823597  -37.74489594 -60.22865295 -87.66964722]]
0
[[-27.96117401 -48.68812561 -27.50606918 -81.19665527]]
2
[[-28.6823597  -37.74489594 -60.22865295 -87.66964722]]
0
[[-27.96117401 -48.68812561 -27.50606918 -81.19665527]]
2
[[-28.6823597  -37.74489594 -60.22865295 -87.66964722]]
0
[[-27.96117401 -48.68812561 -27.50606918 -81.19665527]]
2
[[-28.6823597  -37.74489594 -60.22865295 -87.66964722]]
0
[[-27.96117401 -48.68812561 -27.50606918 -81.19665527]]
2
[[-28.6823597  -37.74489594 -60.22865295 -87.66964722]]
0
[[-27.96117401 -48.68812561 -27.50606918 -81.19665527]]
2
[[-28.6823597  -37.74489594 -60.22865295 -87.66964722]]
0
[[-27.96117401 -48.68812561 -27.50606918 -81.19665527]]
2
[[-28.6823597  -37.74489594 -60.22865295 -87.66964722]]
0
[[-27.96117401 -48.68812561 -27.50606918 -81.19665527]]
2
[[-28.6823597  -37.74489594 -60.22865295 -87.66964722]]
0
[[-27.96117401 -48.68812561 -27.50606918 -81.19665527]]
2
[[-28.6823597  -37.74489594 -60.22865295 -87.66964722]]
0
[[-27.96117401 -48.68812561 -27.50606918 -81.19665527]]
2
[[-28.6823597  -37.74489594 -60.22865295 -87.66964722]]
0
[[-27.96117401 -48.68812561 -27.50606918 -81.19665527]]
2
[[-28.6823597  -37.74489594 -60.22865295 -87.66964722]]
0
[[-27.96117401 -48.68812561 -27.50606918 -81.19665527]]
2
[[-28.6823597  -37.74489594 -60.22865295 -87.66964722]]
0
[[-27.96117401 -48.68812561 -27.50606918 -81.19665527]]
2
[[-28.6823597  -37.74489594 -60.22865295 -87.66964722]]
0
[[-27.96117401 -48.68812561 -27.50606918 -81.19665527]]
2
[[-28.6823597  -37.74489594 -60.22865295 -87.66964722]]
0
[[-27.96117401 -48.68812561 -27.50606918 -81.19665527]]
2
[[-28.6823597  -37.74489594 -60.22865295 -87.66964722]]
0
[[-27.96117401 -48.68812561 -27.50606918 -81.19665527]]
2
[[-28.6823597  -37.74489594 -60.22865295 -87.66964722]]
0
[[-27.96117401 -48.68812561 -27.50606918 -81.19665527]]
2
[[-28.6823597  -37.74489594 -60.22865295 -87.66964722]]
0
[[-27.96117401 -48.68812561 -27.50606918 -81.19665527]]
2
[[-28.6823597  -37.74489594 -60.22865295 -87.66964722]]
0
[[-27.96117401 -48.68812561 -27.50606918 -81.19665527]]
2
[[-28.6823597  -37.74489594 -60.22865295 -87.66964722]]
0
[[-27.96117401 -48.68812561 -27.50606918 -81.19665527]]
2
[[-28.6823597  -37.74489594 -60.22865295 -87.66964722]]
0
[[-27.96117401 -48.68812561 -27.50606918 -81.19665527]]
2
[[-28.6823597  -37.74489594 -60.22865295 -87.66964722]]
0
[[-27.96117401 -48.68812561 -27.50606918 -81.19665527]]
2
[[-28.6823597  -37.74489594 -60.22865295 -87.66964722]]
0
[[-27.96117401 -48.68812561 -27.50606918 -81.19665527]]
2
[[-28.6823597  -37.74489594 -60.22865295 -87.66964722]]
0
[[-27.96117401 -48.68812561 -27.50606918 -81.19665527]]
2
[[-28.6823597  -37.74489594 -60.22865295 -87.66964722]]
0
[[-27.96117401 -48.68812561 -27.50606918 -81.19665527]]
2
[[-28.6823597  -37.74489594 -60.22865295 -87.66964722]]
0
[[-27.96117401 -48.68812561 -27.50606918 -81.19665527]]
2
[[-28.6823597  -37.74489594 -60.22865295 -87.66964722]]
0
[[-27.96117401 -48.68812561 -27.50606918 -81.19665527]]
2
[[-28.6823597  -37.74489594 -60.22865295 -87.66964722]]
0
[[-27.96117401 -48.68812561 -27.50606918 -81.19665527]]
2
[[-28.6823597  -37.74489594 -60.22865295 -87.66964722]]
0
[[-27.96117401 -48.68812561 -27.50606918 -81.19665527]]
2
[[-28.6823597  -37.74489594 -60.22865295 -87.66964722]]
0
[[-27.96117401 -48.68812561 -27.50606918 -81.19665527]]
2
[[-28.6823597  -37.74489594 -60.22865295 -87.66964722]]
0
[[-27.96117401 -48.68812561 -27.50606918 -81.19665527]]
2
[[-28.6823597  -37.74489594 -60.22865295 -87.66964722]]
0
[[-27.96117401 -48.68812561 -27.50606918 -81.19665527]]
2
[[-28.6823597  -37.74489594 -60.22865295 -87.66964722]]
0
[[-27.96117401 -48.68812561 -27.50606918 -81.19665527]]
2
[[-28.6823597  -37.74489594 -60.22865295 -87.66964722]]
0
FAIL
1/19
