[[-29.08402252 -39.43076706 -64.24897766 -91.05653381]]
0
[[-27.32432938 -51.29600525 -29.67950821 -84.1054306 ]]
0
[[-15.35465622 -65.22691345 -24.09567261 -91.7793808 ]]
0
[[  -7.36506653  -31.3400383   -18.05902863 -112.98847961]]
0
[[ -10.52899933  -61.46512985  -35.34461594 -123.58325195]]
0
[[ -74.59856415  -11.97002792  -12.20816422 -120.00384521]]
1
[[ -24.82286453 -124.08616638  -52.52223969  -72.11685944]]
0
[[ -10.88980865    0.77919769 -106.41248322 -198.89025879]]
1
[[-107.95194244 -155.01278687 -126.6555481   -56.9671936 ]]
3
[[ -10.88980865    0.77919769 -106.41248322 -198.89025879]]
1
[[-107.95194244 -155.01278687 -126.6555481   -56.9671936 ]]
3
[[ -10.88980865    0.77919769 -106.41248322 -198.89025879]]
1
[[-107.95194244 -155.01278687 -126.6555481   -56.9671936 ]]
3
[[ -10.88980865    0.77919769 -106.41248322 -198.89025879]]
1
[[-107.95194244 -155.01278687 -126.6555481   -56.9671936 ]]
3
[[ -10.88980865    0.77919769 -106.41248322 -198.89025879]]
1
[[-107.95194244 -155.01278687 -126.6555481   -56.9671936 ]]
3
[[ -10.88980865    0.77919769 -106.41248322 -198.89025879]]
1
[[-107.95194244 -155.01278687 -126.6555481   -56.9671936 ]]
3
[[ -10.88980865    0.77919769 -106.41248322 -198.89025879]]
1
[[-107.95194244 -155.01278687 -126.6555481   -56.9671936 ]]
3
[[ -10.88980865    0.77919769 -106.41248322 -198.89025879]]
1
[[-107.95194244 -155.01278687 -126.6555481   -56.9671936 ]]
3
[[ -10.88980865    0.77919769 -106.41248322 -198.89025879]]
1
[[-107.95194244 -155.01278687 -126.6555481   -56.9671936 ]]
3
[[ -10.88980865    0.77919769 -106.41248322 -198.89025879]]
1
[[-107.95194244 -155.01278687 -126.6555481   -56.9671936 ]]
3
[[ -10.88980865    0.77919769 -106.41248322 -198.89025879]]
1
[[-107.95194244 -155.01278687 -126.6555481   -56.9671936 ]]
3
[[ -10.88980865    0.77919769 -106.41248322 -198.89025879]]
1
[[-107.95194244 -155.01278687 -126.6555481   -56.9671936 ]]
3
[[ -10.88980865    0.77919769 -106.41248322 -198.89025879]]
1
[[-107.95194244 -155.01278687 -126.6555481   -56.9671936 ]]
3
[[ -10.88980865    0.77919769 -106.41248322 -198.89025879]]
1
[[-107.95194244 -155.01278687 -126.6555481   -56.9671936 ]]
3
[[ -10.88980865    0.77919769 -106.41248322 -198.89025879]]
1
[[-107.95194244 -155.01278687 -126.6555481   -56.9671936 ]]
3
[[ -10.88980865    0.77919769 -106.41248322 -198.89025879]]
1
[[-107.95194244 -155.01278687 -126.6555481   -56.9671936 ]]
3
[[ -10.88980865    0.77919769 -106.41248322 -198.89025879]]
1
[[-107.95194244 -155.01278687 -126.6555481   -56.9671936 ]]
3
[[ -10.88980865    0.77919769 -106.41248322 -198.89025879]]
1
[[-107.95194244 -155.01278687 -126.6555481   -56.9671936 ]]
3
[[ -10.88980865    0.77919769 -106.41248322 -198.89025879]]
1
[[-107.95194244 -155.01278687 -126.6555481   -56.9671936 ]]
3
[[ -10.88980865    0.77919769 -106.41248322 -198.89025879]]
1
[[-107.95194244 -155.01278687 -126.6555481   -56.9671936 ]]
3
[[ -10.88980865    0.77919769 -106.41248322 -198.89025879]]
1
[[-107.95194244 -155.01278687 -126.6555481   -56.9671936 ]]
3
[[ -10.88980865    0.77919769 -106.41248322 -198.89025879]]
1
[[-107.95194244 -155.01278687 -126.6555481   -56.9671936 ]]
3
[[ -10.88980865    0.77919769 -106.41248322 -198.89025879]]
1
[[-107.95194244 -155.01278687 -126.6555481   -56.9671936 ]]
3
[[ -10.88980865    0.77919769 -106.41248322 -198.89025879]]
1
[[-107.95194244 -155.01278687 -126.6555481   -56.9671936 ]]
3
[[ -10.88980865    0.77919769 -106.41248322 -198.89025879]]
1
[[-107.95194244 -155.01278687 -126.6555481   -56.9671936 ]]
3
[[ -10.88980865    0.77919769 -106.41248322 -198.89025879]]
1
[[-107.95194244 -155.01278687 -126.6555481   -56.9671936 ]]
3
[[ -10.88980865    0.77919769 -106.41248322 -198.89025879]]
1
[[-107.95194244 -155.01278687 -126.6555481   -56.9671936 ]]
3
[[ -10.88980865    0.77919769 -106.41248322 -198.89025879]]
1
[[-107.95194244 -155.01278687 -126.6555481   -56.9671936 ]]
3
[[ -10.88980865    0.77919769 -106.41248322 -198.89025879]]
1
[[-107.95194244 -155.01278687 -126.6555481   -56.9671936 ]]
3
[[ -10.88980865    0.77919769 -106.41248322 -198.89025879]]
1
[[-107.95194244 -155.01278687 -126.6555481   -56.9671936 ]]
3
[[ -10.88980865    0.77919769 -106.41248322 -198.89025879]]
1
[[-107.95194244 -155.01278687 -126.6555481   -56.9671936 ]]
3
[[ -10.88980865    0.77919769 -106.41248322 -198.89025879]]
1
[[-107.95194244 -155.01278687 -126.6555481   -56.9671936 ]]
3
[[ -10.88980865    0.77919769 -106.41248322 -198.89025879]]
1
[[-107.95194244 -155.01278687 -126.6555481   -56.9671936 ]]
3
[[ -10.88980865    0.77919769 -106.41248322 -198.89025879]]
1
[[-107.95194244 -155.01278687 -126.6555481   -56.9671936 ]]
3
[[ -10.88980865    0.77919769 -106.41248322 -198.89025879]]
1
[[-107.95194244 -155.01278687 -126.6555481   -56.9671936 ]]
3
[[ -10.88980865    0.77919769 -106.41248322 -198.89025879]]
1
[[-107.95194244 -155.01278687 -126.6555481   -56.9671936 ]]
3
[[ -10.88980865    0.77919769 -106.41248322 -198.89025879]]
1
[[-107.95194244 -155.01278687 -126.6555481   -56.9671936 ]]
3
[[ -10.88980865    0.77919769 -106.41248322 -198.89025879]]
1
[[-107.95194244 -155.01278687 -126.6555481   -56.9671936 ]]
3
[[ -10.88980865    0.77919769 -106.41248322 -198.89025879]]
1
[[-107.95194244 -155.01278687 -126.6555481   -56.9671936 ]]
3
[[ -10.88980865    0.77919769 -106.41248322 -198.89025879]]
1
[[-107.95194244 -155.01278687 -126.6555481   -56.9671936 ]]
3
[[ -10.88980865    0.77919769 -106.41248322 -198.89025879]]
1
[[-107.95194244 -155.01278687 -126.6555481   -56.9671936 ]]
3
[[ -10.88980865    0.77919769 -106.41248322 -198.89025879]]
1
[[-107.95194244 -155.01278687 -126.6555481   -56.9671936 ]]
3
[[ -10.88980865    0.77919769 -106.41248322 -198.89025879]]
1
[[-107.95194244 -155.01278687 -126.6555481   -56.9671936 ]]
3
[[ -10.88980865    0.77919769 -106.41248322 -198.89025879]]
1
[[-107.95194244 -155.01278687 -126.6555481   -56.9671936 ]]
3
[[ -10.88980865    0.77919769 -106.41248322 -198.89025879]]
1
[[-107.95194244 -155.01278687 -126.6555481   -56.9671936 ]]
3
[[ -10.88980865    0.77919769 -106.41248322 -198.89025879]]
1
[[-107.95194244 -155.01278687 -126.6555481   -56.9671936 ]]
3
[[ -10.88980865    0.77919769 -106.41248322 -198.89025879]]
1
[[-107.95194244 -155.01278687 -126.6555481   -56.9671936 ]]
3
FAIL
7/19
