[[-54.05288315 -18.21733475 -67.12791443 -92.35704041]]
1
[[-57.76531982 -24.93761826 -67.2765274  -85.48854065]]
1
[[-29.86535072 -53.51610184 -62.65830994 -74.04121399]]
0
[[ -79.68894958   -5.00830078  -50.86735535 -122.77398682]]
1
[[-16.96265793 -48.37354279 -87.50209045 -84.11909485]]
0
[[  -7.27166748  -51.28569031  -31.55476761 -109.92208862]]
0
[[-62.3625946    5.35022736  -0.17492294 -90.71081543]]
1
[[-40.1857338  -46.59725189 -59.53023911 -85.19043732]]
0
[[-20.47396088 -58.23114777 -48.43120193 -83.9233551 ]]
0
[[ -21.76978302  -39.84103775  -16.68871307 -102.26058197]]
2
[[-20.47396088 -58.23114777 -48.43120193 -83.9233551 ]]
0
[[ -21.76978302  -39.84103775  -16.68871307 -102.26058197]]
2
[[-20.47396088 -58.23114777 -48.43120193 -83.9233551 ]]
0
[[ -21.76978302  -39.84103775  -16.68871307 -102.26058197]]
2
[[-20.47396088 -58.23114777 -48.43120193 -83.9233551 ]]
0
[[ -21.76978302  -39.84103775  -16.68871307 -102.26058197]]
2
[[-20.47396088 -58.23114777 -48.43120193 -83.9233551 ]]
0
[[ -21.76978302  -39.84103775  -16.68871307 -102.26058197]]
2
[[-20.47396088 -58.23114777 -48.43120193 -83.9233551 ]]
0
[[ -21.76978302  -39.84103775  -16.68871307 -102.26058197]]
2
[[-20.47396088 -58.23114777 -48.43120193 -83.9233551 ]]
0
[[ -21.76978302  -39.84103775  -16.68871307 -102.26058197]]
2
[[-20.47396088 -58.23114777 -48.43120193 -83.9233551 ]]
0
[[ -21.76978302  -39.84103775  -16.68871307 -102.26058197]]
2
[[-20.47396088 -58.23114777 -48.43120193 -83.9233551 ]]
0
[[ -21.76978302  -39.84103775  -16.68871307 -102.26058197]]
2
[[-20.47396088 -58.23114777 -48.43120193 -83.9233551 ]]
0
[[ -21.76978302  -39.84103775  -16.68871307 -102.26058197]]
2
[[-20.47396088 -58.23114777 -48.43120193 -83.9233551 ]]
0
[[ -21.76978302  -39.84103775  -16.68871307 -102.26058197]]
2
[[-20.47396088 -58.23114777 -48.43120193 -83.9233551 ]]
0
[[ -21.76978302  -39.84103775  -16.68871307 -102.26058197]]
2
[[-20.47396088 -58.23114777 -48.43120193 -83.9233551 ]]
0
[[ -21.76978302  -39.84103775  -16.68871307 -102.26058197]]
2
[[-20.47396088 -58.23114777 -48.43120193 -83.9233551 ]]
0
[[ -21.76978302  -39.84103775  -16.68871307 -102.26058197]]
2
[[-20.47396088 -58.23114777 -48.43120193 -83.9233551 ]]
0
[[ -21.76978302  -39.84103775  -16.68871307 -102.26058197]]
2
[[-20.47396088 -58.23114777 -48.43120193 -83.9233551 ]]
0
[[ -21.76978302  -39.84103775  -16.68871307 -102.26058197]]
2
[[-20.47396088 -58.23114777 -48.43120193 -83.9233551 ]]
0
[[ -21.76978302  -39.84103775  -16.68871307 -102.26058197]]
2
[[-20.47396088 -58.23114777 -48.43120193 -83.9233551 ]]
0
[[ -21.76978302  -39.84103775  -16.68871307 -102.26058197]]
2
[[-20.47396088 -58.23114777 -48.43120193 -83.9233551 ]]
0
[[ -21.76978302  -39.84103775  -16.68871307 -102.26058197]]
2
[[-20.47396088 -58.23114777 -48.43120193 -83.9233551 ]]
0
[[ -21.76978302  -39.84103775  -16.68871307 -102.26058197]]
2
[[-20.47396088 -58.23114777 -48.43120193 -83.9233551 ]]
0
[[ -21.76978302  -39.84103775  -16.68871307 -102.26058197]]
2
[[-20.47396088 -58.23114777 -48.43120193 -83.9233551 ]]
0
[[ -21.76978302  -39.84103775  -16.68871307 -102.26058197]]
2
[[-20.47396088 -58.23114777 -48.43120193 -83.9233551 ]]
0
[[ -21.76978302  -39.84103775  -16.68871307 -102.26058197]]
2
[[-20.47396088 -58.23114777 -48.43120193 -83.9233551 ]]
0
[[ -21.76978302  -39.84103775  -16.68871307 -102.26058197]]
2
[[-20.47396088 -58.23114777 -48.43120193 -83.9233551 ]]
0
[[ -21.76978302  -39.84103775  -16.68871307 -102.26058197]]
2
[[-20.47396088 -58.23114777 -48.43120193 -83.9233551 ]]
0
[[ -21.76978302  -39.84103775  -16.68871307 -102.26058197]]
2
[[-20.47396088 -58.23114777 -48.43120193 -83.9233551 ]]
0
[[ -21.76978302  -39.84103775  -16.68871307 -102.26058197]]
2
[[-20.47396088 -58.23114777 -48.43120193 -83.9233551 ]]
0
[[ -21.76978302  -39.84103775  -16.68871307 -102.26058197]]
2
[[-20.47396088 -58.23114777 -48.43120193 -83.9233551 ]]
0
[[ -21.76978302  -39.84103775  -16.68871307 -102.26058197]]
2
[[-20.47396088 -58.23114777 -48.43120193 -83.9233551 ]]
0
[[ -21.76978302  -39.84103775  -16.68871307 -102.26058197]]
2
[[-20.47396088 -58.23114777 -48.43120193 -83.9233551 ]]
0
[[ -21.76978302  -39.84103775  -16.68871307 -102.26058197]]
2
[[-20.47396088 -58.23114777 -48.43120193 -83.9233551 ]]
0
[[ -21.76978302  -39.84103775  -16.68871307 -102.26058197]]
2
[[-20.47396088 -58.23114777 -48.43120193 -83.9233551 ]]
0
[[ -21.76978302  -39.84103775  -16.68871307 -102.26058197]]
2
[[-20.47396088 -58.23114777 -48.43120193 -83.9233551 ]]
0
[[ -21.76978302  -39.84103775  -16.68871307 -102.26058197]]
2
[[-20.47396088 -58.23114777 -48.43120193 -83.9233551 ]]
0
[[ -21.76978302  -39.84103775  -16.68871307 -102.26058197]]
2
[[-20.47396088 -58.23114777 -48.43120193 -83.9233551 ]]
0
[[ -21.76978302  -39.84103775  -16.68871307 -102.26058197]]
2
[[-20.47396088 -58.23114777 -48.43120193 -83.9233551 ]]
0
[[ -21.76978302  -39.84103775  -16.68871307 -102.26058197]]
2
[[-20.47396088 -58.23114777 -48.43120193 -83.9233551 ]]
0
[[ -21.76978302  -39.84103775  -16.68871307 -102.26058197]]
2
[[-20.47396088 -58.23114777 -48.43120193 -83.9233551 ]]
0
[[ -21.76978302  -39.84103775  -16.68871307 -102.26058197]]
2
[[-20.47396088 -58.23114777 -48.43120193 -83.9233551 ]]
0
[[ -21.76978302  -39.84103775  -16.68871307 -102.26058197]]
2
[[-20.47396088 -58.23114777 -48.43120193 -83.9233551 ]]
0
[[ -21.76978302  -39.84103775  -16.68871307 -102.26058197]]
2
[[-20.47396088 -58.23114777 -48.43120193 -83.9233551 ]]
0
[[ -21.76978302  -39.84103775  -16.68871307 -102.26058197]]
2
[[-20.47396088 -58.23114777 -48.43120193 -83.9233551 ]]
0
[[ -21.76978302  -39.84103775  -16.68871307 -102.26058197]]
2
[[-20.47396088 -58.23114777 -48.43120193 -83.9233551 ]]
0
[[ -21.76978302  -39.84103775  -16.68871307 -102.26058197]]
2
[[-20.47396088 -58.23114777 -48.43120193 -83.9233551 ]]
0
[[ -21.76978302  -39.84103775  -16.68871307 -102.26058197]]
2
[[-20.47396088 -58.23114777 -48.43120193 -83.9233551 ]]
0
[[ -21.76978302  -39.84103775  -16.68871307 -102.26058197]]
2
[[-20.47396088 -58.23114777 -48.43120193 -83.9233551 ]]
0
FAIL
9/22
