[[-170.28070068  -76.36218262  -13.71678162 -188.71008301]]
2
[[  -7.2909584   -25.63475609   -4.34783554 -105.97885132]]
2
[[ -6.22540092  -1.36756706 -31.7225647  -78.35647583]]
1
[[-118.65354156 -138.32307434 -160.9400177   -36.75708008]]
3
[[ -6.22540092  -1.36756706 -31.7225647  -78.35647583]]
1
[[-118.65354156 -138.32307434 -160.9400177   -36.75708008]]
3
[[ -6.22540092  -1.36756706 -31.7225647  -78.35647583]]
1
[[-118.65354156 -138.32307434 -160.9400177   -36.75708008]]
3
[[ -6.22540092  -1.36756706 -31.7225647  -78.35647583]]
1
[[-118.65354156 -138.32307434 -160.9400177   -36.75708008]]
3
[[ -6.22540092  -1.36756706 -31.7225647  -78.35647583]]
1
[[-118.65354156 -138.32307434 -160.9400177   -36.75708008]]
3
[[ -6.22540092  -1.36756706 -31.7225647  -78.35647583]]
1
[[-118.65354156 -138.32307434 -160.9400177   -36.75708008]]
3
[[ -6.22540092  -1.36756706 -31.7225647  -78.35647583]]
1
[[-118.65354156 -138.32307434 -160.9400177   -36.75708008]]
3
[[ -6.22540092  -1.36756706 -31.7225647  -78.35647583]]
1
[[-118.65354156 -138.32307434 -160.9400177   -36.75708008]]
3
[[ -6.22540092  -1.36756706 -31.7225647  -78.35647583]]
1
[[-118.65354156 -138.32307434 -160.9400177   -36.75708008]]
3
[[ -6.22540092  -1.36756706 -31.7225647  -78.35647583]]
1
[[-118.65354156 -138.32307434 -160.9400177   -36.75708008]]
3
[[ -6.22540092  -1.36756706 -31.7225647  -78.35647583]]
1
[[-118.65354156 -138.32307434 -160.9400177   -36.75708008]]
3
[[ -6.22540092  -1.36756706 -31.7225647  -78.35647583]]
1
[[-118.65354156 -138.32307434 -160.9400177   -36.75708008]]
3
[[ -6.22540092  -1.36756706 -31.7225647  -78.35647583]]
1
[[-118.65354156 -138.32307434 -160.9400177   -36.75708008]]
3
[[ -6.22540092  -1.36756706 -31.7225647  -78.35647583]]
1
[[-118.65354156 -138.32307434 -160.9400177   -36.75708008]]
3
[[ -6.22540092  -1.36756706 -31.7225647  -78.35647583]]
1
[[-118.65354156 -138.32307434 -160.9400177   -36.75708008]]
3
[[ -6.22540092  -1.36756706 -31.7225647  -78.35647583]]
1
[[-118.65354156 -138.32307434 -160.9400177   -36.75708008]]
3
[[ -6.22540092  -1.36756706 -31.7225647  -78.35647583]]
1
[[-118.65354156 -138.32307434 -160.9400177   -36.75708008]]
3
[[ -6.22540092  -1.36756706 -31.7225647  -78.35647583]]
1
[[-118.65354156 -138.32307434 -160.9400177   -36.75708008]]
3
[[ -6.22540092  -1.36756706 -31.7225647  -78.35647583]]
1
[[-118.65354156 -138.32307434 -160.9400177   -36.75708008]]
3
[[ -6.22540092  -1.36756706 -31.7225647  -78.35647583]]
1
[[-118.65354156 -138.32307434 -160.9400177   -36.75708008]]
3
[[ -6.22540092  -1.36756706 -31.7225647  -78.35647583]]
1
[[-118.65354156 -138.32307434 -160.9400177   -36.75708008]]
3
[[ -6.22540092  -1.36756706 -31.7225647  -78.35647583]]
1
[[-118.65354156 -138.32307434 -160.9400177   -36.75708008]]
3
[[ -6.22540092  -1.36756706 -31.7225647  -78.35647583]]
1
[[-118.65354156 -138.32307434 -160.9400177   -36.75708008]]
3
[[ -6.22540092  -1.36756706 -31.7225647  -78.35647583]]
1
[[-118.65354156 -138.32307434 -160.9400177   -36.75708008]]
3
[[ -6.22540092  -1.36756706 -31.7225647  -78.35647583]]
1
[[-118.65354156 -138.32307434 -160.9400177   -36.75708008]]
3
[[ -6.22540092  -1.36756706 -31.7225647  -78.35647583]]
1
[[-118.65354156 -138.32307434 -160.9400177   -36.75708008]]
3
[[ -6.22540092  -1.36756706 -31.7225647  -78.35647583]]
1
[[-118.65354156 -138.32307434 -160.9400177   -36.75708008]]
3
[[ -6.22540092  -1.36756706 -31.7225647  -78.35647583]]
1
[[-118.65354156 -138.32307434 -160.9400177   -36.75708008]]
3
[[ -6.22540092  -1.36756706 -31.7225647  -78.35647583]]
1
[[-118.65354156 -138.32307434 -160.9400177   -36.75708008]]
3
[[ -6.22540092  -1.36756706 -31.7225647  -78.35647583]]
1
[[-118.65354156 -138.32307434 -160.9400177   -36.75708008]]
3
[[ -6.22540092  -1.36756706 -31.7225647  -78.35647583]]
1
[[-118.65354156 -138.32307434 -160.9400177   -36.75708008]]
3
[[ -6.22540092  -1.36756706 -31.7225647  -78.35647583]]
1
[[-118.65354156 -138.32307434 -160.9400177   -36.75708008]]
3
[[ -6.22540092  -1.36756706 -31.7225647  -78.35647583]]
1
[[-118.65354156 -138.32307434 -160.9400177   -36.75708008]]
3
[[ -6.22540092  -1.36756706 -31.7225647  -78.35647583]]
1
[[-118.65354156 -138.32307434 -160.9400177   -36.75708008]]
3
[[ -6.22540092  -1.36756706 -31.7225647  -78.35647583]]
1
[[-118.65354156 -138.32307434 -160.9400177   -36.75708008]]
3
[[ -6.22540092  -1.36756706 -31.7225647  -78.35647583]]
1
[[-118.65354156 -138.32307434 -160.9400177   -36.75708008]]
3
[[ -6.22540092  -1.36756706 -31.7225647  -78.35647583]]
1
[[-118.65354156 -138.32307434 -160.9400177   -36.75708008]]
3
[[ -6.22540092  -1.36756706 -31.7225647  -78.35647583]]
1
[[-118.65354156 -138.32307434 -160.9400177   -36.75708008]]
3
[[ -6.22540092  -1.36756706 -31.7225647  -78.35647583]]
1
[[-118.65354156 -138.32307434 -160.9400177   -36.75708008]]
3
[[ -6.22540092  -1.36756706 -31.7225647  -78.35647583]]
1
[[-118.65354156 -138.32307434 -160.9400177   -36.75708008]]
3
[[ -6.22540092  -1.36756706 -31.7225647  -78.35647583]]
1
[[-118.65354156 -138.32307434 -160.9400177   -36.75708008]]
3
[[ -6.22540092  -1.36756706 -31.7225647  -78.35647583]]
1
[[-118.65354156 -138.32307434 -160.9400177   -36.75708008]]
3
[[ -6.22540092  -1.36756706 -31.7225647  -78.35647583]]
1
[[-118.65354156 -138.32307434 -160.9400177   -36.75708008]]
3
[[ -6.22540092  -1.36756706 -31.7225647  -78.35647583]]
1
[[-118.65354156 -138.32307434 -160.9400177   -36.75708008]]
3
[[ -6.22540092  -1.36756706 -31.7225647  -78.35647583]]
1
[[-118.65354156 -138.32307434 -160.9400177   -36.75708008]]
3
[[ -6.22540092  -1.36756706 -31.7225647  -78.35647583]]
1
[[-118.65354156 -138.32307434 -160.9400177   -36.75708008]]
3
[[ -6.22540092  -1.36756706 -31.7225647  -78.35647583]]
1
[[-118.65354156 -138.32307434 -160.9400177   -36.75708008]]
3
[[ -6.22540092  -1.36756706 -31.7225647  -78.35647583]]
1
[[-118.65354156 -138.32307434 -160.9400177   -36.75708008]]
3
[[ -6.22540092  -1.36756706 -31.7225647  -78.35647583]]
1
[[-118.65354156 -138.32307434 -160.9400177   -36.75708008]]
3
[[ -6.22540092  -1.36756706 -31.7225647  -78.35647583]]
1
FAIL
2/31
