[[-175.38986206  -78.12992859  -14.76050568 -192.01504517]]
2
[[  -7.39820671  -27.79439735   -4.72140503 -109.77238464]]
2
[[ -6.08912849  -2.59812355 -32.68943405 -80.58412933]]
1
[[-120.94639587 -142.88331604 -166.78979492  -36.36217499]]
3
[[ -6.08912849  -2.59812355 -32.68943405 -80.58412933]]
1
[[-120.94639587 -142.88331604 -166.78979492  -36.36217499]]
3
[[ -6.08912849  -2.59812355 -32.68943405 -80.58412933]]
1
[[-120.94639587 -142.88331604 -166.78979492  -36.36217499]]
3
[[ -6.08912849  -2.59812355 -32.68943405 -80.58412933]]
1
[[-120.94639587 -142.88331604 -166.78979492  -36.36217499]]
3
[[ -6.08912849  -2.59812355 -32.68943405 -80.58412933]]
1
[[-120.94639587 -142.88331604 -166.78979492  -36.36217499]]
3
[[ -6.08912849  -2.59812355 -32.68943405 -80.58412933]]
1
[[-120.94639587 -142.88331604 -166.78979492  -36.36217499]]
3
[[ -6.08912849  -2.59812355 -32.68943405 -80.58412933]]
1
[[-120.94639587 -142.88331604 -166.78979492  -36.36217499]]
3
[[ -6.08912849  -2.59812355 -32.68943405 -80.58412933]]
1
[[-120.94639587 -142.88331604 -166.78979492  -36.36217499]]
3
[[ -6.08912849  -2.59812355 -32.68943405 -80.58412933]]
1
[[-120.94639587 -142.88331604 -166.78979492  -36.36217499]]
3
[[ -6.08912849  -2.59812355 -32.68943405 -80.58412933]]
1
[[-120.94639587 -142.88331604 -166.78979492  -36.36217499]]
3
[[ -6.08912849  -2.59812355 -32.68943405 -80.58412933]]
1
[[-120.94639587 -142.88331604 -166.78979492  -36.36217499]]
3
[[ -6.08912849  -2.59812355 -32.68943405 -80.58412933]]
1
[[-120.94639587 -142.88331604 -166.78979492  -36.36217499]]
3
[[ -6.08912849  -2.59812355 -32.68943405 -80.58412933]]
1
[[-120.94639587 -142.88331604 -166.78979492  -36.36217499]]
3
[[ -6.08912849  -2.59812355 -32.68943405 -80.58412933]]
1
[[-120.94639587 -142.88331604 -166.78979492  -36.36217499]]
3
[[ -6.08912849  -2.59812355 -32.68943405 -80.58412933]]
1
[[-120.94639587 -142.88331604 -166.78979492  -36.36217499]]
3
[[ -6.08912849  -2.59812355 -32.68943405 -80.58412933]]
1
[[-120.94639587 -142.88331604 -166.78979492  -36.36217499]]
3
[[ -6.08912849  -2.59812355 -32.68943405 -80.58412933]]
1
[[-120.94639587 -142.88331604 -166.78979492  -36.36217499]]
3
[[ -6.08912849  -2.59812355 -32.68943405 -80.58412933]]
1
[[-120.94639587 -142.88331604 -166.78979492  -36.36217499]]
3
[[ -6.08912849  -2.59812355 -32.68943405 -80.58412933]]
1
[[-120.94639587 -142.88331604 -166.78979492  -36.36217499]]
3
[[ -6.08912849  -2.59812355 -32.68943405 -80.58412933]]
1
[[-120.94639587 -142.88331604 -166.78979492  -36.36217499]]
3
[[ -6.08912849  -2.59812355 -32.68943405 -80.58412933]]
1
[[-120.94639587 -142.88331604 -166.78979492  -36.36217499]]
3
[[ -6.08912849  -2.59812355 -32.68943405 -80.58412933]]
1
[[-120.94639587 -142.88331604 -166.78979492  -36.36217499]]
3
[[ -6.08912849  -2.59812355 -32.68943405 -80.58412933]]
1
[[-120.94639587 -142.88331604 -166.78979492  -36.36217499]]
3
[[ -6.08912849  -2.59812355 -32.68943405 -80.58412933]]
1
[[-120.94639587 -142.88331604 -166.78979492  -36.36217499]]
3
[[ -6.08912849  -2.59812355 -32.68943405 -80.58412933]]
1
[[-120.94639587 -142.88331604 -166.78979492  -36.36217499]]
3
[[ -6.08912849  -2.59812355 -32.68943405 -80.58412933]]
1
[[-120.94639587 -142.88331604 -166.78979492  -36.36217499]]
3
[[ -6.08912849  -2.59812355 -32.68943405 -80.58412933]]
1
[[-120.94639587 -142.88331604 -166.78979492  -36.36217499]]
3
[[ -6.08912849  -2.59812355 -32.68943405 -80.58412933]]
1
[[-120.94639587 -142.88331604 -166.78979492  -36.36217499]]
3
[[ -6.08912849  -2.59812355 -32.68943405 -80.58412933]]
1
[[-120.94639587 -142.88331604 -166.78979492  -36.36217499]]
3
[[ -6.08912849  -2.59812355 -32.68943405 -80.58412933]]
1
[[-120.94639587 -142.88331604 -166.78979492  -36.36217499]]
3
[[ -6.08912849  -2.59812355 -32.68943405 -80.58412933]]
1
[[-120.94639587 -142.88331604 -166.78979492  -36.36217499]]
3
[[ -6.08912849  -2.59812355 -32.68943405 -80.58412933]]
1
[[-120.94639587 -142.88331604 -166.78979492  -36.36217499]]
3
[[ -6.08912849  -2.59812355 -32.68943405 -80.58412933]]
1
[[-120.94639587 -142.88331604 -166.78979492  -36.36217499]]
3
[[ -6.08912849  -2.59812355 -32.68943405 -80.58412933]]
1
[[-120.94639587 -142.88331604 -166.78979492  -36.36217499]]
3
[[ -6.08912849  -2.59812355 -32.68943405 -80.58412933]]
1
[[-120.94639587 -142.88331604 -166.78979492  -36.36217499]]
3
[[ -6.08912849  -2.59812355 -32.68943405 -80.58412933]]
1
[[-120.94639587 -142.88331604 -166.78979492  -36.36217499]]
3
[[ -6.08912849  -2.59812355 -32.68943405 -80.58412933]]
1
[[-120.94639587 -142.88331604 -166.78979492  -36.36217499]]
3
[[ -6.08912849  -2.59812355 -32.68943405 -80.58412933]]
1
[[-120.94639587 -142.88331604 -166.78979492  -36.36217499]]
3
[[ -6.08912849  -2.59812355 -32.68943405 -80.58412933]]
1
[[-120.94639587 -142.88331604 -166.78979492  -36.36217499]]
3
[[ -6.08912849  -2.59812355 -32.68943405 -80.58412933]]
1
[[-120.94639587 -142.88331604 -166.78979492  -36.36217499]]
3
[[ -6.08912849  -2.59812355 -32.68943405 -80.58412933]]
1
[[-120.94639587 -142.88331604 -166.78979492  -36.36217499]]
3
[[ -6.08912849  -2.59812355 -32.68943405 -80.58412933]]
1
[[-120.94639587 -142.88331604 -166.78979492  -36.36217499]]
3
[[ -6.08912849  -2.59812355 -32.68943405 -80.58412933]]
1
[[-120.94639587 -142.88331604 -166.78979492  -36.36217499]]
3
[[ -6.08912849  -2.59812355 -32.68943405 -80.58412933]]
1
[[-120.94639587 -142.88331604 -166.78979492  -36.36217499]]
3
[[ -6.08912849  -2.59812355 -32.68943405 -80.58412933]]
1
[[-120.94639587 -142.88331604 -166.78979492  -36.36217499]]
3
[[ -6.08912849  -2.59812355 -32.68943405 -80.58412933]]
1
[[-120.94639587 -142.88331604 -166.78979492  -36.36217499]]
3
[[ -6.08912849  -2.59812355 -32.68943405 -80.58412933]]
1
[[-120.94639587 -142.88331604 -166.78979492  -36.36217499]]
3
[[ -6.08912849  -2.59812355 -32.68943405 -80.58412933]]
1
[[-120.94639587 -142.88331604 -166.78979492  -36.36217499]]
3
[[ -6.08912849  -2.59812355 -32.68943405 -80.58412933]]
1
[[-120.94639587 -142.88331604 -166.78979492  -36.36217499]]
3
[[ -6.08912849  -2.59812355 -32.68943405 -80.58412933]]
1
FAIL
2/31
