[[-56.35640717 -18.74880981 -71.25437164 -94.94281006]]
1
[[-59.65989685 -25.26605988 -71.26747894 -87.97245026]]
1
[[-30.42768669 -55.56493378 -66.38863373 -75.72447205]]
0
[[ -81.62709808   -4.35744476  -53.43774796 -126.01508331]]
1
[[-17.4306488  -50.53251648 -92.37879944 -86.55119324]]
0
[[  -6.88619614  -53.74570084  -34.34577942 -112.56025696]]
0
[[-64.27130127   5.54991913  -1.74305725 -93.3327713 ]]
1
[[-40.36040115 -48.02867889 -62.57704163 -87.65975952]]
0
[[-20.28341675 -60.74546051 -51.59072113 -86.07766724]]
0
[[ -21.94321632  -41.40907288  -17.88617134 -105.59942627]]
2
[[-20.28341675 -60.74546051 -51.59072113 -86.07766724]]
0
[[ -21.94321632  -41.40907288  -17.88617134 -105.59942627]]
2
[[-20.28341675 -60.74546051 -51.59072113 -86.07766724]]
0
[[ -21.94321632  -41.40907288  -17.88617134 -105.59942627]]
2
[[-20.28341675 -60.74546051 -51.59072113 -86.07766724]]
0
[[ -21.94321632  -41.40907288  -17.88617134 -105.59942627]]
2
[[-20.28341675 -60.74546051 -51.59072113 -86.07766724]]
0
[[ -21.94321632  -41.40907288  -17.88617134 -105.59942627]]
2
[[-20.28341675 -60.74546051 -51.59072113 -86.07766724]]
0
[[ -21.94321632  -41.40907288  -17.88617134 -105.59942627]]
2
[[-20.28341675 -60.74546051 -51.59072113 -86.07766724]]
0
[[ -21.94321632  -41.40907288  -17.88617134 -105.59942627]]
2
[[-20.28341675 -60.74546051 -51.59072113 -86.07766724]]
0
[[ -21.94321632  -41.40907288  -17.88617134 -105.59942627]]
2
[[-20.28341675 -60.74546051 -51.59072113 -86.07766724]]
0
[[ -21.94321632  -41.40907288  -17.88617134 -105.59942627]]
2
[[-20.28341675 -60.74546051 -51.59072113 -86.07766724]]
0
[[ -21.94321632  -41.40907288  -17.88617134 -105.59942627]]
2
[[-20.28341675 -60.74546051 -51.59072113 -86.07766724]]
0
[[ -21.94321632  -41.40907288  -17.88617134 -105.59942627]]
2
[[-20.28341675 -60.74546051 -51.59072113 -86.07766724]]
0
[[ -21.94321632  -41.40907288  -17.88617134 -105.59942627]]
2
[[-20.28341675 -60.74546051 -51.59072113 -86.07766724]]
0
[[ -21.94321632  -41.40907288  -17.88617134 -105.59942627]]
2
[[-20.28341675 -60.74546051 -51.59072113 -86.07766724]]
0
[[ -21.94321632  -41.40907288  -17.88617134 -105.59942627]]
2
[[-20.28341675 -60.74546051 -51.59072113 -86.07766724]]
0
[[ -21.94321632  -41.40907288  -17.88617134 -105.59942627]]
2
[[-20.28341675 -60.74546051 -51.59072113 -86.07766724]]
0
[[ -21.94321632  -41.40907288  -17.88617134 -105.59942627]]
2
[[-20.28341675 -60.74546051 -51.59072113 -86.07766724]]
0
[[ -21.94321632  -41.40907288  -17.88617134 -105.59942627]]
2
[[-20.28341675 -60.74546051 -51.59072113 -86.07766724]]
0
[[ -21.94321632  -41.40907288  -17.88617134 -105.59942627]]
2
[[-20.28341675 -60.74546051 -51.59072113 -86.07766724]]
0
[[ -21.94321632  -41.40907288  -17.88617134 -105.59942627]]
2
[[-20.28341675 -60.74546051 -51.59072113 -86.07766724]]
0
[[ -21.94321632  -41.40907288  -17.88617134 -105.59942627]]
2
[[-20.28341675 -60.74546051 -51.59072113 -86.07766724]]
0
[[ -21.94321632  -41.40907288  -17.88617134 -105.59942627]]
2
[[-20.28341675 -60.74546051 -51.59072113 -86.07766724]]
0
[[ -21.94321632  -41.40907288  -17.88617134 -105.59942627]]
2
[[-20.28341675 -60.74546051 -51.59072113 -86.07766724]]
0
[[ -21.94321632  -41.40907288  -17.88617134 -105.59942627]]
2
[[-20.28341675 -60.74546051 -51.59072113 -86.07766724]]
0
[[ -21.94321632  -41.40907288  -17.88617134 -105.59942627]]
2
[[-20.28341675 -60.74546051 -51.59072113 -86.07766724]]
0
[[ -21.94321632  -41.40907288  -17.88617134 -105.59942627]]
2
[[-20.28341675 -60.74546051 -51.59072113 -86.07766724]]
0
[[ -21.94321632  -41.40907288  -17.88617134 -105.59942627]]
2
[[-20.28341675 -60.74546051 -51.59072113 -86.07766724]]
0
[[ -21.94321632  -41.40907288  -17.88617134 -105.59942627]]
2
[[-20.28341675 -60.74546051 -51.59072113 -86.07766724]]
0
[[ -21.94321632  -41.40907288  -17.88617134 -105.59942627]]
2
[[-20.28341675 -60.74546051 -51.59072113 -86.07766724]]
0
[[ -21.94321632  -41.40907288  -17.88617134 -105.59942627]]
2
[[-20.28341675 -60.74546051 -51.59072113 -86.07766724]]
0
[[ -21.94321632  -41.40907288  -17.88617134 -105.59942627]]
2
[[-20.28341675 -60.74546051 -51.59072113 -86.07766724]]
0
[[ -21.94321632  -41.40907288  -17.88617134 -105.59942627]]
2
[[-20.28341675 -60.74546051 -51.59072113 -86.07766724]]
0
[[ -21.94321632  -41.40907288  -17.88617134 -105.59942627]]
2
[[-20.28341675 -60.74546051 -51.59072113 -86.07766724]]
0
[[ -21.94321632  -41.40907288  -17.88617134 -105.59942627]]
2
[[-20.28341675 -60.74546051 -51.59072113 -86.07766724]]
0
[[ -21.94321632  -41.40907288  -17.88617134 -105.59942627]]
2
[[-20.28341675 -60.74546051 -51.59072113 -86.07766724]]
0
[[ -21.94321632  -41.40907288  -17.88617134 -105.59942627]]
2
[[-20.28341675 -60.74546051 -51.59072113 -86.07766724]]
0
[[ -21.94321632  -41.40907288  -17.88617134 -105.59942627]]
2
[[-20.28341675 -60.74546051 -51.59072113 -86.07766724]]
0
[[ -21.94321632  -41.40907288  -17.88617134 -105.59942627]]
2
[[-20.28341675 -60.74546051 -51.59072113 -86.07766724]]
0
[[ -21.94321632  -41.40907288  -17.88617134 -105.59942627]]
2
[[-20.28341675 -60.74546051 -51.59072113 -86.07766724]]
0
[[ -21.94321632  -41.40907288  -17.88617134 -105.59942627]]
2
[[-20.28341675 -60.74546051 -51.59072113 -86.07766724]]
0
[[ -21.94321632  -41.40907288  -17.88617134 -105.59942627]]
2
[[-20.28341675 -60.74546051 -51.59072113 -86.07766724]]
0
[[ -21.94321632  -41.40907288  -17.88617134 -105.59942627]]
2
[[-20.28341675 -60.74546051 -51.59072113 -86.07766724]]
0
[[ -21.94321632  -41.40907288  -17.88617134 -105.59942627]]
2
[[-20.28341675 -60.74546051 -51.59072113 -86.07766724]]
0
[[ -21.94321632  -41.40907288  -17.88617134 -105.59942627]]
2
[[-20.28341675 -60.74546051 -51.59072113 -86.07766724]]
0
[[ -21.94321632  -41.40907288  -17.88617134 -105.59942627]]
2
[[-20.28341675 -60.74546051 -51.59072113 -86.07766724]]
0
[[ -21.94321632  -41.40907288  -17.88617134 -105.59942627]]
2
[[-20.28341675 -60.74546051 -51.59072113 -86.07766724]]
0
[[ -21.94321632  -41.40907288  -17.88617134 -105.59942627]]
2
[[-20.28341675 -60.74546051 -51.59072113 -86.07766724]]
0
FAIL
9/22
