[[-29.3781662  -41.24113464 -68.17352295 -93.88336182]]
0
[[-26.69266891 -53.97692871 -32.0498848  -86.52310181]]
0
[[-14.67382812 -68.2890625  -25.96203995 -94.77509308]]
0
[[  -6.69259262  -33.10079575  -20.21774292 -116.98959351]]
0
[[ -10.74953079  -66.69200134  -39.84666061 -129.77690125]]
0
[[ -77.90713501  -12.45809174  -13.46544647 -123.85557556]]
1
[[ -25.0125885  -130.16676331  -55.88414383  -72.39130402]]
0
[[ -11.42697906   -1.49691772 -112.54333496 -207.13565063]]
1
[[-110.58544922 -160.66412354 -132.56312561  -56.34651184]]
3
[[ -11.42697906   -1.49691772 -112.54333496 -207.13565063]]
1
[[-110.58544922 -160.66412354 -132.56312561  -56.34651184]]
3
[[ -11.42697906   -1.49691772 -112.54333496 -207.13565063]]
1
[[-110.58544922 -160.66412354 -132.56312561  -56.34651184]]
3
[[ -11.42697906   -1.49691772 -112.54333496 -207.13565063]]
1
[[-110.58544922 -160.66412354 -132.56312561  -56.34651184]]
3
[[ -11.42697906   -1.49691772 -112.54333496 -207.13565063]]
1
[[-110.58544922 -160.66412354 -132.56312561  -56.34651184]]
3
[[ -11.42697906   -1.49691772 -112.54333496 -207.13565063]]
1
[[-110.58544922 -160.66412354 -132.56312561  -56.34651184]]
3
[[ -11.42697906   -1.49691772 -112.54333496 -207.13565063]]
1
[[-110.58544922 -160.66412354 -132.56312561  -56.34651184]]
3
[[ -11.42697906   -1.49691772 -112.54333496 -207.13565063]]
1
[[-110.58544922 -160.66412354 -132.56312561  -56.34651184]]
3
[[ -11.42697906   -1.49691772 -112.54333496 -207.13565063]]
1
[[-110.58544922 -160.66412354 -132.56312561  -56.34651184]]
3
[[ -11.42697906   -1.49691772 -112.54333496 -207.13565063]]
1
[[-110.58544922 -160.66412354 -132.56312561  -56.34651184]]
3
[[ -11.42697906   -1.49691772 -112.54333496 -207.13565063]]
1
[[-110.58544922 -160.66412354 -132.56312561  -56.34651184]]
3
[[ -11.42697906   -1.49691772 -112.54333496 -207.13565063]]
1
[[-110.58544922 -160.66412354 -132.56312561  -56.34651184]]
3
[[ -11.42697906   -1.49691772 -112.54333496 -207.13565063]]
1
[[-110.58544922 -160.66412354 -132.56312561  -56.34651184]]
3
[[ -11.42697906   -1.49691772 -112.54333496 -207.13565063]]
1
[[-110.58544922 -160.66412354 -132.56312561  -56.34651184]]
3
[[ -11.42697906   -1.49691772 -112.54333496 -207.13565063]]
1
[[-110.58544922 -160.66412354 -132.56312561  -56.34651184]]
3
[[ -11.42697906   -1.49691772 -112.54333496 -207.13565063]]
1
[[-110.58544922 -160.66412354 -132.56312561  -56.34651184]]
3
[[ -11.42697906   -1.49691772 -112.54333496 -207.13565063]]
1
[[-110.58544922 -160.66412354 -132.56312561  -56.34651184]]
3
[[ -11.42697906   -1.49691772 -112.54333496 -207.13565063]]
1
[[-110.58544922 -160.66412354 -132.56312561  -56.34651184]]
3
[[ -11.42697906   -1.49691772 -112.54333496 -207.13565063]]
1
[[-110.58544922 -160.66412354 -132.56312561  -56.34651184]]
3
[[ -11.42697906   -1.49691772 -112.54333496 -207.13565063]]
1
[[-110.58544922 -160.66412354 -132.56312561  -56.34651184]]
3
[[ -11.42697906   -1.49691772 -112.54333496 -207.13565063]]
1
[[-110.58544922 -160.66412354 -132.56312561  -56.34651184]]
3
[[ -11.42697906   -1.49691772 -112.54333496 -207.13565063]]
1
[[-110.58544922 -160.66412354 -132.56312561  -56.34651184]]
3
[[ -11.42697906   -1.49691772 -112.54333496 -207.13565063]]
1
[[-110.58544922 -160.66412354 -132.56312561  -56.34651184]]
3
[[ -11.42697906   -1.49691772 -112.54333496 -207.13565063]]
1
[[-110.58544922 -160.66412354 -132.56312561  -56.34651184]]
3
[[ -11.42697906   -1.49691772 -112.54333496 -207.13565063]]
1
[[-110.58544922 -160.66412354 -132.56312561  -56.34651184]]
3
[[ -11.42697906   -1.49691772 -112.54333496 -207.13565063]]
1
[[-110.58544922 -160.66412354 -132.56312561  -56.34651184]]
3
[[ -11.42697906   -1.49691772 -112.54333496 -207.13565063]]
1
[[-110.58544922 -160.66412354 -132.56312561  -56.34651184]]
3
[[ -11.42697906   -1.49691772 -112.54333496 -207.13565063]]
1
[[-110.58544922 -160.66412354 -132.56312561  -56.34651184]]
3
[[ -11.42697906   -1.49691772 -112.54333496 -207.13565063]]
1
[[-110.58544922 -160.66412354 -132.56312561  -56.34651184]]
3
[[ -11.42697906   -1.49691772 -112.54333496 -207.13565063]]
1
[[-110.58544922 -160.66412354 -132.56312561  -56.34651184]]
3
[[ -11.42697906   -1.49691772 -112.54333496 -207.13565063]]
1
[[-110.58544922 -160.66412354 -132.56312561  -56.34651184]]
3
[[ -11.42697906   -1.49691772 -112.54333496 -207.13565063]]
1
[[-110.58544922 -160.66412354 -132.56312561  -56.34651184]]
3
[[ -11.42697906   -1.49691772 -112.54333496 -207.13565063]]
1
[[-110.58544922 -160.66412354 -132.56312561  -56.34651184]]
3
[[ -11.42697906   -1.49691772 -112.54333496 -207.13565063]]
1
[[-110.58544922 -160.66412354 -132.56312561  -56.34651184]]
3
[[ -11.42697906   -1.49691772 -112.54333496 -207.13565063]]
1
[[-110.58544922 -160.66412354 -132.56312561  -56.34651184]]
3
[[ -11.42697906   -1.49691772 -112.54333496 -207.13565063]]
1
[[-110.58544922 -160.66412354 -132.56312561  -56.34651184]]
3
[[ -11.42697906   -1.49691772 -112.54333496 -207.13565063]]
1
[[-110.58544922 -160.66412354 -132.56312561  -56.34651184]]
3
[[ -11.42697906   -1.49691772 -112.54333496 -207.13565063]]
1
[[-110.58544922 -160.66412354 -132.56312561  -56.34651184]]
3
[[ -11.42697906   -1.49691772 -112.54333496 -207.13565063]]
1
[[-110.58544922 -160.66412354 -132.56312561  -56.34651184]]
3
[[ -11.42697906   -1.49691772 -112.54333496 -207.13565063]]
1
[[-110.58544922 -160.66412354 -132.56312561  -56.34651184]]
3
[[ -11.42697906   -1.49691772 -112.54333496 -207.13565063]]
1
[[-110.58544922 -160.66412354 -132.56312561  -56.34651184]]
3
[[ -11.42697906   -1.49691772 -112.54333496 -207.13565063]]
1
[[-110.58544922 -160.66412354 -132.56312561  -56.34651184]]
3
[[ -11.42697906   -1.49691772 -112.54333496 -207.13565063]]
1
[[-110.58544922 -160.66412354 -132.56312561  -56.34651184]]
3
[[ -11.42697906   -1.49691772 -112.54333496 -207.13565063]]
1
[[-110.58544922 -160.66412354 -132.56312561  -56.34651184]]
3
[[ -11.42697906   -1.49691772 -112.54333496 -207.13565063]]
1
[[-110.58544922 -160.66412354 -132.56312561  -56.34651184]]
3
[[ -11.42697906   -1.49691772 -112.54333496 -207.13565063]]
1
[[-110.58544922 -160.66412354 -132.56312561  -56.34651184]]
3
[[ -11.42697906   -1.49691772 -112.54333496 -207.13565063]]
1
[[-110.58544922 -160.66412354 -132.56312561  -56.34651184]]
3
FAIL
7/19
