[[-58.6840744  -19.11369324 -75.11447144 -97.17895508]]
1
[[-61.56081009 -25.61038589 -74.96862793 -90.16416931]]
1
[[-31.1858139  -57.47745514 -69.87126923 -77.28089142]]
0
[[ -83.49333954   -3.54161072  -55.75878525 -128.73922729]]
1
[[-18.0281601  -52.62065506 -96.86091614 -88.79819489]]
0
[[  -6.83866119  -56.10907364  -37.20207214 -114.98261261]]
0
[[-66.20187378   5.47454071  -3.47662735 -95.71942902]]
1
[[-40.72427368 -49.51271057 -65.58649445 -89.76682281]]
0
[[-20.37469864 -63.17498779 -54.58040619 -87.90267944]]
0
[[ -22.33388138  -43.0038147   -18.91438293 -108.51672363]]
2
[[-20.37469864 -63.17498779 -54.58040619 -87.90267944]]
0
[[ -22.33388138  -43.0038147   -18.91438293 -108.51672363]]
2
[[-20.37469864 -63.17498779 -54.58040619 -87.90267944]]
0
[[ -22.33388138  -43.0038147   -18.91438293 -108.51672363]]
2
[[-20.37469864 -63.17498779 -54.58040619 -87.90267944]]
0
[[ -22.33388138  -43.0038147   -18.91438293 -108.51672363]]
2
[[-20.37469864 -63.17498779 -54.58040619 -87.90267944]]
0
[[ -22.33388138  -43.0038147   -18.91438293 -108.51672363]]
2
[[-20.37469864 -63.17498779 -54.58040619 -87.90267944]]
0
[[ -22.33388138  -43.0038147   -18.91438293 -108.51672363]]
2
[[-20.37469864 -63.17498779 -54.58040619 -87.90267944]]
0
[[ -22.33388138  -43.0038147   -18.91438293 -108.51672363]]
2
[[-20.37469864 -63.17498779 -54.58040619 -87.90267944]]
0
[[ -22.33388138  -43.0038147   -18.91438293 -108.51672363]]
2
[[-20.37469864 -63.17498779 -54.58040619 -87.90267944]]
0
[[ -22.33388138  -43.0038147   -18.91438293 -108.51672363]]
2
[[-20.37469864 -63.17498779 -54.58040619 -87.90267944]]
0
[[ -22.33388138  -43.0038147   -18.91438293 -108.51672363]]
2
[[-20.37469864 -63.17498779 -54.58040619 -87.90267944]]
0
[[ -22.33388138  -43.0038147   -18.91438293 -108.51672363]]
2
[[-20.37469864 -63.17498779 -54.58040619 -87.90267944]]
0
[[ -22.33388138  -43.0038147   -18.91438293 -108.51672363]]
2
[[-20.37469864 -63.17498779 -54.58040619 -87.90267944]]
0
[[ -22.33388138  -43.0038147   -18.91438293 -108.51672363]]
2
[[-20.37469864 -63.17498779 -54.58040619 -87.90267944]]
0
[[ -22.33388138  -43.0038147   -18.91438293 -108.51672363]]
2
[[-20.37469864 -63.17498779 -54.58040619 -87.90267944]]
0
[[ -22.33388138  -43.0038147   -18.91438293 -108.51672363]]
2
[[-20.37469864 -63.17498779 -54.58040619 -87.90267944]]
0
[[ -22.33388138  -43.0038147   -18.91438293 -108.51672363]]
2
[[-20.37469864 -63.17498779 -54.58040619 -87.90267944]]
0
[[ -22.33388138  -43.0038147   -18.91438293 -108.51672363]]
2
[[-20.37469864 -63.17498779 -54.58040619 -87.90267944]]
0
[[ -22.33388138  -43.0038147   -18.91438293 -108.51672363]]
2
[[-20.37469864 -63.17498779 -54.58040619 -87.90267944]]
0
[[ -22.33388138  -43.0038147   -18.91438293 -108.51672363]]
2
[[-20.37469864 -63.17498779 -54.58040619 -87.90267944]]
0
[[ -22.33388138  -43.0038147   -18.91438293 -108.51672363]]
2
[[-20.37469864 -63.17498779 -54.58040619 -87.90267944]]
0
[[ -22.33388138  -43.0038147   -18.91438293 -108.51672363]]
2
[[-20.37469864 -63.17498779 -54.58040619 -87.90267944]]
0
[[ -22.33388138  -43.0038147   -18.91438293 -108.51672363]]
2
[[-20.37469864 -63.17498779 -54.58040619 -87.90267944]]
0
[[ -22.33388138  -43.0038147   -18.91438293 -108.51672363]]
2
[[-20.37469864 -63.17498779 -54.58040619 -87.90267944]]
0
[[ -22.33388138  -43.0038147   -18.91438293 -108.51672363]]
2
[[-20.37469864 -63.17498779 -54.58040619 -87.90267944]]
0
[[ -22.33388138  -43.0038147   -18.91438293 -108.51672363]]
2
[[-20.37469864 -63.17498779 -54.58040619 -87.90267944]]
0
[[ -22.33388138  -43.0038147   -18.91438293 -108.51672363]]
2
[[-20.37469864 -63.17498779 -54.58040619 -87.90267944]]
0
[[ -22.33388138  -43.0038147   -18.91438293 -108.51672363]]
2
[[-20.37469864 -63.17498779 -54.58040619 -87.90267944]]
0
[[ -22.33388138  -43.0038147   -18.91438293 -108.51672363]]
2
[[-20.37469864 -63.17498779 -54.58040619 -87.90267944]]
0
[[ -22.33388138  -43.0038147   -18.91438293 -108.51672363]]
2
[[-20.37469864 -63.17498779 -54.58040619 -87.90267944]]
0
[[ -22.33388138  -43.0038147   -18.91438293 -108.51672363]]
2
[[-20.37469864 -63.17498779 -54.58040619 -87.90267944]]
0
[[ -22.33388138  -43.0038147   -18.91438293 -108.51672363]]
2
[[-20.37469864 -63.17498779 -54.58040619 -87.90267944]]
0
[[ -22.33388138  -43.0038147   -18.91438293 -108.51672363]]
2
[[-20.37469864 -63.17498779 -54.58040619 -87.90267944]]
0
[[ -22.33388138  -43.0038147   -18.91438293 -108.51672363]]
2
[[-20.37469864 -63.17498779 -54.58040619 -87.90267944]]
0
[[ -22.33388138  -43.0038147   -18.91438293 -108.51672363]]
2
[[-20.37469864 -63.17498779 -54.58040619 -87.90267944]]
0
[[ -22.33388138  -43.0038147   -18.91438293 -108.51672363]]
2
[[-20.37469864 -63.17498779 -54.58040619 -87.90267944]]
0
[[ -22.33388138  -43.0038147   -18.91438293 -108.51672363]]
2
[[-20.37469864 -63.17498779 -54.58040619 -87.90267944]]
0
[[ -22.33388138  -43.0038147   -18.91438293 -108.51672363]]
2
[[-20.37469864 -63.17498779 -54.58040619 -87.90267944]]
0
[[ -22.33388138  -43.0038147   -18.91438293 -108.51672363]]
2
[[-20.37469864 -63.17498779 -54.58040619 -87.90267944]]
0
[[ -22.33388138  -43.0038147   -18.91438293 -108.51672363]]
2
[[-20.37469864 -63.17498779 -54.58040619 -87.90267944]]
0
[[ -22.33388138  -43.0038147   -18.91438293 -108.51672363]]
2
[[-20.37469864 -63.17498779 -54.58040619 -87.90267944]]
0
[[ -22.33388138  -43.0038147   -18.91438293 -108.51672363]]
2
[[-20.37469864 -63.17498779 -54.58040619 -87.90267944]]
0
[[ -22.33388138  -43.0038147   -18.91438293 -108.51672363]]
2
[[-20.37469864 -63.17498779 -54.58040619 -87.90267944]]
0
[[ -22.33388138  -43.0038147   -18.91438293 -108.51672363]]
2
[[-20.37469864 -63.17498779 -54.58040619 -87.90267944]]
0
[[ -22.33388138  -43.0038147   -18.91438293 -108.51672363]]
2
[[-20.37469864 -63.17498779 -54.58040619 -87.90267944]]
0
[[ -22.33388138  -43.0038147   -18.91438293 -108.51672363]]
2
[[-20.37469864 -63.17498779 -54.58040619 -87.90267944]]
0
[[ -22.33388138  -43.0038147   -18.91438293 -108.51672363]]
2
[[-20.37469864 -63.17498779 -54.58040619 -87.90267944]]
0
FAIL
9/22
