[[-179.94606018  -79.45481873  -15.56401825 -194.32514954]]
2
[[  -8.23203087  -29.95684242   -5.17638397 -112.73847198]]
2
[[ -6.22554207  -4.36092949 -33.54556274 -82.62219238]]
1
[[-123.02012634 -146.64779663 -171.61343384  -35.91419983]]
3
[[ -6.22554207  -4.36092949 -33.54556274 -82.62219238]]
1
[[-123.02012634 -146.64779663 -171.61343384  -35.91419983]]
3
[[ -6.22554207  -4.36092949 -33.54556274 -82.62219238]]
1
[[-123.02012634 -146.64779663 -171.61343384  -35.91419983]]
3
[[ -6.22554207  -4.36092949 -33.54556274 -82.62219238]]
1
[[-123.02012634 -146.64779663 -171.61343384  -35.91419983]]
3
[[ -6.22554207  -4.36092949 -33.54556274 -82.62219238]]
1
[[-123.02012634 -146.64779663 -171.61343384  -35.91419983]]
3
[[ -6.22554207  -4.36092949 -33.54556274 -82.62219238]]
1
[[-123.02012634 -146.64779663 -171.61343384  -35.91419983]]
3
[[ -6.22554207  -4.36092949 -33.54556274 -82.62219238]]
1
[[-123.02012634 -146.64779663 -171.61343384  -35.91419983]]
3
[[ -6.22554207  -4.36092949 -33.54556274 -82.62219238]]
1
[[-123.02012634 -146.64779663 -171.61343384  -35.91419983]]
3
[[ -6.22554207  -4.36092949 -33.54556274 -82.62219238]]
1
[[-123.02012634 -146.64779663 -171.61343384  -35.91419983]]
3
[[ -6.22554207  -4.36092949 -33.54556274 -82.62219238]]
1
[[-123.02012634 -146.64779663 -171.61343384  -35.91419983]]
3
[[ -6.22554207  -4.36092949 -33.54556274 -82.62219238]]
1
[[-123.02012634 -146.64779663 -171.61343384  -35.91419983]]
3
[[ -6.22554207  -4.36092949 -33.54556274 -82.62219238]]
1
[[-123.02012634 -146.64779663 -171.61343384  -35.91419983]]
3
[[ -6.22554207  -4.36092949 -33.54556274 -82.62219238]]
1
[[-123.02012634 -146.64779663 -171.61343384  -35.91419983]]
3
[[ -6.22554207  -4.36092949 -33.54556274 -82.62219238]]
1
[[-123.02012634 -146.64779663 -171.61343384  -35.91419983]]
3
[[ -6.22554207  -4.36092949 -33.54556274 -82.62219238]]
1
[[-123.02012634 -146.64779663 -171.61343384  -35.91419983]]
3
[[ -6.22554207  -4.36092949 -33.54556274 -82.62219238]]
1
[[-123.02012634 -146.64779663 -171.61343384  -35.91419983]]
3
[[ -6.22554207  -4.36092949 -33.54556274 -82.62219238]]
1
[[-123.02012634 -146.64779663 -171.61343384  -35.91419983]]
3
[[ -6.22554207  -4.36092949 -33.54556274 -82.62219238]]
1
[[-123.02012634 -146.64779663 -171.61343384  -35.91419983]]
3
[[ -6.22554207  -4.36092949 -33.54556274 -82.62219238]]
1
[[-123.02012634 -146.64779663 -171.61343384  -35.91419983]]
3
[[ -6.22554207  -4.36092949 -33.54556274 -82.62219238]]
1
[[-123.02012634 -146.64779663 -171.61343384  -35.91419983]]
3
[[ -6.22554207  -4.36092949 -33.54556274 -82.62219238]]
1
[[-123.02012634 -146.64779663 -171.61343384  -35.91419983]]
3
[[ -6.22554207  -4.36092949 -33.54556274 -82.62219238]]
1
[[-123.02012634 -146.64779663 -171.61343384  -35.91419983]]
3
[[ -6.22554207  -4.36092949 -33.54556274 -82.62219238]]
1
[[-123.02012634 -146.64779663 -171.61343384  -35.91419983]]
3
[[ -6.22554207  -4.36092949 -33.54556274 -82.62219238]]
1
[[-123.02012634 -146.64779663 -171.61343384  -35.91419983]]
3
[[ -6.22554207  -4.36092949 -33.54556274 -82.62219238]]
1
[[-123.02012634 -146.64779663 -171.61343384  -35.91419983]]
3
[[ -6.22554207  -4.36092949 -33.54556274 -82.62219238]]
1
[[-123.02012634 -146.64779663 -171.61343384  -35.91419983]]
3
[[ -6.22554207  -4.36092949 -33.54556274 -82.62219238]]
1
[[-123.02012634 -146.64779663 -171.61343384  -35.91419983]]
3
[[ -6.22554207  -4.36092949 -33.54556274 -82.62219238]]
1
[[-123.02012634 -146.64779663 -171.61343384  -35.91419983]]
3
[[ -6.22554207  -4.36092949 -33.54556274 -82.62219238]]
1
[[-123.02012634 -146.64779663 -171.61343384  -35.91419983]]
3
[[ -6.22554207  -4.36092949 -33.54556274 -82.62219238]]
1
[[-123.02012634 -146.64779663 -171.61343384  -35.91419983]]
3
[[ -6.22554207  -4.36092949 -33.54556274 -82.62219238]]
1
[[-123.02012634 -146.64779663 -171.61343384  -35.91419983]]
3
[[ -6.22554207  -4.36092949 -33.54556274 -82.62219238]]
1
[[-123.02012634 -146.64779663 -171.61343384  -35.91419983]]
3
[[ -6.22554207  -4.36092949 -33.54556274 -82.62219238]]
1
[[-123.02012634 -146.64779663 -171.61343384  -35.91419983]]
3
[[ -6.22554207  -4.36092949 -33.54556274 -82.62219238]]
1
[[-123.02012634 -146.64779663 -171.61343384  -35.91419983]]
3
[[ -6.22554207  -4.36092949 -33.54556274 -82.62219238]]
1
[[-123.02012634 -146.64779663 -171.61343384  -35.91419983]]
3
[[ -6.22554207  -4.36092949 -33.54556274 -82.62219238]]
1
[[-123.02012634 -146.64779663 -171.61343384  -35.91419983]]
3
[[ -6.22554207  -4.36092949 -33.54556274 -82.62219238]]
1
[[-123.02012634 -146.64779663 -171.61343384  -35.91419983]]
3
[[ -6.22554207  -4.36092949 -33.54556274 -82.62219238]]
1
[[-123.02012634 -146.64779663 -171.61343384  -35.91419983]]
3
[[ -6.22554207  -4.36092949 -33.54556274 -82.62219238]]
1
[[-123.02012634 -146.64779663 -171.61343384  -35.91419983]]
3
[[ -6.22554207  -4.36092949 -33.54556274 -82.62219238]]
1
[[-123.02012634 -146.64779663 -171.61343384  -35.91419983]]
3
[[ -6.22554207  -4.36092949 -33.54556274 -82.62219238]]
1
[[-123.02012634 -146.64779663 -171.61343384  -35.91419983]]
3
[[ -6.22554207  -4.36092949 -33.54556274 -82.62219238]]
1
[[-123.02012634 -146.64779663 -171.61343384  -35.91419983]]
3
[[ -6.22554207  -4.36092949 -33.54556274 -82.62219238]]
1
[[-123.02012634 -146.64779663 -171.61343384  -35.91419983]]
3
[[ -6.22554207  -4.36092949 -33.54556274 -82.62219238]]
1
[[-123.02012634 -146.64779663 -171.61343384  -35.91419983]]
3
[[ -6.22554207  -4.36092949 -33.54556274 -82.62219238]]
1
[[-123.02012634 -146.64779663 -171.61343384  -35.91419983]]
3
[[ -6.22554207  -4.36092949 -33.54556274 -82.62219238]]
1
[[-123.02012634 -146.64779663 -171.61343384  -35.91419983]]
3
[[ -6.22554207  -4.36092949 -33.54556274 -82.62219238]]
1
[[-123.02012634 -146.64779663 -171.61343384  -35.91419983]]
3
[[ -6.22554207  -4.36092949 -33.54556274 -82.62219238]]
1
[[-123.02012634 -146.64779663 -171.61343384  -35.91419983]]
3
[[ -6.22554207  -4.36092949 -33.54556274 -82.62219238]]
1
[[-123.02012634 -146.64779663 -171.61343384  -35.91419983]]
3
[[ -6.22554207  -4.36092949 -33.54556274 -82.62219238]]
1
FAIL
2/31
