[[-29.87747765 -42.82653809 -71.81827545 -96.48120117]]
0
[[-26.24256325 -56.23517609 -34.26354218 -88.7022934 ]]
0
[[-14.24065781 -70.9616394  -27.7570343  -97.41419983]]
0
[[  -6.60521317  -34.76057434  -22.19430542 -120.73323059]]
0
[[ -11.54251099  -71.62517548  -44.2115097  -135.76094055]]
0
[[ -80.94599915  -12.83311081  -14.90511703 -127.35409546]]
1
[[ -25.17498779 -135.26469421  -59.07695007  -72.7159729 ]]
0
[[ -12.08679199   -3.64865112 -117.75055695 -214.78201294]]
1
[[-113.11882782 -165.48718262 -138.08747864  -55.69750595]]
3
[[ -12.08679199   -3.64865112 -117.75055695 -214.78201294]]
1
[[-113.11882782 -165.48718262 -138.08747864  -55.69750595]]
3
[[ -12.08679199   -3.64865112 -117.75055695 -214.78201294]]
1
[[-113.11882782 -165.48718262 -138.08747864  -55.69750595]]
3
[[ -12.08679199   -3.64865112 -117.75055695 -214.78201294]]
1
[[-113.11882782 -165.48718262 -138.08747864  -55.69750595]]
3
[[ -12.08679199   -3.64865112 -117.75055695 -214.78201294]]
1
[[-113.11882782 -165.48718262 -138.08747864  -55.69750595]]
3
[[ -12.08679199   -3.64865112 -117.75055695 -214.78201294]]
1
[[-113.11882782 -165.48718262 -138.08747864  -55.69750595]]
3
[[ -12.08679199   -3.64865112 -117.75055695 -214.78201294]]
1
[[-113.11882782 -165.48718262 -138.08747864  -55.69750595]]
3
[[ -12.08679199   -3.64865112 -117.75055695 -214.78201294]]
1
[[-113.11882782 -165.48718262 -138.08747864  -55.69750595]]
3
[[ -12.08679199   -3.64865112 -117.75055695 -214.78201294]]
1
[[-113.11882782 -165.48718262 -138.08747864  -55.69750595]]
3
[[ -12.08679199   -3.64865112 -117.75055695 -214.78201294]]
1
[[-113.11882782 -165.48718262 -138.08747864  -55.69750595]]
3
[[ -12.08679199   -3.64865112 -117.75055695 -214.78201294]]
1
[[-113.11882782 -165.48718262 -138.08747864  -55.69750595]]
3
[[ -12.08679199   -3.64865112 -117.75055695 -214.78201294]]
1
[[-113.11882782 -165.48718262 -138.08747864  -55.69750595]]
3
[[ -12.08679199   -3.64865112 -117.75055695 -214.78201294]]
1
[[-113.11882782 -165.48718262 -138.08747864  -55.69750595]]
3
[[ -12.08679199   -3.64865112 -117.75055695 -214.78201294]]
1
[[-113.11882782 -165.48718262 -138.08747864  -55.69750595]]
3
[[ -12.08679199   -3.64865112 -117.75055695 -214.78201294]]
1
[[-113.11882782 -165.48718262 -138.08747864  -55.69750595]]
3
[[ -12.08679199   -3.64865112 -117.75055695 -214.78201294]]
1
[[-113.11882782 -165.48718262 -138.08747864  -55.69750595]]
3
[[ -12.08679199   -3.64865112 -117.75055695 -214.78201294]]
1
[[-113.11882782 -165.48718262 -138.08747864  -55.69750595]]
3
[[ -12.08679199   -3.64865112 -117.75055695 -214.78201294]]
1
[[-113.11882782 -165.48718262 -138.08747864  -55.69750595]]
3
[[ -12.08679199   -3.64865112 -117.75055695 -214.78201294]]
1
[[-113.11882782 -165.48718262 -138.08747864  -55.69750595]]
3
[[ -12.08679199   -3.64865112 -117.75055695 -214.78201294]]
1
[[-113.11882782 -165.48718262 -138.08747864  -55.69750595]]
3
[[ -12.08679199   -3.64865112 -117.75055695 -214.78201294]]
1
[[-113.11882782 -165.48718262 -138.08747864  -55.69750595]]
3
[[ -12.08679199   -3.64865112 -117.75055695 -214.78201294]]
1
[[-113.11882782 -165.48718262 -138.08747864  -55.69750595]]
3
[[ -12.08679199   -3.64865112 -117.75055695 -214.78201294]]
1
[[-113.11882782 -165.48718262 -138.08747864  -55.69750595]]
3
[[ -12.08679199   -3.64865112 -117.75055695 -214.78201294]]
1
[[-113.11882782 -165.48718262 -138.08747864  -55.69750595]]
3
[[ -12.08679199   -3.64865112 -117.75055695 -214.78201294]]
1
[[-113.11882782 -165.48718262 -138.08747864  -55.69750595]]
3
[[ -12.08679199   -3.64865112 -117.75055695 -214.78201294]]
1
[[-113.11882782 -165.48718262 -138.08747864  -55.69750595]]
3
[[ -12.08679199   -3.64865112 -117.75055695 -214.78201294]]
1
[[-113.11882782 -165.48718262 -138.08747864  -55.69750595]]
3
[[ -12.08679199   -3.64865112 -117.75055695 -214.78201294]]
1
[[-113.11882782 -165.48718262 -138.08747864  -55.69750595]]
3
[[ -12.08679199   -3.64865112 -117.75055695 -214.78201294]]
1
[[-113.11882782 -165.48718262 -138.08747864  -55.69750595]]
3
[[ -12.08679199   -3.64865112 -117.75055695 -214.78201294]]
1
[[-113.11882782 -165.48718262 -138.08747864  -55.69750595]]
3
[[ -12.08679199   -3.64865112 -117.75055695 -214.78201294]]
1
[[-113.11882782 -165.48718262 -138.08747864  -55.69750595]]
3
[[ -12.08679199   -3.64865112 -117.75055695 -214.78201294]]
1
[[-113.11882782 -165.48718262 -138.08747864  -55.69750595]]
3
[[ -12.08679199   -3.64865112 -117.75055695 -214.78201294]]
1
[[-113.11882782 -165.48718262 -138.08747864  -55.69750595]]
3
[[ -12.08679199   -3.64865112 -117.75055695 -214.78201294]]
1
[[-113.11882782 -165.48718262 -138.08747864  -55.69750595]]
3
[[ -12.08679199   -3.64865112 -117.75055695 -214.78201294]]
1
[[-113.11882782 -165.48718262 -138.08747864  -55.69750595]]
3
[[ -12.08679199   -3.64865112 -117.75055695 -214.78201294]]
1
[[-113.11882782 -165.48718262 -138.08747864  -55.69750595]]
3
[[ -12.08679199   -3.64865112 -117.75055695 -214.78201294]]
1
[[-113.11882782 -165.48718262 -138.08747864  -55.69750595]]
3
[[ -12.08679199   -3.64865112 -117.75055695 -214.78201294]]
1
[[-113.11882782 -165.48718262 -138.08747864  -55.69750595]]
3
[[ -12.08679199   -3.64865112 -117.75055695 -214.78201294]]
1
[[-113.11882782 -165.48718262 -138.08747864  -55.69750595]]
3
[[ -12.08679199   -3.64865112 -117.75055695 -214.78201294]]
1
[[-113.11882782 -165.48718262 -138.08747864  -55.69750595]]
3
[[ -12.08679199   -3.64865112 -117.75055695 -214.78201294]]
1
[[-113.11882782 -165.48718262 -138.08747864  -55.69750595]]
3
[[ -12.08679199   -3.64865112 -117.75055695 -214.78201294]]
1
[[-113.11882782 -165.48718262 -138.08747864  -55.69750595]]
3
[[ -12.08679199   -3.64865112 -117.75055695 -214.78201294]]
1
[[-113.11882782 -165.48718262 -138.08747864  -55.69750595]]
3
[[ -12.08679199   -3.64865112 -117.75055695 -214.78201294]]
1
[[-113.11882782 -165.48718262 -138.08747864  -55.69750595]]
3
[[ -12.08679199   -3.64865112 -117.75055695 -214.78201294]]
1
[[-113.11882782 -165.48718262 -138.08747864  -55.69750595]]
3
[[ -12.08679199   -3.64865112 -117.75055695 -214.78201294]]
1
[[-113.11882782 -165.48718262 -138.08747864  -55.69750595]]
3
[[ -12.08679199   -3.64865112 -117.75055695 -214.78201294]]
1
[[-113.11882782 -165.48718262 -138.08747864  -55.69750595]]
3
FAIL
7/19
