[[-30.13550568 -44.85640717 -75.15365601 -98.58514404]]
0
[[-25.71096802 -58.92110062 -36.49785614 -90.48217773]]
0
[[-13.74474335 -73.96712494 -29.58634949 -99.58831787]]
0
[[  -6.514328    -36.92360306  -24.08072281 -123.80801392]]
0
[[ -12.44700623  -77.21768188  -48.68995667 -141.32437134]]
0
[[ -83.38179016  -13.60940552  -16.13191223 -130.3870697 ]]
1
[[ -25.27347946 -140.90216064  -62.30415344  -72.44522858]]
0
[[ -12.39137268   -5.83876038 -122.54740906 -221.80992126]]
1
[[-115.30993652 -170.71304321 -142.95175171  -55.16752625]]
3
[[ -12.39137268   -5.83876038 -122.54740906 -221.80992126]]
1
[[-115.30993652 -170.71304321 -142.95175171  -55.16752625]]
3
[[ -12.39137268   -5.83876038 -122.54740906 -221.80992126]]
1
[[-115.30993652 -170.71304321 -142.95175171  -55.16752625]]
3
[[ -12.39137268   -5.83876038 -122.54740906 -221.80992126]]
1
[[-115.30993652 -170.71304321 -142.95175171  -55.16752625]]
3
[[ -12.39137268   -5.83876038 -122.54740906 -221.80992126]]
1
[[-115.30993652 -170.71304321 -142.95175171  -55.16752625]]
3
[[ -12.39137268   -5.83876038 -122.54740906 -221.80992126]]
1
[[-115.30993652 -170.71304321 -142.95175171  -55.16752625]]
3
[[ -12.39137268   -5.83876038 -122.54740906 -221.80992126]]
1
[[-115.30993652 -170.71304321 -142.95175171  -55.16752625]]
3
[[ -12.39137268   -5.83876038 -122.54740906 -221.80992126]]
1
[[-115.30993652 -170.71304321 -142.95175171  -55.16752625]]
3
[[ -12.39137268   -5.83876038 -122.54740906 -221.80992126]]
1
[[-115.30993652 -170.71304321 -142.95175171  -55.16752625]]
3
[[ -12.39137268   -5.83876038 -122.54740906 -221.80992126]]
1
[[-115.30993652 -170.71304321 -142.95175171  -55.16752625]]
3
[[ -12.39137268   -5.83876038 -122.54740906 -221.80992126]]
1
[[-115.30993652 -170.71304321 -142.95175171  -55.16752625]]
3
[[ -12.39137268   -5.83876038 -122.54740906 -221.80992126]]
1
[[-115.30993652 -170.71304321 -142.95175171  -55.16752625]]
3
[[ -12.39137268   -5.83876038 -122.54740906 -221.80992126]]
1
[[-115.30993652 -170.71304321 -142.95175171  -55.16752625]]
3
[[ -12.39137268   -5.83876038 -122.54740906 -221.80992126]]
1
[[-115.30993652 -170.71304321 -142.95175171  -55.16752625]]
3
[[ -12.39137268   -5.83876038 -122.54740906 -221.80992126]]
1
[[-115.30993652 -170.71304321 -142.95175171  -55.16752625]]
3
[[ -12.39137268   -5.83876038 -122.54740906 -221.80992126]]
1
[[-115.30993652 -170.71304321 -142.95175171  -55.16752625]]
3
[[ -12.39137268   -5.83876038 -122.54740906 -221.80992126]]
1
[[-115.30993652 -170.71304321 -142.95175171  -55.16752625]]
3
[[ -12.39137268   -5.83876038 -122.54740906 -221.80992126]]
1
[[-115.30993652 -170.71304321 -142.95175171  -55.16752625]]
3
[[ -12.39137268   -5.83876038 -122.54740906 -221.80992126]]
1
[[-115.30993652 -170.71304321 -142.95175171  -55.16752625]]
3
[[ -12.39137268   -5.83876038 -122.54740906 -221.80992126]]
1
[[-115.30993652 -170.71304321 -142.95175171  -55.16752625]]
3
[[ -12.39137268   -5.83876038 -122.54740906 -221.80992126]]
1
[[-115.30993652 -170.71304321 -142.95175171  -55.16752625]]
3
[[ -12.39137268   -5.83876038 -122.54740906 -221.80992126]]
1
[[-115.30993652 -170.71304321 -142.95175171  -55.16752625]]
3
[[ -12.39137268   -5.83876038 -122.54740906 -221.80992126]]
1
[[-115.30993652 -170.71304321 -142.95175171  -55.16752625]]
3
[[ -12.39137268   -5.83876038 -122.54740906 -221.80992126]]
1
[[-115.30993652 -170.71304321 -142.95175171  -55.16752625]]
3
[[ -12.39137268   -5.83876038 -122.54740906 -221.80992126]]
1
[[-115.30993652 -170.71304321 -142.95175171  -55.16752625]]
3
[[ -12.39137268   -5.83876038 -122.54740906 -221.80992126]]
1
[[-115.30993652 -170.71304321 -142.95175171  -55.16752625]]
3
[[ -12.39137268   -5.83876038 -122.54740906 -221.80992126]]
1
[[-115.30993652 -170.71304321 -142.95175171  -55.16752625]]
3
[[ -12.39137268   -5.83876038 -122.54740906 -221.80992126]]
1
[[-115.30993652 -170.71304321 -142.95175171  -55.16752625]]
3
[[ -12.39137268   -5.83876038 -122.54740906 -221.80992126]]
1
[[-115.30993652 -170.71304321 -142.95175171  -55.16752625]]
3
[[ -12.39137268   -5.83876038 -122.54740906 -221.80992126]]
1
[[-115.30993652 -170.71304321 -142.95175171  -55.16752625]]
3
[[ -12.39137268   -5.83876038 -122.54740906 -221.80992126]]
1
[[-115.30993652 -170.71304321 -142.95175171  -55.16752625]]
3
[[ -12.39137268   -5.83876038 -122.54740906 -221.80992126]]
1
[[-115.30993652 -170.71304321 -142.95175171  -55.16752625]]
3
[[ -12.39137268   -5.83876038 -122.54740906 -221.80992126]]
1
[[-115.30993652 -170.71304321 -142.95175171  -55.16752625]]
3
[[ -12.39137268   -5.83876038 -122.54740906 -221.80992126]]
1
[[-115.30993652 -170.71304321 -142.95175171  -55.16752625]]
3
[[ -12.39137268   -5.83876038 -122.54740906 -221.80992126]]
1
[[-115.30993652 -170.71304321 -142.95175171  -55.16752625]]
3
[[ -12.39137268   -5.83876038 -122.54740906 -221.80992126]]
1
[[-115.30993652 -170.71304321 -142.95175171  -55.16752625]]
3
[[ -12.39137268   -5.83876038 -122.54740906 -221.80992126]]
1
[[-115.30993652 -170.71304321 -142.95175171  -55.16752625]]
3
[[ -12.39137268   -5.83876038 -122.54740906 -221.80992126]]
1
[[-115.30993652 -170.71304321 -142.95175171  -55.16752625]]
3
[[ -12.39137268   -5.83876038 -122.54740906 -221.80992126]]
1
[[-115.30993652 -170.71304321 -142.95175171  -55.16752625]]
3
[[ -12.39137268   -5.83876038 -122.54740906 -221.80992126]]
1
[[-115.30993652 -170.71304321 -142.95175171  -55.16752625]]
3
[[ -12.39137268   -5.83876038 -122.54740906 -221.80992126]]
1
[[-115.30993652 -170.71304321 -142.95175171  -55.16752625]]
3
[[ -12.39137268   -5.83876038 -122.54740906 -221.80992126]]
1
[[-115.30993652 -170.71304321 -142.95175171  -55.16752625]]
3
[[ -12.39137268   -5.83876038 -122.54740906 -221.80992126]]
1
[[-115.30993652 -170.71304321 -142.95175171  -55.16752625]]
3
[[ -12.39137268   -5.83876038 -122.54740906 -221.80992126]]
1
[[-115.30993652 -170.71304321 -142.95175171  -55.16752625]]
3
[[ -12.39137268   -5.83876038 -122.54740906 -221.80992126]]
1
[[-115.30993652 -170.71304321 -142.95175171  -55.16752625]]
3
[[ -12.39137268   -5.83876038 -122.54740906 -221.80992126]]
1
[[-115.30993652 -170.71304321 -142.95175171  -55.16752625]]
3
[[ -12.39137268   -5.83876038 -122.54740906 -221.80992126]]
1
[[-115.30993652 -170.71304321 -142.95175171  -55.16752625]]
3
FAIL
7/19
