[[-60.28549957 -19.86592484 -78.61997986 -98.73948669]]
1
[[-63.06658173 -26.20955658 -78.33024597 -91.91253662]]
1
[[-31.57358932 -59.67567062 -73.07409668 -78.40403748]]
0
[[ -85.06924438   -2.86875153  -57.88070679 -131.0788269 ]]
1
[[ -18.44476318  -54.75350189 -100.85285187  -90.7297287 ]]
0
[[  -6.42948151  -58.59534454  -39.55808258 -116.90238953]]
0
[[-67.77197266   5.0268898   -4.96250153 -97.83786011]]
1
[[-40.70953369 -51.30522919 -68.27056885 -91.59042358]]
0
[[-20.00209808 -65.75401306 -57.1781311  -89.43453217]]
0
[[ -22.40121078  -45.03404617  -19.67012787 -111.02269745]]
2
[[-20.00209808 -65.75401306 -57.1781311  -89.43453217]]
0
[[ -22.40121078  -45.03404617  -19.67012787 -111.02269745]]
2
[[-20.00209808 -65.75401306 -57.1781311  -89.43453217]]
0
[[ -22.40121078  -45.03404617  -19.67012787 -111.02269745]]
2
[[-20.00209808 -65.75401306 -57.1781311  -89.43453217]]
0
[[ -22.40121078  -45.03404617  -19.67012787 -111.02269745]]
2
[[-20.00209808 -65.75401306 -57.1781311  -89.43453217]]
0
[[ -22.40121078  -45.03404617  -19.67012787 -111.02269745]]
2
[[-20.00209808 -65.75401306 -57.1781311  -89.43453217]]
0
[[ -22.40121078  -45.03404617  -19.67012787 -111.02269745]]
2
[[-20.00209808 -65.75401306 -57.1781311  -89.43453217]]
0
[[ -22.40121078  -45.03404617  -19.67012787 -111.02269745]]
2
[[-20.00209808 -65.75401306 -57.1781311  -89.43453217]]
0
[[ -22.40121078  -45.03404617  -19.67012787 -111.02269745]]
2
[[-20.00209808 -65.75401306 -57.1781311  -89.43453217]]
0
[[ -22.40121078  -45.03404617  -19.67012787 -111.02269745]]
2
[[-20.00209808 -65.75401306 -57.1781311  -89.43453217]]
0
[[ -22.40121078  -45.03404617  -19.67012787 -111.02269745]]
2
[[-20.00209808 -65.75401306 -57.1781311  -89.43453217]]
0
[[ -22.40121078  -45.03404617  -19.67012787 -111.02269745]]
2
[[-20.00209808 -65.75401306 -57.1781311  -89.43453217]]
0
[[ -22.40121078  -45.03404617  -19.67012787 -111.02269745]]
2
[[-20.00209808 -65.75401306 -57.1781311  -89.43453217]]
0
[[ -22.40121078  -45.03404617  -19.67012787 -111.02269745]]
2
[[-20.00209808 -65.75401306 -57.1781311  -89.43453217]]
0
[[ -22.40121078  -45.03404617  -19.67012787 -111.02269745]]
2
[[-20.00209808 -65.75401306 -57.1781311  -89.43453217]]
0
[[ -22.40121078  -45.03404617  -19.67012787 -111.02269745]]
2
[[-20.00209808 -65.75401306 -57.1781311  -89.43453217]]
0
[[ -22.40121078  -45.03404617  -19.67012787 -111.02269745]]
2
[[-20.00209808 -65.75401306 -57.1781311  -89.43453217]]
0
[[ -22.40121078  -45.03404617  -19.67012787 -111.02269745]]
2
[[-20.00209808 -65.75401306 -57.1781311  -89.43453217]]
0
[[ -22.40121078  -45.03404617  -19.67012787 -111.02269745]]
2
[[-20.00209808 -65.75401306 -57.1781311  -89.43453217]]
0
[[ -22.40121078  -45.03404617  -19.67012787 -111.02269745]]
2
[[-20.00209808 -65.75401306 -57.1781311  -89.43453217]]
0
[[ -22.40121078  -45.03404617  -19.67012787 -111.02269745]]
2
[[-20.00209808 -65.75401306 -57.1781311  -89.43453217]]
0
[[ -22.40121078  -45.03404617  -19.67012787 -111.02269745]]
2
[[-20.00209808 -65.75401306 -57.1781311  -89.43453217]]
0
[[ -22.40121078  -45.03404617  -19.67012787 -111.02269745]]
2
[[-20.00209808 -65.75401306 -57.1781311  -89.43453217]]
0
[[ -22.40121078  -45.03404617  -19.67012787 -111.02269745]]
2
[[-20.00209808 -65.75401306 -57.1781311  -89.43453217]]
0
[[ -22.40121078  -45.03404617  -19.67012787 -111.02269745]]
2
[[-20.00209808 -65.75401306 -57.1781311  -89.43453217]]
0
[[ -22.40121078  -45.03404617  -19.67012787 -111.02269745]]
2
[[-20.00209808 -65.75401306 -57.1781311  -89.43453217]]
0
[[ -22.40121078  -45.03404617  -19.67012787 -111.02269745]]
2
[[-20.00209808 -65.75401306 -57.1781311  -89.43453217]]
0
[[ -22.40121078  -45.03404617  -19.67012787 -111.02269745]]
2
[[-20.00209808 -65.75401306 -57.1781311  -89.43453217]]
0
[[ -22.40121078  -45.03404617  -19.67012787 -111.02269745]]
2
[[-20.00209808 -65.75401306 -57.1781311  -89.43453217]]
0
[[ -22.40121078  -45.03404617  -19.67012787 -111.02269745]]
2
[[-20.00209808 -65.75401306 -57.1781311  -89.43453217]]
0
[[ -22.40121078  -45.03404617  -19.67012787 -111.02269745]]
2
[[-20.00209808 -65.75401306 -57.1781311  -89.43453217]]
0
[[ -22.40121078  -45.03404617  -19.67012787 -111.02269745]]
2
[[-20.00209808 -65.75401306 -57.1781311  -89.43453217]]
0
[[ -22.40121078  -45.03404617  -19.67012787 -111.02269745]]
2
[[-20.00209808 -65.75401306 -57.1781311  -89.43453217]]
0
[[ -22.40121078  -45.03404617  -19.67012787 -111.02269745]]
2
[[-20.00209808 -65.75401306 -57.1781311  -89.43453217]]
0
[[ -22.40121078  -45.03404617  -19.67012787 -111.02269745]]
2
[[-20.00209808 -65.75401306 -57.1781311  -89.43453217]]
0
[[ -22.40121078  -45.03404617  -19.67012787 -111.02269745]]
2
[[-20.00209808 -65.75401306 -57.1781311  -89.43453217]]
0
[[ -22.40121078  -45.03404617  -19.67012787 -111.02269745]]
2
[[-20.00209808 -65.75401306 -57.1781311  -89.43453217]]
0
[[ -22.40121078  -45.03404617  -19.67012787 -111.02269745]]
2
[[-20.00209808 -65.75401306 -57.1781311  -89.43453217]]
0
[[ -22.40121078  -45.03404617  -19.67012787 -111.02269745]]
2
[[-20.00209808 -65.75401306 -57.1781311  -89.43453217]]
0
[[ -22.40121078  -45.03404617  -19.67012787 -111.02269745]]
2
[[-20.00209808 -65.75401306 -57.1781311  -89.43453217]]
0
[[ -22.40121078  -45.03404617  -19.67012787 -111.02269745]]
2
[[-20.00209808 -65.75401306 -57.1781311  -89.43453217]]
0
[[ -22.40121078  -45.03404617  -19.67012787 -111.02269745]]
2
[[-20.00209808 -65.75401306 -57.1781311  -89.43453217]]
0
[[ -22.40121078  -45.03404617  -19.67012787 -111.02269745]]
2
[[-20.00209808 -65.75401306 -57.1781311  -89.43453217]]
0
[[ -22.40121078  -45.03404617  -19.67012787 -111.02269745]]
2
[[-20.00209808 -65.75401306 -57.1781311  -89.43453217]]
0
[[ -22.40121078  -45.03404617  -19.67012787 -111.02269745]]
2
[[-20.00209808 -65.75401306 -57.1781311  -89.43453217]]
0
[[ -22.40121078  -45.03404617  -19.67012787 -111.02269745]]
2
[[-20.00209808 -65.75401306 -57.1781311  -89.43453217]]
0
[[ -22.40121078  -45.03404617  -19.67012787 -111.02269745]]
2
[[-20.00209808 -65.75401306 -57.1781311  -89.43453217]]
0
FAIL
9/22
