[[-184.11364746  -80.682724    -16.10719299 -196.38134766]]
2
[[  -9.23564529  -32.3696785    -5.75685883 -115.09368896]]
2
[[ -5.83747482  -7.0101738  -34.31393433 -84.31773376]]
0
[[  -9.23564529  -32.3696785    -5.75685883 -115.09368896]]
2
[[ -5.83747482  -7.0101738  -34.31393433 -84.31773376]]
0
[[  -9.23564529  -32.3696785    -5.75685883 -115.09368896]]
2
[[ -5.83747482  -7.0101738  -34.31393433 -84.31773376]]
0
[[  -9.23564529  -32.3696785    -5.75685883 -115.09368896]]
2
[[ -5.83747482  -7.0101738  -34.31393433 -84.31773376]]
0
[[  -9.23564529  -32.3696785    -5.75685883 -115.09368896]]
2
[[ -5.83747482  -7.0101738  -34.31393433 -84.31773376]]
0
[[  -9.23564529  -32.3696785    -5.75685883 -115.09368896]]
2
[[ -5.83747482  -7.0101738  -34.31393433 -84.31773376]]
0
[[  -9.23564529  -32.3696785    -5.75685883 -115.09368896]]
2
[[ -5.83747482  -7.0101738  -34.31393433 -84.31773376]]
0
[[  -9.23564529  -32.3696785    -5.75685883 -115.09368896]]
2
[[ -5.83747482  -7.0101738  -34.31393433 -84.31773376]]
0
[[  -9.23564529  -32.3696785    -5.75685883 -115.09368896]]
2
[[ -5.83747482  -7.0101738  -34.31393433 -84.31773376]]
0
[[  -9.23564529  -32.3696785    -5.75685883 -115.09368896]]
2
[[ -5.83747482  -7.0101738  -34.31393433 -84.31773376]]
0
[[  -9.23564529  -32.3696785    -5.75685883 -115.09368896]]
2
[[ -5.83747482  -7.0101738  -34.31393433 -84.31773376]]
0
[[  -9.23564529  -32.3696785    -5.75685883 -115.09368896]]
2
[[ -5.83747482  -7.0101738  -34.31393433 -84.31773376]]
0
[[  -9.23564529  -32.3696785    -5.75685883 -115.09368896]]
2
[[ -5.83747482  -7.0101738  -34.31393433 -84.31773376]]
0
[[  -9.23564529  -32.3696785    -5.75685883 -115.09368896]]
2
[[ -5.83747482  -7.0101738  -34.31393433 -84.31773376]]
0
[[  -9.23564529  -32.3696785    -5.75685883 -115.09368896]]
2
[[ -5.83747482  -7.0101738  -34.31393433 -84.31773376]]
0
[[  -9.23564529  -32.3696785    -5.75685883 -115.09368896]]
2
[[ -5.83747482  -7.0101738  -34.31393433 -84.31773376]]
0
[[  -9.23564529  -32.3696785    -5.75685883 -115.09368896]]
2
[[ -5.83747482  -7.0101738  -34.31393433 -84.31773376]]
0
[[  -9.23564529  -32.3696785    -5.75685883 -115.09368896]]
2
[[ -5.83747482  -7.0101738  -34.31393433 -84.31773376]]
0
[[  -9.23564529  -32.3696785    -5.75685883 -115.09368896]]
2
[[ -5.83747482  -7.0101738  -34.31393433 -84.31773376]]
0
[[  -9.23564529  -32.3696785    -5.75685883 -115.09368896]]
2
[[ -5.83747482  -7.0101738  -34.31393433 -84.31773376]]
0
[[  -9.23564529  -32.3696785    -5.75685883 -115.09368896]]
2
[[ -5.83747482  -7.0101738  -34.31393433 -84.31773376]]
0
[[  -9.23564529  -32.3696785    -5.75685883 -115.09368896]]
2
[[ -5.83747482  -7.0101738  -34.31393433 -84.31773376]]
0
[[  -9.23564529  -32.3696785    -5.75685883 -115.09368896]]
2
[[ -5.83747482  -7.0101738  -34.31393433 -84.31773376]]
0
[[  -9.23564529  -32.3696785    -5.75685883 -115.09368896]]
2
[[ -5.83747482  -7.0101738  -34.31393433 -84.31773376]]
0
[[  -9.23564529  -32.3696785    -5.75685883 -115.09368896]]
2
[[ -5.83747482  -7.0101738  -34.31393433 -84.31773376]]
0
[[  -9.23564529  -32.3696785    -5.75685883 -115.09368896]]
2
[[ -5.83747482  -7.0101738  -34.31393433 -84.31773376]]
0
[[  -9.23564529  -32.3696785    -5.75685883 -115.09368896]]
2
[[ -5.83747482  -7.0101738  -34.31393433 -84.31773376]]
0
[[  -9.23564529  -32.3696785    -5.75685883 -115.09368896]]
2
[[ -5.83747482  -7.0101738  -34.31393433 -84.31773376]]
0
[[  -9.23564529  -32.3696785    -5.75685883 -115.09368896]]
2
[[ -5.83747482  -7.0101738  -34.31393433 -84.31773376]]
0
[[  -9.23564529  -32.3696785    -5.75685883 -115.09368896]]
2
[[ -5.83747482  -7.0101738  -34.31393433 -84.31773376]]
0
[[  -9.23564529  -32.3696785    -5.75685883 -115.09368896]]
2
[[ -5.83747482  -7.0101738  -34.31393433 -84.31773376]]
0
[[  -9.23564529  -32.3696785    -5.75685883 -115.09368896]]
2
[[ -5.83747482  -7.0101738  -34.31393433 -84.31773376]]
0
[[  -9.23564529  -32.3696785    -5.75685883 -115.09368896]]
2
[[ -5.83747482  -7.0101738  -34.31393433 -84.31773376]]
0
[[  -9.23564529  -32.3696785    -5.75685883 -115.09368896]]
2
[[ -5.83747482  -7.0101738  -34.31393433 -84.31773376]]
0
[[  -9.23564529  -32.3696785    -5.75685883 -115.09368896]]
2
[[ -5.83747482  -7.0101738  -34.31393433 -84.31773376]]
0
[[  -9.23564529  -32.3696785    -5.75685883 -115.09368896]]
2
[[ -5.83747482  -7.0101738  -34.31393433 -84.31773376]]
0
[[  -9.23564529  -32.3696785    -5.75685883 -115.09368896]]
2
[[ -5.83747482  -7.0101738  -34.31393433 -84.31773376]]
0
[[  -9.23564529  -32.3696785    -5.75685883 -115.09368896]]
2
[[ -5.83747482  -7.0101738  -34.31393433 -84.31773376]]
0
[[  -9.23564529  -32.3696785    -5.75685883 -115.09368896]]
2
[[ -5.83747482  -7.0101738  -34.31393433 -84.31773376]]
0
[[  -9.23564529  -32.3696785    -5.75685883 -115.09368896]]
2
[[ -5.83747482  -7.0101738  -34.31393433 -84.31773376]]
0
[[  -9.23564529  -32.3696785    -5.75685883 -115.09368896]]
2
[[ -5.83747482  -7.0101738  -34.31393433 -84.31773376]]
0
[[  -9.23564529  -32.3696785    -5.75685883 -115.09368896]]
2
[[ -5.83747482  -7.0101738  -34.31393433 -84.31773376]]
0
[[  -9.23564529  -32.3696785    -5.75685883 -115.09368896]]
2
[[ -5.83747482  -7.0101738  -34.31393433 -84.31773376]]
0
[[  -9.23564529  -32.3696785    -5.75685883 -115.09368896]]
2
[[ -5.83747482  -7.0101738  -34.31393433 -84.31773376]]
0
[[  -9.23564529  -32.3696785    -5.75685883 -115.09368896]]
2
[[ -5.83747482  -7.0101738  -34.31393433 -84.31773376]]
0
[[  -9.23564529  -32.3696785    -5.75685883 -115.09368896]]
2
[[ -5.83747482  -7.0101738  -34.31393433 -84.31773376]]
0
[[  -9.23564529  -32.3696785    -5.75685883 -115.09368896]]
2
[[ -5.83747482  -7.0101738  -34.31393433 -84.31773376]]
0
[[  -9.23564529  -32.3696785    -5.75685883 -115.09368896]]
2
[[ -5.83747482  -7.0101738  -34.31393433 -84.31773376]]
0
[[  -9.23564529  -32.3696785    -5.75685883 -115.09368896]]
2
[[ -5.83747482  -7.0101738  -34.31393433 -84.31773376]]
0
[[  -9.23564529  -32.3696785    -5.75685883 -115.09368896]]
2
[[ -5.83747482  -7.0101738  -34.31393433 -84.31773376]]
0
FAIL
2/31
