[[-188.28662109  -82.22239685  -16.71893311 -198.13272095]]
2
[[ -10.04502487  -35.13629913   -6.79162979 -116.94825745]]
2
[[ -4.22979355  -9.3512764  -34.39094543 -85.58218384]]
0
[[ -10.04502487  -35.13629913   -6.79162979 -116.94825745]]
2
[[ -4.22979355  -9.3512764  -34.39094543 -85.58218384]]
0
[[ -10.04502487  -35.13629913   -6.79162979 -116.94825745]]
2
[[ -4.22979355  -9.3512764  -34.39094543 -85.58218384]]
0
[[ -10.04502487  -35.13629913   -6.79162979 -116.94825745]]
2
[[ -4.22979355  -9.3512764  -34.39094543 -85.58218384]]
0
[[ -10.04502487  -35.13629913   -6.79162979 -116.94825745]]
2
[[ -4.22979355  -9.3512764  -34.39094543 -85.58218384]]
0
[[ -10.04502487  -35.13629913   -6.79162979 -116.94825745]]
2
[[ -4.22979355  -9.3512764  -34.39094543 -85.58218384]]
0
[[ -10.04502487  -35.13629913   -6.79162979 -116.94825745]]
2
[[ -4.22979355  -9.3512764  -34.39094543 -85.58218384]]
0
[[ -10.04502487  -35.13629913   -6.79162979 -116.94825745]]
2
[[ -4.22979355  -9.3512764  -34.39094543 -85.58218384]]
0
[[ -10.04502487  -35.13629913   -6.79162979 -116.94825745]]
2
[[ -4.22979355  -9.3512764  -34.39094543 -85.58218384]]
0
[[ -10.04502487  -35.13629913   -6.79162979 -116.94825745]]
2
[[ -4.22979355  -9.3512764  -34.39094543 -85.58218384]]
0
[[ -10.04502487  -35.13629913   -6.79162979 -116.94825745]]
2
[[ -4.22979355  -9.3512764  -34.39094543 -85.58218384]]
0
[[ -10.04502487  -35.13629913   -6.79162979 -116.94825745]]
2
[[ -4.22979355  -9.3512764  -34.39094543 -85.58218384]]
0
[[ -10.04502487  -35.13629913   -6.79162979 -116.94825745]]
2
[[ -4.22979355  -9.3512764  -34.39094543 -85.58218384]]
0
[[ -10.04502487  -35.13629913   -6.79162979 -116.94825745]]
2
[[ -4.22979355  -9.3512764  -34.39094543 -85.58218384]]
0
[[ -10.04502487  -35.13629913   -6.79162979 -116.94825745]]
2
[[ -4.22979355  -9.3512764  -34.39094543 -85.58218384]]
0
[[ -10.04502487  -35.13629913   -6.79162979 -116.94825745]]
2
[[ -4.22979355  -9.3512764  -34.39094543 -85.58218384]]
0
[[ -10.04502487  -35.13629913   -6.79162979 -116.94825745]]
2
[[ -4.22979355  -9.3512764  -34.39094543 -85.58218384]]
0
[[ -10.04502487  -35.13629913   -6.79162979 -116.94825745]]
2
[[ -4.22979355  -9.3512764  -34.39094543 -85.58218384]]
0
[[ -10.04502487  -35.13629913   -6.79162979 -116.94825745]]
2
[[ -4.22979355  -9.3512764  -34.39094543 -85.58218384]]
0
[[ -10.04502487  -35.13629913   -6.79162979 -116.94825745]]
2
[[ -4.22979355  -9.3512764  -34.39094543 -85.58218384]]
0
[[ -10.04502487  -35.13629913   -6.79162979 -116.94825745]]
2
[[ -4.22979355  -9.3512764  -34.39094543 -85.58218384]]
0
[[ -10.04502487  -35.13629913   -6.79162979 -116.94825745]]
2
[[ -4.22979355  -9.3512764  -34.39094543 -85.58218384]]
0
[[ -10.04502487  -35.13629913   -6.79162979 -116.94825745]]
2
[[ -4.22979355  -9.3512764  -34.39094543 -85.58218384]]
0
[[ -10.04502487  -35.13629913   -6.79162979 -116.94825745]]
2
[[ -4.22979355  -9.3512764  -34.39094543 -85.58218384]]
0
[[ -10.04502487  -35.13629913   -6.79162979 -116.94825745]]
2
[[ -4.22979355  -9.3512764  -34.39094543 -85.58218384]]
0
[[ -10.04502487  -35.13629913   -6.79162979 -116.94825745]]
2
[[ -4.22979355  -9.3512764  -34.39094543 -85.58218384]]
0
[[ -10.04502487  -35.13629913   -6.79162979 -116.94825745]]
2
[[ -4.22979355  -9.3512764  -34.39094543 -85.58218384]]
0
[[ -10.04502487  -35.13629913   -6.79162979 -116.94825745]]
2
[[ -4.22979355  -9.3512764  -34.39094543 -85.58218384]]
0
[[ -10.04502487  -35.13629913   -6.79162979 -116.94825745]]
2
[[ -4.22979355  -9.3512764  -34.39094543 -85.58218384]]
0
[[ -10.04502487  -35.13629913   -6.79162979 -116.94825745]]
2
[[ -4.22979355  -9.3512764  -34.39094543 -85.58218384]]
0
[[ -10.04502487  -35.13629913   -6.79162979 -116.94825745]]
2
[[ -4.22979355  -9.3512764  -34.39094543 -85.58218384]]
0
[[ -10.04502487  -35.13629913   -6.79162979 -116.94825745]]
2
[[ -4.22979355  -9.3512764  -34.39094543 -85.58218384]]
0
[[ -10.04502487  -35.13629913   -6.79162979 -116.94825745]]
2
[[ -4.22979355  -9.3512764  -34.39094543 -85.58218384]]
0
[[ -10.04502487  -35.13629913   -6.79162979 -116.94825745]]
2
[[ -4.22979355  -9.3512764  -34.39094543 -85.58218384]]
0
[[ -10.04502487  -35.13629913   -6.79162979 -116.94825745]]
2
[[ -4.22979355  -9.3512764  -34.39094543 -85.58218384]]
0
[[ -10.04502487  -35.13629913   -6.79162979 -116.94825745]]
2
[[ -4.22979355  -9.3512764  -34.39094543 -85.58218384]]
0
[[ -10.04502487  -35.13629913   -6.79162979 -116.94825745]]
2
[[ -4.22979355  -9.3512764  -34.39094543 -85.58218384]]
0
[[ -10.04502487  -35.13629913   -6.79162979 -116.94825745]]
2
[[ -4.22979355  -9.3512764  -34.39094543 -85.58218384]]
0
[[ -10.04502487  -35.13629913   -6.79162979 -116.94825745]]
2
[[ -4.22979355  -9.3512764  -34.39094543 -85.58218384]]
0
[[ -10.04502487  -35.13629913   -6.79162979 -116.94825745]]
2
[[ -4.22979355  -9.3512764  -34.39094543 -85.58218384]]
0
[[ -10.04502487  -35.13629913   -6.79162979 -116.94825745]]
2
[[ -4.22979355  -9.3512764  -34.39094543 -85.58218384]]
0
[[ -10.04502487  -35.13629913   -6.79162979 -116.94825745]]
2
[[ -4.22979355  -9.3512764  -34.39094543 -85.58218384]]
0
[[ -10.04502487  -35.13629913   -6.79162979 -116.94825745]]
2
[[ -4.22979355  -9.3512764  -34.39094543 -85.58218384]]
0
[[ -10.04502487  -35.13629913   -6.79162979 -116.94825745]]
2
[[ -4.22979355  -9.3512764  -34.39094543 -85.58218384]]
0
[[ -10.04502487  -35.13629913   -6.79162979 -116.94825745]]
2
[[ -4.22979355  -9.3512764  -34.39094543 -85.58218384]]
0
[[ -10.04502487  -35.13629913   -6.79162979 -116.94825745]]
2
[[ -4.22979355  -9.3512764  -34.39094543 -85.58218384]]
0
[[ -10.04502487  -35.13629913   -6.79162979 -116.94825745]]
2
[[ -4.22979355  -9.3512764  -34.39094543 -85.58218384]]
0
[[ -10.04502487  -35.13629913   -6.79162979 -116.94825745]]
2
[[ -4.22979355  -9.3512764  -34.39094543 -85.58218384]]
0
[[ -10.04502487  -35.13629913   -6.79162979 -116.94825745]]
2
[[ -4.22979355  -9.3512764  -34.39094543 -85.58218384]]
0
[[ -10.04502487  -35.13629913   -6.79162979 -116.94825745]]
2
[[ -4.22979355  -9.3512764  -34.39094543 -85.58218384]]
0
FAIL
2/31
