[[ -29.89292526  -47.13581848  -78.64454651 -100.56474304]]
0
[[-24.4407711  -62.11156082 -38.71619415 -92.29982758]]
0
[[ -12.47552109  -77.49632263  -31.2301712  -101.92097473]]
0
[[  -5.7639389   -39.37841797  -25.92056084 -126.83918762]]
0
[[ -12.99479675  -83.461586    -52.96736908 -146.91104126]]
0
[[ -85.59056091  -14.67880249  -17.21155548 -133.81718445]]
1
[[ -25.02062225 -146.85244751  -65.50695801  -72.4842453 ]]
0
[[ -12.19387054   -8.42355347 -127.45970917 -229.07244873]]
1
[[-117.78383636 -176.76625061 -147.74072266  -54.93331909]]
3
[[ -12.19387054   -8.42355347 -127.45970917 -229.07244873]]
1
[[-117.78383636 -176.76625061 -147.74072266  -54.93331909]]
3
[[ -12.19387054   -8.42355347 -127.45970917 -229.07244873]]
1
[[-117.78383636 -176.76625061 -147.74072266  -54.93331909]]
3
[[ -12.19387054   -8.42355347 -127.45970917 -229.07244873]]
1
[[-117.78383636 -176.76625061 -147.74072266  -54.93331909]]
3
[[ -12.19387054   -8.42355347 -127.45970917 -229.07244873]]
1
[[-117.78383636 -176.76625061 -147.74072266  -54.93331909]]
3
[[ -12.19387054   -8.42355347 -127.45970917 -229.07244873]]
1
[[-117.78383636 -176.76625061 -147.74072266  -54.93331909]]
3
[[ -12.19387054   -8.42355347 -127.45970917 -229.07244873]]
1
[[-117.78383636 -176.76625061 -147.74072266  -54.93331909]]
3
[[ -12.19387054   -8.42355347 -127.45970917 -229.07244873]]
1
[[-117.78383636 -176.76625061 -147.74072266  -54.93331909]]
3
[[ -12.19387054   -8.42355347 -127.45970917 -229.07244873]]
1
[[-117.78383636 -176.76625061 -147.74072266  -54.93331909]]
3
[[ -12.19387054   -8.42355347 -127.45970917 -229.07244873]]
1
[[-117.78383636 -176.76625061 -147.74072266  -54.93331909]]
3
[[ -12.19387054   -8.42355347 -127.45970917 -229.07244873]]
1
[[-117.78383636 -176.76625061 -147.74072266  -54.93331909]]
3
[[ -12.19387054   -8.42355347 -127.45970917 -229.07244873]]
1
[[-117.78383636 -176.76625061 -147.74072266  -54.93331909]]
3
[[ -12.19387054   -8.42355347 -127.45970917 -229.07244873]]
1
[[-117.78383636 -176.76625061 -147.74072266  -54.93331909]]
3
[[ -12.19387054   -8.42355347 -127.45970917 -229.07244873]]
1
[[-117.78383636 -176.76625061 -147.74072266  -54.93331909]]
3
[[ -12.19387054   -8.42355347 -127.45970917 -229.07244873]]
1
[[-117.78383636 -176.76625061 -147.74072266  -54.93331909]]
3
[[ -12.19387054   -8.42355347 -127.45970917 -229.07244873]]
1
[[-117.78383636 -176.76625061 -147.74072266  -54.93331909]]
3
[[ -12.19387054   -8.42355347 -127.45970917 -229.07244873]]
1
[[-117.78383636 -176.76625061 -147.74072266  -54.93331909]]
3
[[ -12.19387054   -8.42355347 -127.45970917 -229.07244873]]
1
[[-117.78383636 -176.76625061 -147.74072266  -54.93331909]]
3
[[ -12.19387054   -8.42355347 -127.45970917 -229.07244873]]
1
[[-117.78383636 -176.76625061 -147.74072266  -54.93331909]]
3
[[ -12.19387054   -8.42355347 -127.45970917 -229.07244873]]
1
[[-117.78383636 -176.76625061 -147.74072266  -54.93331909]]
3
[[ -12.19387054   -8.42355347 -127.45970917 -229.07244873]]
1
[[-117.78383636 -176.76625061 -147.74072266  -54.93331909]]
3
[[ -12.19387054   -8.42355347 -127.45970917 -229.07244873]]
1
[[-117.78383636 -176.76625061 -147.74072266  -54.93331909]]
3
[[ -12.19387054   -8.42355347 -127.45970917 -229.07244873]]
1
[[-117.78383636 -176.76625061 -147.74072266  -54.93331909]]
3
[[ -12.19387054   -8.42355347 -127.45970917 -229.07244873]]
1
[[-117.78383636 -176.76625061 -147.74072266  -54.93331909]]
3
[[ -12.19387054   -8.42355347 -127.45970917 -229.07244873]]
1
[[-117.78383636 -176.76625061 -147.74072266  -54.93331909]]
3
[[ -12.19387054   -8.42355347 -127.45970917 -229.07244873]]
1
[[-117.78383636 -176.76625061 -147.74072266  -54.93331909]]
3
[[ -12.19387054   -8.42355347 -127.45970917 -229.07244873]]
1
[[-117.78383636 -176.76625061 -147.74072266  -54.93331909]]
3
[[ -12.19387054   -8.42355347 -127.45970917 -229.07244873]]
1
[[-117.78383636 -176.76625061 -147.74072266  -54.93331909]]
3
[[ -12.19387054   -8.42355347 -127.45970917 -229.07244873]]
1
[[-117.78383636 -176.76625061 -147.74072266  -54.93331909]]
3
[[ -12.19387054   -8.42355347 -127.45970917 -229.07244873]]
1
[[-117.78383636 -176.76625061 -147.74072266  -54.93331909]]
3
[[ -12.19387054   -8.42355347 -127.45970917 -229.07244873]]
1
[[-117.78383636 -176.76625061 -147.74072266  -54.93331909]]
3
[[ -12.19387054   -8.42355347 -127.45970917 -229.07244873]]
1
[[-117.78383636 -176.76625061 -147.74072266  -54.93331909]]
3
[[ -12.19387054   -8.42355347 -127.45970917 -229.07244873]]
1
[[-117.78383636 -176.76625061 -147.74072266  -54.93331909]]
3
[[ -12.19387054   -8.42355347 -127.45970917 -229.07244873]]
1
[[-117.78383636 -176.76625061 -147.74072266  -54.93331909]]
3
[[ -12.19387054   -8.42355347 -127.45970917 -229.07244873]]
1
[[-117.78383636 -176.76625061 -147.74072266  -54.93331909]]
3
[[ -12.19387054   -8.42355347 -127.45970917 -229.07244873]]
1
[[-117.78383636 -176.76625061 -147.74072266  -54.93331909]]
3
[[ -12.19387054   -8.42355347 -127.45970917 -229.07244873]]
1
[[-117.78383636 -176.76625061 -147.74072266  -54.93331909]]
3
[[ -12.19387054   -8.42355347 -127.45970917 -229.07244873]]
1
[[-117.78383636 -176.76625061 -147.74072266  -54.93331909]]
3
[[ -12.19387054   -8.42355347 -127.45970917 -229.07244873]]
1
[[-117.78383636 -176.76625061 -147.74072266  -54.93331909]]
3
[[ -12.19387054   -8.42355347 -127.45970917 -229.07244873]]
1
[[-117.78383636 -176.76625061 -147.74072266  -54.93331909]]
3
[[ -12.19387054   -8.42355347 -127.45970917 -229.07244873]]
1
[[-117.78383636 -176.76625061 -147.74072266  -54.93331909]]
3
[[ -12.19387054   -8.42355347 -127.45970917 -229.07244873]]
1
[[-117.78383636 -176.76625061 -147.74072266  -54.93331909]]
3
[[ -12.19387054   -8.42355347 -127.45970917 -229.07244873]]
1
[[-117.78383636 -176.76625061 -147.74072266  -54.93331909]]
3
[[ -12.19387054   -8.42355347 -127.45970917 -229.07244873]]
1
[[-117.78383636 -176.76625061 -147.74072266  -54.93331909]]
3
[[ -12.19387054   -8.42355347 -127.45970917 -229.07244873]]
1
[[-117.78383636 -176.76625061 -147.74072266  -54.93331909]]
3
[[ -12.19387054   -8.42355347 -127.45970917 -229.07244873]]
1
[[-117.78383636 -176.76625061 -147.74072266  -54.93331909]]
3
[[ -12.19387054   -8.42355347 -127.45970917 -229.07244873]]
1
[[-117.78383636 -176.76625061 -147.74072266  -54.93331909]]
3
FAIL
7/19
