[[ -61.30190277  -20.69379044  -82.21182251 -100.18262482]]
1
[[-64.28472137 -26.6105423  -81.85411835 -93.4914856 ]]
1
[[-31.49866867 -62.22874451 -76.37904358 -79.59209442]]
0
[[ -86.24157715   -2.53355408  -60.14050293 -133.51144409]]
1
[[ -18.5619812   -57.27338409 -104.82217407  -92.79927063]]
0
[[  -5.81009674  -61.26248932  -41.75655365 -119.31758881]]
0
[[ -68.77100372    4.19032669   -6.59887695 -100.029953  ]]
1
[[-40.17812347 -53.51222229 -71.07527161 -93.39389801]]
0
[[-19.07777786 -68.66453552 -59.83850098 -90.98169708]]
0
[[ -22.20402145  -47.30982208  -20.59077454 -113.53476715]]
2
[[-19.07777786 -68.66453552 -59.83850098 -90.98169708]]
0
[[ -22.20402145  -47.30982208  -20.59077454 -113.53476715]]
2
[[-19.07777786 -68.66453552 -59.83850098 -90.98169708]]
0
[[ -22.20402145  -47.30982208  -20.59077454 -113.53476715]]
2
[[-19.07777786 -68.66453552 -59.83850098 -90.98169708]]
0
[[ -22.20402145  -47.30982208  -20.59077454 -113.53476715]]
2
[[-19.07777786 -68.66453552 -59.83850098 -90.98169708]]
0
[[ -22.20402145  -47.30982208  -20.59077454 -113.53476715]]
2
[[-19.07777786 -68.66453552 -59.83850098 -90.98169708]]
0
[[ -22.20402145  -47.30982208  -20.59077454 -113.53476715]]
2
[[-19.07777786 -68.66453552 -59.83850098 -90.98169708]]
0
[[ -22.20402145  -47.30982208  -20.59077454 -113.53476715]]
2
[[-19.07777786 -68.66453552 -59.83850098 -90.98169708]]
0
[[ -22.20402145  -47.30982208  -20.59077454 -113.53476715]]
2
[[-19.07777786 -68.66453552 -59.83850098 -90.98169708]]
0
[[ -22.20402145  -47.30982208  -20.59077454 -113.53476715]]
2
[[-19.07777786 -68.66453552 -59.83850098 -90.98169708]]
0
[[ -22.20402145  -47.30982208  -20.59077454 -113.53476715]]
2
[[-19.07777786 -68.66453552 -59.83850098 -90.98169708]]
0
[[ -22.20402145  -47.30982208  -20.59077454 -113.53476715]]
2
[[-19.07777786 -68.66453552 -59.83850098 -90.98169708]]
0
[[ -22.20402145  -47.30982208  -20.59077454 -113.53476715]]
2
[[-19.07777786 -68.66453552 -59.83850098 -90.98169708]]
0
[[ -22.20402145  -47.30982208  -20.59077454 -113.53476715]]
2
[[-19.07777786 -68.66453552 -59.83850098 -90.98169708]]
0
[[ -22.20402145  -47.30982208  -20.59077454 -113.53476715]]
2
[[-19.07777786 -68.66453552 -59.83850098 -90.98169708]]
0
[[ -22.20402145  -47.30982208  -20.59077454 -113.53476715]]
2
[[-19.07777786 -68.66453552 -59.83850098 -90.98169708]]
0
[[ -22.20402145  -47.30982208  -20.59077454 -113.53476715]]
2
[[-19.07777786 -68.66453552 -59.83850098 -90.98169708]]
0
[[ -22.20402145  -47.30982208  -20.59077454 -113.53476715]]
2
[[-19.07777786 -68.66453552 -59.83850098 -90.98169708]]
0
[[ -22.20402145  -47.30982208  -20.59077454 -113.53476715]]
2
[[-19.07777786 -68.66453552 -59.83850098 -90.98169708]]
0
[[ -22.20402145  -47.30982208  -20.59077454 -113.53476715]]
2
[[-19.07777786 -68.66453552 -59.83850098 -90.98169708]]
0
[[ -22.20402145  -47.30982208  -20.59077454 -113.53476715]]
2
[[-19.07777786 -68.66453552 -59.83850098 -90.98169708]]
0
[[ -22.20402145  -47.30982208  -20.59077454 -113.53476715]]
2
[[-19.07777786 -68.66453552 -59.83850098 -90.98169708]]
0
[[ -22.20402145  -47.30982208  -20.59077454 -113.53476715]]
2
[[-19.07777786 -68.66453552 -59.83850098 -90.98169708]]
0
[[ -22.20402145  -47.30982208  -20.59077454 -113.53476715]]
2
[[-19.07777786 -68.66453552 -59.83850098 -90.98169708]]
0
[[ -22.20402145  -47.30982208  -20.59077454 -113.53476715]]
2
[[-19.07777786 -68.66453552 -59.83850098 -90.98169708]]
0
[[ -22.20402145  -47.30982208  -20.59077454 -113.53476715]]
2
[[-19.07777786 -68.66453552 -59.83850098 -90.98169708]]
0
[[ -22.20402145  -47.30982208  -20.59077454 -113.53476715]]
2
[[-19.07777786 -68.66453552 -59.83850098 -90.98169708]]
0
[[ -22.20402145  -47.30982208  -20.59077454 -113.53476715]]
2
[[-19.07777786 -68.66453552 -59.83850098 -90.98169708]]
0
[[ -22.20402145  -47.30982208  -20.59077454 -113.53476715]]
2
[[-19.07777786 -68.66453552 -59.83850098 -90.98169708]]
0
[[ -22.20402145  -47.30982208  -20.59077454 -113.53476715]]
2
[[-19.07777786 -68.66453552 -59.83850098 -90.98169708]]
0
[[ -22.20402145  -47.30982208  -20.59077454 -113.53476715]]
2
[[-19.07777786 -68.66453552 -59.83850098 -90.98169708]]
0
[[ -22.20402145  -47.30982208  -20.59077454 -113.53476715]]
2
[[-19.07777786 -68.66453552 -59.83850098 -90.98169708]]
0
[[ -22.20402145  -47.30982208  -20.59077454 -113.53476715]]
2
[[-19.07777786 -68.66453552 -59.83850098 -90.98169708]]
0
[[ -22.20402145  -47.30982208  -20.59077454 -113.53476715]]
2
[[-19.07777786 -68.66453552 -59.83850098 -90.98169708]]
0
[[ -22.20402145  -47.30982208  -20.59077454 -113.53476715]]
2
[[-19.07777786 -68.66453552 -59.83850098 -90.98169708]]
0
[[ -22.20402145  -47.30982208  -20.59077454 -113.53476715]]
2
[[-19.07777786 -68.66453552 -59.83850098 -90.98169708]]
0
[[ -22.20402145  -47.30982208  -20.59077454 -113.53476715]]
2
[[-19.07777786 -68.66453552 -59.83850098 -90.98169708]]
0
[[ -22.20402145  -47.30982208  -20.59077454 -113.53476715]]
2
[[-19.07777786 -68.66453552 -59.83850098 -90.98169708]]
0
[[ -22.20402145  -47.30982208  -20.59077454 -113.53476715]]
2
[[-19.07777786 -68.66453552 -59.83850098 -90.98169708]]
0
[[ -22.20402145  -47.30982208  -20.59077454 -113.53476715]]
2
[[-19.07777786 -68.66453552 -59.83850098 -90.98169708]]
0
[[ -22.20402145  -47.30982208  -20.59077454 -113.53476715]]
2
[[-19.07777786 -68.66453552 -59.83850098 -90.98169708]]
0
[[ -22.20402145  -47.30982208  -20.59077454 -113.53476715]]
2
[[-19.07777786 -68.66453552 -59.83850098 -90.98169708]]
0
[[ -22.20402145  -47.30982208  -20.59077454 -113.53476715]]
2
[[-19.07777786 -68.66453552 -59.83850098 -90.98169708]]
0
[[ -22.20402145  -47.30982208  -20.59077454 -113.53476715]]
2
[[-19.07777786 -68.66453552 -59.83850098 -90.98169708]]
0
[[ -22.20402145  -47.30982208  -20.59077454 -113.53476715]]
2
[[-19.07777786 -68.66453552 -59.83850098 -90.98169708]]
0
[[ -22.20402145  -47.30982208  -20.59077454 -113.53476715]]
2
[[-19.07777786 -68.66453552 -59.83850098 -90.98169708]]
0
[[ -22.20402145  -47.30982208  -20.59077454 -113.53476715]]
2
[[-19.07777786 -68.66453552 -59.83850098 -90.98169708]]
0
FAIL
9/22
