[[ -63.19195175  -20.69082642  -85.7223053  -101.60588074]]
1
[[-66.10079193 -26.41176605 -85.32029724 -94.73428345]]
1
[[-31.95760727 -64.32756042 -79.66572571 -80.39713287]]
0
[[ -88.02768707   -1.939888    -62.36134338 -135.88034058]]
1
[[ -18.92921066  -59.6737709  -108.97802734  -94.58454895]]
0
[[  -5.54371643  -63.66156769  -43.85759735 -121.69606018]]
0
[[ -70.32562256    3.35189819   -8.17298508 -101.91362   ]]
1
[[-40.07301712 -55.4808197  -73.81604767 -94.94264221]]
0
[[-18.45541    -71.36849213 -62.36130142 -92.26628876]]
0
[[ -22.48698616  -49.22133636  -21.39435387 -115.92068481]]
2
[[-18.45541    -71.36849213 -62.36130142 -92.26628876]]
0
[[ -22.48698616  -49.22133636  -21.39435387 -115.92068481]]
2
[[-18.45541    -71.36849213 -62.36130142 -92.26628876]]
0
[[ -22.48698616  -49.22133636  -21.39435387 -115.92068481]]
2
[[-18.45541    -71.36849213 -62.36130142 -92.26628876]]
0
[[ -22.48698616  -49.22133636  -21.39435387 -115.92068481]]
2
[[-18.45541    -71.36849213 -62.36130142 -92.26628876]]
0
[[ -22.48698616  -49.22133636  -21.39435387 -115.92068481]]
2
[[-18.45541    -71.36849213 -62.36130142 -92.26628876]]
0
[[ -22.48698616  -49.22133636  -21.39435387 -115.92068481]]
2
[[-18.45541    -71.36849213 -62.36130142 -92.26628876]]
0
[[ -22.48698616  -49.22133636  -21.39435387 -115.92068481]]
2
[[-18.45541    -71.36849213 -62.36130142 -92.26628876]]
0
[[ -22.48698616  -49.22133636  -21.39435387 -115.92068481]]
2
[[-18.45541    -71.36849213 -62.36130142 -92.26628876]]
0
[[ -22.48698616  -49.22133636  -21.39435387 -115.92068481]]
2
[[-18.45541    -71.36849213 -62.36130142 -92.26628876]]
0
[[ -22.48698616  -49.22133636  -21.39435387 -115.92068481]]
2
[[-18.45541    -71.36849213 -62.36130142 -92.26628876]]
0
[[ -22.48698616  -49.22133636  -21.39435387 -115.92068481]]
2
[[-18.45541    -71.36849213 -62.36130142 -92.26628876]]
0
[[ -22.48698616  -49.22133636  -21.39435387 -115.92068481]]
2
[[-18.45541    -71.36849213 -62.36130142 -92.26628876]]
0
[[ -22.48698616  -49.22133636  -21.39435387 -115.92068481]]
2
[[-18.45541    -71.36849213 -62.36130142 -92.26628876]]
0
[[ -22.48698616  -49.22133636  -21.39435387 -115.92068481]]
2
[[-18.45541    -71.36849213 -62.36130142 -92.26628876]]
0
[[ -22.48698616  -49.22133636  -21.39435387 -115.92068481]]
2
[[-18.45541    -71.36849213 -62.36130142 -92.26628876]]
0
[[ -22.48698616  -49.22133636  -21.39435387 -115.92068481]]
2
[[-18.45541    -71.36849213 -62.36130142 -92.26628876]]
0
[[ -22.48698616  -49.22133636  -21.39435387 -115.92068481]]
2
[[-18.45541    -71.36849213 -62.36130142 -92.26628876]]
0
[[ -22.48698616  -49.22133636  -21.39435387 -115.92068481]]
2
[[-18.45541    -71.36849213 -62.36130142 -92.26628876]]
0
[[ -22.48698616  -49.22133636  -21.39435387 -115.92068481]]
2
[[-18.45541    -71.36849213 -62.36130142 -92.26628876]]
0
[[ -22.48698616  -49.22133636  -21.39435387 -115.92068481]]
2
[[-18.45541    -71.36849213 -62.36130142 -92.26628876]]
0
[[ -22.48698616  -49.22133636  -21.39435387 -115.92068481]]
2
[[-18.45541    -71.36849213 -62.36130142 -92.26628876]]
0
[[ -22.48698616  -49.22133636  -21.39435387 -115.92068481]]
2
[[-18.45541    -71.36849213 -62.36130142 -92.26628876]]
0
[[ -22.48698616  -49.22133636  -21.39435387 -115.92068481]]
2
[[-18.45541    -71.36849213 -62.36130142 -92.26628876]]
0
[[ -22.48698616  -49.22133636  -21.39435387 -115.92068481]]
2
[[-18.45541    -71.36849213 -62.36130142 -92.26628876]]
0
[[ -22.48698616  -49.22133636  -21.39435387 -115.92068481]]
2
[[-18.45541    -71.36849213 -62.36130142 -92.26628876]]
0
[[ -22.48698616  -49.22133636  -21.39435387 -115.92068481]]
2
[[-18.45541    -71.36849213 -62.36130142 -92.26628876]]
0
[[ -22.48698616  -49.22133636  -21.39435387 -115.92068481]]
2
[[-18.45541    -71.36849213 -62.36130142 -92.26628876]]
0
[[ -22.48698616  -49.22133636  -21.39435387 -115.92068481]]
2
[[-18.45541    -71.36849213 -62.36130142 -92.26628876]]
0
[[ -22.48698616  -49.22133636  -21.39435387 -115.92068481]]
2
[[-18.45541    -71.36849213 -62.36130142 -92.26628876]]
0
[[ -22.48698616  -49.22133636  -21.39435387 -115.92068481]]
2
[[-18.45541    -71.36849213 -62.36130142 -92.26628876]]
0
[[ -22.48698616  -49.22133636  -21.39435387 -115.92068481]]
2
[[-18.45541    -71.36849213 -62.36130142 -92.26628876]]
0
[[ -22.48698616  -49.22133636  -21.39435387 -115.92068481]]
2
[[-18.45541    -71.36849213 -62.36130142 -92.26628876]]
0
[[ -22.48698616  -49.22133636  -21.39435387 -115.92068481]]
2
[[-18.45541    -71.36849213 -62.36130142 -92.26628876]]
0
[[ -22.48698616  -49.22133636  -21.39435387 -115.92068481]]
2
[[-18.45541    -71.36849213 -62.36130142 -92.26628876]]
0
[[ -22.48698616  -49.22133636  -21.39435387 -115.92068481]]
2
[[-18.45541    -71.36849213 -62.36130142 -92.26628876]]
0
[[ -22.48698616  -49.22133636  -21.39435387 -115.92068481]]
2
[[-18.45541    -71.36849213 -62.36130142 -92.26628876]]
0
[[ -22.48698616  -49.22133636  -21.39435387 -115.92068481]]
2
[[-18.45541    -71.36849213 -62.36130142 -92.26628876]]
0
[[ -22.48698616  -49.22133636  -21.39435387 -115.92068481]]
2
[[-18.45541    -71.36849213 -62.36130142 -92.26628876]]
0
[[ -22.48698616  -49.22133636  -21.39435387 -115.92068481]]
2
[[-18.45541    -71.36849213 -62.36130142 -92.26628876]]
0
[[ -22.48698616  -49.22133636  -21.39435387 -115.92068481]]
2
[[-18.45541    -71.36849213 -62.36130142 -92.26628876]]
0
[[ -22.48698616  -49.22133636  -21.39435387 -115.92068481]]
2
[[-18.45541    -71.36849213 -62.36130142 -92.26628876]]
0
[[ -22.48698616  -49.22133636  -21.39435387 -115.92068481]]
2
[[-18.45541    -71.36849213 -62.36130142 -92.26628876]]
0
[[ -22.48698616  -49.22133636  -21.39435387 -115.92068481]]
2
[[-18.45541    -71.36849213 -62.36130142 -92.26628876]]
0
[[ -22.48698616  -49.22133636  -21.39435387 -115.92068481]]
2
[[-18.45541    -71.36849213 -62.36130142 -92.26628876]]
0
[[ -22.48698616  -49.22133636  -21.39435387 -115.92068481]]
2
[[-18.45541    -71.36849213 -62.36130142 -92.26628876]]
0
[[ -22.48698616  -49.22133636  -21.39435387 -115.92068481]]
2
[[-18.45541    -71.36849213 -62.36130142 -92.26628876]]
0
FAIL
9/22
