[[ -30.01226807  -49.08815765  -82.08969116 -102.30967712]]
0
[[-23.5803299  -64.95183563 -40.85192871 -93.87741089]]
0
[[ -11.62732315  -80.9940567   -32.66563034 -104.08588409]]
0
[[  -5.36591339  -41.59341049  -27.65903282 -129.77978516]]
0
[[ -13.72045898  -89.30204773  -57.11765289 -152.34622192]]
0
[[ -88.49423218  -15.28154755  -18.29586792 -137.10498047]]
1
[[ -25.22244263 -152.57958984  -68.51660156  -72.33278656]]
0
[[ -12.2612915   -10.74197388 -132.3818512  -236.30053711]]
1
[[-121.29056549 -182.8626709  -152.39334106  -54.53894043]]
3
[[ -12.2612915   -10.74197388 -132.3818512  -236.30053711]]
1
[[-121.29056549 -182.8626709  -152.39334106  -54.53894043]]
3
[[ -12.2612915   -10.74197388 -132.3818512  -236.30053711]]
1
[[-121.29056549 -182.8626709  -152.39334106  -54.53894043]]
3
[[ -12.2612915   -10.74197388 -132.3818512  -236.30053711]]
1
[[-121.29056549 -182.8626709  -152.39334106  -54.53894043]]
3
[[ -12.2612915   -10.74197388 -132.3818512  -236.30053711]]
1
[[-121.29056549 -182.8626709  -152.39334106  -54.53894043]]
3
[[ -12.2612915   -10.74197388 -132.3818512  -236.30053711]]
1
[[-121.29056549 -182.8626709  -152.39334106  -54.53894043]]
3
[[ -12.2612915   -10.74197388 -132.3818512  -236.30053711]]
1
[[-121.29056549 -182.8626709  -152.39334106  -54.53894043]]
3
[[ -12.2612915   -10.74197388 -132.3818512  -236.30053711]]
1
[[-121.29056549 -182.8626709  -152.39334106  -54.53894043]]
3
[[ -12.2612915   -10.74197388 -132.3818512  -236.30053711]]
1
[[-121.29056549 -182.8626709  -152.39334106  -54.53894043]]
3
[[ -12.2612915   -10.74197388 -132.3818512  -236.30053711]]
1
[[-121.29056549 -182.8626709  -152.39334106  -54.53894043]]
3
[[ -12.2612915   -10.74197388 -132.3818512  -236.30053711]]
1
[[-121.29056549 -182.8626709  -152.39334106  -54.53894043]]
3
[[ -12.2612915   -10.74197388 -132.3818512  -236.30053711]]
1
[[-121.29056549 -182.8626709  -152.39334106  -54.53894043]]
3
[[ -12.2612915   -10.74197388 -132.3818512  -236.30053711]]
1
[[-121.29056549 -182.8626709  -152.39334106  -54.53894043]]
3
[[ -12.2612915   -10.74197388 -132.3818512  -236.30053711]]
1
[[-121.29056549 -182.8626709  -152.39334106  -54.53894043]]
3
[[ -12.2612915   -10.74197388 -132.3818512  -236.30053711]]
1
[[-121.29056549 -182.8626709  -152.39334106  -54.53894043]]
3
[[ -12.2612915   -10.74197388 -132.3818512  -236.30053711]]
1
[[-121.29056549 -182.8626709  -152.39334106  -54.53894043]]
3
[[ -12.2612915   -10.74197388 -132.3818512  -236.30053711]]
1
[[-121.29056549 -182.8626709  -152.39334106  -54.53894043]]
3
[[ -12.2612915   -10.74197388 -132.3818512  -236.30053711]]
1
[[-121.29056549 -182.8626709  -152.39334106  -54.53894043]]
3
[[ -12.2612915   -10.74197388 -132.3818512  -236.30053711]]
1
[[-121.29056549 -182.8626709  -152.39334106  -54.53894043]]
3
[[ -12.2612915   -10.74197388 -132.3818512  -236.30053711]]
1
[[-121.29056549 -182.8626709  -152.39334106  -54.53894043]]
3
[[ -12.2612915   -10.74197388 -132.3818512  -236.30053711]]
1
[[-121.29056549 -182.8626709  -152.39334106  -54.53894043]]
3
[[ -12.2612915   -10.74197388 -132.3818512  -236.30053711]]
1
[[-121.29056549 -182.8626709  -152.39334106  -54.53894043]]
3
[[ -12.2612915   -10.74197388 -132.3818512  -236.30053711]]
1
[[-121.29056549 -182.8626709  -152.39334106  -54.53894043]]
3
[[ -12.2612915   -10.74197388 -132.3818512  -236.30053711]]
1
[[-121.29056549 -182.8626709  -152.39334106  -54.53894043]]
3
[[ -12.2612915   -10.74197388 -132.3818512  -236.30053711]]
1
[[-121.29056549 -182.8626709  -152.39334106  -54.53894043]]
3
[[ -12.2612915   -10.74197388 -132.3818512  -236.30053711]]
1
[[-121.29056549 -182.8626709  -152.39334106  -54.53894043]]
3
[[ -12.2612915   -10.74197388 -132.3818512  -236.30053711]]
1
[[-121.29056549 -182.8626709  -152.39334106  -54.53894043]]
3
[[ -12.2612915   -10.74197388 -132.3818512  -236.30053711]]
1
[[-121.29056549 -182.8626709  -152.39334106  -54.53894043]]
3
[[ -12.2612915   -10.74197388 -132.3818512  -236.30053711]]
1
[[-121.29056549 -182.8626709  -152.39334106  -54.53894043]]
3
[[ -12.2612915   -10.74197388 -132.3818512  -236.30053711]]
1
[[-121.29056549 -182.8626709  -152.39334106  -54.53894043]]
3
[[ -12.2612915   -10.74197388 -132.3818512  -236.30053711]]
1
[[-121.29056549 -182.8626709  -152.39334106  -54.53894043]]
3
[[ -12.2612915   -10.74197388 -132.3818512  -236.30053711]]
1
[[-121.29056549 -182.8626709  -152.39334106  -54.53894043]]
3
[[ -12.2612915   -10.74197388 -132.3818512  -236.30053711]]
1
[[-121.29056549 -182.8626709  -152.39334106  -54.53894043]]
3
[[ -12.2612915   -10.74197388 -132.3818512  -236.30053711]]
1
[[-121.29056549 -182.8626709  -152.39334106  -54.53894043]]
3
[[ -12.2612915   -10.74197388 -132.3818512  -236.30053711]]
1
[[-121.29056549 -182.8626709  -152.39334106  -54.53894043]]
3
[[ -12.2612915   -10.74197388 -132.3818512  -236.30053711]]
1
[[-121.29056549 -182.8626709  -152.39334106  -54.53894043]]
3
[[ -12.2612915   -10.74197388 -132.3818512  -236.30053711]]
1
[[-121.29056549 -182.8626709  -152.39334106  -54.53894043]]
3
[[ -12.2612915   -10.74197388 -132.3818512  -236.30053711]]
1
[[-121.29056549 -182.8626709  -152.39334106  -54.53894043]]
3
[[ -12.2612915   -10.74197388 -132.3818512  -236.30053711]]
1
[[-121.29056549 -182.8626709  -152.39334106  -54.53894043]]
3
[[ -12.2612915   -10.74197388 -132.3818512  -236.30053711]]
1
[[-121.29056549 -182.8626709  -152.39334106  -54.53894043]]
3
[[ -12.2612915   -10.74197388 -132.3818512  -236.30053711]]
1
[[-121.29056549 -182.8626709  -152.39334106  -54.53894043]]
3
[[ -12.2612915   -10.74197388 -132.3818512  -236.30053711]]
1
[[-121.29056549 -182.8626709  -152.39334106  -54.53894043]]
3
[[ -12.2612915   -10.74197388 -132.3818512  -236.30053711]]
1
[[-121.29056549 -182.8626709  -152.39334106  -54.53894043]]
3
[[ -12.2612915   -10.74197388 -132.3818512  -236.30053711]]
1
[[-121.29056549 -182.8626709  -152.39334106  -54.53894043]]
3
[[ -12.2612915   -10.74197388 -132.3818512  -236.30053711]]
1
[[-121.29056549 -182.8626709  -152.39334106  -54.53894043]]
3
[[ -12.2612915   -10.74197388 -132.3818512  -236.30053711]]
1
[[-121.29056549 -182.8626709  -152.39334106  -54.53894043]]
3
[[ -12.2612915   -10.74197388 -132.3818512  -236.30053711]]
1
[[-121.29056549 -182.8626709  -152.39334106  -54.53894043]]
3
FAIL
7/19
