[[-192.98477173  -83.94861603  -17.42288971 -199.99124146]]
2
[[ -10.83585358  -37.68171692   -7.54525757 -119.01544189]]
2
[[ -3.33179665 -11.50447273 -34.08707428 -86.58161926]]
0
[[ -10.83585358  -37.68171692   -7.54525757 -119.01544189]]
2
[[ -3.33179665 -11.50447273 -34.08707428 -86.58161926]]
0
[[ -10.83585358  -37.68171692   -7.54525757 -119.01544189]]
2
[[ -3.33179665 -11.50447273 -34.08707428 -86.58161926]]
0
[[ -10.83585358  -37.68171692   -7.54525757 -119.01544189]]
2
[[ -3.33179665 -11.50447273 -34.08707428 -86.58161926]]
0
[[ -10.83585358  -37.68171692   -7.54525757 -119.01544189]]
2
[[ -3.33179665 -11.50447273 -34.08707428 -86.58161926]]
0
[[ -10.83585358  -37.68171692   -7.54525757 -119.01544189]]
2
[[ -3.33179665 -11.50447273 -34.08707428 -86.58161926]]
0
[[ -10.83585358  -37.68171692   -7.54525757 -119.01544189]]
2
[[ -3.33179665 -11.50447273 -34.08707428 -86.58161926]]
0
[[ -10.83585358  -37.68171692   -7.54525757 -119.01544189]]
2
[[ -3.33179665 -11.50447273 -34.08707428 -86.58161926]]
0
[[ -10.83585358  -37.68171692   -7.54525757 -119.01544189]]
2
[[ -3.33179665 -11.50447273 -34.08707428 -86.58161926]]
0
[[ -10.83585358  -37.68171692   -7.54525757 -119.01544189]]
2
[[ -3.33179665 -11.50447273 -34.08707428 -86.58161926]]
0
[[ -10.83585358  -37.68171692   -7.54525757 -119.01544189]]
2
[[ -3.33179665 -11.50447273 -34.08707428 -86.58161926]]
0
[[ -10.83585358  -37.68171692   -7.54525757 -119.01544189]]
2
[[ -3.33179665 -11.50447273 -34.08707428 -86.58161926]]
0
[[ -10.83585358  -37.68171692   -7.54525757 -119.01544189]]
2
[[ -3.33179665 -11.50447273 -34.08707428 -86.58161926]]
0
[[ -10.83585358  -37.68171692   -7.54525757 -119.01544189]]
2
[[ -3.33179665 -11.50447273 -34.08707428 -86.58161926]]
0
[[ -10.83585358  -37.68171692   -7.54525757 -119.01544189]]
2
[[ -3.33179665 -11.50447273 -34.08707428 -86.58161926]]
0
[[ -10.83585358  -37.68171692   -7.54525757 -119.01544189]]
2
[[ -3.33179665 -11.50447273 -34.08707428 -86.58161926]]
0
[[ -10.83585358  -37.68171692   -7.54525757 -119.01544189]]
2
[[ -3.33179665 -11.50447273 -34.08707428 -86.58161926]]
0
[[ -10.83585358  -37.68171692   -7.54525757 -119.01544189]]
2
[[ -3.33179665 -11.50447273 -34.08707428 -86.58161926]]
0
[[ -10.83585358  -37.68171692   -7.54525757 -119.01544189]]
2
[[ -3.33179665 -11.50447273 -34.08707428 -86.58161926]]
0
[[ -10.83585358  -37.68171692   -7.54525757 -119.01544189]]
2
[[ -3.33179665 -11.50447273 -34.08707428 -86.58161926]]
0
[[ -10.83585358  -37.68171692   -7.54525757 -119.01544189]]
2
[[ -3.33179665 -11.50447273 -34.08707428 -86.58161926]]
0
[[ -10.83585358  -37.68171692   -7.54525757 -119.01544189]]
2
[[ -3.33179665 -11.50447273 -34.08707428 -86.58161926]]
0
[[ -10.83585358  -37.68171692   -7.54525757 -119.01544189]]
2
[[ -3.33179665 -11.50447273 -34.08707428 -86.58161926]]
0
[[ -10.83585358  -37.68171692   -7.54525757 -119.01544189]]
2
[[ -3.33179665 -11.50447273 -34.08707428 -86.58161926]]
0
[[ -10.83585358  -37.68171692   -7.54525757 -119.01544189]]
2
[[ -3.33179665 -11.50447273 -34.08707428 -86.58161926]]
0
[[ -10.83585358  -37.68171692   -7.54525757 -119.01544189]]
2
[[ -3.33179665 -11.50447273 -34.08707428 -86.58161926]]
0
[[ -10.83585358  -37.68171692   -7.54525757 -119.01544189]]
2
[[ -3.33179665 -11.50447273 -34.08707428 -86.58161926]]
0
[[ -10.83585358  -37.68171692   -7.54525757 -119.01544189]]
2
[[ -3.33179665 -11.50447273 -34.08707428 -86.58161926]]
0
[[ -10.83585358  -37.68171692   -7.54525757 -119.01544189]]
2
[[ -3.33179665 -11.50447273 -34.08707428 -86.58161926]]
0
[[ -10.83585358  -37.68171692   -7.54525757 -119.01544189]]
2
[[ -3.33179665 -11.50447273 -34.08707428 -86.58161926]]
0
[[ -10.83585358  -37.68171692   -7.54525757 -119.01544189]]
2
[[ -3.33179665 -11.50447273 -34.08707428 -86.58161926]]
0
[[ -10.83585358  -37.68171692   -7.54525757 -119.01544189]]
2
[[ -3.33179665 -11.50447273 -34.08707428 -86.58161926]]
0
[[ -10.83585358  -37.68171692   -7.54525757 -119.01544189]]
2
[[ -3.33179665 -11.50447273 -34.08707428 -86.58161926]]
0
[[ -10.83585358  -37.68171692   -7.54525757 -119.01544189]]
2
[[ -3.33179665 -11.50447273 -34.08707428 -86.58161926]]
0
[[ -10.83585358  -37.68171692   -7.54525757 -119.01544189]]
2
[[ -3.33179665 -11.50447273 -34.08707428 -86.58161926]]
0
[[ -10.83585358  -37.68171692   -7.54525757 -119.01544189]]
2
[[ -3.33179665 -11.50447273 -34.08707428 -86.58161926]]
0
[[ -10.83585358  -37.68171692   -7.54525757 -119.01544189]]
2
[[ -3.33179665 -11.50447273 -34.08707428 -86.58161926]]
0
[[ -10.83585358  -37.68171692   -7.54525757 -119.01544189]]
2
[[ -3.33179665 -11.50447273 -34.08707428 -86.58161926]]
0
[[ -10.83585358  -37.68171692   -7.54525757 -119.01544189]]
2
[[ -3.33179665 -11.50447273 -34.08707428 -86.58161926]]
0
[[ -10.83585358  -37.68171692   -7.54525757 -119.01544189]]
2
[[ -3.33179665 -11.50447273 -34.08707428 -86.58161926]]
0
[[ -10.83585358  -37.68171692   -7.54525757 -119.01544189]]
2
[[ -3.33179665 -11.50447273 -34.08707428 -86.58161926]]
0
[[ -10.83585358  -37.68171692   -7.54525757 -119.01544189]]
2
[[ -3.33179665 -11.50447273 -34.08707428 -86.58161926]]
0
[[ -10.83585358  -37.68171692   -7.54525757 -119.01544189]]
2
[[ -3.33179665 -11.50447273 -34.08707428 -86.58161926]]
0
[[ -10.83585358  -37.68171692   -7.54525757 -119.01544189]]
2
[[ -3.33179665 -11.50447273 -34.08707428 -86.58161926]]
0
[[ -10.83585358  -37.68171692   -7.54525757 -119.01544189]]
2
[[ -3.33179665 -11.50447273 -34.08707428 -86.58161926]]
0
[[ -10.83585358  -37.68171692   -7.54525757 -119.01544189]]
2
[[ -3.33179665 -11.50447273 -34.08707428 -86.58161926]]
0
[[ -10.83585358  -37.68171692   -7.54525757 -119.01544189]]
2
[[ -3.33179665 -11.50447273 -34.08707428 -86.58161926]]
0
[[ -10.83585358  -37.68171692   -7.54525757 -119.01544189]]
2
[[ -3.33179665 -11.50447273 -34.08707428 -86.58161926]]
0
[[ -10.83585358  -37.68171692   -7.54525757 -119.01544189]]
2
[[ -3.33179665 -11.50447273 -34.08707428 -86.58161926]]
0
[[ -10.83585358  -37.68171692   -7.54525757 -119.01544189]]
2
[[ -3.33179665 -11.50447273 -34.08707428 -86.58161926]]
0
FAIL
2/31
