[[-198.23103333  -85.43455505  -18.18708038 -202.03561401]]
2
[[ -12.16177368  -40.10208893   -8.30116272 -121.35501099]]
2
[[ -2.89929581 -13.4498024  -33.61221313 -87.2155838 ]]
0
[[ -12.16177368  -40.10208893   -8.30116272 -121.35501099]]
2
[[ -2.89929581 -13.4498024  -33.61221313 -87.2155838 ]]
0
[[ -12.16177368  -40.10208893   -8.30116272 -121.35501099]]
2
[[ -2.89929581 -13.4498024  -33.61221313 -87.2155838 ]]
0
[[ -12.16177368  -40.10208893   -8.30116272 -121.35501099]]
2
[[ -2.89929581 -13.4498024  -33.61221313 -87.2155838 ]]
0
[[ -12.16177368  -40.10208893   -8.30116272 -121.35501099]]
2
[[ -2.89929581 -13.4498024  -33.61221313 -87.2155838 ]]
0
[[ -12.16177368  -40.10208893   -8.30116272 -121.35501099]]
2
[[ -2.89929581 -13.4498024  -33.61221313 -87.2155838 ]]
0
[[ -12.16177368  -40.10208893   -8.30116272 -121.35501099]]
2
[[ -2.89929581 -13.4498024  -33.61221313 -87.2155838 ]]
0
[[ -12.16177368  -40.10208893   -8.30116272 -121.35501099]]
2
[[ -2.89929581 -13.4498024  -33.61221313 -87.2155838 ]]
0
[[ -12.16177368  -40.10208893   -8.30116272 -121.35501099]]
2
[[ -2.89929581 -13.4498024  -33.61221313 -87.2155838 ]]
0
[[ -12.16177368  -40.10208893   -8.30116272 -121.35501099]]
2
[[ -2.89929581 -13.4498024  -33.61221313 -87.2155838 ]]
0
[[ -12.16177368  -40.10208893   -8.30116272 -121.35501099]]
2
[[ -2.89929581 -13.4498024  -33.61221313 -87.2155838 ]]
0
[[ -12.16177368  -40.10208893   -8.30116272 -121.35501099]]
2
[[ -2.89929581 -13.4498024  -33.61221313 -87.2155838 ]]
0
[[ -12.16177368  -40.10208893   -8.30116272 -121.35501099]]
2
[[ -2.89929581 -13.4498024  -33.61221313 -87.2155838 ]]
0
[[ -12.16177368  -40.10208893   -8.30116272 -121.35501099]]
2
[[ -2.89929581 -13.4498024  -33.61221313 -87.2155838 ]]
0
[[ -12.16177368  -40.10208893   -8.30116272 -121.35501099]]
2
[[ -2.89929581 -13.4498024  -33.61221313 -87.2155838 ]]
0
[[ -12.16177368  -40.10208893   -8.30116272 -121.35501099]]
2
[[ -2.89929581 -13.4498024  -33.61221313 -87.2155838 ]]
0
[[ -12.16177368  -40.10208893   -8.30116272 -121.35501099]]
2
[[ -2.89929581 -13.4498024  -33.61221313 -87.2155838 ]]
0
[[ -12.16177368  -40.10208893   -8.30116272 -121.35501099]]
2
[[ -2.89929581 -13.4498024  -33.61221313 -87.2155838 ]]
0
[[ -12.16177368  -40.10208893   -8.30116272 -121.35501099]]
2
[[ -2.89929581 -13.4498024  -33.61221313 -87.2155838 ]]
0
[[ -12.16177368  -40.10208893   -8.30116272 -121.35501099]]
2
[[ -2.89929581 -13.4498024  -33.61221313 -87.2155838 ]]
0
[[ -12.16177368  -40.10208893   -8.30116272 -121.35501099]]
2
[[ -2.89929581 -13.4498024  -33.61221313 -87.2155838 ]]
0
[[ -12.16177368  -40.10208893   -8.30116272 -121.35501099]]
2
[[ -2.89929581 -13.4498024  -33.61221313 -87.2155838 ]]
0
[[ -12.16177368  -40.10208893   -8.30116272 -121.35501099]]
2
[[ -2.89929581 -13.4498024  -33.61221313 -87.2155838 ]]
0
[[ -12.16177368  -40.10208893   -8.30116272 -121.35501099]]
2
[[ -2.89929581 -13.4498024  -33.61221313 -87.2155838 ]]
0
[[ -12.16177368  -40.10208893   -8.30116272 -121.35501099]]
2
[[ -2.89929581 -13.4498024  -33.61221313 -87.2155838 ]]
0
[[ -12.16177368  -40.10208893   -8.30116272 -121.35501099]]
2
[[ -2.89929581 -13.4498024  -33.61221313 -87.2155838 ]]
0
[[ -12.16177368  -40.10208893   -8.30116272 -121.35501099]]
2
[[ -2.89929581 -13.4498024  -33.61221313 -87.2155838 ]]
0
[[ -12.16177368  -40.10208893   -8.30116272 -121.35501099]]
2
[[ -2.89929581 -13.4498024  -33.61221313 -87.2155838 ]]
0
[[ -12.16177368  -40.10208893   -8.30116272 -121.35501099]]
2
[[ -2.89929581 -13.4498024  -33.61221313 -87.2155838 ]]
0
[[ -12.16177368  -40.10208893   -8.30116272 -121.35501099]]
2
[[ -2.89929581 -13.4498024  -33.61221313 -87.2155838 ]]
0
[[ -12.16177368  -40.10208893   -8.30116272 -121.35501099]]
2
[[ -2.89929581 -13.4498024  -33.61221313 -87.2155838 ]]
0
[[ -12.16177368  -40.10208893   -8.30116272 -121.35501099]]
2
[[ -2.89929581 -13.4498024  -33.61221313 -87.2155838 ]]
0
[[ -12.16177368  -40.10208893   -8.30116272 -121.35501099]]
2
[[ -2.89929581 -13.4498024  -33.61221313 -87.2155838 ]]
0
[[ -12.16177368  -40.10208893   -8.30116272 -121.35501099]]
2
[[ -2.89929581 -13.4498024  -33.61221313 -87.2155838 ]]
0
[[ -12.16177368  -40.10208893   -8.30116272 -121.35501099]]
2
[[ -2.89929581 -13.4498024  -33.61221313 -87.2155838 ]]
0
[[ -12.16177368  -40.10208893   -8.30116272 -121.35501099]]
2
[[ -2.89929581 -13.4498024  -33.61221313 -87.2155838 ]]
0
[[ -12.16177368  -40.10208893   -8.30116272 -121.35501099]]
2
[[ -2.89929581 -13.4498024  -33.61221313 -87.2155838 ]]
0
[[ -12.16177368  -40.10208893   -8.30116272 -121.35501099]]
2
[[ -2.89929581 -13.4498024  -33.61221313 -87.2155838 ]]
0
[[ -12.16177368  -40.10208893   -8.30116272 -121.35501099]]
2
[[ -2.89929581 -13.4498024  -33.61221313 -87.2155838 ]]
0
[[ -12.16177368  -40.10208893   -8.30116272 -121.35501099]]
2
[[ -2.89929581 -13.4498024  -33.61221313 -87.2155838 ]]
0
[[ -12.16177368  -40.10208893   -8.30116272 -121.35501099]]
2
[[ -2.89929581 -13.4498024  -33.61221313 -87.2155838 ]]
0
[[ -12.16177368  -40.10208893   -8.30116272 -121.35501099]]
2
[[ -2.89929581 -13.4498024  -33.61221313 -87.2155838 ]]
0
[[ -12.16177368  -40.10208893   -8.30116272 -121.35501099]]
2
[[ -2.89929581 -13.4498024  -33.61221313 -87.2155838 ]]
0
[[ -12.16177368  -40.10208893   -8.30116272 -121.35501099]]
2
[[ -2.89929581 -13.4498024  -33.61221313 -87.2155838 ]]
0
[[ -12.16177368  -40.10208893   -8.30116272 -121.35501099]]
2
[[ -2.89929581 -13.4498024  -33.61221313 -87.2155838 ]]
0
[[ -12.16177368  -40.10208893   -8.30116272 -121.35501099]]
2
[[ -2.89929581 -13.4498024  -33.61221313 -87.2155838 ]]
0
[[ -12.16177368  -40.10208893   -8.30116272 -121.35501099]]
2
[[ -2.89929581 -13.4498024  -33.61221313 -87.2155838 ]]
0
[[ -12.16177368  -40.10208893   -8.30116272 -121.35501099]]
2
[[ -2.89929581 -13.4498024  -33.61221313 -87.2155838 ]]
0
[[ -12.16177368  -40.10208893   -8.30116272 -121.35501099]]
2
[[ -2.89929581 -13.4498024  -33.61221313 -87.2155838 ]]
0
[[ -12.16177368  -40.10208893   -8.30116272 -121.35501099]]
2
[[ -2.89929581 -13.4498024  -33.61221313 -87.2155838 ]]
0
FAIL
2/31
