[[ -30.94475174  -50.74374008  -85.17025757 -104.12571716]]
0
[[-23.31495285 -67.47979736 -42.93246078 -95.38160706]]
0
[[ -11.3507843   -84.42261505  -33.98218536 -106.48097229]]
0
[[  -5.4743042   -43.4417572   -29.23697281 -132.70820618]]
0
[[ -14.79607391  -94.65061951  -61.01315689 -157.96147156]]
0
[[ -92.10270691  -15.40810013  -19.20394516 -140.23248291]]
1
[[ -25.90643692 -157.86790466  -71.41801453  -72.28639984]]
0
[[ -12.43462372  -12.76290131 -137.23855591 -243.31982422]]
0
[[ -64.65251923 -146.45877075 -124.43983459  -21.12068176]]
3
[[  -3.66271591   11.15494156 -129.26211548 -109.97259521]]
1
[[ -64.65251923 -146.45877075 -124.43983459  -21.12068176]]
3
[[  -3.66271591   11.15494156 -129.26211548 -109.97259521]]
1
[[ -64.65251923 -146.45877075 -124.43983459  -21.12068176]]
3
[[  -3.66271591   11.15494156 -129.26211548 -109.97259521]]
1
[[ -64.65251923 -146.45877075 -124.43983459  -21.12068176]]
3
[[  -3.66271591   11.15494156 -129.26211548 -109.97259521]]
1
[[ -64.65251923 -146.45877075 -124.43983459  -21.12068176]]
3
[[  -3.66271591   11.15494156 -129.26211548 -109.97259521]]
1
[[ -64.65251923 -146.45877075 -124.43983459  -21.12068176]]
3
[[  -3.66271591   11.15494156 -129.26211548 -109.97259521]]
1
[[ -64.65251923 -146.45877075 -124.43983459  -21.12068176]]
3
[[  -3.66271591   11.15494156 -129.26211548 -109.97259521]]
1
[[ -64.65251923 -146.45877075 -124.43983459  -21.12068176]]
3
[[  -3.66271591   11.15494156 -129.26211548 -109.97259521]]
1
[[ -64.65251923 -146.45877075 -124.43983459  -21.12068176]]
3
[[  -3.66271591   11.15494156 -129.26211548 -109.97259521]]
1
[[ -64.65251923 -146.45877075 -124.43983459  -21.12068176]]
3
[[  -3.66271591   11.15494156 -129.26211548 -109.97259521]]
1
[[ -64.65251923 -146.45877075 -124.43983459  -21.12068176]]
3
[[  -3.66271591   11.15494156 -129.26211548 -109.97259521]]
1
[[ -64.65251923 -146.45877075 -124.43983459  -21.12068176]]
3
[[  -3.66271591   11.15494156 -129.26211548 -109.97259521]]
1
[[ -64.65251923 -146.45877075 -124.43983459  -21.12068176]]
3
[[  -3.66271591   11.15494156 -129.26211548 -109.97259521]]
1
[[ -64.65251923 -146.45877075 -124.43983459  -21.12068176]]
3
[[  -3.66271591   11.15494156 -129.26211548 -109.97259521]]
1
[[ -64.65251923 -146.45877075 -124.43983459  -21.12068176]]
3
[[  -3.66271591   11.15494156 -129.26211548 -109.97259521]]
1
[[ -64.65251923 -146.45877075 -124.43983459  -21.12068176]]
3
[[  -3.66271591   11.15494156 -129.26211548 -109.97259521]]
1
[[ -64.65251923 -146.45877075 -124.43983459  -21.12068176]]
3
[[  -3.66271591   11.15494156 -129.26211548 -109.97259521]]
1
[[ -64.65251923 -146.45877075 -124.43983459  -21.12068176]]
3
[[  -3.66271591   11.15494156 -129.26211548 -109.97259521]]
1
[[ -64.65251923 -146.45877075 -124.43983459  -21.12068176]]
3
[[  -3.66271591   11.15494156 -129.26211548 -109.97259521]]
1
[[ -64.65251923 -146.45877075 -124.43983459  -21.12068176]]
3
[[  -3.66271591   11.15494156 -129.26211548 -109.97259521]]
1
[[ -64.65251923 -146.45877075 -124.43983459  -21.12068176]]
3
[[  -3.66271591   11.15494156 -129.26211548 -109.97259521]]
1
[[ -64.65251923 -146.45877075 -124.43983459  -21.12068176]]
3
[[  -3.66271591   11.15494156 -129.26211548 -109.97259521]]
1
[[ -64.65251923 -146.45877075 -124.43983459  -21.12068176]]
3
[[  -3.66271591   11.15494156 -129.26211548 -109.97259521]]
1
[[ -64.65251923 -146.45877075 -124.43983459  -21.12068176]]
3
[[  -3.66271591   11.15494156 -129.26211548 -109.97259521]]
1
[[ -64.65251923 -146.45877075 -124.43983459  -21.12068176]]
3
[[  -3.66271591   11.15494156 -129.26211548 -109.97259521]]
1
[[ -64.65251923 -146.45877075 -124.43983459  -21.12068176]]
3
[[  -3.66271591   11.15494156 -129.26211548 -109.97259521]]
1
[[ -64.65251923 -146.45877075 -124.43983459  -21.12068176]]
3
[[  -3.66271591   11.15494156 -129.26211548 -109.97259521]]
1
[[ -64.65251923 -146.45877075 -124.43983459  -21.12068176]]
3
[[  -3.66271591   11.15494156 -129.26211548 -109.97259521]]
1
[[ -64.65251923 -146.45877075 -124.43983459  -21.12068176]]
3
[[  -3.66271591   11.15494156 -129.26211548 -109.97259521]]
1
[[ -64.65251923 -146.45877075 -124.43983459  -21.12068176]]
3
[[  -3.66271591   11.15494156 -129.26211548 -109.97259521]]
1
[[ -64.65251923 -146.45877075 -124.43983459  -21.12068176]]
3
[[  -3.66271591   11.15494156 -129.26211548 -109.97259521]]
1
[[ -64.65251923 -146.45877075 -124.43983459  -21.12068176]]
3
[[  -3.66271591   11.15494156 -129.26211548 -109.97259521]]
1
[[ -64.65251923 -146.45877075 -124.43983459  -21.12068176]]
3
[[  -3.66271591   11.15494156 -129.26211548 -109.97259521]]
1
[[ -64.65251923 -146.45877075 -124.43983459  -21.12068176]]
3
[[  -3.66271591   11.15494156 -129.26211548 -109.97259521]]
1
[[ -64.65251923 -146.45877075 -124.43983459  -21.12068176]]
3
[[  -3.66271591   11.15494156 -129.26211548 -109.97259521]]
1
[[ -64.65251923 -146.45877075 -124.43983459  -21.12068176]]
3
[[  -3.66271591   11.15494156 -129.26211548 -109.97259521]]
1
[[ -64.65251923 -146.45877075 -124.43983459  -21.12068176]]
3
[[  -3.66271591   11.15494156 -129.26211548 -109.97259521]]
1
[[ -64.65251923 -146.45877075 -124.43983459  -21.12068176]]
3
[[  -3.66271591   11.15494156 -129.26211548 -109.97259521]]
1
[[ -64.65251923 -146.45877075 -124.43983459  -21.12068176]]
3
[[  -3.66271591   11.15494156 -129.26211548 -109.97259521]]
1
[[ -64.65251923 -146.45877075 -124.43983459  -21.12068176]]
3
[[  -3.66271591   11.15494156 -129.26211548 -109.97259521]]
1
[[ -64.65251923 -146.45877075 -124.43983459  -21.12068176]]
3
[[  -3.66271591   11.15494156 -129.26211548 -109.97259521]]
1
[[ -64.65251923 -146.45877075 -124.43983459  -21.12068176]]
3
[[  -3.66271591   11.15494156 -129.26211548 -109.97259521]]
1
[[ -64.65251923 -146.45877075 -124.43983459  -21.12068176]]
3
[[  -3.66271591   11.15494156 -129.26211548 -109.97259521]]
1
[[ -64.65251923 -146.45877075 -124.43983459  -21.12068176]]
3
[[  -3.66271591   11.15494156 -129.26211548 -109.97259521]]
1
[[ -64.65251923 -146.45877075 -124.43983459  -21.12068176]]
3
[[  -3.66271591   11.15494156 -129.26211548 -109.97259521]]
1
[[ -64.65251923 -146.45877075 -124.43983459  -21.12068176]]
3
[[  -3.66271591   11.15494156 -129.26211548 -109.97259521]]
1
[[ -64.65251923 -146.45877075 -124.43983459  -21.12068176]]
3
FAIL
9/19
