[[ -65.75550842  -20.10932922  -89.17653656 -102.70648956]]
1
[[-68.30953979 -25.82259369 -88.75637054 -95.46056366]]
1
[[-32.73436356 -66.08708954 -83.06962585 -80.59632111]]
0
[[ -90.3956604    -1.19602966  -64.54931641 -137.89483643]]
1
[[ -19.52373123  -62.04317856 -113.37417603  -95.90342712]]
0
[[  -5.67635345  -65.85003662  -45.86393738 -123.62145996]]
0
[[ -72.42949677    2.53995514   -9.52884674 -103.1499939 ]]
1
[[-40.438591   -57.25999832 -76.53330994 -95.99253845]]
0
[[-18.38503265 -73.82627869 -64.8011322  -93.39514923]]
0
[[ -23.19807625  -50.98244476  -22.12961388 -118.0590744 ]]
2
[[-18.38503265 -73.82627869 -64.8011322  -93.39514923]]
0
[[ -23.19807625  -50.98244476  -22.12961388 -118.0590744 ]]
2
[[-18.38503265 -73.82627869 -64.8011322  -93.39514923]]
0
[[ -23.19807625  -50.98244476  -22.12961388 -118.0590744 ]]
2
[[-18.38503265 -73.82627869 -64.8011322  -93.39514923]]
0
[[ -23.19807625  -50.98244476  -22.12961388 -118.0590744 ]]
2
[[-18.38503265 -73.82627869 -64.8011322  -93.39514923]]
0
[[ -23.19807625  -50.98244476  -22.12961388 -118.0590744 ]]
2
[[-18.38503265 -73.82627869 -64.8011322  -93.39514923]]
0
[[ -23.19807625  -50.98244476  -22.12961388 -118.0590744 ]]
2
[[-18.38503265 -73.82627869 -64.8011322  -93.39514923]]
0
[[ -23.19807625  -50.98244476  -22.12961388 -118.0590744 ]]
2
[[-18.38503265 -73.82627869 -64.8011322  -93.39514923]]
0
[[ -23.19807625  -50.98244476  -22.12961388 -118.0590744 ]]
2
[[-18.38503265 -73.82627869 -64.8011322  -93.39514923]]
0
[[ -23.19807625  -50.98244476  -22.12961388 -118.0590744 ]]
2
[[-18.38503265 -73.82627869 -64.8011322  -93.39514923]]
0
[[ -23.19807625  -50.98244476  -22.12961388 -118.0590744 ]]
2
[[-18.38503265 -73.82627869 -64.8011322  -93.39514923]]
0
[[ -23.19807625  -50.98244476  -22.12961388 -118.0590744 ]]
2
[[-18.38503265 -73.82627869 -64.8011322  -93.39514923]]
0
[[ -23.19807625  -50.98244476  -22.12961388 -118.0590744 ]]
2
[[-18.38503265 -73.82627869 -64.8011322  -93.39514923]]
0
[[ -23.19807625  -50.98244476  -22.12961388 -118.0590744 ]]
2
[[-18.38503265 -73.82627869 -64.8011322  -93.39514923]]
0
[[ -23.19807625  -50.98244476  -22.12961388 -118.0590744 ]]
2
[[-18.38503265 -73.82627869 -64.8011322  -93.39514923]]
0
[[ -23.19807625  -50.98244476  -22.12961388 -118.0590744 ]]
2
[[-18.38503265 -73.82627869 -64.8011322  -93.39514923]]
0
[[ -23.19807625  -50.98244476  -22.12961388 -118.0590744 ]]
2
[[-18.38503265 -73.82627869 -64.8011322  -93.39514923]]
0
[[ -23.19807625  -50.98244476  -22.12961388 -118.0590744 ]]
2
[[-18.38503265 -73.82627869 -64.8011322  -93.39514923]]
0
[[ -23.19807625  -50.98244476  -22.12961388 -118.0590744 ]]
2
[[-18.38503265 -73.82627869 -64.8011322  -93.39514923]]
0
[[ -23.19807625  -50.98244476  -22.12961388 -118.0590744 ]]
2
[[-18.38503265 -73.82627869 -64.8011322  -93.39514923]]
0
[[ -23.19807625  -50.98244476  -22.12961388 -118.0590744 ]]
2
[[-18.38503265 -73.82627869 -64.8011322  -93.39514923]]
0
[[ -23.19807625  -50.98244476  -22.12961388 -118.0590744 ]]
2
[[-18.38503265 -73.82627869 -64.8011322  -93.39514923]]
0
[[ -23.19807625  -50.98244476  -22.12961388 -118.0590744 ]]
2
[[-18.38503265 -73.82627869 -64.8011322  -93.39514923]]
0
[[ -23.19807625  -50.98244476  -22.12961388 -118.0590744 ]]
2
[[-18.38503265 -73.82627869 -64.8011322  -93.39514923]]
0
[[ -23.19807625  -50.98244476  -22.12961388 -118.0590744 ]]
2
[[-18.38503265 -73.82627869 -64.8011322  -93.39514923]]
0
[[ -23.19807625  -50.98244476  -22.12961388 -118.0590744 ]]
2
[[-18.38503265 -73.82627869 -64.8011322  -93.39514923]]
0
[[ -23.19807625  -50.98244476  -22.12961388 -118.0590744 ]]
2
[[-18.38503265 -73.82627869 -64.8011322  -93.39514923]]
0
[[ -23.19807625  -50.98244476  -22.12961388 -118.0590744 ]]
2
[[-18.38503265 -73.82627869 -64.8011322  -93.39514923]]
0
[[ -23.19807625  -50.98244476  -22.12961388 -118.0590744 ]]
2
[[-18.38503265 -73.82627869 -64.8011322  -93.39514923]]
0
[[ -23.19807625  -50.98244476  -22.12961388 -118.0590744 ]]
2
[[-18.38503265 -73.82627869 -64.8011322  -93.39514923]]
0
[[ -23.19807625  -50.98244476  -22.12961388 -118.0590744 ]]
2
[[-18.38503265 -73.82627869 -64.8011322  -93.39514923]]
0
[[ -23.19807625  -50.98244476  -22.12961388 -118.0590744 ]]
2
[[-18.38503265 -73.82627869 -64.8011322  -93.39514923]]
0
[[ -23.19807625  -50.98244476  -22.12961388 -118.0590744 ]]
2
[[-18.38503265 -73.82627869 -64.8011322  -93.39514923]]
0
[[ -23.19807625  -50.98244476  -22.12961388 -118.0590744 ]]
2
[[-18.38503265 -73.82627869 -64.8011322  -93.39514923]]
0
[[ -23.19807625  -50.98244476  -22.12961388 -118.0590744 ]]
2
[[-18.38503265 -73.82627869 -64.8011322  -93.39514923]]
0
[[ -23.19807625  -50.98244476  -22.12961388 -118.0590744 ]]
2
[[-18.38503265 -73.82627869 -64.8011322  -93.39514923]]
0
[[ -23.19807625  -50.98244476  -22.12961388 -118.0590744 ]]
2
[[-18.38503265 -73.82627869 -64.8011322  -93.39514923]]
0
[[ -23.19807625  -50.98244476  -22.12961388 -118.0590744 ]]
2
[[-18.38503265 -73.82627869 -64.8011322  -93.39514923]]
0
[[ -23.19807625  -50.98244476  -22.12961388 -118.0590744 ]]
2
[[-18.38503265 -73.82627869 -64.8011322  -93.39514923]]
0
[[ -23.19807625  -50.98244476  -22.12961388 -118.0590744 ]]
2
[[-18.38503265 -73.82627869 -64.8011322  -93.39514923]]
0
[[ -23.19807625  -50.98244476  -22.12961388 -118.0590744 ]]
2
[[-18.38503265 -73.82627869 -64.8011322  -93.39514923]]
0
[[ -23.19807625  -50.98244476  -22.12961388 -118.0590744 ]]
2
[[-18.38503265 -73.82627869 -64.8011322  -93.39514923]]
0
[[ -23.19807625  -50.98244476  -22.12961388 -118.0590744 ]]
2
[[-18.38503265 -73.82627869 -64.8011322  -93.39514923]]
0
[[ -23.19807625  -50.98244476  -22.12961388 -118.0590744 ]]
2
[[-18.38503265 -73.82627869 -64.8011322  -93.39514923]]
0
[[ -23.19807625  -50.98244476  -22.12961388 -118.0590744 ]]
2
[[-18.38503265 -73.82627869 -64.8011322  -93.39514923]]
0
[[ -23.19807625  -50.98244476  -22.12961388 -118.0590744 ]]
2
[[-18.38503265 -73.82627869 -64.8011322  -93.39514923]]
0
[[ -23.19807625  -50.98244476  -22.12961388 -118.0590744 ]]
2
[[-18.38503265 -73.82627869 -64.8011322  -93.39514923]]
0
FAIL
9/22
