[[ -68.13496399  -19.58363342  -92.53085327 -103.63217926]]
1
[[-70.47851562 -25.26224518 -92.13879395 -96.0686264 ]]
1
[[-33.68841171 -67.89968872 -86.50717163 -80.86419678]]
0
[[ -92.77694702   -0.80287933  -66.84455109 -139.52389526]]
1
[[ -20.08590698  -64.43848419 -117.67778015  -97.1266861 ]]
0
[[  -6.07581329  -68.35094452  -48.19392014 -125.39713287]]
0
[[ -74.36323547    1.46677399  -10.81687546 -104.19561005]]
1
[[-41.01139832 -59.11111069 -79.32032013 -96.92420197]]
0
[[-18.60759735 -76.14570618 -67.39749146 -94.51702118]]
0
[[ -23.79043961  -52.78994751  -23.08293533 -119.95172119]]
2
[[-18.60759735 -76.14570618 -67.39749146 -94.51702118]]
0
[[ -23.79043961  -52.78994751  -23.08293533 -119.95172119]]
2
[[-18.60759735 -76.14570618 -67.39749146 -94.51702118]]
0
[[ -23.79043961  -52.78994751  -23.08293533 -119.95172119]]
2
[[-18.60759735 -76.14570618 -67.39749146 -94.51702118]]
0
[[ -23.79043961  -52.78994751  -23.08293533 -119.95172119]]
2
[[-18.60759735 -76.14570618 -67.39749146 -94.51702118]]
0
[[ -23.79043961  -52.78994751  -23.08293533 -119.95172119]]
2
[[-18.60759735 -76.14570618 -67.39749146 -94.51702118]]
0
[[ -23.79043961  -52.78994751  -23.08293533 -119.95172119]]
2
[[-18.60759735 -76.14570618 -67.39749146 -94.51702118]]
0
[[ -23.79043961  -52.78994751  -23.08293533 -119.95172119]]
2
[[-18.60759735 -76.14570618 -67.39749146 -94.51702118]]
0
[[ -23.79043961  -52.78994751  -23.08293533 -119.95172119]]
2
[[-18.60759735 -76.14570618 -67.39749146 -94.51702118]]
0
[[ -23.79043961  -52.78994751  -23.08293533 -119.95172119]]
2
[[-18.60759735 -76.14570618 -67.39749146 -94.51702118]]
0
[[ -23.79043961  -52.78994751  -23.08293533 -119.95172119]]
2
[[-18.60759735 -76.14570618 -67.39749146 -94.51702118]]
0
[[ -23.79043961  -52.78994751  -23.08293533 -119.95172119]]
2
[[-18.60759735 -76.14570618 -67.39749146 -94.51702118]]
0
[[ -23.79043961  -52.78994751  -23.08293533 -119.95172119]]
2
[[-18.60759735 -76.14570618 -67.39749146 -94.51702118]]
0
[[ -23.79043961  -52.78994751  -23.08293533 -119.95172119]]
2
[[-18.60759735 -76.14570618 -67.39749146 -94.51702118]]
0
[[ -23.79043961  -52.78994751  -23.08293533 -119.95172119]]
2
[[-18.60759735 -76.14570618 -67.39749146 -94.51702118]]
0
[[ -23.79043961  -52.78994751  -23.08293533 -119.95172119]]
2
[[-18.60759735 -76.14570618 -67.39749146 -94.51702118]]
0
[[ -23.79043961  -52.78994751  -23.08293533 -119.95172119]]
2
[[-18.60759735 -76.14570618 -67.39749146 -94.51702118]]
0
[[ -23.79043961  -52.78994751  -23.08293533 -119.95172119]]
2
[[-18.60759735 -76.14570618 -67.39749146 -94.51702118]]
0
[[ -23.79043961  -52.78994751  -23.08293533 -119.95172119]]
2
[[-18.60759735 -76.14570618 -67.39749146 -94.51702118]]
0
[[ -23.79043961  -52.78994751  -23.08293533 -119.95172119]]
2
[[-18.60759735 -76.14570618 -67.39749146 -94.51702118]]
0
[[ -23.79043961  -52.78994751  -23.08293533 -119.95172119]]
2
[[-18.60759735 -76.14570618 -67.39749146 -94.51702118]]
0
[[ -23.79043961  -52.78994751  -23.08293533 -119.95172119]]
2
[[-18.60759735 -76.14570618 -67.39749146 -94.51702118]]
0
[[ -23.79043961  -52.78994751  -23.08293533 -119.95172119]]
2
[[-18.60759735 -76.14570618 -67.39749146 -94.51702118]]
0
[[ -23.79043961  -52.78994751  -23.08293533 -119.95172119]]
2
[[-18.60759735 -76.14570618 -67.39749146 -94.51702118]]
0
[[ -23.79043961  -52.78994751  -23.08293533 -119.95172119]]
2
[[-18.60759735 -76.14570618 -67.39749146 -94.51702118]]
0
[[ -23.79043961  -52.78994751  -23.08293533 -119.95172119]]
2
[[-18.60759735 -76.14570618 -67.39749146 -94.51702118]]
0
[[ -23.79043961  -52.78994751  -23.08293533 -119.95172119]]
2
[[-18.60759735 -76.14570618 -67.39749146 -94.51702118]]
0
[[ -23.79043961  -52.78994751  -23.08293533 -119.95172119]]
2
[[-18.60759735 -76.14570618 -67.39749146 -94.51702118]]
0
[[ -23.79043961  -52.78994751  -23.08293533 -119.95172119]]
2
[[-18.60759735 -76.14570618 -67.39749146 -94.51702118]]
0
[[ -23.79043961  -52.78994751  -23.08293533 -119.95172119]]
2
[[-18.60759735 -76.14570618 -67.39749146 -94.51702118]]
0
[[ -23.79043961  -52.78994751  -23.08293533 -119.95172119]]
2
[[-18.60759735 -76.14570618 -67.39749146 -94.51702118]]
0
[[ -23.79043961  -52.78994751  -23.08293533 -119.95172119]]
2
[[-18.60759735 -76.14570618 -67.39749146 -94.51702118]]
0
[[ -23.79043961  -52.78994751  -23.08293533 -119.95172119]]
2
[[-18.60759735 -76.14570618 -67.39749146 -94.51702118]]
0
[[ -23.79043961  -52.78994751  -23.08293533 -119.95172119]]
2
[[-18.60759735 -76.14570618 -67.39749146 -94.51702118]]
0
[[ -23.79043961  -52.78994751  -23.08293533 -119.95172119]]
2
[[-18.60759735 -76.14570618 -67.39749146 -94.51702118]]
0
[[ -23.79043961  -52.78994751  -23.08293533 -119.95172119]]
2
[[-18.60759735 -76.14570618 -67.39749146 -94.51702118]]
0
[[ -23.79043961  -52.78994751  -23.08293533 -119.95172119]]
2
[[-18.60759735 -76.14570618 -67.39749146 -94.51702118]]
0
[[ -23.79043961  -52.78994751  -23.08293533 -119.95172119]]
2
[[-18.60759735 -76.14570618 -67.39749146 -94.51702118]]
0
[[ -23.79043961  -52.78994751  -23.08293533 -119.95172119]]
2
[[-18.60759735 -76.14570618 -67.39749146 -94.51702118]]
0
[[ -23.79043961  -52.78994751  -23.08293533 -119.95172119]]
2
[[-18.60759735 -76.14570618 -67.39749146 -94.51702118]]
0
[[ -23.79043961  -52.78994751  -23.08293533 -119.95172119]]
2
[[-18.60759735 -76.14570618 -67.39749146 -94.51702118]]
0
[[ -23.79043961  -52.78994751  -23.08293533 -119.95172119]]
2
[[-18.60759735 -76.14570618 -67.39749146 -94.51702118]]
0
[[ -23.79043961  -52.78994751  -23.08293533 -119.95172119]]
2
[[-18.60759735 -76.14570618 -67.39749146 -94.51702118]]
0
[[ -23.79043961  -52.78994751  -23.08293533 -119.95172119]]
2
[[-18.60759735 -76.14570618 -67.39749146 -94.51702118]]
0
[[ -23.79043961  -52.78994751  -23.08293533 -119.95172119]]
2
[[-18.60759735 -76.14570618 -67.39749146 -94.51702118]]
0
[[ -23.79043961  -52.78994751  -23.08293533 -119.95172119]]
2
[[-18.60759735 -76.14570618 -67.39749146 -94.51702118]]
0
[[ -23.79043961  -52.78994751  -23.08293533 -119.95172119]]
2
[[-18.60759735 -76.14570618 -67.39749146 -94.51702118]]
0
FAIL
9/22
