[[ -67.70825195  -21.38497543  -70.33177185 -112.34822083]]
1
[[-70.54122925 -26.14423752 -70.30607605 -96.02249146]]
1
[[ -68.98358917  -68.90934753  -43.29482651 -101.30518341]]
2
[[ -78.96492767   -9.04233551  -70.43678284 -158.64312744]]
1
[[-175.10783386  -80.59488678    0.68800354 -108.0826416 ]]
2
[[ -29.14188385    1.07584381 -228.19476318 -198.56417847]]
1
[[-173.18167114   40.17440414   74.26845551  -16.38318443]]
2
[[ -18.06991577   30.94981384  413.11410522    5.20908356]]
2
PASS
8/8
