[[ -31.82505035  -52.47784424  -88.19645691 -106.06125641]]
0
[[-22.92554855 -70.00256348 -44.98387527 -97.07447815]]
0
[[ -11.20711517  -87.87301636  -35.43051529 -108.75341797]]
0
[[  -5.72592163  -45.37716675  -30.79534149 -135.52798462]]
0
[[ -16.11717987  -99.68373108  -64.90338135 -163.6472168 ]]
0
[[ -95.39580536  -15.91574097  -20.17608643 -143.00531006]]
1
[[ -26.45191193 -162.62269592  -73.94503021  -72.22966003]]
0
[[ -12.49946594  -14.61748505 -141.7898407  -249.96664429]]
0
[[ -71.43547821 -152.02944946 -129.4621582   -21.27207947]]
3
[[  -3.84122467   10.44786453 -133.63224792 -113.74639893]]
1
[[ -71.43547821 -152.02944946 -129.4621582   -21.27207947]]
3
[[  -3.84122467   10.44786453 -133.63224792 -113.74639893]]
1
[[ -71.43547821 -152.02944946 -129.4621582   -21.27207947]]
3
[[  -3.84122467   10.44786453 -133.63224792 -113.74639893]]
1
[[ -71.43547821 -152.02944946 -129.4621582   -21.27207947]]
3
[[  -3.84122467   10.44786453 -133.63224792 -113.74639893]]
1
[[ -71.43547821 -152.02944946 -129.4621582   -21.27207947]]
3
[[  -3.84122467   10.44786453 -133.63224792 -113.74639893]]
1
[[ -71.43547821 -152.02944946 -129.4621582   -21.27207947]]
3
[[  -3.84122467   10.44786453 -133.63224792 -113.74639893]]
1
[[ -71.43547821 -152.02944946 -129.4621582   -21.27207947]]
3
[[  -3.84122467   10.44786453 -133.63224792 -113.74639893]]
1
[[ -71.43547821 -152.02944946 -129.4621582   -21.27207947]]
3
[[  -3.84122467   10.44786453 -133.63224792 -113.74639893]]
1
[[ -71.43547821 -152.02944946 -129.4621582   -21.27207947]]
3
[[  -3.84122467   10.44786453 -133.63224792 -113.74639893]]
1
[[ -71.43547821 -152.02944946 -129.4621582   -21.27207947]]
3
[[  -3.84122467   10.44786453 -133.63224792 -113.74639893]]
1
[[ -71.43547821 -152.02944946 -129.4621582   -21.27207947]]
3
[[  -3.84122467   10.44786453 -133.63224792 -113.74639893]]
1
[[ -71.43547821 -152.02944946 -129.4621582   -21.27207947]]
3
[[  -3.84122467   10.44786453 -133.63224792 -113.74639893]]
1
[[ -71.43547821 -152.02944946 -129.4621582   -21.27207947]]
3
[[  -3.84122467   10.44786453 -133.63224792 -113.74639893]]
1
[[ -71.43547821 -152.02944946 -129.4621582   -21.27207947]]
3
[[  -3.84122467   10.44786453 -133.63224792 -113.74639893]]
1
[[ -71.43547821 -152.02944946 -129.4621582   -21.27207947]]
3
[[  -3.84122467   10.44786453 -133.63224792 -113.74639893]]
1
[[ -71.43547821 -152.02944946 -129.4621582   -21.27207947]]
3
[[  -3.84122467   10.44786453 -133.63224792 -113.74639893]]
1
[[ -71.43547821 -152.02944946 -129.4621582   -21.27207947]]
3
[[  -3.84122467   10.44786453 -133.63224792 -113.74639893]]
1
[[ -71.43547821 -152.02944946 -129.4621582   -21.27207947]]
3
[[  -3.84122467   10.44786453 -133.63224792 -113.74639893]]
1
[[ -71.43547821 -152.02944946 -129.4621582   -21.27207947]]
3
[[  -3.84122467   10.44786453 -133.63224792 -113.74639893]]
1
[[ -71.43547821 -152.02944946 -129.4621582   -21.27207947]]
3
[[  -3.84122467   10.44786453 -133.63224792 -113.74639893]]
1
[[ -71.43547821 -152.02944946 -129.4621582   -21.27207947]]
3
[[  -3.84122467   10.44786453 -133.63224792 -113.74639893]]
1
[[ -71.43547821 -152.02944946 -129.4621582   -21.27207947]]
3
[[  -3.84122467   10.44786453 -133.63224792 -113.74639893]]
1
[[ -71.43547821 -152.02944946 -129.4621582   -21.27207947]]
3
[[  -3.84122467   10.44786453 -133.63224792 -113.74639893]]
1
[[ -71.43547821 -152.02944946 -129.4621582   -21.27207947]]
3
[[  -3.84122467   10.44786453 -133.63224792 -113.74639893]]
1
[[ -71.43547821 -152.02944946 -129.4621582   -21.27207947]]
3
[[  -3.84122467   10.44786453 -133.63224792 -113.74639893]]
1
[[ -71.43547821 -152.02944946 -129.4621582   -21.27207947]]
3
[[  -3.84122467   10.44786453 -133.63224792 -113.74639893]]
1
[[ -71.43547821 -152.02944946 -129.4621582   -21.27207947]]
3
[[  -3.84122467   10.44786453 -133.63224792 -113.74639893]]
1
[[ -71.43547821 -152.02944946 -129.4621582   -21.27207947]]
3
[[  -3.84122467   10.44786453 -133.63224792 -113.74639893]]
1
[[ -71.43547821 -152.02944946 -129.4621582   -21.27207947]]
3
[[  -3.84122467   10.44786453 -133.63224792 -113.74639893]]
1
[[ -71.43547821 -152.02944946 -129.4621582   -21.27207947]]
3
[[  -3.84122467   10.44786453 -133.63224792 -113.74639893]]
1
[[ -71.43547821 -152.02944946 -129.4621582   -21.27207947]]
3
[[  -3.84122467   10.44786453 -133.63224792 -113.74639893]]
1
[[ -71.43547821 -152.02944946 -129.4621582   -21.27207947]]
3
[[  -3.84122467   10.44786453 -133.63224792 -113.74639893]]
1
[[ -71.43547821 -152.02944946 -129.4621582   -21.27207947]]
3
[[  -3.84122467   10.44786453 -133.63224792 -113.74639893]]
1
[[ -71.43547821 -152.02944946 -129.4621582   -21.27207947]]
3
[[  -3.84122467   10.44786453 -133.63224792 -113.74639893]]
1
[[ -71.43547821 -152.02944946 -129.4621582   -21.27207947]]
3
[[  -3.84122467   10.44786453 -133.63224792 -113.74639893]]
1
[[ -71.43547821 -152.02944946 -129.4621582   -21.27207947]]
3
[[  -3.84122467   10.44786453 -133.63224792 -113.74639893]]
1
[[ -71.43547821 -152.02944946 -129.4621582   -21.27207947]]
3
[[  -3.84122467   10.44786453 -133.63224792 -113.74639893]]
1
[[ -71.43547821 -152.02944946 -129.4621582   -21.27207947]]
3
[[  -3.84122467   10.44786453 -133.63224792 -113.74639893]]
1
[[ -71.43547821 -152.02944946 -129.4621582   -21.27207947]]
3
[[  -3.84122467   10.44786453 -133.63224792 -113.74639893]]
1
[[ -71.43547821 -152.02944946 -129.4621582   -21.27207947]]
3
[[  -3.84122467   10.44786453 -133.63224792 -113.74639893]]
1
[[ -71.43547821 -152.02944946 -129.4621582   -21.27207947]]
3
[[  -3.84122467   10.44786453 -133.63224792 -113.74639893]]
1
[[ -71.43547821 -152.02944946 -129.4621582   -21.27207947]]
3
[[  -3.84122467   10.44786453 -133.63224792 -113.74639893]]
1
[[ -71.43547821 -152.02944946 -129.4621582   -21.27207947]]
3
[[  -3.84122467   10.44786453 -133.63224792 -113.74639893]]
1
[[ -71.43547821 -152.02944946 -129.4621582   -21.27207947]]
3
[[  -3.84122467   10.44786453 -133.63224792 -113.74639893]]
1
[[ -71.43547821 -152.02944946 -129.4621582   -21.27207947]]
3
[[  -3.84122467   10.44786453 -133.63224792 -113.74639893]]
1
[[ -71.43547821 -152.02944946 -129.4621582   -21.27207947]]
3
[[  -3.84122467   10.44786453 -133.63224792 -113.74639893]]
1
[[ -71.43547821 -152.02944946 -129.4621582   -21.27207947]]
3
FAIL
9/19
