[[-202.95578003  -86.77256775  -19.05999756 -204.04129028]]
2
[[ -13.57842255  -41.93817139   -9.17176437 -123.38655853]]
2
[[ -2.80944824 -15.17850494 -33.35777283 -87.91305542]]
0
[[ -13.57842255  -41.93817139   -9.17176437 -123.38655853]]
2
[[ -2.80944824 -15.17850494 -33.35777283 -87.91305542]]
0
[[ -13.57842255  -41.93817139   -9.17176437 -123.38655853]]
2
[[ -2.80944824 -15.17850494 -33.35777283 -87.91305542]]
0
[[ -13.57842255  -41.93817139   -9.17176437 -123.38655853]]
2
[[ -2.80944824 -15.17850494 -33.35777283 -87.91305542]]
0
[[ -13.57842255  -41.93817139   -9.17176437 -123.38655853]]
2
[[ -2.80944824 -15.17850494 -33.35777283 -87.91305542]]
0
[[ -13.57842255  -41.93817139   -9.17176437 -123.38655853]]
2
[[ -2.80944824 -15.17850494 -33.35777283 -87.91305542]]
0
[[ -13.57842255  -41.93817139   -9.17176437 -123.38655853]]
2
[[ -2.80944824 -15.17850494 -33.35777283 -87.91305542]]
0
[[ -13.57842255  -41.93817139   -9.17176437 -123.38655853]]
2
[[ -2.80944824 -15.17850494 -33.35777283 -87.91305542]]
0
[[ -13.57842255  -41.93817139   -9.17176437 -123.38655853]]
2
[[ -2.80944824 -15.17850494 -33.35777283 -87.91305542]]
0
[[ -13.57842255  -41.93817139   -9.17176437 -123.38655853]]
2
[[ -2.80944824 -15.17850494 -33.35777283 -87.91305542]]
0
[[ -13.57842255  -41.93817139   -9.17176437 -123.38655853]]
2
[[ -2.80944824 -15.17850494 -33.35777283 -87.91305542]]
0
[[ -13.57842255  -41.93817139   -9.17176437 -123.38655853]]
2
[[ -2.80944824 -15.17850494 -33.35777283 -87.91305542]]
0
[[ -13.57842255  -41.93817139   -9.17176437 -123.38655853]]
2
[[ -2.80944824 -15.17850494 -33.35777283 -87.91305542]]
0
[[ -13.57842255  -41.93817139   -9.17176437 -123.38655853]]
2
[[ -2.80944824 -15.17850494 -33.35777283 -87.91305542]]
0
[[ -13.57842255  -41.93817139   -9.17176437 -123.38655853]]
2
[[ -2.80944824 -15.17850494 -33.35777283 -87.91305542]]
0
[[ -13.57842255  -41.93817139   -9.17176437 -123.38655853]]
2
[[ -2.80944824 -15.17850494 -33.35777283 -87.91305542]]
0
[[ -13.57842255  -41.93817139   -9.17176437 -123.38655853]]
2
[[ -2.80944824 -15.17850494 -33.35777283 -87.91305542]]
0
[[ -13.57842255  -41.93817139   -9.17176437 -123.38655853]]
2
[[ -2.80944824 -15.17850494 -33.35777283 -87.91305542]]
0
[[ -13.57842255  -41.93817139   -9.17176437 -123.38655853]]
2
[[ -2.80944824 -15.17850494 -33.35777283 -87.91305542]]
0
[[ -13.57842255  -41.93817139   -9.17176437 -123.38655853]]
2
[[ -2.80944824 -15.17850494 -33.35777283 -87.91305542]]
0
[[ -13.57842255  -41.93817139   -9.17176437 -123.38655853]]
2
[[ -2.80944824 -15.17850494 -33.35777283 -87.91305542]]
0
[[ -13.57842255  -41.93817139   -9.17176437 -123.38655853]]
2
[[ -2.80944824 -15.17850494 -33.35777283 -87.91305542]]
0
[[ -13.57842255  -41.93817139   -9.17176437 -123.38655853]]
2
[[ -2.80944824 -15.17850494 -33.35777283 -87.91305542]]
0
[[ -13.57842255  -41.93817139   -9.17176437 -123.38655853]]
2
[[ -2.80944824 -15.17850494 -33.35777283 -87.91305542]]
0
[[ -13.57842255  -41.93817139   -9.17176437 -123.38655853]]
2
[[ -2.80944824 -15.17850494 -33.35777283 -87.91305542]]
0
[[ -13.57842255  -41.93817139   -9.17176437 -123.38655853]]
2
[[ -2.80944824 -15.17850494 -33.35777283 -87.91305542]]
0
[[ -13.57842255  -41.93817139   -9.17176437 -123.38655853]]
2
[[ -2.80944824 -15.17850494 -33.35777283 -87.91305542]]
0
[[ -13.57842255  -41.93817139   -9.17176437 -123.38655853]]
2
[[ -2.80944824 -15.17850494 -33.35777283 -87.91305542]]
0
[[ -13.57842255  -41.93817139   -9.17176437 -123.38655853]]
2
[[ -2.80944824 -15.17850494 -33.35777283 -87.91305542]]
0
[[ -13.57842255  -41.93817139   -9.17176437 -123.38655853]]
2
[[ -2.80944824 -15.17850494 -33.35777283 -87.91305542]]
0
[[ -13.57842255  -41.93817139   -9.17176437 -123.38655853]]
2
[[ -2.80944824 -15.17850494 -33.35777283 -87.91305542]]
0
[[ -13.57842255  -41.93817139   -9.17176437 -123.38655853]]
2
[[ -2.80944824 -15.17850494 -33.35777283 -87.91305542]]
0
[[ -13.57842255  -41.93817139   -9.17176437 -123.38655853]]
2
[[ -2.80944824 -15.17850494 -33.35777283 -87.91305542]]
0
[[ -13.57842255  -41.93817139   -9.17176437 -123.38655853]]
2
[[ -2.80944824 -15.17850494 -33.35777283 -87.91305542]]
0
[[ -13.57842255  -41.93817139   -9.17176437 -123.38655853]]
2
[[ -2.80944824 -15.17850494 -33.35777283 -87.91305542]]
0
[[ -13.57842255  -41.93817139   -9.17176437 -123.38655853]]
2
[[ -2.80944824 -15.17850494 -33.35777283 -87.91305542]]
0
[[ -13.57842255  -41.93817139   -9.17176437 -123.38655853]]
2
[[ -2.80944824 -15.17850494 -33.35777283 -87.91305542]]
0
[[ -13.57842255  -41.93817139   -9.17176437 -123.38655853]]
2
[[ -2.80944824 -15.17850494 -33.35777283 -87.91305542]]
0
[[ -13.57842255  -41.93817139   -9.17176437 -123.38655853]]
2
[[ -2.80944824 -15.17850494 -33.35777283 -87.91305542]]
0
[[ -13.57842255  -41.93817139   -9.17176437 -123.38655853]]
2
[[ -2.80944824 -15.17850494 -33.35777283 -87.91305542]]
0
[[ -13.57842255  -41.93817139   -9.17176437 -123.38655853]]
2
[[ -2.80944824 -15.17850494 -33.35777283 -87.91305542]]
0
[[ -13.57842255  -41.93817139   -9.17176437 -123.38655853]]
2
[[ -2.80944824 -15.17850494 -33.35777283 -87.91305542]]
0
[[ -13.57842255  -41.93817139   -9.17176437 -123.38655853]]
2
[[ -2.80944824 -15.17850494 -33.35777283 -87.91305542]]
0
[[ -13.57842255  -41.93817139   -9.17176437 -123.38655853]]
2
[[ -2.80944824 -15.17850494 -33.35777283 -87.91305542]]
0
[[ -13.57842255  -41.93817139   -9.17176437 -123.38655853]]
2
[[ -2.80944824 -15.17850494 -33.35777283 -87.91305542]]
0
[[ -13.57842255  -41.93817139   -9.17176437 -123.38655853]]
2
[[ -2.80944824 -15.17850494 -33.35777283 -87.91305542]]
0
[[ -13.57842255  -41.93817139   -9.17176437 -123.38655853]]
2
[[ -2.80944824 -15.17850494 -33.35777283 -87.91305542]]
0
[[ -13.57842255  -41.93817139   -9.17176437 -123.38655853]]
2
[[ -2.80944824 -15.17850494 -33.35777283 -87.91305542]]
0
[[ -13.57842255  -41.93817139   -9.17176437 -123.38655853]]
2
[[ -2.80944824 -15.17850494 -33.35777283 -87.91305542]]
0
[[ -13.57842255  -41.93817139   -9.17176437 -123.38655853]]
2
[[ -2.80944824 -15.17850494 -33.35777283 -87.91305542]]
0
FAIL
2/31
