[[ -32.86535645  -54.55998993  -90.86553955 -107.85594177]]
0
[[-22.8804512  -72.88989258 -46.60460663 -98.73944092]]
0
[[ -11.34706116  -91.64318848  -36.51424026 -110.77137756]]
0
[[  -6.44714737  -47.77483749  -31.84812355 -138.35664368]]
0
[[ -17.87757111 -104.99197388  -68.43655396 -169.12869263]]
0
[[ -98.9599762   -17.07375717  -21.12339401 -145.48509216]]
1
[[ -27.14884949 -167.28063965  -76.05132294  -72.03518677]]
0
[[ -12.88816833  -16.55966187 -146.06570435 -256.184021  ]]
0
[[ -78.9927597  -157.51144409 -133.80743408  -20.91744232]]
3
[[  -4.44104385    9.66498184 -137.42710876 -117.4715271 ]]
1
[[ -78.9927597  -157.51144409 -133.80743408  -20.91744232]]
3
[[  -4.44104385    9.66498184 -137.42710876 -117.4715271 ]]
1
[[ -78.9927597  -157.51144409 -133.80743408  -20.91744232]]
3
[[  -4.44104385    9.66498184 -137.42710876 -117.4715271 ]]
1
[[ -78.9927597  -157.51144409 -133.80743408  -20.91744232]]
3
[[  -4.44104385    9.66498184 -137.42710876 -117.4715271 ]]
1
[[ -78.9927597  -157.51144409 -133.80743408  -20.91744232]]
3
[[  -4.44104385    9.66498184 -137.42710876 -117.4715271 ]]
1
[[ -78.9927597  -157.51144409 -133.80743408  -20.91744232]]
3
[[  -4.44104385    9.66498184 -137.42710876 -117.4715271 ]]
1
[[ -78.9927597  -157.51144409 -133.80743408  -20.91744232]]
3
[[  -4.44104385    9.66498184 -137.42710876 -117.4715271 ]]
1
[[ -78.9927597  -157.51144409 -133.80743408  -20.91744232]]
3
[[  -4.44104385    9.66498184 -137.42710876 -117.4715271 ]]
1
[[ -78.9927597  -157.51144409 -133.80743408  -20.91744232]]
3
[[  -4.44104385    9.66498184 -137.42710876 -117.4715271 ]]
1
[[ -78.9927597  -157.51144409 -133.80743408  -20.91744232]]
3
[[  -4.44104385    9.66498184 -137.42710876 -117.4715271 ]]
1
[[ -78.9927597  -157.51144409 -133.80743408  -20.91744232]]
3
[[  -4.44104385    9.66498184 -137.42710876 -117.4715271 ]]
1
[[ -78.9927597  -157.51144409 -133.80743408  -20.91744232]]
3
[[  -4.44104385    9.66498184 -137.42710876 -117.4715271 ]]
1
[[ -78.9927597  -157.51144409 -133.80743408  -20.91744232]]
3
[[  -4.44104385    9.66498184 -137.42710876 -117.4715271 ]]
1
[[ -78.9927597  -157.51144409 -133.80743408  -20.91744232]]
3
[[  -4.44104385    9.66498184 -137.42710876 -117.4715271 ]]
1
[[ -78.9927597  -157.51144409 -133.80743408  -20.91744232]]
3
[[  -4.44104385    9.66498184 -137.42710876 -117.4715271 ]]
1
[[ -78.9927597  -157.51144409 -133.80743408  -20.91744232]]
3
[[  -4.44104385    9.66498184 -137.42710876 -117.4715271 ]]
1
[[ -78.9927597  -157.51144409 -133.80743408  -20.91744232]]
3
[[  -4.44104385    9.66498184 -137.42710876 -117.4715271 ]]
1
[[ -78.9927597  -157.51144409 -133.80743408  -20.91744232]]
3
[[  -4.44104385    9.66498184 -137.42710876 -117.4715271 ]]
1
[[ -78.9927597  -157.51144409 -133.80743408  -20.91744232]]
3
[[  -4.44104385    9.66498184 -137.42710876 -117.4715271 ]]
1
[[ -78.9927597  -157.51144409 -133.80743408  -20.91744232]]
3
[[  -4.44104385    9.66498184 -137.42710876 -117.4715271 ]]
1
[[ -78.9927597  -157.51144409 -133.80743408  -20.91744232]]
3
[[  -4.44104385    9.66498184 -137.42710876 -117.4715271 ]]
1
[[ -78.9927597  -157.51144409 -133.80743408  -20.91744232]]
3
[[  -4.44104385    9.66498184 -137.42710876 -117.4715271 ]]
1
[[ -78.9927597  -157.51144409 -133.80743408  -20.91744232]]
3
[[  -4.44104385    9.66498184 -137.42710876 -117.4715271 ]]
1
[[ -78.9927597  -157.51144409 -133.80743408  -20.91744232]]
3
[[  -4.44104385    9.66498184 -137.42710876 -117.4715271 ]]
1
[[ -78.9927597  -157.51144409 -133.80743408  -20.91744232]]
3
[[  -4.44104385    9.66498184 -137.42710876 -117.4715271 ]]
1
[[ -78.9927597  -157.51144409 -133.80743408  -20.91744232]]
3
[[  -4.44104385    9.66498184 -137.42710876 -117.4715271 ]]
1
[[ -78.9927597  -157.51144409 -133.80743408  -20.91744232]]
3
[[  -4.44104385    9.66498184 -137.42710876 -117.4715271 ]]
1
[[ -78.9927597  -157.51144409 -133.80743408  -20.91744232]]
3
[[  -4.44104385    9.66498184 -137.42710876 -117.4715271 ]]
1
[[ -78.9927597  -157.51144409 -133.80743408  -20.91744232]]
3
[[  -4.44104385    9.66498184 -137.42710876 -117.4715271 ]]
1
[[ -78.9927597  -157.51144409 -133.80743408  -20.91744232]]
3
[[  -4.44104385    9.66498184 -137.42710876 -117.4715271 ]]
1
[[ -78.9927597  -157.51144409 -133.80743408  -20.91744232]]
3
[[  -4.44104385    9.66498184 -137.42710876 -117.4715271 ]]
1
[[ -78.9927597  -157.51144409 -133.80743408  -20.91744232]]
3
[[  -4.44104385    9.66498184 -137.42710876 -117.4715271 ]]
1
[[ -78.9927597  -157.51144409 -133.80743408  -20.91744232]]
3
[[  -4.44104385    9.66498184 -137.42710876 -117.4715271 ]]
1
[[ -78.9927597  -157.51144409 -133.80743408  -20.91744232]]
3
[[  -4.44104385    9.66498184 -137.42710876 -117.4715271 ]]
1
[[ -78.9927597  -157.51144409 -133.80743408  -20.91744232]]
3
[[  -4.44104385    9.66498184 -137.42710876 -117.4715271 ]]
1
[[ -78.9927597  -157.51144409 -133.80743408  -20.91744232]]
3
[[  -4.44104385    9.66498184 -137.42710876 -117.4715271 ]]
1
[[ -78.9927597  -157.51144409 -133.80743408  -20.91744232]]
3
[[  -4.44104385    9.66498184 -137.42710876 -117.4715271 ]]
1
[[ -78.9927597  -157.51144409 -133.80743408  -20.91744232]]
3
[[  -4.44104385    9.66498184 -137.42710876 -117.4715271 ]]
1
[[ -78.9927597  -157.51144409 -133.80743408  -20.91744232]]
3
[[  -4.44104385    9.66498184 -137.42710876 -117.4715271 ]]
1
[[ -78.9927597  -157.51144409 -133.80743408  -20.91744232]]
3
[[  -4.44104385    9.66498184 -137.42710876 -117.4715271 ]]
1
[[ -78.9927597  -157.51144409 -133.80743408  -20.91744232]]
3
[[  -4.44104385    9.66498184 -137.42710876 -117.4715271 ]]
1
[[ -78.9927597  -157.51144409 -133.80743408  -20.91744232]]
3
[[  -4.44104385    9.66498184 -137.42710876 -117.4715271 ]]
1
[[ -78.9927597  -157.51144409 -133.80743408  -20.91744232]]
3
[[  -4.44104385    9.66498184 -137.42710876 -117.4715271 ]]
1
[[ -78.9927597  -157.51144409 -133.80743408  -20.91744232]]
3
[[  -4.44104385    9.66498184 -137.42710876 -117.4715271 ]]
1
[[ -78.9927597  -157.51144409 -133.80743408  -20.91744232]]
3
[[  -4.44104385    9.66498184 -137.42710876 -117.4715271 ]]
1
[[ -78.9927597  -157.51144409 -133.80743408  -20.91744232]]
3
[[  -4.44104385    9.66498184 -137.42710876 -117.4715271 ]]
1
[[ -78.9927597  -157.51144409 -133.80743408  -20.91744232]]
3
FAIL
9/19
