[[ -70.76853943  -19.72705078  -95.56783295 -104.38729858]]
1
[[-72.88237    -25.55641174 -95.19567871 -96.60012817]]
1
[[-35.27560425 -70.2554245  -89.59024811 -81.31173706]]
0
[[ -95.5451355    -1.06329346  -68.83010101 -140.99511719]]
1
[[ -20.67133331  -67.30226898 -121.59290314  -98.33061981]]
0
[[  -6.73765564  -71.19258118  -50.07378387 -126.94098663]]
0
[[ -7.65383148e+01  -2.60620117e-02  -1.19010162e+01  -1.05036987e+02]]
1
[[-41.72518539 -61.49565125 -81.83939362 -97.68021393]]
0
[[-19.09552765 -79.13837433 -69.7534256  -95.50065613]]
0
[[ -24.2154274   -55.40444565  -23.70685959 -121.5670929 ]]
2
[[-19.09552765 -79.13837433 -69.7534256  -95.50065613]]
0
[[ -24.2154274   -55.40444565  -23.70685959 -121.5670929 ]]
2
[[-19.09552765 -79.13837433 -69.7534256  -95.50065613]]
0
[[ -24.2154274   -55.40444565  -23.70685959 -121.5670929 ]]
2
[[-19.09552765 -79.13837433 -69.7534256  -95.50065613]]
0
[[ -24.2154274   -55.40444565  -23.70685959 -121.5670929 ]]
2
[[-19.09552765 -79.13837433 -69.7534256  -95.50065613]]
0
[[ -24.2154274   -55.40444565  -23.70685959 -121.5670929 ]]
2
[[-19.09552765 -79.13837433 -69.7534256  -95.50065613]]
0
[[ -24.2154274   -55.40444565  -23.70685959 -121.5670929 ]]
2
[[-19.09552765 -79.13837433 -69.7534256  -95.50065613]]
0
[[ -24.2154274   -55.40444565  -23.70685959 -121.5670929 ]]
2
[[-19.09552765 -79.13837433 -69.7534256  -95.50065613]]
0
[[ -24.2154274   -55.40444565  -23.70685959 -121.5670929 ]]
2
[[-19.09552765 -79.13837433 -69.7534256  -95.50065613]]
0
[[ -24.2154274   -55.40444565  -23.70685959 -121.5670929 ]]
2
[[-19.09552765 -79.13837433 -69.7534256  -95.50065613]]
0
[[ -24.2154274   -55.40444565  -23.70685959 -121.5670929 ]]
2
[[-19.09552765 -79.13837433 -69.7534256  -95.50065613]]
0
[[ -24.2154274   -55.40444565  -23.70685959 -121.5670929 ]]
2
[[-19.09552765 -79.13837433 -69.7534256  -95.50065613]]
0
[[ -24.2154274   -55.40444565  -23.70685959 -121.5670929 ]]
2
[[-19.09552765 -79.13837433 -69.7534256  -95.50065613]]
0
[[ -24.2154274   -55.40444565  -23.70685959 -121.5670929 ]]
2
[[-19.09552765 -79.13837433 -69.7534256  -95.50065613]]
0
[[ -24.2154274   -55.40444565  -23.70685959 -121.5670929 ]]
2
[[-19.09552765 -79.13837433 -69.7534256  -95.50065613]]
0
[[ -24.2154274   -55.40444565  -23.70685959 -121.5670929 ]]
2
[[-19.09552765 -79.13837433 -69.7534256  -95.50065613]]
0
[[ -24.2154274   -55.40444565  -23.70685959 -121.5670929 ]]
2
[[-19.09552765 -79.13837433 -69.7534256  -95.50065613]]
0
[[ -24.2154274   -55.40444565  -23.70685959 -121.5670929 ]]
2
[[-19.09552765 -79.13837433 -69.7534256  -95.50065613]]
0
[[ -24.2154274   -55.40444565  -23.70685959 -121.5670929 ]]
2
[[-19.09552765 -79.13837433 -69.7534256  -95.50065613]]
0
[[ -24.2154274   -55.40444565  -23.70685959 -121.5670929 ]]
2
[[-19.09552765 -79.13837433 -69.7534256  -95.50065613]]
0
[[ -24.2154274   -55.40444565  -23.70685959 -121.5670929 ]]
2
[[-19.09552765 -79.13837433 -69.7534256  -95.50065613]]
0
[[ -24.2154274   -55.40444565  -23.70685959 -121.5670929 ]]
2
[[-19.09552765 -79.13837433 -69.7534256  -95.50065613]]
0
[[ -24.2154274   -55.40444565  -23.70685959 -121.5670929 ]]
2
[[-19.09552765 -79.13837433 -69.7534256  -95.50065613]]
0
[[ -24.2154274   -55.40444565  -23.70685959 -121.5670929 ]]
2
[[-19.09552765 -79.13837433 -69.7534256  -95.50065613]]
0
[[ -24.2154274   -55.40444565  -23.70685959 -121.5670929 ]]
2
[[-19.09552765 -79.13837433 -69.7534256  -95.50065613]]
0
[[ -24.2154274   -55.40444565  -23.70685959 -121.5670929 ]]
2
[[-19.09552765 -79.13837433 -69.7534256  -95.50065613]]
0
[[ -24.2154274   -55.40444565  -23.70685959 -121.5670929 ]]
2
[[-19.09552765 -79.13837433 -69.7534256  -95.50065613]]
0
[[ -24.2154274   -55.40444565  -23.70685959 -121.5670929 ]]
2
[[-19.09552765 -79.13837433 -69.7534256  -95.50065613]]
0
[[ -24.2154274   -55.40444565  -23.70685959 -121.5670929 ]]
2
[[-19.09552765 -79.13837433 -69.7534256  -95.50065613]]
0
[[ -24.2154274   -55.40444565  -23.70685959 -121.5670929 ]]
2
[[-19.09552765 -79.13837433 -69.7534256  -95.50065613]]
0
[[ -24.2154274   -55.40444565  -23.70685959 -121.5670929 ]]
2
[[-19.09552765 -79.13837433 -69.7534256  -95.50065613]]
0
[[ -24.2154274   -55.40444565  -23.70685959 -121.5670929 ]]
2
[[-19.09552765 -79.13837433 -69.7534256  -95.50065613]]
0
[[ -24.2154274   -55.40444565  -23.70685959 -121.5670929 ]]
2
[[-19.09552765 -79.13837433 -69.7534256  -95.50065613]]
0
[[ -24.2154274   -55.40444565  -23.70685959 -121.5670929 ]]
2
[[-19.09552765 -79.13837433 -69.7534256  -95.50065613]]
0
[[ -24.2154274   -55.40444565  -23.70685959 -121.5670929 ]]
2
[[-19.09552765 -79.13837433 -69.7534256  -95.50065613]]
0
[[ -24.2154274   -55.40444565  -23.70685959 -121.5670929 ]]
2
[[-19.09552765 -79.13837433 -69.7534256  -95.50065613]]
0
[[ -24.2154274   -55.40444565  -23.70685959 -121.5670929 ]]
2
[[-19.09552765 -79.13837433 -69.7534256  -95.50065613]]
0
[[ -24.2154274   -55.40444565  -23.70685959 -121.5670929 ]]
2
[[-19.09552765 -79.13837433 -69.7534256  -95.50065613]]
0
[[ -24.2154274   -55.40444565  -23.70685959 -121.5670929 ]]
2
[[-19.09552765 -79.13837433 -69.7534256  -95.50065613]]
0
[[ -24.2154274   -55.40444565  -23.70685959 -121.5670929 ]]
2
[[-19.09552765 -79.13837433 -69.7534256  -95.50065613]]
0
[[ -24.2154274   -55.40444565  -23.70685959 -121.5670929 ]]
2
[[-19.09552765 -79.13837433 -69.7534256  -95.50065613]]
0
[[ -24.2154274   -55.40444565  -23.70685959 -121.5670929 ]]
2
[[-19.09552765 -79.13837433 -69.7534256  -95.50065613]]
0
[[ -24.2154274   -55.40444565  -23.70685959 -121.5670929 ]]
2
[[-19.09552765 -79.13837433 -69.7534256  -95.50065613]]
0
[[ -24.2154274   -55.40444565  -23.70685959 -121.5670929 ]]
2
[[-19.09552765 -79.13837433 -69.7534256  -95.50065613]]
0
[[ -24.2154274   -55.40444565  -23.70685959 -121.5670929 ]]
2
[[-19.09552765 -79.13837433 -69.7534256  -95.50065613]]
0
[[ -24.2154274   -55.40444565  -23.70685959 -121.5670929 ]]
2
[[-19.09552765 -79.13837433 -69.7534256  -95.50065613]]
0
[[ -24.2154274   -55.40444565  -23.70685959 -121.5670929 ]]
2
[[-19.09552765 -79.13837433 -69.7534256  -95.50065613]]
0
FAIL
9/22
