[[ -71.03839874  -21.66965866  -73.08650208 -114.70761108]]
1
[[-74.28369904 -27.10709381 -72.83522797 -97.47323608]]
1
[[ -73.20172882  -72.51222229  -43.67193604 -103.05686951]]
2
[[ -81.85449219  -10.09343719  -73.30924988 -161.32305908]]
1
[[ -1.82018341e+02  -8.27492447e+01   1.23390198e-01  -1.09763054e+02]]
2
[[ -31.82540131   -3.30474091 -236.07589722 -202.33358765]]
1
[[-177.20065308   41.10810852   78.58571625  -13.81907272]]
2
[[ -18.29904938   31.00097656  421.87905884    7.56340027]]
2
PASS
8/8
