[[-207.57388306  -88.59030151  -19.98249817 -206.09580994]]
2
[[ -14.89890289  -44.57711792   -9.67950058 -125.06277466]]
2
[[ -3.22499847 -17.41109848 -33.14604187 -88.45128632]]
0
[[ -14.89890289  -44.57711792   -9.67950058 -125.06277466]]
2
[[ -3.22499847 -17.41109848 -33.14604187 -88.45128632]]
0
[[ -14.89890289  -44.57711792   -9.67950058 -125.06277466]]
2
[[ -3.22499847 -17.41109848 -33.14604187 -88.45128632]]
0
[[ -14.89890289  -44.57711792   -9.67950058 -125.06277466]]
2
[[ -3.22499847 -17.41109848 -33.14604187 -88.45128632]]
0
[[ -14.89890289  -44.57711792   -9.67950058 -125.06277466]]
2
[[ -3.22499847 -17.41109848 -33.14604187 -88.45128632]]
0
[[ -14.89890289  -44.57711792   -9.67950058 -125.06277466]]
2
[[ -3.22499847 -17.41109848 -33.14604187 -88.45128632]]
0
[[ -14.89890289  -44.57711792   -9.67950058 -125.06277466]]
2
[[ -3.22499847 -17.41109848 -33.14604187 -88.45128632]]
0
[[ -14.89890289  -44.57711792   -9.67950058 -125.06277466]]
2
[[ -3.22499847 -17.41109848 -33.14604187 -88.45128632]]
0
[[ -14.89890289  -44.57711792   -9.67950058 -125.06277466]]
2
[[ -3.22499847 -17.41109848 -33.14604187 -88.45128632]]
0
[[ -14.89890289  -44.57711792   -9.67950058 -125.06277466]]
2
[[ -3.22499847 -17.41109848 -33.14604187 -88.45128632]]
0
[[ -14.89890289  -44.57711792   -9.67950058 -125.06277466]]
2
[[ -3.22499847 -17.41109848 -33.14604187 -88.45128632]]
0
[[ -14.89890289  -44.57711792   -9.67950058 -125.06277466]]
2
[[ -3.22499847 -17.41109848 -33.14604187 -88.45128632]]
0
[[ -14.89890289  -44.57711792   -9.67950058 -125.06277466]]
2
[[ -3.22499847 -17.41109848 -33.14604187 -88.45128632]]
0
[[ -14.89890289  -44.57711792   -9.67950058 -125.06277466]]
2
[[ -3.22499847 -17.41109848 -33.14604187 -88.45128632]]
0
[[ -14.89890289  -44.57711792   -9.67950058 -125.06277466]]
2
[[ -3.22499847 -17.41109848 -33.14604187 -88.45128632]]
0
[[ -14.89890289  -44.57711792   -9.67950058 -125.06277466]]
2
[[ -3.22499847 -17.41109848 -33.14604187 -88.45128632]]
0
[[ -14.89890289  -44.57711792   -9.67950058 -125.06277466]]
2
[[ -3.22499847 -17.41109848 -33.14604187 -88.45128632]]
0
[[ -14.89890289  -44.57711792   -9.67950058 -125.06277466]]
2
[[ -3.22499847 -17.41109848 -33.14604187 -88.45128632]]
0
[[ -14.89890289  -44.57711792   -9.67950058 -125.06277466]]
2
[[ -3.22499847 -17.41109848 -33.14604187 -88.45128632]]
0
[[ -14.89890289  -44.57711792   -9.67950058 -125.06277466]]
2
[[ -3.22499847 -17.41109848 -33.14604187 -88.45128632]]
0
[[ -14.89890289  -44.57711792   -9.67950058 -125.06277466]]
2
[[ -3.22499847 -17.41109848 -33.14604187 -88.45128632]]
0
[[ -14.89890289  -44.57711792   -9.67950058 -125.06277466]]
2
[[ -3.22499847 -17.41109848 -33.14604187 -88.45128632]]
0
[[ -14.89890289  -44.57711792   -9.67950058 -125.06277466]]
2
[[ -3.22499847 -17.41109848 -33.14604187 -88.45128632]]
0
[[ -14.89890289  -44.57711792   -9.67950058 -125.06277466]]
2
[[ -3.22499847 -17.41109848 -33.14604187 -88.45128632]]
0
[[ -14.89890289  -44.57711792   -9.67950058 -125.06277466]]
2
[[ -3.22499847 -17.41109848 -33.14604187 -88.45128632]]
0
[[ -14.89890289  -44.57711792   -9.67950058 -125.06277466]]
2
[[ -3.22499847 -17.41109848 -33.14604187 -88.45128632]]
0
[[ -14.89890289  -44.57711792   -9.67950058 -125.06277466]]
2
[[ -3.22499847 -17.41109848 -33.14604187 -88.45128632]]
0
[[ -14.89890289  -44.57711792   -9.67950058 -125.06277466]]
2
[[ -3.22499847 -17.41109848 -33.14604187 -88.45128632]]
0
[[ -14.89890289  -44.57711792   -9.67950058 -125.06277466]]
2
[[ -3.22499847 -17.41109848 -33.14604187 -88.45128632]]
0
[[ -14.89890289  -44.57711792   -9.67950058 -125.06277466]]
2
[[ -3.22499847 -17.41109848 -33.14604187 -88.45128632]]
0
[[ -14.89890289  -44.57711792   -9.67950058 -125.06277466]]
2
[[ -3.22499847 -17.41109848 -33.14604187 -88.45128632]]
0
[[ -14.89890289  -44.57711792   -9.67950058 -125.06277466]]
2
[[ -3.22499847 -17.41109848 -33.14604187 -88.45128632]]
0
[[ -14.89890289  -44.57711792   -9.67950058 -125.06277466]]
2
[[ -3.22499847 -17.41109848 -33.14604187 -88.45128632]]
0
[[ -14.89890289  -44.57711792   -9.67950058 -125.06277466]]
2
[[ -3.22499847 -17.41109848 -33.14604187 -88.45128632]]
0
[[ -14.89890289  -44.57711792   -9.67950058 -125.06277466]]
2
[[ -3.22499847 -17.41109848 -33.14604187 -88.45128632]]
0
[[ -14.89890289  -44.57711792   -9.67950058 -125.06277466]]
2
[[ -3.22499847 -17.41109848 -33.14604187 -88.45128632]]
0
[[ -14.89890289  -44.57711792   -9.67950058 -125.06277466]]
2
[[ -3.22499847 -17.41109848 -33.14604187 -88.45128632]]
0
[[ -14.89890289  -44.57711792   -9.67950058 -125.06277466]]
2
[[ -3.22499847 -17.41109848 -33.14604187 -88.45128632]]
0
[[ -14.89890289  -44.57711792   -9.67950058 -125.06277466]]
2
[[ -3.22499847 -17.41109848 -33.14604187 -88.45128632]]
0
[[ -14.89890289  -44.57711792   -9.67950058 -125.06277466]]
2
[[ -3.22499847 -17.41109848 -33.14604187 -88.45128632]]
0
[[ -14.89890289  -44.57711792   -9.67950058 -125.06277466]]
2
[[ -3.22499847 -17.41109848 -33.14604187 -88.45128632]]
0
[[ -14.89890289  -44.57711792   -9.67950058 -125.06277466]]
2
[[ -3.22499847 -17.41109848 -33.14604187 -88.45128632]]
0
[[ -14.89890289  -44.57711792   -9.67950058 -125.06277466]]
2
[[ -3.22499847 -17.41109848 -33.14604187 -88.45128632]]
0
[[ -14.89890289  -44.57711792   -9.67950058 -125.06277466]]
2
[[ -3.22499847 -17.41109848 -33.14604187 -88.45128632]]
0
[[ -14.89890289  -44.57711792   -9.67950058 -125.06277466]]
2
[[ -3.22499847 -17.41109848 -33.14604187 -88.45128632]]
0
[[ -14.89890289  -44.57711792   -9.67950058 -125.06277466]]
2
[[ -3.22499847 -17.41109848 -33.14604187 -88.45128632]]
0
[[ -14.89890289  -44.57711792   -9.67950058 -125.06277466]]
2
[[ -3.22499847 -17.41109848 -33.14604187 -88.45128632]]
0
[[ -14.89890289  -44.57711792   -9.67950058 -125.06277466]]
2
[[ -3.22499847 -17.41109848 -33.14604187 -88.45128632]]
0
[[ -14.89890289  -44.57711792   -9.67950058 -125.06277466]]
2
[[ -3.22499847 -17.41109848 -33.14604187 -88.45128632]]
0
[[ -14.89890289  -44.57711792   -9.67950058 -125.06277466]]
2
[[ -3.22499847 -17.41109848 -33.14604187 -88.45128632]]
0
FAIL
2/31
