[[ -33.95428467  -55.93087006  -93.09286499 -109.21127319]]
0
[[-22.92335892 -74.91649628 -48.07398224 -99.94003296]]
0
[[ -11.53587723  -94.56560516  -37.35938644 -112.3089447 ]]
0
[[  -7.37732315  -49.61614227  -32.71910858 -140.62808228]]
0
[[ -19.6332016  -109.57273102  -71.6620636  -173.93765259]]
0
[[-102.21282959  -17.56490326  -21.87220764 -147.31512451]]
1
[[ -27.74723053 -171.12503052  -77.82206726  -71.13000488]]
0
[[ -13.24411011  -17.93417358 -149.77960205 -261.36230469]]
0
[[ -86.9251709  -161.77650452 -137.74836731  -20.00634003]]
3
[[  -5.40426636    9.53896332 -140.38284302 -120.51490784]]
1
[[ -86.9251709  -161.77650452 -137.74836731  -20.00634003]]
3
[[  -5.40426636    9.53896332 -140.38284302 -120.51490784]]
1
[[ -86.9251709  -161.77650452 -137.74836731  -20.00634003]]
3
[[  -5.40426636    9.53896332 -140.38284302 -120.51490784]]
1
[[ -86.9251709  -161.77650452 -137.74836731  -20.00634003]]
3
[[  -5.40426636    9.53896332 -140.38284302 -120.51490784]]
1
[[ -86.9251709  -161.77650452 -137.74836731  -20.00634003]]
3
[[  -5.40426636    9.53896332 -140.38284302 -120.51490784]]
1
[[ -86.9251709  -161.77650452 -137.74836731  -20.00634003]]
3
[[  -5.40426636    9.53896332 -140.38284302 -120.51490784]]
1
[[ -86.9251709  -161.77650452 -137.74836731  -20.00634003]]
3
[[  -5.40426636    9.53896332 -140.38284302 -120.51490784]]
1
[[ -86.9251709  -161.77650452 -137.74836731  -20.00634003]]
3
[[  -5.40426636    9.53896332 -140.38284302 -120.51490784]]
1
[[ -86.9251709  -161.77650452 -137.74836731  -20.00634003]]
3
[[  -5.40426636    9.53896332 -140.38284302 -120.51490784]]
1
[[ -86.9251709  -161.77650452 -137.74836731  -20.00634003]]
3
[[  -5.40426636    9.53896332 -140.38284302 -120.51490784]]
1
[[ -86.9251709  -161.77650452 -137.74836731  -20.00634003]]
3
[[  -5.40426636    9.53896332 -140.38284302 -120.51490784]]
1
[[ -86.9251709  -161.77650452 -137.74836731  -20.00634003]]
3
[[  -5.40426636    9.53896332 -140.38284302 -120.51490784]]
1
[[ -86.9251709  -161.77650452 -137.74836731  -20.00634003]]
3
[[  -5.40426636    9.53896332 -140.38284302 -120.51490784]]
1
[[ -86.9251709  -161.77650452 -137.74836731  -20.00634003]]
3
[[  -5.40426636    9.53896332 -140.38284302 -120.51490784]]
1
[[ -86.9251709  -161.77650452 -137.74836731  -20.00634003]]
3
[[  -5.40426636    9.53896332 -140.38284302 -120.51490784]]
1
[[ -86.9251709  -161.77650452 -137.74836731  -20.00634003]]
3
[[  -5.40426636    9.53896332 -140.38284302 -120.51490784]]
1
[[ -86.9251709  -161.77650452 -137.74836731  -20.00634003]]
3
[[  -5.40426636    9.53896332 -140.38284302 -120.51490784]]
1
[[ -86.9251709  -161.77650452 -137.74836731  -20.00634003]]
3
[[  -5.40426636    9.53896332 -140.38284302 -120.51490784]]
1
[[ -86.9251709  -161.77650452 -137.74836731  -20.00634003]]
3
[[  -5.40426636    9.53896332 -140.38284302 -120.51490784]]
1
[[ -86.9251709  -161.77650452 -137.74836731  -20.00634003]]
3
[[  -5.40426636    9.53896332 -140.38284302 -120.51490784]]
1
[[ -86.9251709  -161.77650452 -137.74836731  -20.00634003]]
3
[[  -5.40426636    9.53896332 -140.38284302 -120.51490784]]
1
[[ -86.9251709  -161.77650452 -137.74836731  -20.00634003]]
3
[[  -5.40426636    9.53896332 -140.38284302 -120.51490784]]
1
[[ -86.9251709  -161.77650452 -137.74836731  -20.00634003]]
3
[[  -5.40426636    9.53896332 -140.38284302 -120.51490784]]
1
[[ -86.9251709  -161.77650452 -137.74836731  -20.00634003]]
3
[[  -5.40426636    9.53896332 -140.38284302 -120.51490784]]
1
[[ -86.9251709  -161.77650452 -137.74836731  -20.00634003]]
3
[[  -5.40426636    9.53896332 -140.38284302 -120.51490784]]
1
[[ -86.9251709  -161.77650452 -137.74836731  -20.00634003]]
3
[[  -5.40426636    9.53896332 -140.38284302 -120.51490784]]
1
[[ -86.9251709  -161.77650452 -137.74836731  -20.00634003]]
3
[[  -5.40426636    9.53896332 -140.38284302 -120.51490784]]
1
[[ -86.9251709  -161.77650452 -137.74836731  -20.00634003]]
3
[[  -5.40426636    9.53896332 -140.38284302 -120.51490784]]
1
[[ -86.9251709  -161.77650452 -137.74836731  -20.00634003]]
3
[[  -5.40426636    9.53896332 -140.38284302 -120.51490784]]
1
[[ -86.9251709  -161.77650452 -137.74836731  -20.00634003]]
3
[[  -5.40426636    9.53896332 -140.38284302 -120.51490784]]
1
[[ -86.9251709  -161.77650452 -137.74836731  -20.00634003]]
3
[[  -5.40426636    9.53896332 -140.38284302 -120.51490784]]
1
[[ -86.9251709  -161.77650452 -137.74836731  -20.00634003]]
3
[[  -5.40426636    9.53896332 -140.38284302 -120.51490784]]
1
[[ -86.9251709  -161.77650452 -137.74836731  -20.00634003]]
3
[[  -5.40426636    9.53896332 -140.38284302 -120.51490784]]
1
[[ -86.9251709  -161.77650452 -137.74836731  -20.00634003]]
3
[[  -5.40426636    9.53896332 -140.38284302 -120.51490784]]
1
[[ -86.9251709  -161.77650452 -137.74836731  -20.00634003]]
3
[[  -5.40426636    9.53896332 -140.38284302 -120.51490784]]
1
[[ -86.9251709  -161.77650452 -137.74836731  -20.00634003]]
3
[[  -5.40426636    9.53896332 -140.38284302 -120.51490784]]
1
[[ -86.9251709  -161.77650452 -137.74836731  -20.00634003]]
3
[[  -5.40426636    9.53896332 -140.38284302 -120.51490784]]
1
[[ -86.9251709  -161.77650452 -137.74836731  -20.00634003]]
3
[[  -5.40426636    9.53896332 -140.38284302 -120.51490784]]
1
[[ -86.9251709  -161.77650452 -137.74836731  -20.00634003]]
3
[[  -5.40426636    9.53896332 -140.38284302 -120.51490784]]
1
[[ -86.9251709  -161.77650452 -137.74836731  -20.00634003]]
3
[[  -5.40426636    9.53896332 -140.38284302 -120.51490784]]
1
[[ -86.9251709  -161.77650452 -137.74836731  -20.00634003]]
3
[[  -5.40426636    9.53896332 -140.38284302 -120.51490784]]
1
[[ -86.9251709  -161.77650452 -137.74836731  -20.00634003]]
3
[[  -5.40426636    9.53896332 -140.38284302 -120.51490784]]
1
[[ -86.9251709  -161.77650452 -137.74836731  -20.00634003]]
3
[[  -5.40426636    9.53896332 -140.38284302 -120.51490784]]
1
[[ -86.9251709  -161.77650452 -137.74836731  -20.00634003]]
3
[[  -5.40426636    9.53896332 -140.38284302 -120.51490784]]
1
[[ -86.9251709  -161.77650452 -137.74836731  -20.00634003]]
3
[[  -5.40426636    9.53896332 -140.38284302 -120.51490784]]
1
[[ -86.9251709  -161.77650452 -137.74836731  -20.00634003]]
3
[[  -5.40426636    9.53896332 -140.38284302 -120.51490784]]
1
[[ -86.9251709  -161.77650452 -137.74836731  -20.00634003]]
3
FAIL
9/19
