[[-211.68977356  -89.7268219   -20.81049347 -207.73384094]]
2
[[ -16.24383926  -46.66625977  -10.01442719 -125.96534729]]
2
[[ -3.73322296 -19.40991783 -33.02513885 -88.51387787]]
0
[[ -16.24383926  -46.66625977  -10.01442719 -125.96534729]]
2
[[ -3.73322296 -19.40991783 -33.02513885 -88.51387787]]
0
[[ -16.24383926  -46.66625977  -10.01442719 -125.96534729]]
2
[[ -3.73322296 -19.40991783 -33.02513885 -88.51387787]]
0
[[ -16.24383926  -46.66625977  -10.01442719 -125.96534729]]
2
[[ -3.73322296 -19.40991783 -33.02513885 -88.51387787]]
0
[[ -16.24383926  -46.66625977  -10.01442719 -125.96534729]]
2
[[ -3.73322296 -19.40991783 -33.02513885 -88.51387787]]
0
[[ -16.24383926  -46.66625977  -10.01442719 -125.96534729]]
2
[[ -3.73322296 -19.40991783 -33.02513885 -88.51387787]]
0
[[ -16.24383926  -46.66625977  -10.01442719 -125.96534729]]
2
[[ -3.73322296 -19.40991783 -33.02513885 -88.51387787]]
0
[[ -16.24383926  -46.66625977  -10.01442719 -125.96534729]]
2
[[ -3.73322296 -19.40991783 -33.02513885 -88.51387787]]
0
[[ -16.24383926  -46.66625977  -10.01442719 -125.96534729]]
2
[[ -3.73322296 -19.40991783 -33.02513885 -88.51387787]]
0
[[ -16.24383926  -46.66625977  -10.01442719 -125.96534729]]
2
[[ -3.73322296 -19.40991783 -33.02513885 -88.51387787]]
0
[[ -16.24383926  -46.66625977  -10.01442719 -125.96534729]]
2
[[ -3.73322296 -19.40991783 -33.02513885 -88.51387787]]
0
[[ -16.24383926  -46.66625977  -10.01442719 -125.96534729]]
2
[[ -3.73322296 -19.40991783 -33.02513885 -88.51387787]]
0
[[ -16.24383926  -46.66625977  -10.01442719 -125.96534729]]
2
[[ -3.73322296 -19.40991783 -33.02513885 -88.51387787]]
0
[[ -16.24383926  -46.66625977  -10.01442719 -125.96534729]]
2
[[ -3.73322296 -19.40991783 -33.02513885 -88.51387787]]
0
[[ -16.24383926  -46.66625977  -10.01442719 -125.96534729]]
2
[[ -3.73322296 -19.40991783 -33.02513885 -88.51387787]]
0
[[ -16.24383926  -46.66625977  -10.01442719 -125.96534729]]
2
[[ -3.73322296 -19.40991783 -33.02513885 -88.51387787]]
0
[[ -16.24383926  -46.66625977  -10.01442719 -125.96534729]]
2
[[ -3.73322296 -19.40991783 -33.02513885 -88.51387787]]
0
[[ -16.24383926  -46.66625977  -10.01442719 -125.96534729]]
2
[[ -3.73322296 -19.40991783 -33.02513885 -88.51387787]]
0
[[ -16.24383926  -46.66625977  -10.01442719 -125.96534729]]
2
[[ -3.73322296 -19.40991783 -33.02513885 -88.51387787]]
0
[[ -16.24383926  -46.66625977  -10.01442719 -125.96534729]]
2
[[ -3.73322296 -19.40991783 -33.02513885 -88.51387787]]
0
[[ -16.24383926  -46.66625977  -10.01442719 -125.96534729]]
2
[[ -3.73322296 -19.40991783 -33.02513885 -88.51387787]]
0
[[ -16.24383926  -46.66625977  -10.01442719 -125.96534729]]
2
[[ -3.73322296 -19.40991783 -33.02513885 -88.51387787]]
0
[[ -16.24383926  -46.66625977  -10.01442719 -125.96534729]]
2
[[ -3.73322296 -19.40991783 -33.02513885 -88.51387787]]
0
[[ -16.24383926  -46.66625977  -10.01442719 -125.96534729]]
2
[[ -3.73322296 -19.40991783 -33.02513885 -88.51387787]]
0
[[ -16.24383926  -46.66625977  -10.01442719 -125.96534729]]
2
[[ -3.73322296 -19.40991783 -33.02513885 -88.51387787]]
0
[[ -16.24383926  -46.66625977  -10.01442719 -125.96534729]]
2
[[ -3.73322296 -19.40991783 -33.02513885 -88.51387787]]
0
[[ -16.24383926  -46.66625977  -10.01442719 -125.96534729]]
2
[[ -3.73322296 -19.40991783 -33.02513885 -88.51387787]]
0
[[ -16.24383926  -46.66625977  -10.01442719 -125.96534729]]
2
[[ -3.73322296 -19.40991783 -33.02513885 -88.51387787]]
0
[[ -16.24383926  -46.66625977  -10.01442719 -125.96534729]]
2
[[ -3.73322296 -19.40991783 -33.02513885 -88.51387787]]
0
[[ -16.24383926  -46.66625977  -10.01442719 -125.96534729]]
2
[[ -3.73322296 -19.40991783 -33.02513885 -88.51387787]]
0
[[ -16.24383926  -46.66625977  -10.01442719 -125.96534729]]
2
[[ -3.73322296 -19.40991783 -33.02513885 -88.51387787]]
0
[[ -16.24383926  -46.66625977  -10.01442719 -125.96534729]]
2
[[ -3.73322296 -19.40991783 -33.02513885 -88.51387787]]
0
[[ -16.24383926  -46.66625977  -10.01442719 -125.96534729]]
2
[[ -3.73322296 -19.40991783 -33.02513885 -88.51387787]]
0
[[ -16.24383926  -46.66625977  -10.01442719 -125.96534729]]
2
[[ -3.73322296 -19.40991783 -33.02513885 -88.51387787]]
0
[[ -16.24383926  -46.66625977  -10.01442719 -125.96534729]]
2
[[ -3.73322296 -19.40991783 -33.02513885 -88.51387787]]
0
[[ -16.24383926  -46.66625977  -10.01442719 -125.96534729]]
2
[[ -3.73322296 -19.40991783 -33.02513885 -88.51387787]]
0
[[ -16.24383926  -46.66625977  -10.01442719 -125.96534729]]
2
[[ -3.73322296 -19.40991783 -33.02513885 -88.51387787]]
0
[[ -16.24383926  -46.66625977  -10.01442719 -125.96534729]]
2
[[ -3.73322296 -19.40991783 -33.02513885 -88.51387787]]
0
[[ -16.24383926  -46.66625977  -10.01442719 -125.96534729]]
2
[[ -3.73322296 -19.40991783 -33.02513885 -88.51387787]]
0
[[ -16.24383926  -46.66625977  -10.01442719 -125.96534729]]
2
[[ -3.73322296 -19.40991783 -33.02513885 -88.51387787]]
0
[[ -16.24383926  -46.66625977  -10.01442719 -125.96534729]]
2
[[ -3.73322296 -19.40991783 -33.02513885 -88.51387787]]
0
[[ -16.24383926  -46.66625977  -10.01442719 -125.96534729]]
2
[[ -3.73322296 -19.40991783 -33.02513885 -88.51387787]]
0
[[ -16.24383926  -46.66625977  -10.01442719 -125.96534729]]
2
[[ -3.73322296 -19.40991783 -33.02513885 -88.51387787]]
0
[[ -16.24383926  -46.66625977  -10.01442719 -125.96534729]]
2
[[ -3.73322296 -19.40991783 -33.02513885 -88.51387787]]
0
[[ -16.24383926  -46.66625977  -10.01442719 -125.96534729]]
2
[[ -3.73322296 -19.40991783 -33.02513885 -88.51387787]]
0
[[ -16.24383926  -46.66625977  -10.01442719 -125.96534729]]
2
[[ -3.73322296 -19.40991783 -33.02513885 -88.51387787]]
0
[[ -16.24383926  -46.66625977  -10.01442719 -125.96534729]]
2
[[ -3.73322296 -19.40991783 -33.02513885 -88.51387787]]
0
[[ -16.24383926  -46.66625977  -10.01442719 -125.96534729]]
2
[[ -3.73322296 -19.40991783 -33.02513885 -88.51387787]]
0
[[ -16.24383926  -46.66625977  -10.01442719 -125.96534729]]
2
[[ -3.73322296 -19.40991783 -33.02513885 -88.51387787]]
0
[[ -16.24383926  -46.66625977  -10.01442719 -125.96534729]]
2
[[ -3.73322296 -19.40991783 -33.02513885 -88.51387787]]
0
FAIL
2/31
