[[ -74.41442871  -21.21768951  -75.60543823 -116.72909546]]
1
[[-77.94451141 -27.30009079 -75.27729797 -98.5643158 ]]
1
[[ -77.41755676  -75.37793732  -43.85690689 -104.23843384]]
2
[[ -84.68518829  -10.60187531  -75.7774353  -163.29658508]]
1
[[-188.43927002  -83.99354553   -0.28223419 -111.00352478]]
2
[[ -34.18073273   -7.02344513 -243.08493042 -205.29504395]]
1
[[-180.43971252   42.47408295   83.14308167  -10.91467857]]
2
[[ -18.56642914   32.34733582  431.54278564   10.07709503]]
2
PASS
8/8
