[[ -73.26994324  -19.5450058   -98.13812256 -104.7917099 ]]
1
[[-75.29632568 -25.40364456 -97.87460327 -96.73927307]]
1
[[-37.27496338 -71.83934784 -92.36893463 -81.64974976]]
0
[[ -97.97232819   -1.0238266   -70.43170929 -141.80447388]]
1
[[ -21.01464844  -69.06287384 -124.73045349  -99.04403687]]
0
[[  -7.34313202  -73.09597015  -51.53820038 -127.95715332]]
0
[[ -78.91567993   -0.79719162  -12.72193909 -105.55027771]]
1
[[-42.98443985 -62.70377731 -83.91467285 -98.32359314]]
0
[[-19.61837006 -81.32909393 -71.79954529 -96.0351181 ]]
0
[[ -24.71945953  -57.15206146  -24.14045715 -122.50953674]]
2
[[-19.61837006 -81.32909393 -71.79954529 -96.0351181 ]]
0
[[ -24.71945953  -57.15206146  -24.14045715 -122.50953674]]
2
[[-19.61837006 -81.32909393 -71.79954529 -96.0351181 ]]
0
[[ -24.71945953  -57.15206146  -24.14045715 -122.50953674]]
2
[[-19.61837006 -81.32909393 -71.79954529 -96.0351181 ]]
0
[[ -24.71945953  -57.15206146  -24.14045715 -122.50953674]]
2
[[-19.61837006 -81.32909393 -71.79954529 -96.0351181 ]]
0
[[ -24.71945953  -57.15206146  -24.14045715 -122.50953674]]
2
[[-19.61837006 -81.32909393 -71.79954529 -96.0351181 ]]
0
[[ -24.71945953  -57.15206146  -24.14045715 -122.50953674]]
2
[[-19.61837006 -81.32909393 -71.79954529 -96.0351181 ]]
0
[[ -24.71945953  -57.15206146  -24.14045715 -122.50953674]]
2
[[-19.61837006 -81.32909393 -71.79954529 -96.0351181 ]]
0
[[ -24.71945953  -57.15206146  -24.14045715 -122.50953674]]
2
[[-19.61837006 -81.32909393 -71.79954529 -96.0351181 ]]
0
[[ -24.71945953  -57.15206146  -24.14045715 -122.50953674]]
2
[[-19.61837006 -81.32909393 -71.79954529 -96.0351181 ]]
0
[[ -24.71945953  -57.15206146  -24.14045715 -122.50953674]]
2
[[-19.61837006 -81.32909393 -71.79954529 -96.0351181 ]]
0
[[ -24.71945953  -57.15206146  -24.14045715 -122.50953674]]
2
[[-19.61837006 -81.32909393 -71.79954529 -96.0351181 ]]
0
[[ -24.71945953  -57.15206146  -24.14045715 -122.50953674]]
2
[[-19.61837006 -81.32909393 -71.79954529 -96.0351181 ]]
0
[[ -24.71945953  -57.15206146  -24.14045715 -122.50953674]]
2
[[-19.61837006 -81.32909393 -71.79954529 -96.0351181 ]]
0
[[ -24.71945953  -57.15206146  -24.14045715 -122.50953674]]
2
[[-19.61837006 -81.32909393 -71.79954529 -96.0351181 ]]
0
[[ -24.71945953  -57.15206146  -24.14045715 -122.50953674]]
2
[[-19.61837006 -81.32909393 -71.79954529 -96.0351181 ]]
0
[[ -24.71945953  -57.15206146  -24.14045715 -122.50953674]]
2
[[-19.61837006 -81.32909393 -71.79954529 -96.0351181 ]]
0
[[ -24.71945953  -57.15206146  -24.14045715 -122.50953674]]
2
[[-19.61837006 -81.32909393 -71.79954529 -96.0351181 ]]
0
[[ -24.71945953  -57.15206146  -24.14045715 -122.50953674]]
2
[[-19.61837006 -81.32909393 -71.79954529 -96.0351181 ]]
0
[[ -24.71945953  -57.15206146  -24.14045715 -122.50953674]]
2
[[-19.61837006 -81.32909393 -71.79954529 -96.0351181 ]]
0
[[ -24.71945953  -57.15206146  -24.14045715 -122.50953674]]
2
[[-19.61837006 -81.32909393 -71.79954529 -96.0351181 ]]
0
[[ -24.71945953  -57.15206146  -24.14045715 -122.50953674]]
2
[[-19.61837006 -81.32909393 -71.79954529 -96.0351181 ]]
0
[[ -24.71945953  -57.15206146  -24.14045715 -122.50953674]]
2
[[-19.61837006 -81.32909393 -71.79954529 -96.0351181 ]]
0
[[ -24.71945953  -57.15206146  -24.14045715 -122.50953674]]
2
[[-19.61837006 -81.32909393 -71.79954529 -96.0351181 ]]
0
[[ -24.71945953  -57.15206146  -24.14045715 -122.50953674]]
2
[[-19.61837006 -81.32909393 -71.79954529 -96.0351181 ]]
0
[[ -24.71945953  -57.15206146  -24.14045715 -122.50953674]]
2
[[-19.61837006 -81.32909393 -71.79954529 -96.0351181 ]]
0
[[ -24.71945953  -57.15206146  -24.14045715 -122.50953674]]
2
[[-19.61837006 -81.32909393 -71.79954529 -96.0351181 ]]
0
[[ -24.71945953  -57.15206146  -24.14045715 -122.50953674]]
2
[[-19.61837006 -81.32909393 -71.79954529 -96.0351181 ]]
0
[[ -24.71945953  -57.15206146  -24.14045715 -122.50953674]]
2
[[-19.61837006 -81.32909393 -71.79954529 -96.0351181 ]]
0
[[ -24.71945953  -57.15206146  -24.14045715 -122.50953674]]
2
[[-19.61837006 -81.32909393 -71.79954529 -96.0351181 ]]
0
[[ -24.71945953  -57.15206146  -24.14045715 -122.50953674]]
2
[[-19.61837006 -81.32909393 -71.79954529 -96.0351181 ]]
0
[[ -24.71945953  -57.15206146  -24.14045715 -122.50953674]]
2
[[-19.61837006 -81.32909393 -71.79954529 -96.0351181 ]]
0
[[ -24.71945953  -57.15206146  -24.14045715 -122.50953674]]
2
[[-19.61837006 -81.32909393 -71.79954529 -96.0351181 ]]
0
[[ -24.71945953  -57.15206146  -24.14045715 -122.50953674]]
2
[[-19.61837006 -81.32909393 -71.79954529 -96.0351181 ]]
0
[[ -24.71945953  -57.15206146  -24.14045715 -122.50953674]]
2
[[-19.61837006 -81.32909393 -71.79954529 -96.0351181 ]]
0
[[ -24.71945953  -57.15206146  -24.14045715 -122.50953674]]
2
[[-19.61837006 -81.32909393 -71.79954529 -96.0351181 ]]
0
[[ -24.71945953  -57.15206146  -24.14045715 -122.50953674]]
2
[[-19.61837006 -81.32909393 -71.79954529 -96.0351181 ]]
0
[[ -24.71945953  -57.15206146  -24.14045715 -122.50953674]]
2
[[-19.61837006 -81.32909393 -71.79954529 -96.0351181 ]]
0
[[ -24.71945953  -57.15206146  -24.14045715 -122.50953674]]
2
[[-19.61837006 -81.32909393 -71.79954529 -96.0351181 ]]
0
[[ -24.71945953  -57.15206146  -24.14045715 -122.50953674]]
2
[[-19.61837006 -81.32909393 -71.79954529 -96.0351181 ]]
0
[[ -24.71945953  -57.15206146  -24.14045715 -122.50953674]]
2
[[-19.61837006 -81.32909393 -71.79954529 -96.0351181 ]]
0
[[ -24.71945953  -57.15206146  -24.14045715 -122.50953674]]
2
[[-19.61837006 -81.32909393 -71.79954529 -96.0351181 ]]
0
[[ -24.71945953  -57.15206146  -24.14045715 -122.50953674]]
2
[[-19.61837006 -81.32909393 -71.79954529 -96.0351181 ]]
0
[[ -24.71945953  -57.15206146  -24.14045715 -122.50953674]]
2
[[-19.61837006 -81.32909393 -71.79954529 -96.0351181 ]]
0
[[ -24.71945953  -57.15206146  -24.14045715 -122.50953674]]
2
[[-19.61837006 -81.32909393 -71.79954529 -96.0351181 ]]
0
[[ -24.71945953  -57.15206146  -24.14045715 -122.50953674]]
2
[[-19.61837006 -81.32909393 -71.79954529 -96.0351181 ]]
0
[[ -24.71945953  -57.15206146  -24.14045715 -122.50953674]]
2
[[-19.61837006 -81.32909393 -71.79954529 -96.0351181 ]]
0
FAIL
9/22
