[[ -35.25022507  -57.23614502  -95.37731934 -110.64814758]]
0
[[ -23.01749802  -76.82539368  -49.47704315 -101.13220215]]
0
[[ -11.87229156  -97.34199524  -38.11445999 -113.80308533]]
0
[[  -8.49240494  -51.45198059  -33.71927643 -142.86955261]]
0
[[ -21.20568085 -113.99134064  -74.73526001 -178.60926819]]
0
[[-105.36012268  -18.03356934  -22.5435257  -149.01043701]]
1
[[ -28.2637558  -174.76004028  -79.3059082   -69.98187256]]
0
[[ -13.431427    -19.20018005 -153.22192383 -266.54425049]]
0
[[ -94.69645691 -165.62719727 -141.32762146  -19.36257935]]
3
[[  -6.2946167     9.46686554 -142.98031616 -123.4980011 ]]
1
[[ -94.69645691 -165.62719727 -141.32762146  -19.36257935]]
3
[[  -6.2946167     9.46686554 -142.98031616 -123.4980011 ]]
1
[[ -94.69645691 -165.62719727 -141.32762146  -19.36257935]]
3
[[  -6.2946167     9.46686554 -142.98031616 -123.4980011 ]]
1
[[ -94.69645691 -165.62719727 -141.32762146  -19.36257935]]
3
[[  -6.2946167     9.46686554 -142.98031616 -123.4980011 ]]
1
[[ -94.69645691 -165.62719727 -141.32762146  -19.36257935]]
3
[[  -6.2946167     9.46686554 -142.98031616 -123.4980011 ]]
1
[[ -94.69645691 -165.62719727 -141.32762146  -19.36257935]]
3
[[  -6.2946167     9.46686554 -142.98031616 -123.4980011 ]]
1
[[ -94.69645691 -165.62719727 -141.32762146  -19.36257935]]
3
[[  -6.2946167     9.46686554 -142.98031616 -123.4980011 ]]
1
[[ -94.69645691 -165.62719727 -141.32762146  -19.36257935]]
3
[[  -6.2946167     9.46686554 -142.98031616 -123.4980011 ]]
1
[[ -94.69645691 -165.62719727 -141.32762146  -19.36257935]]
3
[[  -6.2946167     9.46686554 -142.98031616 -123.4980011 ]]
1
[[ -94.69645691 -165.62719727 -141.32762146  -19.36257935]]
3
[[  -6.2946167     9.46686554 -142.98031616 -123.4980011 ]]
1
[[ -94.69645691 -165.62719727 -141.32762146  -19.36257935]]
3
[[  -6.2946167     9.46686554 -142.98031616 -123.4980011 ]]
1
[[ -94.69645691 -165.62719727 -141.32762146  -19.36257935]]
3
[[  -6.2946167     9.46686554 -142.98031616 -123.4980011 ]]
1
[[ -94.69645691 -165.62719727 -141.32762146  -19.36257935]]
3
[[  -6.2946167     9.46686554 -142.98031616 -123.4980011 ]]
1
[[ -94.69645691 -165.62719727 -141.32762146  -19.36257935]]
3
[[  -6.2946167     9.46686554 -142.98031616 -123.4980011 ]]
1
[[ -94.69645691 -165.62719727 -141.32762146  -19.36257935]]
3
[[  -6.2946167     9.46686554 -142.98031616 -123.4980011 ]]
1
[[ -94.69645691 -165.62719727 -141.32762146  -19.36257935]]
3
[[  -6.2946167     9.46686554 -142.98031616 -123.4980011 ]]
1
[[ -94.69645691 -165.62719727 -141.32762146  -19.36257935]]
3
[[  -6.2946167     9.46686554 -142.98031616 -123.4980011 ]]
1
[[ -94.69645691 -165.62719727 -141.32762146  -19.36257935]]
3
[[  -6.2946167     9.46686554 -142.98031616 -123.4980011 ]]
1
[[ -94.69645691 -165.62719727 -141.32762146  -19.36257935]]
3
[[  -6.2946167     9.46686554 -142.98031616 -123.4980011 ]]
1
[[ -94.69645691 -165.62719727 -141.32762146  -19.36257935]]
3
[[  -6.2946167     9.46686554 -142.98031616 -123.4980011 ]]
1
[[ -94.69645691 -165.62719727 -141.32762146  -19.36257935]]
3
[[  -6.2946167     9.46686554 -142.98031616 -123.4980011 ]]
1
[[ -94.69645691 -165.62719727 -141.32762146  -19.36257935]]
3
[[  -6.2946167     9.46686554 -142.98031616 -123.4980011 ]]
1
[[ -94.69645691 -165.62719727 -141.32762146  -19.36257935]]
3
[[  -6.2946167     9.46686554 -142.98031616 -123.4980011 ]]
1
[[ -94.69645691 -165.62719727 -141.32762146  -19.36257935]]
3
[[  -6.2946167     9.46686554 -142.98031616 -123.4980011 ]]
1
[[ -94.69645691 -165.62719727 -141.32762146  -19.36257935]]
3
[[  -6.2946167     9.46686554 -142.98031616 -123.4980011 ]]
1
[[ -94.69645691 -165.62719727 -141.32762146  -19.36257935]]
3
[[  -6.2946167     9.46686554 -142.98031616 -123.4980011 ]]
1
[[ -94.69645691 -165.62719727 -141.32762146  -19.36257935]]
3
[[  -6.2946167     9.46686554 -142.98031616 -123.4980011 ]]
1
[[ -94.69645691 -165.62719727 -141.32762146  -19.36257935]]
3
[[  -6.2946167     9.46686554 -142.98031616 -123.4980011 ]]
1
[[ -94.69645691 -165.62719727 -141.32762146  -19.36257935]]
3
[[  -6.2946167     9.46686554 -142.98031616 -123.4980011 ]]
1
[[ -94.69645691 -165.62719727 -141.32762146  -19.36257935]]
3
[[  -6.2946167     9.46686554 -142.98031616 -123.4980011 ]]
1
[[ -94.69645691 -165.62719727 -141.32762146  -19.36257935]]
3
[[  -6.2946167     9.46686554 -142.98031616 -123.4980011 ]]
1
[[ -94.69645691 -165.62719727 -141.32762146  -19.36257935]]
3
[[  -6.2946167     9.46686554 -142.98031616 -123.4980011 ]]
1
[[ -94.69645691 -165.62719727 -141.32762146  -19.36257935]]
3
[[  -6.2946167     9.46686554 -142.98031616 -123.4980011 ]]
1
[[ -94.69645691 -165.62719727 -141.32762146  -19.36257935]]
3
[[  -6.2946167     9.46686554 -142.98031616 -123.4980011 ]]
1
[[ -94.69645691 -165.62719727 -141.32762146  -19.36257935]]
3
[[  -6.2946167     9.46686554 -142.98031616 -123.4980011 ]]
1
[[ -94.69645691 -165.62719727 -141.32762146  -19.36257935]]
3
[[  -6.2946167     9.46686554 -142.98031616 -123.4980011 ]]
1
[[ -94.69645691 -165.62719727 -141.32762146  -19.36257935]]
3
[[  -6.2946167     9.46686554 -142.98031616 -123.4980011 ]]
1
[[ -94.69645691 -165.62719727 -141.32762146  -19.36257935]]
3
[[  -6.2946167     9.46686554 -142.98031616 -123.4980011 ]]
1
[[ -94.69645691 -165.62719727 -141.32762146  -19.36257935]]
3
[[  -6.2946167     9.46686554 -142.98031616 -123.4980011 ]]
1
[[ -94.69645691 -165.62719727 -141.32762146  -19.36257935]]
3
[[  -6.2946167     9.46686554 -142.98031616 -123.4980011 ]]
1
[[ -94.69645691 -165.62719727 -141.32762146  -19.36257935]]
3
[[  -6.2946167     9.46686554 -142.98031616 -123.4980011 ]]
1
[[ -94.69645691 -165.62719727 -141.32762146  -19.36257935]]
3
[[  -6.2946167     9.46686554 -142.98031616 -123.4980011 ]]
1
[[ -94.69645691 -165.62719727 -141.32762146  -19.36257935]]
3
[[  -6.2946167     9.46686554 -142.98031616 -123.4980011 ]]
1
[[ -94.69645691 -165.62719727 -141.32762146  -19.36257935]]
3
[[  -6.2946167     9.46686554 -142.98031616 -123.4980011 ]]
1
[[ -94.69645691 -165.62719727 -141.32762146  -19.36257935]]
3
[[  -6.2946167     9.46686554 -142.98031616 -123.4980011 ]]
1
[[ -94.69645691 -165.62719727 -141.32762146  -19.36257935]]
3
[[  -6.2946167     9.46686554 -142.98031616 -123.4980011 ]]
1
[[ -94.69645691 -165.62719727 -141.32762146  -19.36257935]]
3
FAIL
9/19
