[[-215.68331909  -90.82888794  -21.50891113 -209.54417419]]
2
[[ -17.63867188  -48.65964508  -10.15378571 -126.90859222]]
2
[[ -4.23228073 -21.93697548 -33.47026825 -88.39671326]]
0
[[ -17.63867188  -48.65964508  -10.15378571 -126.90859222]]
2
[[ -4.23228073 -21.93697548 -33.47026825 -88.39671326]]
0
[[ -17.63867188  -48.65964508  -10.15378571 -126.90859222]]
2
[[ -4.23228073 -21.93697548 -33.47026825 -88.39671326]]
0
[[ -17.63867188  -48.65964508  -10.15378571 -126.90859222]]
2
[[ -4.23228073 -21.93697548 -33.47026825 -88.39671326]]
0
[[ -17.63867188  -48.65964508  -10.15378571 -126.90859222]]
2
[[ -4.23228073 -21.93697548 -33.47026825 -88.39671326]]
0
[[ -17.63867188  -48.65964508  -10.15378571 -126.90859222]]
2
[[ -4.23228073 -21.93697548 -33.47026825 -88.39671326]]
0
[[ -17.63867188  -48.65964508  -10.15378571 -126.90859222]]
2
[[ -4.23228073 -21.93697548 -33.47026825 -88.39671326]]
0
[[ -17.63867188  -48.65964508  -10.15378571 -126.90859222]]
2
[[ -4.23228073 -21.93697548 -33.47026825 -88.39671326]]
0
[[ -17.63867188  -48.65964508  -10.15378571 -126.90859222]]
2
[[ -4.23228073 -21.93697548 -33.47026825 -88.39671326]]
0
[[ -17.63867188  -48.65964508  -10.15378571 -126.90859222]]
2
[[ -4.23228073 -21.93697548 -33.47026825 -88.39671326]]
0
[[ -17.63867188  -48.65964508  -10.15378571 -126.90859222]]
2
[[ -4.23228073 -21.93697548 -33.47026825 -88.39671326]]
0
[[ -17.63867188  -48.65964508  -10.15378571 -126.90859222]]
2
[[ -4.23228073 -21.93697548 -33.47026825 -88.39671326]]
0
[[ -17.63867188  -48.65964508  -10.15378571 -126.90859222]]
2
[[ -4.23228073 -21.93697548 -33.47026825 -88.39671326]]
0
[[ -17.63867188  -48.65964508  -10.15378571 -126.90859222]]
2
[[ -4.23228073 -21.93697548 -33.47026825 -88.39671326]]
0
[[ -17.63867188  -48.65964508  -10.15378571 -126.90859222]]
2
[[ -4.23228073 -21.93697548 -33.47026825 -88.39671326]]
0
[[ -17.63867188  -48.65964508  -10.15378571 -126.90859222]]
2
[[ -4.23228073 -21.93697548 -33.47026825 -88.39671326]]
0
[[ -17.63867188  -48.65964508  -10.15378571 -126.90859222]]
2
[[ -4.23228073 -21.93697548 -33.47026825 -88.39671326]]
0
[[ -17.63867188  -48.65964508  -10.15378571 -126.90859222]]
2
[[ -4.23228073 -21.93697548 -33.47026825 -88.39671326]]
0
[[ -17.63867188  -48.65964508  -10.15378571 -126.90859222]]
2
[[ -4.23228073 -21.93697548 -33.47026825 -88.39671326]]
0
[[ -17.63867188  -48.65964508  -10.15378571 -126.90859222]]
2
[[ -4.23228073 -21.93697548 -33.47026825 -88.39671326]]
0
[[ -17.63867188  -48.65964508  -10.15378571 -126.90859222]]
2
[[ -4.23228073 -21.93697548 -33.47026825 -88.39671326]]
0
[[ -17.63867188  -48.65964508  -10.15378571 -126.90859222]]
2
[[ -4.23228073 -21.93697548 -33.47026825 -88.39671326]]
0
[[ -17.63867188  -48.65964508  -10.15378571 -126.90859222]]
2
[[ -4.23228073 -21.93697548 -33.47026825 -88.39671326]]
0
[[ -17.63867188  -48.65964508  -10.15378571 -126.90859222]]
2
[[ -4.23228073 -21.93697548 -33.47026825 -88.39671326]]
0
[[ -17.63867188  -48.65964508  -10.15378571 -126.90859222]]
2
[[ -4.23228073 -21.93697548 -33.47026825 -88.39671326]]
0
[[ -17.63867188  -48.65964508  -10.15378571 -126.90859222]]
2
[[ -4.23228073 -21.93697548 -33.47026825 -88.39671326]]
0
[[ -17.63867188  -48.65964508  -10.15378571 -126.90859222]]
2
[[ -4.23228073 -21.93697548 -33.47026825 -88.39671326]]
0
[[ -17.63867188  -48.65964508  -10.15378571 -126.90859222]]
2
[[ -4.23228073 -21.93697548 -33.47026825 -88.39671326]]
0
[[ -17.63867188  -48.65964508  -10.15378571 -126.90859222]]
2
[[ -4.23228073 -21.93697548 -33.47026825 -88.39671326]]
0
[[ -17.63867188  -48.65964508  -10.15378571 -126.90859222]]
2
[[ -4.23228073 -21.93697548 -33.47026825 -88.39671326]]
0
[[ -17.63867188  -48.65964508  -10.15378571 -126.90859222]]
2
[[ -4.23228073 -21.93697548 -33.47026825 -88.39671326]]
0
[[ -17.63867188  -48.65964508  -10.15378571 -126.90859222]]
2
[[ -4.23228073 -21.93697548 -33.47026825 -88.39671326]]
0
[[ -17.63867188  -48.65964508  -10.15378571 -126.90859222]]
2
[[ -4.23228073 -21.93697548 -33.47026825 -88.39671326]]
0
[[ -17.63867188  -48.65964508  -10.15378571 -126.90859222]]
2
[[ -4.23228073 -21.93697548 -33.47026825 -88.39671326]]
0
[[ -17.63867188  -48.65964508  -10.15378571 -126.90859222]]
2
[[ -4.23228073 -21.93697548 -33.47026825 -88.39671326]]
0
[[ -17.63867188  -48.65964508  -10.15378571 -126.90859222]]
2
[[ -4.23228073 -21.93697548 -33.47026825 -88.39671326]]
0
[[ -17.63867188  -48.65964508  -10.15378571 -126.90859222]]
2
[[ -4.23228073 -21.93697548 -33.47026825 -88.39671326]]
0
[[ -17.63867188  -48.65964508  -10.15378571 -126.90859222]]
2
[[ -4.23228073 -21.93697548 -33.47026825 -88.39671326]]
0
[[ -17.63867188  -48.65964508  -10.15378571 -126.90859222]]
2
[[ -4.23228073 -21.93697548 -33.47026825 -88.39671326]]
0
[[ -17.63867188  -48.65964508  -10.15378571 -126.90859222]]
2
[[ -4.23228073 -21.93697548 -33.47026825 -88.39671326]]
0
[[ -17.63867188  -48.65964508  -10.15378571 -126.90859222]]
2
[[ -4.23228073 -21.93697548 -33.47026825 -88.39671326]]
0
[[ -17.63867188  -48.65964508  -10.15378571 -126.90859222]]
2
[[ -4.23228073 -21.93697548 -33.47026825 -88.39671326]]
0
[[ -17.63867188  -48.65964508  -10.15378571 -126.90859222]]
2
[[ -4.23228073 -21.93697548 -33.47026825 -88.39671326]]
0
[[ -17.63867188  -48.65964508  -10.15378571 -126.90859222]]
2
[[ -4.23228073 -21.93697548 -33.47026825 -88.39671326]]
0
[[ -17.63867188  -48.65964508  -10.15378571 -126.90859222]]
2
[[ -4.23228073 -21.93697548 -33.47026825 -88.39671326]]
0
[[ -17.63867188  -48.65964508  -10.15378571 -126.90859222]]
2
[[ -4.23228073 -21.93697548 -33.47026825 -88.39671326]]
0
[[ -17.63867188  -48.65964508  -10.15378571 -126.90859222]]
2
[[ -4.23228073 -21.93697548 -33.47026825 -88.39671326]]
0
[[ -17.63867188  -48.65964508  -10.15378571 -126.90859222]]
2
[[ -4.23228073 -21.93697548 -33.47026825 -88.39671326]]
0
[[ -17.63867188  -48.65964508  -10.15378571 -126.90859222]]
2
[[ -4.23228073 -21.93697548 -33.47026825 -88.39671326]]
0
[[ -17.63867188  -48.65964508  -10.15378571 -126.90859222]]
2
[[ -4.23228073 -21.93697548 -33.47026825 -88.39671326]]
0
FAIL
2/31
