[[ -75.50895691  -19.83166122 -100.49407959 -105.19773865]]
1
[[ -77.73020172  -25.60960007 -100.3939209   -97.02640533]]
1
[[-39.21986008 -73.4624176  -95.23235321 -82.0331192 ]]
0
[[-100.59315491   -0.75935364  -72.26820374 -142.66355896]]
1
[[ -21.28191757  -70.60300446 -127.95239258  -99.66177368]]
0
[[  -8.13439941  -74.79891968  -53.02064133 -129.09790039]]
0
[[ -81.58398438   -1.55181503  -13.7121315  -106.10923767]]
1
[[-44.45288849 -63.77413177 -85.98117065 -98.98226929]]
0
[[-20.37278748 -83.29157257 -73.72293091 -96.70530701]]
0
[[ -25.33301926  -58.98485565  -24.52051544 -123.33216858]]
2
[[-20.37278748 -83.29157257 -73.72293091 -96.70530701]]
0
[[ -25.33301926  -58.98485565  -24.52051544 -123.33216858]]
2
[[-20.37278748 -83.29157257 -73.72293091 -96.70530701]]
0
[[ -25.33301926  -58.98485565  -24.52051544 -123.33216858]]
2
[[-20.37278748 -83.29157257 -73.72293091 -96.70530701]]
0
[[ -25.33301926  -58.98485565  -24.52051544 -123.33216858]]
2
[[-20.37278748 -83.29157257 -73.72293091 -96.70530701]]
0
[[ -25.33301926  -58.98485565  -24.52051544 -123.33216858]]
2
[[-20.37278748 -83.29157257 -73.72293091 -96.70530701]]
0
[[ -25.33301926  -58.98485565  -24.52051544 -123.33216858]]
2
[[-20.37278748 -83.29157257 -73.72293091 -96.70530701]]
0
[[ -25.33301926  -58.98485565  -24.52051544 -123.33216858]]
2
[[-20.37278748 -83.29157257 -73.72293091 -96.70530701]]
0
[[ -25.33301926  -58.98485565  -24.52051544 -123.33216858]]
2
[[-20.37278748 -83.29157257 -73.72293091 -96.70530701]]
0
[[ -25.33301926  -58.98485565  -24.52051544 -123.33216858]]
2
[[-20.37278748 -83.29157257 -73.72293091 -96.70530701]]
0
[[ -25.33301926  -58.98485565  -24.52051544 -123.33216858]]
2
[[-20.37278748 -83.29157257 -73.72293091 -96.70530701]]
0
[[ -25.33301926  -58.98485565  -24.52051544 -123.33216858]]
2
[[-20.37278748 -83.29157257 -73.72293091 -96.70530701]]
0
[[ -25.33301926  -58.98485565  -24.52051544 -123.33216858]]
2
[[-20.37278748 -83.29157257 -73.72293091 -96.70530701]]
0
[[ -25.33301926  -58.98485565  -24.52051544 -123.33216858]]
2
[[-20.37278748 -83.29157257 -73.72293091 -96.70530701]]
0
[[ -25.33301926  -58.98485565  -24.52051544 -123.33216858]]
2
[[-20.37278748 -83.29157257 -73.72293091 -96.70530701]]
0
[[ -25.33301926  -58.98485565  -24.52051544 -123.33216858]]
2
[[-20.37278748 -83.29157257 -73.72293091 -96.70530701]]
0
[[ -25.33301926  -58.98485565  -24.52051544 -123.33216858]]
2
[[-20.37278748 -83.29157257 -73.72293091 -96.70530701]]
0
[[ -25.33301926  -58.98485565  -24.52051544 -123.33216858]]
2
[[-20.37278748 -83.29157257 -73.72293091 -96.70530701]]
0
[[ -25.33301926  -58.98485565  -24.52051544 -123.33216858]]
2
[[-20.37278748 -83.29157257 -73.72293091 -96.70530701]]
0
[[ -25.33301926  -58.98485565  -24.52051544 -123.33216858]]
2
[[-20.37278748 -83.29157257 -73.72293091 -96.70530701]]
0
[[ -25.33301926  -58.98485565  -24.52051544 -123.33216858]]
2
[[-20.37278748 -83.29157257 -73.72293091 -96.70530701]]
0
[[ -25.33301926  -58.98485565  -24.52051544 -123.33216858]]
2
[[-20.37278748 -83.29157257 -73.72293091 -96.70530701]]
0
[[ -25.33301926  -58.98485565  -24.52051544 -123.33216858]]
2
[[-20.37278748 -83.29157257 -73.72293091 -96.70530701]]
0
[[ -25.33301926  -58.98485565  -24.52051544 -123.33216858]]
2
[[-20.37278748 -83.29157257 -73.72293091 -96.70530701]]
0
[[ -25.33301926  -58.98485565  -24.52051544 -123.33216858]]
2
[[-20.37278748 -83.29157257 -73.72293091 -96.70530701]]
0
[[ -25.33301926  -58.98485565  -24.52051544 -123.33216858]]
2
[[-20.37278748 -83.29157257 -73.72293091 -96.70530701]]
0
[[ -25.33301926  -58.98485565  -24.52051544 -123.33216858]]
2
[[-20.37278748 -83.29157257 -73.72293091 -96.70530701]]
0
[[ -25.33301926  -58.98485565  -24.52051544 -123.33216858]]
2
[[-20.37278748 -83.29157257 -73.72293091 -96.70530701]]
0
[[ -25.33301926  -58.98485565  -24.52051544 -123.33216858]]
2
[[-20.37278748 -83.29157257 -73.72293091 -96.70530701]]
0
[[ -25.33301926  -58.98485565  -24.52051544 -123.33216858]]
2
[[-20.37278748 -83.29157257 -73.72293091 -96.70530701]]
0
[[ -25.33301926  -58.98485565  -24.52051544 -123.33216858]]
2
[[-20.37278748 -83.29157257 -73.72293091 -96.70530701]]
0
[[ -25.33301926  -58.98485565  -24.52051544 -123.33216858]]
2
[[-20.37278748 -83.29157257 -73.72293091 -96.70530701]]
0
[[ -25.33301926  -58.98485565  -24.52051544 -123.33216858]]
2
[[-20.37278748 -83.29157257 -73.72293091 -96.70530701]]
0
[[ -25.33301926  -58.98485565  -24.52051544 -123.33216858]]
2
[[-20.37278748 -83.29157257 -73.72293091 -96.70530701]]
0
[[ -25.33301926  -58.98485565  -24.52051544 -123.33216858]]
2
[[-20.37278748 -83.29157257 -73.72293091 -96.70530701]]
0
[[ -25.33301926  -58.98485565  -24.52051544 -123.33216858]]
2
[[-20.37278748 -83.29157257 -73.72293091 -96.70530701]]
0
[[ -25.33301926  -58.98485565  -24.52051544 -123.33216858]]
2
[[-20.37278748 -83.29157257 -73.72293091 -96.70530701]]
0
[[ -25.33301926  -58.98485565  -24.52051544 -123.33216858]]
2
[[-20.37278748 -83.29157257 -73.72293091 -96.70530701]]
0
[[ -25.33301926  -58.98485565  -24.52051544 -123.33216858]]
2
[[-20.37278748 -83.29157257 -73.72293091 -96.70530701]]
0
[[ -25.33301926  -58.98485565  -24.52051544 -123.33216858]]
2
[[-20.37278748 -83.29157257 -73.72293091 -96.70530701]]
0
[[ -25.33301926  -58.98485565  -24.52051544 -123.33216858]]
2
[[-20.37278748 -83.29157257 -73.72293091 -96.70530701]]
0
[[ -25.33301926  -58.98485565  -24.52051544 -123.33216858]]
2
[[-20.37278748 -83.29157257 -73.72293091 -96.70530701]]
0
[[ -25.33301926  -58.98485565  -24.52051544 -123.33216858]]
2
[[-20.37278748 -83.29157257 -73.72293091 -96.70530701]]
0
[[ -25.33301926  -58.98485565  -24.52051544 -123.33216858]]
2
[[-20.37278748 -83.29157257 -73.72293091 -96.70530701]]
0
[[ -25.33301926  -58.98485565  -24.52051544 -123.33216858]]
2
[[-20.37278748 -83.29157257 -73.72293091 -96.70530701]]
0
[[ -25.33301926  -58.98485565  -24.52051544 -123.33216858]]
2
[[-20.37278748 -83.29157257 -73.72293091 -96.70530701]]
0
[[ -25.33301926  -58.98485565  -24.52051544 -123.33216858]]
2
[[-20.37278748 -83.29157257 -73.72293091 -96.70530701]]
0
FAIL
9/22
