[[ -77.77427673  -20.58420944  -77.85507965 -118.97447968]]
1
[[-81.5069809  -27.30381775 -77.51419067 -99.89518738]]
1
[[ -81.4864502   -78.09104919  -43.97033691 -105.8032074 ]]
2
[[ -87.47619629  -11.0019989   -78.19618988 -165.60343933]]
1
[[-194.7177124   -85.17730713   -0.62200165 -112.38409424]]
2
[[ -37.30255127  -11.43661499 -250.01446533 -208.36209106]]
1
[[-183.52766418   43.89295959   87.68139648   -8.26326942]]
2
[[ -18.74084473   33.88430023  441.69589233   12.22276306]]
2
PASS
8/8
