[[ -36.09655762  -59.25476456  -97.46548462 -111.08208466]]
0
[[ -23.00036621  -79.41572571  -50.91191864 -101.36077881]]
0
[[ -12.34145737 -100.61630249  -39.16225433 -114.11521149]]
0
[[  -9.57101059  -53.95861816  -34.86091614 -144.04519653]]
0
[[ -22.83753204 -119.04629517  -77.82556152 -181.89007568]]
0
[[-108.15153503  -19.03966522  -23.47344971 -149.50897217]]
1
[[ -28.44192505 -178.12593079  -80.56438446  -67.87111664]]
0
[[ -13.56433105  -20.91142273 -156.39041138 -270.64852905]]
0
[[-102.34811401 -169.36366272 -144.2664032   -18.10170746]]
3
[[  -7.12228775    8.88955688 -145.08013916 -125.57196045]]
1
[[-102.34811401 -169.36366272 -144.2664032   -18.10170746]]
3
[[  -7.12228775    8.88955688 -145.08013916 -125.57196045]]
1
[[-102.34811401 -169.36366272 -144.2664032   -18.10170746]]
3
[[  -7.12228775    8.88955688 -145.08013916 -125.57196045]]
1
[[-102.34811401 -169.36366272 -144.2664032   -18.10170746]]
3
[[  -7.12228775    8.88955688 -145.08013916 -125.57196045]]
1
[[-102.34811401 -169.36366272 -144.2664032   -18.10170746]]
3
[[  -7.12228775    8.88955688 -145.08013916 -125.57196045]]
1
[[-102.34811401 -169.36366272 -144.2664032   -18.10170746]]
3
[[  -7.12228775    8.88955688 -145.08013916 -125.57196045]]
1
[[-102.34811401 -169.36366272 -144.2664032   -18.10170746]]
3
[[  -7.12228775    8.88955688 -145.08013916 -125.57196045]]
1
[[-102.34811401 -169.36366272 -144.2664032   -18.10170746]]
3
[[  -7.12228775    8.88955688 -145.08013916 -125.57196045]]
1
[[-102.34811401 -169.36366272 -144.2664032   -18.10170746]]
3
[[  -7.12228775    8.88955688 -145.08013916 -125.57196045]]
1
[[-102.34811401 -169.36366272 -144.2664032   -18.10170746]]
3
[[  -7.12228775    8.88955688 -145.08013916 -125.57196045]]
1
[[-102.34811401 -169.36366272 -144.2664032   -18.10170746]]
3
[[  -7.12228775    8.88955688 -145.08013916 -125.57196045]]
1
[[-102.34811401 -169.36366272 -144.2664032   -18.10170746]]
3
[[  -7.12228775    8.88955688 -145.08013916 -125.57196045]]
1
[[-102.34811401 -169.36366272 -144.2664032   -18.10170746]]
3
[[  -7.12228775    8.88955688 -145.08013916 -125.57196045]]
1
[[-102.34811401 -169.36366272 -144.2664032   -18.10170746]]
3
[[  -7.12228775    8.88955688 -145.08013916 -125.57196045]]
1
[[-102.34811401 -169.36366272 -144.2664032   -18.10170746]]
3
[[  -7.12228775    8.88955688 -145.08013916 -125.57196045]]
1
[[-102.34811401 -169.36366272 -144.2664032   -18.10170746]]
3
[[  -7.12228775    8.88955688 -145.08013916 -125.57196045]]
1
[[-102.34811401 -169.36366272 -144.2664032   -18.10170746]]
3
[[  -7.12228775    8.88955688 -145.08013916 -125.57196045]]
1
[[-102.34811401 -169.36366272 -144.2664032   -18.10170746]]
3
[[  -7.12228775    8.88955688 -145.08013916 -125.57196045]]
1
[[-102.34811401 -169.36366272 -144.2664032   -18.10170746]]
3
[[  -7.12228775    8.88955688 -145.08013916 -125.57196045]]
1
[[-102.34811401 -169.36366272 -144.2664032   -18.10170746]]
3
[[  -7.12228775    8.88955688 -145.08013916 -125.57196045]]
1
[[-102.34811401 -169.36366272 -144.2664032   -18.10170746]]
3
[[  -7.12228775    8.88955688 -145.08013916 -125.57196045]]
1
[[-102.34811401 -169.36366272 -144.2664032   -18.10170746]]
3
[[  -7.12228775    8.88955688 -145.08013916 -125.57196045]]
1
[[-102.34811401 -169.36366272 -144.2664032   -18.10170746]]
3
[[  -7.12228775    8.88955688 -145.08013916 -125.57196045]]
1
[[-102.34811401 -169.36366272 -144.2664032   -18.10170746]]
3
[[  -7.12228775    8.88955688 -145.08013916 -125.57196045]]
1
[[-102.34811401 -169.36366272 -144.2664032   -18.10170746]]
3
[[  -7.12228775    8.88955688 -145.08013916 -125.57196045]]
1
[[-102.34811401 -169.36366272 -144.2664032   -18.10170746]]
3
[[  -7.12228775    8.88955688 -145.08013916 -125.57196045]]
1
[[-102.34811401 -169.36366272 -144.2664032   -18.10170746]]
3
[[  -7.12228775    8.88955688 -145.08013916 -125.57196045]]
1
[[-102.34811401 -169.36366272 -144.2664032   -18.10170746]]
3
[[  -7.12228775    8.88955688 -145.08013916 -125.57196045]]
1
[[-102.34811401 -169.36366272 -144.2664032   -18.10170746]]
3
[[  -7.12228775    8.88955688 -145.08013916 -125.57196045]]
1
[[-102.34811401 -169.36366272 -144.2664032   -18.10170746]]
3
[[  -7.12228775    8.88955688 -145.08013916 -125.57196045]]
1
[[-102.34811401 -169.36366272 -144.2664032   -18.10170746]]
3
[[  -7.12228775    8.88955688 -145.08013916 -125.57196045]]
1
[[-102.34811401 -169.36366272 -144.2664032   -18.10170746]]
3
[[  -7.12228775    8.88955688 -145.08013916 -125.57196045]]
1
[[-102.34811401 -169.36366272 -144.2664032   -18.10170746]]
3
[[  -7.12228775    8.88955688 -145.08013916 -125.57196045]]
1
[[-102.34811401 -169.36366272 -144.2664032   -18.10170746]]
3
[[  -7.12228775    8.88955688 -145.08013916 -125.57196045]]
1
[[-102.34811401 -169.36366272 -144.2664032   -18.10170746]]
3
[[  -7.12228775    8.88955688 -145.08013916 -125.57196045]]
1
[[-102.34811401 -169.36366272 -144.2664032   -18.10170746]]
3
[[  -7.12228775    8.88955688 -145.08013916 -125.57196045]]
1
[[-102.34811401 -169.36366272 -144.2664032   -18.10170746]]
3
[[  -7.12228775    8.88955688 -145.08013916 -125.57196045]]
1
[[-102.34811401 -169.36366272 -144.2664032   -18.10170746]]
3
[[  -7.12228775    8.88955688 -145.08013916 -125.57196045]]
1
[[-102.34811401 -169.36366272 -144.2664032   -18.10170746]]
3
[[  -7.12228775    8.88955688 -145.08013916 -125.57196045]]
1
[[-102.34811401 -169.36366272 -144.2664032   -18.10170746]]
3
[[  -7.12228775    8.88955688 -145.08013916 -125.57196045]]
1
[[-102.34811401 -169.36366272 -144.2664032   -18.10170746]]
3
[[  -7.12228775    8.88955688 -145.08013916 -125.57196045]]
1
[[-102.34811401 -169.36366272 -144.2664032   -18.10170746]]
3
[[  -7.12228775    8.88955688 -145.08013916 -125.57196045]]
1
[[-102.34811401 -169.36366272 -144.2664032   -18.10170746]]
3
[[  -7.12228775    8.88955688 -145.08013916 -125.57196045]]
1
[[-102.34811401 -169.36366272 -144.2664032   -18.10170746]]
3
[[  -7.12228775    8.88955688 -145.08013916 -125.57196045]]
1
[[-102.34811401 -169.36366272 -144.2664032   -18.10170746]]
3
[[  -7.12228775    8.88955688 -145.08013916 -125.57196045]]
1
[[-102.34811401 -169.36366272 -144.2664032   -18.10170746]]
3
[[  -7.12228775    8.88955688 -145.08013916 -125.57196045]]
1
[[-102.34811401 -169.36366272 -144.2664032   -18.10170746]]
3
FAIL
9/19
