[[-218.81835938  -92.00437927  -21.95549011 -210.48959351]]
2
[[ -19.30036926  -51.27273178  -10.52000809 -126.9708252 ]]
2
[[ -5.23064041 -25.40392113 -34.29795074 -88.00086212]]
0
[[ -19.30036926  -51.27273178  -10.52000809 -126.9708252 ]]
2
[[ -5.23064041 -25.40392113 -34.29795074 -88.00086212]]
0
[[ -19.30036926  -51.27273178  -10.52000809 -126.9708252 ]]
2
[[ -5.23064041 -25.40392113 -34.29795074 -88.00086212]]
0
[[ -19.30036926  -51.27273178  -10.52000809 -126.9708252 ]]
2
[[ -5.23064041 -25.40392113 -34.29795074 -88.00086212]]
0
[[ -19.30036926  -51.27273178  -10.52000809 -126.9708252 ]]
2
[[ -5.23064041 -25.40392113 -34.29795074 -88.00086212]]
0
[[ -19.30036926  -51.27273178  -10.52000809 -126.9708252 ]]
2
[[ -5.23064041 -25.40392113 -34.29795074 -88.00086212]]
0
[[ -19.30036926  -51.27273178  -10.52000809 -126.9708252 ]]
2
[[ -5.23064041 -25.40392113 -34.29795074 -88.00086212]]
0
[[ -19.30036926  -51.27273178  -10.52000809 -126.9708252 ]]
2
[[ -5.23064041 -25.40392113 -34.29795074 -88.00086212]]
0
[[ -19.30036926  -51.27273178  -10.52000809 -126.9708252 ]]
2
[[ -5.23064041 -25.40392113 -34.29795074 -88.00086212]]
0
[[ -19.30036926  -51.27273178  -10.52000809 -126.9708252 ]]
2
[[ -5.23064041 -25.40392113 -34.29795074 -88.00086212]]
0
[[ -19.30036926  -51.27273178  -10.52000809 -126.9708252 ]]
2
[[ -5.23064041 -25.40392113 -34.29795074 -88.00086212]]
0
[[ -19.30036926  -51.27273178  -10.52000809 -126.9708252 ]]
2
[[ -5.23064041 -25.40392113 -34.29795074 -88.00086212]]
0
[[ -19.30036926  -51.27273178  -10.52000809 -126.9708252 ]]
2
[[ -5.23064041 -25.40392113 -34.29795074 -88.00086212]]
0
[[ -19.30036926  -51.27273178  -10.52000809 -126.9708252 ]]
2
[[ -5.23064041 -25.40392113 -34.29795074 -88.00086212]]
0
[[ -19.30036926  -51.27273178  -10.52000809 -126.9708252 ]]
2
[[ -5.23064041 -25.40392113 -34.29795074 -88.00086212]]
0
[[ -19.30036926  -51.27273178  -10.52000809 -126.9708252 ]]
2
[[ -5.23064041 -25.40392113 -34.29795074 -88.00086212]]
0
[[ -19.30036926  -51.27273178  -10.52000809 -126.9708252 ]]
2
[[ -5.23064041 -25.40392113 -34.29795074 -88.00086212]]
0
[[ -19.30036926  -51.27273178  -10.52000809 -126.9708252 ]]
2
[[ -5.23064041 -25.40392113 -34.29795074 -88.00086212]]
0
[[ -19.30036926  -51.27273178  -10.52000809 -126.9708252 ]]
2
[[ -5.23064041 -25.40392113 -34.29795074 -88.00086212]]
0
[[ -19.30036926  -51.27273178  -10.52000809 -126.9708252 ]]
2
[[ -5.23064041 -25.40392113 -34.29795074 -88.00086212]]
0
[[ -19.30036926  -51.27273178  -10.52000809 -126.9708252 ]]
2
[[ -5.23064041 -25.40392113 -34.29795074 -88.00086212]]
0
[[ -19.30036926  -51.27273178  -10.52000809 -126.9708252 ]]
2
[[ -5.23064041 -25.40392113 -34.29795074 -88.00086212]]
0
[[ -19.30036926  -51.27273178  -10.52000809 -126.9708252 ]]
2
[[ -5.23064041 -25.40392113 -34.29795074 -88.00086212]]
0
[[ -19.30036926  -51.27273178  -10.52000809 -126.9708252 ]]
2
[[ -5.23064041 -25.40392113 -34.29795074 -88.00086212]]
0
[[ -19.30036926  -51.27273178  -10.52000809 -126.9708252 ]]
2
[[ -5.23064041 -25.40392113 -34.29795074 -88.00086212]]
0
[[ -19.30036926  -51.27273178  -10.52000809 -126.9708252 ]]
2
[[ -5.23064041 -25.40392113 -34.29795074 -88.00086212]]
0
[[ -19.30036926  -51.27273178  -10.52000809 -126.9708252 ]]
2
[[ -5.23064041 -25.40392113 -34.29795074 -88.00086212]]
0
[[ -19.30036926  -51.27273178  -10.52000809 -126.9708252 ]]
2
[[ -5.23064041 -25.40392113 -34.29795074 -88.00086212]]
0
[[ -19.30036926  -51.27273178  -10.52000809 -126.9708252 ]]
2
[[ -5.23064041 -25.40392113 -34.29795074 -88.00086212]]
0
[[ -19.30036926  -51.27273178  -10.52000809 -126.9708252 ]]
2
[[ -5.23064041 -25.40392113 -34.29795074 -88.00086212]]
0
[[ -19.30036926  -51.27273178  -10.52000809 -126.9708252 ]]
2
[[ -5.23064041 -25.40392113 -34.29795074 -88.00086212]]
0
[[ -19.30036926  -51.27273178  -10.52000809 -126.9708252 ]]
2
[[ -5.23064041 -25.40392113 -34.29795074 -88.00086212]]
0
[[ -19.30036926  -51.27273178  -10.52000809 -126.9708252 ]]
2
[[ -5.23064041 -25.40392113 -34.29795074 -88.00086212]]
0
[[ -19.30036926  -51.27273178  -10.52000809 -126.9708252 ]]
2
[[ -5.23064041 -25.40392113 -34.29795074 -88.00086212]]
0
[[ -19.30036926  -51.27273178  -10.52000809 -126.9708252 ]]
2
[[ -5.23064041 -25.40392113 -34.29795074 -88.00086212]]
0
[[ -19.30036926  -51.27273178  -10.52000809 -126.9708252 ]]
2
[[ -5.23064041 -25.40392113 -34.29795074 -88.00086212]]
0
[[ -19.30036926  -51.27273178  -10.52000809 -126.9708252 ]]
2
[[ -5.23064041 -25.40392113 -34.29795074 -88.00086212]]
0
[[ -19.30036926  -51.27273178  -10.52000809 -126.9708252 ]]
2
[[ -5.23064041 -25.40392113 -34.29795074 -88.00086212]]
0
[[ -19.30036926  -51.27273178  -10.52000809 -126.9708252 ]]
2
[[ -5.23064041 -25.40392113 -34.29795074 -88.00086212]]
0
[[ -19.30036926  -51.27273178  -10.52000809 -126.9708252 ]]
2
[[ -5.23064041 -25.40392113 -34.29795074 -88.00086212]]
0
[[ -19.30036926  -51.27273178  -10.52000809 -126.9708252 ]]
2
[[ -5.23064041 -25.40392113 -34.29795074 -88.00086212]]
0
[[ -19.30036926  -51.27273178  -10.52000809 -126.9708252 ]]
2
[[ -5.23064041 -25.40392113 -34.29795074 -88.00086212]]
0
[[ -19.30036926  -51.27273178  -10.52000809 -126.9708252 ]]
2
[[ -5.23064041 -25.40392113 -34.29795074 -88.00086212]]
0
[[ -19.30036926  -51.27273178  -10.52000809 -126.9708252 ]]
2
[[ -5.23064041 -25.40392113 -34.29795074 -88.00086212]]
0
[[ -19.30036926  -51.27273178  -10.52000809 -126.9708252 ]]
2
[[ -5.23064041 -25.40392113 -34.29795074 -88.00086212]]
0
[[ -19.30036926  -51.27273178  -10.52000809 -126.9708252 ]]
2
[[ -5.23064041 -25.40392113 -34.29795074 -88.00086212]]
0
[[ -19.30036926  -51.27273178  -10.52000809 -126.9708252 ]]
2
[[ -5.23064041 -25.40392113 -34.29795074 -88.00086212]]
0
[[ -19.30036926  -51.27273178  -10.52000809 -126.9708252 ]]
2
[[ -5.23064041 -25.40392113 -34.29795074 -88.00086212]]
0
[[ -19.30036926  -51.27273178  -10.52000809 -126.9708252 ]]
2
[[ -5.23064041 -25.40392113 -34.29795074 -88.00086212]]
0
[[ -19.30036926  -51.27273178  -10.52000809 -126.9708252 ]]
2
[[ -5.23064041 -25.40392113 -34.29795074 -88.00086212]]
0
FAIL
2/31
