[[ -81.00245667  -20.54398346  -79.94348907 -120.17949677]]
1
[[ -84.99028778  -28.02257538  -79.50025177 -100.27381134]]
1
[[ -85.32315826  -81.46969604  -44.27744293 -106.34461975]]
2
[[ -89.92724609  -11.9299469   -80.38928223 -166.71867371]]
1
[[-200.04696655  -86.57576752   -1.1834259  -112.92599487]]
2
[[ -39.88815308  -15.43551636 -255.77059937 -209.69033813]]
1
[[-185.68478394   45.10882187   92.27632904   -4.93275833]]
2
[[ -18.00694275   35.3718338   451.9241333    15.20981598]]
2
PASS
8/8
