[[ -77.21736145  -21.2180748  -102.62055206 -104.35798645]]
1
[[ -79.67558289  -26.91794586 -102.76399994  -96.14009094]]
1
[[-41.11694336 -75.72545624 -97.93095398 -81.41372681]]
0
[[-103.06930542   -1.35251617  -74.10659027 -142.21414185]]
1
[[ -21.66274643  -72.58016968 -130.95254517  -99.29950714]]
0
[[  -9.24482727  -76.99267578  -54.7769165  -128.99491882]]
0
[[ -84.34745026   -3.09339142  -15.2518692  -105.66461945]]
1
[[-45.88085556 -65.63948059 -87.99884033 -98.72466278]]
0
[[-21.14895248 -86.03796387 -75.60096741 -96.65462494]]
0
[[ -26.26314926  -61.3690567   -25.16847992 -123.19870758]]
2
[[-21.14895248 -86.03796387 -75.60096741 -96.65462494]]
0
[[ -26.26314926  -61.3690567   -25.16847992 -123.19870758]]
2
[[-21.14895248 -86.03796387 -75.60096741 -96.65462494]]
0
[[ -26.26314926  -61.3690567   -25.16847992 -123.19870758]]
2
[[-21.14895248 -86.03796387 -75.60096741 -96.65462494]]
0
[[ -26.26314926  -61.3690567   -25.16847992 -123.19870758]]
2
[[-21.14895248 -86.03796387 -75.60096741 -96.65462494]]
0
[[ -26.26314926  -61.3690567   -25.16847992 -123.19870758]]
2
[[-21.14895248 -86.03796387 -75.60096741 -96.65462494]]
0
[[ -26.26314926  -61.3690567   -25.16847992 -123.19870758]]
2
[[-21.14895248 -86.03796387 -75.60096741 -96.65462494]]
0
[[ -26.26314926  -61.3690567   -25.16847992 -123.19870758]]
2
[[-21.14895248 -86.03796387 -75.60096741 -96.65462494]]
0
[[ -26.26314926  -61.3690567   -25.16847992 -123.19870758]]
2
[[-21.14895248 -86.03796387 -75.60096741 -96.65462494]]
0
[[ -26.26314926  -61.3690567   -25.16847992 -123.19870758]]
2
[[-21.14895248 -86.03796387 -75.60096741 -96.65462494]]
0
[[ -26.26314926  -61.3690567   -25.16847992 -123.19870758]]
2
[[-21.14895248 -86.03796387 -75.60096741 -96.65462494]]
0
[[ -26.26314926  -61.3690567   -25.16847992 -123.19870758]]
2
[[-21.14895248 -86.03796387 -75.60096741 -96.65462494]]
0
[[ -26.26314926  -61.3690567   -25.16847992 -123.19870758]]
2
[[-21.14895248 -86.03796387 -75.60096741 -96.65462494]]
0
[[ -26.26314926  -61.3690567   -25.16847992 -123.19870758]]
2
[[-21.14895248 -86.03796387 -75.60096741 -96.65462494]]
0
[[ -26.26314926  -61.3690567   -25.16847992 -123.19870758]]
2
[[-21.14895248 -86.03796387 -75.60096741 -96.65462494]]
0
[[ -26.26314926  -61.3690567   -25.16847992 -123.19870758]]
2
[[-21.14895248 -86.03796387 -75.60096741 -96.65462494]]
0
[[ -26.26314926  -61.3690567   -25.16847992 -123.19870758]]
2
[[-21.14895248 -86.03796387 -75.60096741 -96.65462494]]
0
[[ -26.26314926  -61.3690567   -25.16847992 -123.19870758]]
2
[[-21.14895248 -86.03796387 -75.60096741 -96.65462494]]
0
[[ -26.26314926  -61.3690567   -25.16847992 -123.19870758]]
2
[[-21.14895248 -86.03796387 -75.60096741 -96.65462494]]
0
[[ -26.26314926  -61.3690567   -25.16847992 -123.19870758]]
2
[[-21.14895248 -86.03796387 -75.60096741 -96.65462494]]
0
[[ -26.26314926  -61.3690567   -25.16847992 -123.19870758]]
2
[[-21.14895248 -86.03796387 -75.60096741 -96.65462494]]
0
[[ -26.26314926  -61.3690567   -25.16847992 -123.19870758]]
2
[[-21.14895248 -86.03796387 -75.60096741 -96.65462494]]
0
[[ -26.26314926  -61.3690567   -25.16847992 -123.19870758]]
2
[[-21.14895248 -86.03796387 -75.60096741 -96.65462494]]
0
[[ -26.26314926  -61.3690567   -25.16847992 -123.19870758]]
2
[[-21.14895248 -86.03796387 -75.60096741 -96.65462494]]
0
[[ -26.26314926  -61.3690567   -25.16847992 -123.19870758]]
2
[[-21.14895248 -86.03796387 -75.60096741 -96.65462494]]
0
[[ -26.26314926  -61.3690567   -25.16847992 -123.19870758]]
2
[[-21.14895248 -86.03796387 -75.60096741 -96.65462494]]
0
[[ -26.26314926  -61.3690567   -25.16847992 -123.19870758]]
2
[[-21.14895248 -86.03796387 -75.60096741 -96.65462494]]
0
[[ -26.26314926  -61.3690567   -25.16847992 -123.19870758]]
2
[[-21.14895248 -86.03796387 -75.60096741 -96.65462494]]
0
[[ -26.26314926  -61.3690567   -25.16847992 -123.19870758]]
2
[[-21.14895248 -86.03796387 -75.60096741 -96.65462494]]
0
[[ -26.26314926  -61.3690567   -25.16847992 -123.19870758]]
2
[[-21.14895248 -86.03796387 -75.60096741 -96.65462494]]
0
[[ -26.26314926  -61.3690567   -25.16847992 -123.19870758]]
2
[[-21.14895248 -86.03796387 -75.60096741 -96.65462494]]
0
[[ -26.26314926  -61.3690567   -25.16847992 -123.19870758]]
2
[[-21.14895248 -86.03796387 -75.60096741 -96.65462494]]
0
[[ -26.26314926  -61.3690567   -25.16847992 -123.19870758]]
2
[[-21.14895248 -86.03796387 -75.60096741 -96.65462494]]
0
[[ -26.26314926  -61.3690567   -25.16847992 -123.19870758]]
2
[[-21.14895248 -86.03796387 -75.60096741 -96.65462494]]
0
[[ -26.26314926  -61.3690567   -25.16847992 -123.19870758]]
2
[[-21.14895248 -86.03796387 -75.60096741 -96.65462494]]
0
[[ -26.26314926  -61.3690567   -25.16847992 -123.19870758]]
2
[[-21.14895248 -86.03796387 -75.60096741 -96.65462494]]
0
[[ -26.26314926  -61.3690567   -25.16847992 -123.19870758]]
2
[[-21.14895248 -86.03796387 -75.60096741 -96.65462494]]
0
[[ -26.26314926  -61.3690567   -25.16847992 -123.19870758]]
2
[[-21.14895248 -86.03796387 -75.60096741 -96.65462494]]
0
[[ -26.26314926  -61.3690567   -25.16847992 -123.19870758]]
2
[[-21.14895248 -86.03796387 -75.60096741 -96.65462494]]
0
[[ -26.26314926  -61.3690567   -25.16847992 -123.19870758]]
2
[[-21.14895248 -86.03796387 -75.60096741 -96.65462494]]
0
[[ -26.26314926  -61.3690567   -25.16847992 -123.19870758]]
2
[[-21.14895248 -86.03796387 -75.60096741 -96.65462494]]
0
[[ -26.26314926  -61.3690567   -25.16847992 -123.19870758]]
2
[[-21.14895248 -86.03796387 -75.60096741 -96.65462494]]
0
[[ -26.26314926  -61.3690567   -25.16847992 -123.19870758]]
2
[[-21.14895248 -86.03796387 -75.60096741 -96.65462494]]
0
[[ -26.26314926  -61.3690567   -25.16847992 -123.19870758]]
2
[[-21.14895248 -86.03796387 -75.60096741 -96.65462494]]
0
[[ -26.26314926  -61.3690567   -25.16847992 -123.19870758]]
2
[[-21.14895248 -86.03796387 -75.60096741 -96.65462494]]
0
[[ -26.26314926  -61.3690567   -25.16847992 -123.19870758]]
2
[[-21.14895248 -86.03796387 -75.60096741 -96.65462494]]
0
[[ -26.26314926  -61.3690567   -25.16847992 -123.19870758]]
2
[[-21.14895248 -86.03796387 -75.60096741 -96.65462494]]
0
FAIL
9/22
