[[ -83.5864563   -21.14872742  -81.713974   -120.75989532]]
1
[[ -87.73173523  -29.17581177  -81.14611816 -100.2563858 ]]
1
[[ -88.56344604  -85.19403076  -44.35462189 -106.25948334]]
2
[[ -92.09278107  -13.05926514  -82.21273804 -167.00415039]]
1
[[-204.41952515  -88.05442047   -1.62171936 -112.9572525 ]]
2
[[ -42.23947144  -18.56274414 -259.79522705 -209.67254639]]
1
[[-187.03317261   46.54662704   96.97350311   -1.26112843]]
2
[[ -16.65653229   36.2763443   460.71316528   18.62812805]]
2
PASS
8/8
