[[ -78.17250824  -23.49436188 -104.37115479 -103.08622742]]
1
[[ -80.6485672   -29.07050323 -104.64910889  -94.73233795]]
1
[[ -42.5299263   -78.40783691 -100.14804077  -80.56008911]]
0
[[-104.69792175   -2.70814514  -75.65765381 -141.00024414]]
1
[[ -21.91020584  -74.98442078 -133.30245972  -98.52908325]]
0
[[  -9.98775101  -79.67184448  -56.26908493 -128.23703003]]
0
[[ -86.73548889   -5.22160721  -17.04630661 -104.78474426]]
1
[[-46.8381424  -68.42660522 -89.86437988 -97.96517181]]
0
[[-21.57191467 -89.5592804  -77.30063629 -96.38433075]]
0
[[ -27.04344559  -64.17816162  -25.88518906 -122.85043335]]
2
[[-21.57191467 -89.5592804  -77.30063629 -96.38433075]]
0
[[ -27.04344559  -64.17816162  -25.88518906 -122.85043335]]
2
[[-21.57191467 -89.5592804  -77.30063629 -96.38433075]]
0
[[ -27.04344559  -64.17816162  -25.88518906 -122.85043335]]
2
[[-21.57191467 -89.5592804  -77.30063629 -96.38433075]]
0
[[ -27.04344559  -64.17816162  -25.88518906 -122.85043335]]
2
[[-21.57191467 -89.5592804  -77.30063629 -96.38433075]]
0
[[ -27.04344559  -64.17816162  -25.88518906 -122.85043335]]
2
[[-21.57191467 -89.5592804  -77.30063629 -96.38433075]]
0
[[ -27.04344559  -64.17816162  -25.88518906 -122.85043335]]
2
[[-21.57191467 -89.5592804  -77.30063629 -96.38433075]]
0
[[ -27.04344559  -64.17816162  -25.88518906 -122.85043335]]
2
[[-21.57191467 -89.5592804  -77.30063629 -96.38433075]]
0
[[ -27.04344559  -64.17816162  -25.88518906 -122.85043335]]
2
[[-21.57191467 -89.5592804  -77.30063629 -96.38433075]]
0
[[ -27.04344559  -64.17816162  -25.88518906 -122.85043335]]
2
[[-21.57191467 -89.5592804  -77.30063629 -96.38433075]]
0
[[ -27.04344559  -64.17816162  -25.88518906 -122.85043335]]
2
[[-21.57191467 -89.5592804  -77.30063629 -96.38433075]]
0
[[ -27.04344559  -64.17816162  -25.88518906 -122.85043335]]
2
[[-21.57191467 -89.5592804  -77.30063629 -96.38433075]]
0
[[ -27.04344559  -64.17816162  -25.88518906 -122.85043335]]
2
[[-21.57191467 -89.5592804  -77.30063629 -96.38433075]]
0
[[ -27.04344559  -64.17816162  -25.88518906 -122.85043335]]
2
[[-21.57191467 -89.5592804  -77.30063629 -96.38433075]]
0
[[ -27.04344559  -64.17816162  -25.88518906 -122.85043335]]
2
[[-21.57191467 -89.5592804  -77.30063629 -96.38433075]]
0
[[ -27.04344559  -64.17816162  -25.88518906 -122.85043335]]
2
[[-21.57191467 -89.5592804  -77.30063629 -96.38433075]]
0
[[ -27.04344559  -64.17816162  -25.88518906 -122.85043335]]
2
[[-21.57191467 -89.5592804  -77.30063629 -96.38433075]]
0
[[ -27.04344559  -64.17816162  -25.88518906 -122.85043335]]
2
[[-21.57191467 -89.5592804  -77.30063629 -96.38433075]]
0
[[ -27.04344559  -64.17816162  -25.88518906 -122.85043335]]
2
[[-21.57191467 -89.5592804  -77.30063629 -96.38433075]]
0
[[ -27.04344559  -64.17816162  -25.88518906 -122.85043335]]
2
[[-21.57191467 -89.5592804  -77.30063629 -96.38433075]]
0
[[ -27.04344559  -64.17816162  -25.88518906 -122.85043335]]
2
[[-21.57191467 -89.5592804  -77.30063629 -96.38433075]]
0
[[ -27.04344559  -64.17816162  -25.88518906 -122.85043335]]
2
[[-21.57191467 -89.5592804  -77.30063629 -96.38433075]]
0
[[ -27.04344559  -64.17816162  -25.88518906 -122.85043335]]
2
[[-21.57191467 -89.5592804  -77.30063629 -96.38433075]]
0
[[ -27.04344559  -64.17816162  -25.88518906 -122.85043335]]
2
[[-21.57191467 -89.5592804  -77.30063629 -96.38433075]]
0
[[ -27.04344559  -64.17816162  -25.88518906 -122.85043335]]
2
[[-21.57191467 -89.5592804  -77.30063629 -96.38433075]]
0
[[ -27.04344559  -64.17816162  -25.88518906 -122.85043335]]
2
[[-21.57191467 -89.5592804  -77.30063629 -96.38433075]]
0
[[ -27.04344559  -64.17816162  -25.88518906 -122.85043335]]
2
[[-21.57191467 -89.5592804  -77.30063629 -96.38433075]]
0
[[ -27.04344559  -64.17816162  -25.88518906 -122.85043335]]
2
[[-21.57191467 -89.5592804  -77.30063629 -96.38433075]]
0
[[ -27.04344559  -64.17816162  -25.88518906 -122.85043335]]
2
[[-21.57191467 -89.5592804  -77.30063629 -96.38433075]]
0
[[ -27.04344559  -64.17816162  -25.88518906 -122.85043335]]
2
[[-21.57191467 -89.5592804  -77.30063629 -96.38433075]]
0
[[ -27.04344559  -64.17816162  -25.88518906 -122.85043335]]
2
[[-21.57191467 -89.5592804  -77.30063629 -96.38433075]]
0
[[ -27.04344559  -64.17816162  -25.88518906 -122.85043335]]
2
[[-21.57191467 -89.5592804  -77.30063629 -96.38433075]]
0
[[ -27.04344559  -64.17816162  -25.88518906 -122.85043335]]
2
[[-21.57191467 -89.5592804  -77.30063629 -96.38433075]]
0
[[ -27.04344559  -64.17816162  -25.88518906 -122.85043335]]
2
[[-21.57191467 -89.5592804  -77.30063629 -96.38433075]]
0
[[ -27.04344559  -64.17816162  -25.88518906 -122.85043335]]
2
[[-21.57191467 -89.5592804  -77.30063629 -96.38433075]]
0
[[ -27.04344559  -64.17816162  -25.88518906 -122.85043335]]
2
[[-21.57191467 -89.5592804  -77.30063629 -96.38433075]]
0
[[ -27.04344559  -64.17816162  -25.88518906 -122.85043335]]
2
[[-21.57191467 -89.5592804  -77.30063629 -96.38433075]]
0
[[ -27.04344559  -64.17816162  -25.88518906 -122.85043335]]
2
[[-21.57191467 -89.5592804  -77.30063629 -96.38433075]]
0
[[ -27.04344559  -64.17816162  -25.88518906 -122.85043335]]
2
[[-21.57191467 -89.5592804  -77.30063629 -96.38433075]]
0
[[ -27.04344559  -64.17816162  -25.88518906 -122.85043335]]
2
[[-21.57191467 -89.5592804  -77.30063629 -96.38433075]]
0
[[ -27.04344559  -64.17816162  -25.88518906 -122.85043335]]
2
[[-21.57191467 -89.5592804  -77.30063629 -96.38433075]]
0
[[ -27.04344559  -64.17816162  -25.88518906 -122.85043335]]
2
[[-21.57191467 -89.5592804  -77.30063629 -96.38433075]]
0
[[ -27.04344559  -64.17816162  -25.88518906 -122.85043335]]
2
[[-21.57191467 -89.5592804  -77.30063629 -96.38433075]]
0
[[ -27.04344559  -64.17816162  -25.88518906 -122.85043335]]
2
[[-21.57191467 -89.5592804  -77.30063629 -96.38433075]]
0
[[ -27.04344559  -64.17816162  -25.88518906 -122.85043335]]
2
[[-21.57191467 -89.5592804  -77.30063629 -96.38433075]]
0
[[ -27.04344559  -64.17816162  -25.88518906 -122.85043335]]
2
[[-21.57191467 -89.5592804  -77.30063629 -96.38433075]]
0
[[ -27.04344559  -64.17816162  -25.88518906 -122.85043335]]
2
[[-21.57191467 -89.5592804  -77.30063629 -96.38433075]]
0
FAIL
9/22
