[[-220.67440796  -93.07208252  -21.76333618 -210.95495605]]
2
[[ -20.90486908  -54.05265045  -10.51409149 -126.80118561]]
2
[[ -6.0858345  -29.21118164 -34.92086029 -87.56648254]]
0
[[ -20.90486908  -54.05265045  -10.51409149 -126.80118561]]
2
[[ -6.0858345  -29.21118164 -34.92086029 -87.56648254]]
0
[[ -20.90486908  -54.05265045  -10.51409149 -126.80118561]]
2
[[ -6.0858345  -29.21118164 -34.92086029 -87.56648254]]
0
[[ -20.90486908  -54.05265045  -10.51409149 -126.80118561]]
2
[[ -6.0858345  -29.21118164 -34.92086029 -87.56648254]]
0
[[ -20.90486908  -54.05265045  -10.51409149 -126.80118561]]
2
[[ -6.0858345  -29.21118164 -34.92086029 -87.56648254]]
0
[[ -20.90486908  -54.05265045  -10.51409149 -126.80118561]]
2
[[ -6.0858345  -29.21118164 -34.92086029 -87.56648254]]
0
[[ -20.90486908  -54.05265045  -10.51409149 -126.80118561]]
2
[[ -6.0858345  -29.21118164 -34.92086029 -87.56648254]]
0
[[ -20.90486908  -54.05265045  -10.51409149 -126.80118561]]
2
[[ -6.0858345  -29.21118164 -34.92086029 -87.56648254]]
0
[[ -20.90486908  -54.05265045  -10.51409149 -126.80118561]]
2
[[ -6.0858345  -29.21118164 -34.92086029 -87.56648254]]
0
[[ -20.90486908  -54.05265045  -10.51409149 -126.80118561]]
2
[[ -6.0858345  -29.21118164 -34.92086029 -87.56648254]]
0
[[ -20.90486908  -54.05265045  -10.51409149 -126.80118561]]
2
[[ -6.0858345  -29.21118164 -34.92086029 -87.56648254]]
0
[[ -20.90486908  -54.05265045  -10.51409149 -126.80118561]]
2
[[ -6.0858345  -29.21118164 -34.92086029 -87.56648254]]
0
[[ -20.90486908  -54.05265045  -10.51409149 -126.80118561]]
2
[[ -6.0858345  -29.21118164 -34.92086029 -87.56648254]]
0
[[ -20.90486908  -54.05265045  -10.51409149 -126.80118561]]
2
[[ -6.0858345  -29.21118164 -34.92086029 -87.56648254]]
0
[[ -20.90486908  -54.05265045  -10.51409149 -126.80118561]]
2
[[ -6.0858345  -29.21118164 -34.92086029 -87.56648254]]
0
[[ -20.90486908  -54.05265045  -10.51409149 -126.80118561]]
2
[[ -6.0858345  -29.21118164 -34.92086029 -87.56648254]]
0
[[ -20.90486908  -54.05265045  -10.51409149 -126.80118561]]
2
[[ -6.0858345  -29.21118164 -34.92086029 -87.56648254]]
0
[[ -20.90486908  -54.05265045  -10.51409149 -126.80118561]]
2
[[ -6.0858345  -29.21118164 -34.92086029 -87.56648254]]
0
[[ -20.90486908  -54.05265045  -10.51409149 -126.80118561]]
2
[[ -6.0858345  -29.21118164 -34.92086029 -87.56648254]]
0
[[ -20.90486908  -54.05265045  -10.51409149 -126.80118561]]
2
[[ -6.0858345  -29.21118164 -34.92086029 -87.56648254]]
0
[[ -20.90486908  -54.05265045  -10.51409149 -126.80118561]]
2
[[ -6.0858345  -29.21118164 -34.92086029 -87.56648254]]
0
[[ -20.90486908  -54.05265045  -10.51409149 -126.80118561]]
2
[[ -6.0858345  -29.21118164 -34.92086029 -87.56648254]]
0
[[ -20.90486908  -54.05265045  -10.51409149 -126.80118561]]
2
[[ -6.0858345  -29.21118164 -34.92086029 -87.56648254]]
0
[[ -20.90486908  -54.05265045  -10.51409149 -126.80118561]]
2
[[ -6.0858345  -29.21118164 -34.92086029 -87.56648254]]
0
[[ -20.90486908  -54.05265045  -10.51409149 -126.80118561]]
2
[[ -6.0858345  -29.21118164 -34.92086029 -87.56648254]]
0
[[ -20.90486908  -54.05265045  -10.51409149 -126.80118561]]
2
[[ -6.0858345  -29.21118164 -34.92086029 -87.56648254]]
0
[[ -20.90486908  -54.05265045  -10.51409149 -126.80118561]]
2
[[ -6.0858345  -29.21118164 -34.92086029 -87.56648254]]
0
[[ -20.90486908  -54.05265045  -10.51409149 -126.80118561]]
2
[[ -6.0858345  -29.21118164 -34.92086029 -87.56648254]]
0
[[ -20.90486908  -54.05265045  -10.51409149 -126.80118561]]
2
[[ -6.0858345  -29.21118164 -34.92086029 -87.56648254]]
0
[[ -20.90486908  -54.05265045  -10.51409149 -126.80118561]]
2
[[ -6.0858345  -29.21118164 -34.92086029 -87.56648254]]
0
[[ -20.90486908  -54.05265045  -10.51409149 -126.80118561]]
2
[[ -6.0858345  -29.21118164 -34.92086029 -87.56648254]]
0
[[ -20.90486908  -54.05265045  -10.51409149 -126.80118561]]
2
[[ -6.0858345  -29.21118164 -34.92086029 -87.56648254]]
0
[[ -20.90486908  -54.05265045  -10.51409149 -126.80118561]]
2
[[ -6.0858345  -29.21118164 -34.92086029 -87.56648254]]
0
[[ -20.90486908  -54.05265045  -10.51409149 -126.80118561]]
2
[[ -6.0858345  -29.21118164 -34.92086029 -87.56648254]]
0
[[ -20.90486908  -54.05265045  -10.51409149 -126.80118561]]
2
[[ -6.0858345  -29.21118164 -34.92086029 -87.56648254]]
0
[[ -20.90486908  -54.05265045  -10.51409149 -126.80118561]]
2
[[ -6.0858345  -29.21118164 -34.92086029 -87.56648254]]
0
[[ -20.90486908  -54.05265045  -10.51409149 -126.80118561]]
2
[[ -6.0858345  -29.21118164 -34.92086029 -87.56648254]]
0
[[ -20.90486908  -54.05265045  -10.51409149 -126.80118561]]
2
[[ -6.0858345  -29.21118164 -34.92086029 -87.56648254]]
0
[[ -20.90486908  -54.05265045  -10.51409149 -126.80118561]]
2
[[ -6.0858345  -29.21118164 -34.92086029 -87.56648254]]
0
[[ -20.90486908  -54.05265045  -10.51409149 -126.80118561]]
2
[[ -6.0858345  -29.21118164 -34.92086029 -87.56648254]]
0
[[ -20.90486908  -54.05265045  -10.51409149 -126.80118561]]
2
[[ -6.0858345  -29.21118164 -34.92086029 -87.56648254]]
0
[[ -20.90486908  -54.05265045  -10.51409149 -126.80118561]]
2
[[ -6.0858345  -29.21118164 -34.92086029 -87.56648254]]
0
[[ -20.90486908  -54.05265045  -10.51409149 -126.80118561]]
2
[[ -6.0858345  -29.21118164 -34.92086029 -87.56648254]]
0
[[ -20.90486908  -54.05265045  -10.51409149 -126.80118561]]
2
[[ -6.0858345  -29.21118164 -34.92086029 -87.56648254]]
0
[[ -20.90486908  -54.05265045  -10.51409149 -126.80118561]]
2
[[ -6.0858345  -29.21118164 -34.92086029 -87.56648254]]
0
[[ -20.90486908  -54.05265045  -10.51409149 -126.80118561]]
2
[[ -6.0858345  -29.21118164 -34.92086029 -87.56648254]]
0
[[ -20.90486908  -54.05265045  -10.51409149 -126.80118561]]
2
[[ -6.0858345  -29.21118164 -34.92086029 -87.56648254]]
0
[[ -20.90486908  -54.05265045  -10.51409149 -126.80118561]]
2
[[ -6.0858345  -29.21118164 -34.92086029 -87.56648254]]
0
[[ -20.90486908  -54.05265045  -10.51409149 -126.80118561]]
2
[[ -6.0858345  -29.21118164 -34.92086029 -87.56648254]]
0
[[ -20.90486908  -54.05265045  -10.51409149 -126.80118561]]
2
[[ -6.0858345  -29.21118164 -34.92086029 -87.56648254]]
0
FAIL
2/31
