[[ -36.33661652  -61.85734177  -99.16732788 -111.10298157]]
0
[[ -22.30941391  -82.42427826  -52.09095001 -101.11358643]]
0
[[ -12.59010315 -104.06739807  -40.07370758 -113.87776947]]
0
[[ -10.13119125  -56.84047699  -35.93965912 -144.62425232]]
0
[[ -23.68952942 -124.15090942  -80.21472168 -184.31538391]]
0
[[-109.9603653   -20.47880936  -24.47832108 -149.71763611]]
1
[[ -28.2042923  -181.14883423  -81.20727539  -65.43054962]]
0
[[ -13.56027985  -23.10442352 -159.13720703 -273.84719849]]
0
[[-110.09468079 -173.10820007 -146.27650452  -16.33192444]]
3
[[  -7.94041824    8.12485504 -146.800354   -126.78226471]]
1
[[-110.09468079 -173.10820007 -146.27650452  -16.33192444]]
3
[[  -7.94041824    8.12485504 -146.800354   -126.78226471]]
1
[[-110.09468079 -173.10820007 -146.27650452  -16.33192444]]
3
[[  -7.94041824    8.12485504 -146.800354   -126.78226471]]
1
[[-110.09468079 -173.10820007 -146.27650452  -16.33192444]]
3
[[  -7.94041824    8.12485504 -146.800354   -126.78226471]]
1
[[-110.09468079 -173.10820007 -146.27650452  -16.33192444]]
3
[[  -7.94041824    8.12485504 -146.800354   -126.78226471]]
1
[[-110.09468079 -173.10820007 -146.27650452  -16.33192444]]
3
[[  -7.94041824    8.12485504 -146.800354   -126.78226471]]
1
[[-110.09468079 -173.10820007 -146.27650452  -16.33192444]]
3
[[  -7.94041824    8.12485504 -146.800354   -126.78226471]]
1
[[-110.09468079 -173.10820007 -146.27650452  -16.33192444]]
3
[[  -7.94041824    8.12485504 -146.800354   -126.78226471]]
1
[[-110.09468079 -173.10820007 -146.27650452  -16.33192444]]
3
[[  -7.94041824    8.12485504 -146.800354   -126.78226471]]
1
[[-110.09468079 -173.10820007 -146.27650452  -16.33192444]]
3
[[  -7.94041824    8.12485504 -146.800354   -126.78226471]]
1
[[-110.09468079 -173.10820007 -146.27650452  -16.33192444]]
3
[[  -7.94041824    8.12485504 -146.800354   -126.78226471]]
1
[[-110.09468079 -173.10820007 -146.27650452  -16.33192444]]
3
[[  -7.94041824    8.12485504 -146.800354   -126.78226471]]
1
[[-110.09468079 -173.10820007 -146.27650452  -16.33192444]]
3
[[  -7.94041824    8.12485504 -146.800354   -126.78226471]]
1
[[-110.09468079 -173.10820007 -146.27650452  -16.33192444]]
3
[[  -7.94041824    8.12485504 -146.800354   -126.78226471]]
1
[[-110.09468079 -173.10820007 -146.27650452  -16.33192444]]
3
[[  -7.94041824    8.12485504 -146.800354   -126.78226471]]
1
[[-110.09468079 -173.10820007 -146.27650452  -16.33192444]]
3
[[  -7.94041824    8.12485504 -146.800354   -126.78226471]]
1
[[-110.09468079 -173.10820007 -146.27650452  -16.33192444]]
3
[[  -7.94041824    8.12485504 -146.800354   -126.78226471]]
1
[[-110.09468079 -173.10820007 -146.27650452  -16.33192444]]
3
[[  -7.94041824    8.12485504 -146.800354   -126.78226471]]
1
[[-110.09468079 -173.10820007 -146.27650452  -16.33192444]]
3
[[  -7.94041824    8.12485504 -146.800354   -126.78226471]]
1
[[-110.09468079 -173.10820007 -146.27650452  -16.33192444]]
3
[[  -7.94041824    8.12485504 -146.800354   -126.78226471]]
1
[[-110.09468079 -173.10820007 -146.27650452  -16.33192444]]
3
[[  -7.94041824    8.12485504 -146.800354   -126.78226471]]
1
[[-110.09468079 -173.10820007 -146.27650452  -16.33192444]]
3
[[  -7.94041824    8.12485504 -146.800354   -126.78226471]]
1
[[-110.09468079 -173.10820007 -146.27650452  -16.33192444]]
3
[[  -7.94041824    8.12485504 -146.800354   -126.78226471]]
1
[[-110.09468079 -173.10820007 -146.27650452  -16.33192444]]
3
[[  -7.94041824    8.12485504 -146.800354   -126.78226471]]
1
[[-110.09468079 -173.10820007 -146.27650452  -16.33192444]]
3
[[  -7.94041824    8.12485504 -146.800354   -126.78226471]]
1
[[-110.09468079 -173.10820007 -146.27650452  -16.33192444]]
3
[[  -7.94041824    8.12485504 -146.800354   -126.78226471]]
1
[[-110.09468079 -173.10820007 -146.27650452  -16.33192444]]
3
[[  -7.94041824    8.12485504 -146.800354   -126.78226471]]
1
[[-110.09468079 -173.10820007 -146.27650452  -16.33192444]]
3
[[  -7.94041824    8.12485504 -146.800354   -126.78226471]]
1
[[-110.09468079 -173.10820007 -146.27650452  -16.33192444]]
3
[[  -7.94041824    8.12485504 -146.800354   -126.78226471]]
1
[[-110.09468079 -173.10820007 -146.27650452  -16.33192444]]
3
[[  -7.94041824    8.12485504 -146.800354   -126.78226471]]
1
[[-110.09468079 -173.10820007 -146.27650452  -16.33192444]]
3
[[  -7.94041824    8.12485504 -146.800354   -126.78226471]]
1
[[-110.09468079 -173.10820007 -146.27650452  -16.33192444]]
3
[[  -7.94041824    8.12485504 -146.800354   -126.78226471]]
1
[[-110.09468079 -173.10820007 -146.27650452  -16.33192444]]
3
[[  -7.94041824    8.12485504 -146.800354   -126.78226471]]
1
[[-110.09468079 -173.10820007 -146.27650452  -16.33192444]]
3
[[  -7.94041824    8.12485504 -146.800354   -126.78226471]]
1
[[-110.09468079 -173.10820007 -146.27650452  -16.33192444]]
3
[[  -7.94041824    8.12485504 -146.800354   -126.78226471]]
1
[[-110.09468079 -173.10820007 -146.27650452  -16.33192444]]
3
[[  -7.94041824    8.12485504 -146.800354   -126.78226471]]
1
[[-110.09468079 -173.10820007 -146.27650452  -16.33192444]]
3
[[  -7.94041824    8.12485504 -146.800354   -126.78226471]]
1
[[-110.09468079 -173.10820007 -146.27650452  -16.33192444]]
3
[[  -7.94041824    8.12485504 -146.800354   -126.78226471]]
1
[[-110.09468079 -173.10820007 -146.27650452  -16.33192444]]
3
[[  -7.94041824    8.12485504 -146.800354   -126.78226471]]
1
[[-110.09468079 -173.10820007 -146.27650452  -16.33192444]]
3
[[  -7.94041824    8.12485504 -146.800354   -126.78226471]]
1
[[-110.09468079 -173.10820007 -146.27650452  -16.33192444]]
3
[[  -7.94041824    8.12485504 -146.800354   -126.78226471]]
1
[[-110.09468079 -173.10820007 -146.27650452  -16.33192444]]
3
[[  -7.94041824    8.12485504 -146.800354   -126.78226471]]
1
[[-110.09468079 -173.10820007 -146.27650452  -16.33192444]]
3
[[  -7.94041824    8.12485504 -146.800354   -126.78226471]]
1
[[-110.09468079 -173.10820007 -146.27650452  -16.33192444]]
3
[[  -7.94041824    8.12485504 -146.800354   -126.78226471]]
1
[[-110.09468079 -173.10820007 -146.27650452  -16.33192444]]
3
[[  -7.94041824    8.12485504 -146.800354   -126.78226471]]
1
[[-110.09468079 -173.10820007 -146.27650452  -16.33192444]]
3
[[  -7.94041824    8.12485504 -146.800354   -126.78226471]]
1
[[-110.09468079 -173.10820007 -146.27650452  -16.33192444]]
3
FAIL
9/19
