[[-222.40600586  -93.41612244  -21.37734222 -211.1305542 ]]
2
[[ -22.6625042   -56.42450714  -10.83611298 -126.51721954]]
2
[[ -6.6459465  -32.00970459 -34.81040955 -86.62132263]]
0
[[ -22.6625042   -56.42450714  -10.83611298 -126.51721954]]
2
[[ -6.6459465  -32.00970459 -34.81040955 -86.62132263]]
0
[[ -22.6625042   -56.42450714  -10.83611298 -126.51721954]]
2
[[ -6.6459465  -32.00970459 -34.81040955 -86.62132263]]
0
[[ -22.6625042   -56.42450714  -10.83611298 -126.51721954]]
2
[[ -6.6459465  -32.00970459 -34.81040955 -86.62132263]]
0
[[ -22.6625042   -56.42450714  -10.83611298 -126.51721954]]
2
[[ -6.6459465  -32.00970459 -34.81040955 -86.62132263]]
0
[[ -22.6625042   -56.42450714  -10.83611298 -126.51721954]]
2
[[ -6.6459465  -32.00970459 -34.81040955 -86.62132263]]
0
[[ -22.6625042   -56.42450714  -10.83611298 -126.51721954]]
2
[[ -6.6459465  -32.00970459 -34.81040955 -86.62132263]]
0
[[ -22.6625042   -56.42450714  -10.83611298 -126.51721954]]
2
[[ -6.6459465  -32.00970459 -34.81040955 -86.62132263]]
0
[[ -22.6625042   -56.42450714  -10.83611298 -126.51721954]]
2
[[ -6.6459465  -32.00970459 -34.81040955 -86.62132263]]
0
[[ -22.6625042   -56.42450714  -10.83611298 -126.51721954]]
2
[[ -6.6459465  -32.00970459 -34.81040955 -86.62132263]]
0
[[ -22.6625042   -56.42450714  -10.83611298 -126.51721954]]
2
[[ -6.6459465  -32.00970459 -34.81040955 -86.62132263]]
0
[[ -22.6625042   -56.42450714  -10.83611298 -126.51721954]]
2
[[ -6.6459465  -32.00970459 -34.81040955 -86.62132263]]
0
[[ -22.6625042   -56.42450714  -10.83611298 -126.51721954]]
2
[[ -6.6459465  -32.00970459 -34.81040955 -86.62132263]]
0
[[ -22.6625042   -56.42450714  -10.83611298 -126.51721954]]
2
[[ -6.6459465  -32.00970459 -34.81040955 -86.62132263]]
0
[[ -22.6625042   -56.42450714  -10.83611298 -126.51721954]]
2
[[ -6.6459465  -32.00970459 -34.81040955 -86.62132263]]
0
[[ -22.6625042   -56.42450714  -10.83611298 -126.51721954]]
2
[[ -6.6459465  -32.00970459 -34.81040955 -86.62132263]]
0
[[ -22.6625042   -56.42450714  -10.83611298 -126.51721954]]
2
[[ -6.6459465  -32.00970459 -34.81040955 -86.62132263]]
0
[[ -22.6625042   -56.42450714  -10.83611298 -126.51721954]]
2
[[ -6.6459465  -32.00970459 -34.81040955 -86.62132263]]
0
[[ -22.6625042   -56.42450714  -10.83611298 -126.51721954]]
2
[[ -6.6459465  -32.00970459 -34.81040955 -86.62132263]]
0
[[ -22.6625042   -56.42450714  -10.83611298 -126.51721954]]
2
[[ -6.6459465  -32.00970459 -34.81040955 -86.62132263]]
0
[[ -22.6625042   -56.42450714  -10.83611298 -126.51721954]]
2
[[ -6.6459465  -32.00970459 -34.81040955 -86.62132263]]
0
[[ -22.6625042   -56.42450714  -10.83611298 -126.51721954]]
2
[[ -6.6459465  -32.00970459 -34.81040955 -86.62132263]]
0
[[ -22.6625042   -56.42450714  -10.83611298 -126.51721954]]
2
[[ -6.6459465  -32.00970459 -34.81040955 -86.62132263]]
0
[[ -22.6625042   -56.42450714  -10.83611298 -126.51721954]]
2
[[ -6.6459465  -32.00970459 -34.81040955 -86.62132263]]
0
[[ -22.6625042   -56.42450714  -10.83611298 -126.51721954]]
2
[[ -6.6459465  -32.00970459 -34.81040955 -86.62132263]]
0
[[ -22.6625042   -56.42450714  -10.83611298 -126.51721954]]
2
[[ -6.6459465  -32.00970459 -34.81040955 -86.62132263]]
0
[[ -22.6625042   -56.42450714  -10.83611298 -126.51721954]]
2
[[ -6.6459465  -32.00970459 -34.81040955 -86.62132263]]
0
[[ -22.6625042   -56.42450714  -10.83611298 -126.51721954]]
2
[[ -6.6459465  -32.00970459 -34.81040955 -86.62132263]]
0
[[ -22.6625042   -56.42450714  -10.83611298 -126.51721954]]
2
[[ -6.6459465  -32.00970459 -34.81040955 -86.62132263]]
0
[[ -22.6625042   -56.42450714  -10.83611298 -126.51721954]]
2
[[ -6.6459465  -32.00970459 -34.81040955 -86.62132263]]
0
[[ -22.6625042   -56.42450714  -10.83611298 -126.51721954]]
2
[[ -6.6459465  -32.00970459 -34.81040955 -86.62132263]]
0
[[ -22.6625042   -56.42450714  -10.83611298 -126.51721954]]
2
[[ -6.6459465  -32.00970459 -34.81040955 -86.62132263]]
0
[[ -22.6625042   -56.42450714  -10.83611298 -126.51721954]]
2
[[ -6.6459465  -32.00970459 -34.81040955 -86.62132263]]
0
[[ -22.6625042   -56.42450714  -10.83611298 -126.51721954]]
2
[[ -6.6459465  -32.00970459 -34.81040955 -86.62132263]]
0
[[ -22.6625042   -56.42450714  -10.83611298 -126.51721954]]
2
[[ -6.6459465  -32.00970459 -34.81040955 -86.62132263]]
0
[[ -22.6625042   -56.42450714  -10.83611298 -126.51721954]]
2
[[ -6.6459465  -32.00970459 -34.81040955 -86.62132263]]
0
[[ -22.6625042   -56.42450714  -10.83611298 -126.51721954]]
2
[[ -6.6459465  -32.00970459 -34.81040955 -86.62132263]]
0
[[ -22.6625042   -56.42450714  -10.83611298 -126.51721954]]
2
[[ -6.6459465  -32.00970459 -34.81040955 -86.62132263]]
0
[[ -22.6625042   -56.42450714  -10.83611298 -126.51721954]]
2
[[ -6.6459465  -32.00970459 -34.81040955 -86.62132263]]
0
[[ -22.6625042   -56.42450714  -10.83611298 -126.51721954]]
2
[[ -6.6459465  -32.00970459 -34.81040955 -86.62132263]]
0
[[ -22.6625042   -56.42450714  -10.83611298 -126.51721954]]
2
[[ -6.6459465  -32.00970459 -34.81040955 -86.62132263]]
0
[[ -22.6625042   -56.42450714  -10.83611298 -126.51721954]]
2
[[ -6.6459465  -32.00970459 -34.81040955 -86.62132263]]
0
[[ -22.6625042   -56.42450714  -10.83611298 -126.51721954]]
2
[[ -6.6459465  -32.00970459 -34.81040955 -86.62132263]]
0
[[ -22.6625042   -56.42450714  -10.83611298 -126.51721954]]
2
[[ -6.6459465  -32.00970459 -34.81040955 -86.62132263]]
0
[[ -22.6625042   -56.42450714  -10.83611298 -126.51721954]]
2
[[ -6.6459465  -32.00970459 -34.81040955 -86.62132263]]
0
[[ -22.6625042   -56.42450714  -10.83611298 -126.51721954]]
2
[[ -6.6459465  -32.00970459 -34.81040955 -86.62132263]]
0
[[ -22.6625042   -56.42450714  -10.83611298 -126.51721954]]
2
[[ -6.6459465  -32.00970459 -34.81040955 -86.62132263]]
0
[[ -22.6625042   -56.42450714  -10.83611298 -126.51721954]]
2
[[ -6.6459465  -32.00970459 -34.81040955 -86.62132263]]
0
[[ -22.6625042   -56.42450714  -10.83611298 -126.51721954]]
2
[[ -6.6459465  -32.00970459 -34.81040955 -86.62132263]]
0
[[ -22.6625042   -56.42450714  -10.83611298 -126.51721954]]
2
[[ -6.6459465  -32.00970459 -34.81040955 -86.62132263]]
0
FAIL
2/31
