[[ -79.26847076  -25.09207153 -105.69060516 -101.23337555]]
1
[[ -81.81371307  -30.66714478 -106.15996552  -92.95549774]]
1
[[ -44.24056625  -80.18232727 -101.96620178  -79.40561676]]
0
[[-106.21057129   -3.36685181  -76.82235718 -139.16329956]]
1
[[ -22.51952362  -76.56764221 -135.36782837  -97.51470184]]
0
[[ -10.91400146  -81.70446777  -57.48965836 -127.19094086]]
0
[[ -89.0824585    -6.73805237  -18.72862244 -103.4052887 ]]
1
[[-48.19644928 -70.4193573  -91.53231049 -96.81336975]]
0
[[-21.97942352 -92.28408813 -78.66999817 -95.77120209]]
0
[[ -28.06813049  -66.2993927   -26.53127289 -122.1217041 ]]
2
[[-21.97942352 -92.28408813 -78.66999817 -95.77120209]]
0
[[ -28.06813049  -66.2993927   -26.53127289 -122.1217041 ]]
2
[[-21.97942352 -92.28408813 -78.66999817 -95.77120209]]
0
[[ -28.06813049  -66.2993927   -26.53127289 -122.1217041 ]]
2
[[-21.97942352 -92.28408813 -78.66999817 -95.77120209]]
0
[[ -28.06813049  -66.2993927   -26.53127289 -122.1217041 ]]
2
[[-21.97942352 -92.28408813 -78.66999817 -95.77120209]]
0
[[ -28.06813049  -66.2993927   -26.53127289 -122.1217041 ]]
2
[[-21.97942352 -92.28408813 -78.66999817 -95.77120209]]
0
[[ -28.06813049  -66.2993927   -26.53127289 -122.1217041 ]]
2
[[-21.97942352 -92.28408813 -78.66999817 -95.77120209]]
0
[[ -28.06813049  -66.2993927   -26.53127289 -122.1217041 ]]
2
[[-21.97942352 -92.28408813 -78.66999817 -95.77120209]]
0
[[ -28.06813049  -66.2993927   -26.53127289 -122.1217041 ]]
2
[[-21.97942352 -92.28408813 -78.66999817 -95.77120209]]
0
[[ -28.06813049  -66.2993927   -26.53127289 -122.1217041 ]]
2
[[-21.97942352 -92.28408813 -78.66999817 -95.77120209]]
0
[[ -28.06813049  -66.2993927   -26.53127289 -122.1217041 ]]
2
[[-21.97942352 -92.28408813 -78.66999817 -95.77120209]]
0
[[ -28.06813049  -66.2993927   -26.53127289 -122.1217041 ]]
2
[[-21.97942352 -92.28408813 -78.66999817 -95.77120209]]
0
[[ -28.06813049  -66.2993927   -26.53127289 -122.1217041 ]]
2
[[-21.97942352 -92.28408813 -78.66999817 -95.77120209]]
0
[[ -28.06813049  -66.2993927   -26.53127289 -122.1217041 ]]
2
[[-21.97942352 -92.28408813 -78.66999817 -95.77120209]]
0
[[ -28.06813049  -66.2993927   -26.53127289 -122.1217041 ]]
2
[[-21.97942352 -92.28408813 -78.66999817 -95.77120209]]
0
[[ -28.06813049  -66.2993927   -26.53127289 -122.1217041 ]]
2
[[-21.97942352 -92.28408813 -78.66999817 -95.77120209]]
0
[[ -28.06813049  -66.2993927   -26.53127289 -122.1217041 ]]
2
[[-21.97942352 -92.28408813 -78.66999817 -95.77120209]]
0
[[ -28.06813049  -66.2993927   -26.53127289 -122.1217041 ]]
2
[[-21.97942352 -92.28408813 -78.66999817 -95.77120209]]
0
[[ -28.06813049  -66.2993927   -26.53127289 -122.1217041 ]]
2
[[-21.97942352 -92.28408813 -78.66999817 -95.77120209]]
0
[[ -28.06813049  -66.2993927   -26.53127289 -122.1217041 ]]
2
[[-21.97942352 -92.28408813 -78.66999817 -95.77120209]]
0
[[ -28.06813049  -66.2993927   -26.53127289 -122.1217041 ]]
2
[[-21.97942352 -92.28408813 -78.66999817 -95.77120209]]
0
[[ -28.06813049  -66.2993927   -26.53127289 -122.1217041 ]]
2
[[-21.97942352 -92.28408813 -78.66999817 -95.77120209]]
0
[[ -28.06813049  -66.2993927   -26.53127289 -122.1217041 ]]
2
[[-21.97942352 -92.28408813 -78.66999817 -95.77120209]]
0
[[ -28.06813049  -66.2993927   -26.53127289 -122.1217041 ]]
2
[[-21.97942352 -92.28408813 -78.66999817 -95.77120209]]
0
[[ -28.06813049  -66.2993927   -26.53127289 -122.1217041 ]]
2
[[-21.97942352 -92.28408813 -78.66999817 -95.77120209]]
0
[[ -28.06813049  -66.2993927   -26.53127289 -122.1217041 ]]
2
[[-21.97942352 -92.28408813 -78.66999817 -95.77120209]]
0
[[ -28.06813049  -66.2993927   -26.53127289 -122.1217041 ]]
2
[[-21.97942352 -92.28408813 -78.66999817 -95.77120209]]
0
[[ -28.06813049  -66.2993927   -26.53127289 -122.1217041 ]]
2
[[-21.97942352 -92.28408813 -78.66999817 -95.77120209]]
0
[[ -28.06813049  -66.2993927   -26.53127289 -122.1217041 ]]
2
[[-21.97942352 -92.28408813 -78.66999817 -95.77120209]]
0
[[ -28.06813049  -66.2993927   -26.53127289 -122.1217041 ]]
2
[[-21.97942352 -92.28408813 -78.66999817 -95.77120209]]
0
[[ -28.06813049  -66.2993927   -26.53127289 -122.1217041 ]]
2
[[-21.97942352 -92.28408813 -78.66999817 -95.77120209]]
0
[[ -28.06813049  -66.2993927   -26.53127289 -122.1217041 ]]
2
[[-21.97942352 -92.28408813 -78.66999817 -95.77120209]]
0
[[ -28.06813049  -66.2993927   -26.53127289 -122.1217041 ]]
2
[[-21.97942352 -92.28408813 -78.66999817 -95.77120209]]
0
[[ -28.06813049  -66.2993927   -26.53127289 -122.1217041 ]]
2
[[-21.97942352 -92.28408813 -78.66999817 -95.77120209]]
0
[[ -28.06813049  -66.2993927   -26.53127289 -122.1217041 ]]
2
[[-21.97942352 -92.28408813 -78.66999817 -95.77120209]]
0
[[ -28.06813049  -66.2993927   -26.53127289 -122.1217041 ]]
2
[[-21.97942352 -92.28408813 -78.66999817 -95.77120209]]
0
[[ -28.06813049  -66.2993927   -26.53127289 -122.1217041 ]]
2
[[-21.97942352 -92.28408813 -78.66999817 -95.77120209]]
0
[[ -28.06813049  -66.2993927   -26.53127289 -122.1217041 ]]
2
[[-21.97942352 -92.28408813 -78.66999817 -95.77120209]]
0
[[ -28.06813049  -66.2993927   -26.53127289 -122.1217041 ]]
2
[[-21.97942352 -92.28408813 -78.66999817 -95.77120209]]
0
[[ -28.06813049  -66.2993927   -26.53127289 -122.1217041 ]]
2
[[-21.97942352 -92.28408813 -78.66999817 -95.77120209]]
0
[[ -28.06813049  -66.2993927   -26.53127289 -122.1217041 ]]
2
[[-21.97942352 -92.28408813 -78.66999817 -95.77120209]]
0
[[ -28.06813049  -66.2993927   -26.53127289 -122.1217041 ]]
2
[[-21.97942352 -92.28408813 -78.66999817 -95.77120209]]
0
[[ -28.06813049  -66.2993927   -26.53127289 -122.1217041 ]]
2
[[-21.97942352 -92.28408813 -78.66999817 -95.77120209]]
0
[[ -28.06813049  -66.2993927   -26.53127289 -122.1217041 ]]
2
[[-21.97942352 -92.28408813 -78.66999817 -95.77120209]]
0
[[ -28.06813049  -66.2993927   -26.53127289 -122.1217041 ]]
2
[[-21.97942352 -92.28408813 -78.66999817 -95.77120209]]
0
[[ -28.06813049  -66.2993927   -26.53127289 -122.1217041 ]]
2
[[-21.97942352 -92.28408813 -78.66999817 -95.77120209]]
0
[[ -28.06813049  -66.2993927   -26.53127289 -122.1217041 ]]
2
[[-21.97942352 -92.28408813 -78.66999817 -95.77120209]]
0
FAIL
9/22
