[[ -86.33824158  -21.24576187  -83.06121826 -120.91975403]]
1
[[-90.58951569 -29.69844818 -82.29970551 -99.95283508]]
1
[[ -91.73028564  -88.07913971  -44.3571167  -105.98446655]]
2
[[ -94.30997467  -13.7687912   -83.80308533 -167.04008484]]
1
[[-208.49076843  -88.82145691   -2.3245163  -112.79989624]]
2
[[ -44.30628204  -19.95922089 -262.30065918 -209.08598328]]
1
[[-187.97311401   48.82858276  101.62874603    2.51289368]]
2
[[ -15.03634644   38.05441284  470.16693115   22.24107361]]
2
PASS
8/8
