[[ -36.88752747  -63.78869629 -100.59120178 -110.78985596]]
0
[[ -21.76839447  -84.59729004  -53.03543091 -100.57817078]]
0
[[ -12.79209137 -106.75576019  -40.74495697 -113.31399536]]
0
[[ -10.75699234  -58.8766098   -36.74565887 -144.63319397]]
0
[[ -24.46725464 -128.35595703  -82.2188797  -186.02255249]]
0
[[-111.86872864  -21.50555038  -25.59543228 -149.03627014]]
1
[[ -28.09699631 -183.26889038  -81.65715027  -62.56250763]]
0
[[ -13.5553894   -24.83059692 -161.13739014 -276.42352295]]
0
[[-118.36902618 -175.51853943 -147.91236877  -14.78300476]]
3
[[  -8.90742874    7.53634644 -148.2460022  -127.68161011]]
1
[[-118.36902618 -175.51853943 -147.91236877  -14.78300476]]
3
[[  -8.90742874    7.53634644 -148.2460022  -127.68161011]]
1
[[-118.36902618 -175.51853943 -147.91236877  -14.78300476]]
3
[[  -8.90742874    7.53634644 -148.2460022  -127.68161011]]
1
[[-118.36902618 -175.51853943 -147.91236877  -14.78300476]]
3
[[  -8.90742874    7.53634644 -148.2460022  -127.68161011]]
1
[[-118.36902618 -175.51853943 -147.91236877  -14.78300476]]
3
[[  -8.90742874    7.53634644 -148.2460022  -127.68161011]]
1
[[-118.36902618 -175.51853943 -147.91236877  -14.78300476]]
3
[[  -8.90742874    7.53634644 -148.2460022  -127.68161011]]
1
[[-118.36902618 -175.51853943 -147.91236877  -14.78300476]]
3
[[  -8.90742874    7.53634644 -148.2460022  -127.68161011]]
1
[[-118.36902618 -175.51853943 -147.91236877  -14.78300476]]
3
[[  -8.90742874    7.53634644 -148.2460022  -127.68161011]]
1
[[-118.36902618 -175.51853943 -147.91236877  -14.78300476]]
3
[[  -8.90742874    7.53634644 -148.2460022  -127.68161011]]
1
[[-118.36902618 -175.51853943 -147.91236877  -14.78300476]]
3
[[  -8.90742874    7.53634644 -148.2460022  -127.68161011]]
1
[[-118.36902618 -175.51853943 -147.91236877  -14.78300476]]
3
[[  -8.90742874    7.53634644 -148.2460022  -127.68161011]]
1
[[-118.36902618 -175.51853943 -147.91236877  -14.78300476]]
3
[[  -8.90742874    7.53634644 -148.2460022  -127.68161011]]
1
[[-118.36902618 -175.51853943 -147.91236877  -14.78300476]]
3
[[  -8.90742874    7.53634644 -148.2460022  -127.68161011]]
1
[[-118.36902618 -175.51853943 -147.91236877  -14.78300476]]
3
[[  -8.90742874    7.53634644 -148.2460022  -127.68161011]]
1
[[-118.36902618 -175.51853943 -147.91236877  -14.78300476]]
3
[[  -8.90742874    7.53634644 -148.2460022  -127.68161011]]
1
[[-118.36902618 -175.51853943 -147.91236877  -14.78300476]]
3
[[  -8.90742874    7.53634644 -148.2460022  -127.68161011]]
1
[[-118.36902618 -175.51853943 -147.91236877  -14.78300476]]
3
[[  -8.90742874    7.53634644 -148.2460022  -127.68161011]]
1
[[-118.36902618 -175.51853943 -147.91236877  -14.78300476]]
3
[[  -8.90742874    7.53634644 -148.2460022  -127.68161011]]
1
[[-118.36902618 -175.51853943 -147.91236877  -14.78300476]]
3
[[  -8.90742874    7.53634644 -148.2460022  -127.68161011]]
1
[[-118.36902618 -175.51853943 -147.91236877  -14.78300476]]
3
[[  -8.90742874    7.53634644 -148.2460022  -127.68161011]]
1
[[-118.36902618 -175.51853943 -147.91236877  -14.78300476]]
3
[[  -8.90742874    7.53634644 -148.2460022  -127.68161011]]
1
[[-118.36902618 -175.51853943 -147.91236877  -14.78300476]]
3
[[  -8.90742874    7.53634644 -148.2460022  -127.68161011]]
1
[[-118.36902618 -175.51853943 -147.91236877  -14.78300476]]
3
[[  -8.90742874    7.53634644 -148.2460022  -127.68161011]]
1
[[-118.36902618 -175.51853943 -147.91236877  -14.78300476]]
3
[[  -8.90742874    7.53634644 -148.2460022  -127.68161011]]
1
[[-118.36902618 -175.51853943 -147.91236877  -14.78300476]]
3
[[  -8.90742874    7.53634644 -148.2460022  -127.68161011]]
1
[[-118.36902618 -175.51853943 -147.91236877  -14.78300476]]
3
[[  -8.90742874    7.53634644 -148.2460022  -127.68161011]]
1
[[-118.36902618 -175.51853943 -147.91236877  -14.78300476]]
3
[[  -8.90742874    7.53634644 -148.2460022  -127.68161011]]
1
[[-118.36902618 -175.51853943 -147.91236877  -14.78300476]]
3
[[  -8.90742874    7.53634644 -148.2460022  -127.68161011]]
1
[[-118.36902618 -175.51853943 -147.91236877  -14.78300476]]
3
[[  -8.90742874    7.53634644 -148.2460022  -127.68161011]]
1
[[-118.36902618 -175.51853943 -147.91236877  -14.78300476]]
3
[[  -8.90742874    7.53634644 -148.2460022  -127.68161011]]
1
[[-118.36902618 -175.51853943 -147.91236877  -14.78300476]]
3
[[  -8.90742874    7.53634644 -148.2460022  -127.68161011]]
1
[[-118.36902618 -175.51853943 -147.91236877  -14.78300476]]
3
[[  -8.90742874    7.53634644 -148.2460022  -127.68161011]]
1
[[-118.36902618 -175.51853943 -147.91236877  -14.78300476]]
3
[[  -8.90742874    7.53634644 -148.2460022  -127.68161011]]
1
[[-118.36902618 -175.51853943 -147.91236877  -14.78300476]]
3
[[  -8.90742874    7.53634644 -148.2460022  -127.68161011]]
1
[[-118.36902618 -175.51853943 -147.91236877  -14.78300476]]
3
[[  -8.90742874    7.53634644 -148.2460022  -127.68161011]]
1
[[-118.36902618 -175.51853943 -147.91236877  -14.78300476]]
3
[[  -8.90742874    7.53634644 -148.2460022  -127.68161011]]
1
[[-118.36902618 -175.51853943 -147.91236877  -14.78300476]]
3
[[  -8.90742874    7.53634644 -148.2460022  -127.68161011]]
1
[[-118.36902618 -175.51853943 -147.91236877  -14.78300476]]
3
[[  -8.90742874    7.53634644 -148.2460022  -127.68161011]]
1
[[-118.36902618 -175.51853943 -147.91236877  -14.78300476]]
3
[[  -8.90742874    7.53634644 -148.2460022  -127.68161011]]
1
[[-118.36902618 -175.51853943 -147.91236877  -14.78300476]]
3
[[  -8.90742874    7.53634644 -148.2460022  -127.68161011]]
1
[[-118.36902618 -175.51853943 -147.91236877  -14.78300476]]
3
[[  -8.90742874    7.53634644 -148.2460022  -127.68161011]]
1
[[-118.36902618 -175.51853943 -147.91236877  -14.78300476]]
3
[[  -8.90742874    7.53634644 -148.2460022  -127.68161011]]
1
[[-118.36902618 -175.51853943 -147.91236877  -14.78300476]]
3
[[  -8.90742874    7.53634644 -148.2460022  -127.68161011]]
1
[[-118.36902618 -175.51853943 -147.91236877  -14.78300476]]
3
[[  -8.90742874    7.53634644 -148.2460022  -127.68161011]]
1
[[-118.36902618 -175.51853943 -147.91236877  -14.78300476]]
3
[[  -8.90742874    7.53634644 -148.2460022  -127.68161011]]
1
[[-118.36902618 -175.51853943 -147.91236877  -14.78300476]]
3
[[  -8.90742874    7.53634644 -148.2460022  -127.68161011]]
1
[[-118.36902618 -175.51853943 -147.91236877  -14.78300476]]
3
FAIL
9/19
