[[ -37.16350555  -65.09654999 -101.48204041 -110.61056519]]
0
[[ -21.12945175  -86.34541321  -53.70315933 -100.29610443]]
0
[[ -13.20452881 -108.64297485  -41.12054443 -112.87957764]]
0
[[ -11.73989105  -60.16036606  -37.42420197 -144.69161987]]
0
[[ -25.26052094 -132.17982483  -83.82528687 -187.74327087]]
0
[[-113.50062561  -22.31689453  -26.5134201  -148.20487976]]
1
[[ -28.00355148 -185.08227539  -82.0203476   -59.95733643]]
0
[[ -13.29684448  -26.32653809 -162.52894592 -278.88867188]]
0
[[-126.50199127 -177.40957642 -149.02746582  -13.2779541 ]]
3
[[  -9.49627686    7.09783936 -149.24603271 -128.71890259]]
1
[[-126.50199127 -177.40957642 -149.02746582  -13.2779541 ]]
3
[[  -9.49627686    7.09783936 -149.24603271 -128.71890259]]
1
[[-126.50199127 -177.40957642 -149.02746582  -13.2779541 ]]
3
[[  -9.49627686    7.09783936 -149.24603271 -128.71890259]]
1
[[-126.50199127 -177.40957642 -149.02746582  -13.2779541 ]]
3
[[  -9.49627686    7.09783936 -149.24603271 -128.71890259]]
1
[[-126.50199127 -177.40957642 -149.02746582  -13.2779541 ]]
3
[[  -9.49627686    7.09783936 -149.24603271 -128.71890259]]
1
[[-126.50199127 -177.40957642 -149.02746582  -13.2779541 ]]
3
[[  -9.49627686    7.09783936 -149.24603271 -128.71890259]]
1
[[-126.50199127 -177.40957642 -149.02746582  -13.2779541 ]]
3
[[  -9.49627686    7.09783936 -149.24603271 -128.71890259]]
1
[[-126.50199127 -177.40957642 -149.02746582  -13.2779541 ]]
3
[[  -9.49627686    7.09783936 -149.24603271 -128.71890259]]
1
[[-126.50199127 -177.40957642 -149.02746582  -13.2779541 ]]
3
[[  -9.49627686    7.09783936 -149.24603271 -128.71890259]]
1
[[-126.50199127 -177.40957642 -149.02746582  -13.2779541 ]]
3
[[  -9.49627686    7.09783936 -149.24603271 -128.71890259]]
1
[[-126.50199127 -177.40957642 -149.02746582  -13.2779541 ]]
3
[[  -9.49627686    7.09783936 -149.24603271 -128.71890259]]
1
[[-126.50199127 -177.40957642 -149.02746582  -13.2779541 ]]
3
[[  -9.49627686    7.09783936 -149.24603271 -128.71890259]]
1
[[-126.50199127 -177.40957642 -149.02746582  -13.2779541 ]]
3
[[  -9.49627686    7.09783936 -149.24603271 -128.71890259]]
1
[[-126.50199127 -177.40957642 -149.02746582  -13.2779541 ]]
3
[[  -9.49627686    7.09783936 -149.24603271 -128.71890259]]
1
[[-126.50199127 -177.40957642 -149.02746582  -13.2779541 ]]
3
[[  -9.49627686    7.09783936 -149.24603271 -128.71890259]]
1
[[-126.50199127 -177.40957642 -149.02746582  -13.2779541 ]]
3
[[  -9.49627686    7.09783936 -149.24603271 -128.71890259]]
1
[[-126.50199127 -177.40957642 -149.02746582  -13.2779541 ]]
3
[[  -9.49627686    7.09783936 -149.24603271 -128.71890259]]
1
[[-126.50199127 -177.40957642 -149.02746582  -13.2779541 ]]
3
[[  -9.49627686    7.09783936 -149.24603271 -128.71890259]]
1
[[-126.50199127 -177.40957642 -149.02746582  -13.2779541 ]]
3
[[  -9.49627686    7.09783936 -149.24603271 -128.71890259]]
1
[[-126.50199127 -177.40957642 -149.02746582  -13.2779541 ]]
3
[[  -9.49627686    7.09783936 -149.24603271 -128.71890259]]
1
[[-126.50199127 -177.40957642 -149.02746582  -13.2779541 ]]
3
[[  -9.49627686    7.09783936 -149.24603271 -128.71890259]]
1
[[-126.50199127 -177.40957642 -149.02746582  -13.2779541 ]]
3
[[  -9.49627686    7.09783936 -149.24603271 -128.71890259]]
1
[[-126.50199127 -177.40957642 -149.02746582  -13.2779541 ]]
3
[[  -9.49627686    7.09783936 -149.24603271 -128.71890259]]
1
[[-126.50199127 -177.40957642 -149.02746582  -13.2779541 ]]
3
[[  -9.49627686    7.09783936 -149.24603271 -128.71890259]]
1
[[-126.50199127 -177.40957642 -149.02746582  -13.2779541 ]]
3
[[  -9.49627686    7.09783936 -149.24603271 -128.71890259]]
1
[[-126.50199127 -177.40957642 -149.02746582  -13.2779541 ]]
3
[[  -9.49627686    7.09783936 -149.24603271 -128.71890259]]
1
[[-126.50199127 -177.40957642 -149.02746582  -13.2779541 ]]
3
[[  -9.49627686    7.09783936 -149.24603271 -128.71890259]]
1
[[-126.50199127 -177.40957642 -149.02746582  -13.2779541 ]]
3
[[  -9.49627686    7.09783936 -149.24603271 -128.71890259]]
1
[[-126.50199127 -177.40957642 -149.02746582  -13.2779541 ]]
3
[[  -9.49627686    7.09783936 -149.24603271 -128.71890259]]
1
[[-126.50199127 -177.40957642 -149.02746582  -13.2779541 ]]
3
[[  -9.49627686    7.09783936 -149.24603271 -128.71890259]]
1
[[-126.50199127 -177.40957642 -149.02746582  -13.2779541 ]]
3
[[  -9.49627686    7.09783936 -149.24603271 -128.71890259]]
1
[[-126.50199127 -177.40957642 -149.02746582  -13.2779541 ]]
3
[[  -9.49627686    7.09783936 -149.24603271 -128.71890259]]
1
[[-126.50199127 -177.40957642 -149.02746582  -13.2779541 ]]
3
[[  -9.49627686    7.09783936 -149.24603271 -128.71890259]]
1
[[-126.50199127 -177.40957642 -149.02746582  -13.2779541 ]]
3
[[  -9.49627686    7.09783936 -149.24603271 -128.71890259]]
1
[[-126.50199127 -177.40957642 -149.02746582  -13.2779541 ]]
3
[[  -9.49627686    7.09783936 -149.24603271 -128.71890259]]
1
[[-126.50199127 -177.40957642 -149.02746582  -13.2779541 ]]
3
[[  -9.49627686    7.09783936 -149.24603271 -128.71890259]]
1
[[-126.50199127 -177.40957642 -149.02746582  -13.2779541 ]]
3
[[  -9.49627686    7.09783936 -149.24603271 -128.71890259]]
1
[[-126.50199127 -177.40957642 -149.02746582  -13.2779541 ]]
3
[[  -9.49627686    7.09783936 -149.24603271 -128.71890259]]
1
[[-126.50199127 -177.40957642 -149.02746582  -13.2779541 ]]
3
[[  -9.49627686    7.09783936 -149.24603271 -128.71890259]]
1
[[-126.50199127 -177.40957642 -149.02746582  -13.2779541 ]]
3
[[  -9.49627686    7.09783936 -149.24603271 -128.71890259]]
1
[[-126.50199127 -177.40957642 -149.02746582  -13.2779541 ]]
3
[[  -9.49627686    7.09783936 -149.24603271 -128.71890259]]
1
[[-126.50199127 -177.40957642 -149.02746582  -13.2779541 ]]
3
[[  -9.49627686    7.09783936 -149.24603271 -128.71890259]]
1
[[-126.50199127 -177.40957642 -149.02746582  -13.2779541 ]]
3
[[  -9.49627686    7.09783936 -149.24603271 -128.71890259]]
1
[[-126.50199127 -177.40957642 -149.02746582  -13.2779541 ]]
3
[[  -9.49627686    7.09783936 -149.24603271 -128.71890259]]
1
[[-126.50199127 -177.40957642 -149.02746582  -13.2779541 ]]
3
[[  -9.49627686    7.09783936 -149.24603271 -128.71890259]]
1
[[-126.50199127 -177.40957642 -149.02746582  -13.2779541 ]]
3
[[  -9.49627686    7.09783936 -149.24603271 -128.71890259]]
1
[[-126.50199127 -177.40957642 -149.02746582  -13.2779541 ]]
3
FAIL
9/19
