[[-223.99388123  -93.58532715  -21.16235352 -211.42608643]]
2
[[ -24.46627617  -58.56253052  -11.22489929 -126.47957611]]
2
[[ -7.23635101 -34.11698914 -34.4832077  -85.82997131]]
0
[[ -24.46627617  -58.56253052  -11.22489929 -126.47957611]]
2
[[ -7.23635101 -34.11698914 -34.4832077  -85.82997131]]
0
[[ -24.46627617  -58.56253052  -11.22489929 -126.47957611]]
2
[[ -7.23635101 -34.11698914 -34.4832077  -85.82997131]]
0
[[ -24.46627617  -58.56253052  -11.22489929 -126.47957611]]
2
[[ -7.23635101 -34.11698914 -34.4832077  -85.82997131]]
0
[[ -24.46627617  -58.56253052  -11.22489929 -126.47957611]]
2
[[ -7.23635101 -34.11698914 -34.4832077  -85.82997131]]
0
[[ -24.46627617  -58.56253052  -11.22489929 -126.47957611]]
2
[[ -7.23635101 -34.11698914 -34.4832077  -85.82997131]]
0
[[ -24.46627617  -58.56253052  -11.22489929 -126.47957611]]
2
[[ -7.23635101 -34.11698914 -34.4832077  -85.82997131]]
0
[[ -24.46627617  -58.56253052  -11.22489929 -126.47957611]]
2
[[ -7.23635101 -34.11698914 -34.4832077  -85.82997131]]
0
[[ -24.46627617  -58.56253052  -11.22489929 -126.47957611]]
2
[[ -7.23635101 -34.11698914 -34.4832077  -85.82997131]]
0
[[ -24.46627617  -58.56253052  -11.22489929 -126.47957611]]
2
[[ -7.23635101 -34.11698914 -34.4832077  -85.82997131]]
0
[[ -24.46627617  -58.56253052  -11.22489929 -126.47957611]]
2
[[ -7.23635101 -34.11698914 -34.4832077  -85.82997131]]
0
[[ -24.46627617  -58.56253052  -11.22489929 -126.47957611]]
2
[[ -7.23635101 -34.11698914 -34.4832077  -85.82997131]]
0
[[ -24.46627617  -58.56253052  -11.22489929 -126.47957611]]
2
[[ -7.23635101 -34.11698914 -34.4832077  -85.82997131]]
0
[[ -24.46627617  -58.56253052  -11.22489929 -126.47957611]]
2
[[ -7.23635101 -34.11698914 -34.4832077  -85.82997131]]
0
[[ -24.46627617  -58.56253052  -11.22489929 -126.47957611]]
2
[[ -7.23635101 -34.11698914 -34.4832077  -85.82997131]]
0
[[ -24.46627617  -58.56253052  -11.22489929 -126.47957611]]
2
[[ -7.23635101 -34.11698914 -34.4832077  -85.82997131]]
0
[[ -24.46627617  -58.56253052  -11.22489929 -126.47957611]]
2
[[ -7.23635101 -34.11698914 -34.4832077  -85.82997131]]
0
[[ -24.46627617  -58.56253052  -11.22489929 -126.47957611]]
2
[[ -7.23635101 -34.11698914 -34.4832077  -85.82997131]]
0
[[ -24.46627617  -58.56253052  -11.22489929 -126.47957611]]
2
[[ -7.23635101 -34.11698914 -34.4832077  -85.82997131]]
0
[[ -24.46627617  -58.56253052  -11.22489929 -126.47957611]]
2
[[ -7.23635101 -34.11698914 -34.4832077  -85.82997131]]
0
[[ -24.46627617  -58.56253052  -11.22489929 -126.47957611]]
2
[[ -7.23635101 -34.11698914 -34.4832077  -85.82997131]]
0
[[ -24.46627617  -58.56253052  -11.22489929 -126.47957611]]
2
[[ -7.23635101 -34.11698914 -34.4832077  -85.82997131]]
0
[[ -24.46627617  -58.56253052  -11.22489929 -126.47957611]]
2
[[ -7.23635101 -34.11698914 -34.4832077  -85.82997131]]
0
[[ -24.46627617  -58.56253052  -11.22489929 -126.47957611]]
2
[[ -7.23635101 -34.11698914 -34.4832077  -85.82997131]]
0
[[ -24.46627617  -58.56253052  -11.22489929 -126.47957611]]
2
[[ -7.23635101 -34.11698914 -34.4832077  -85.82997131]]
0
[[ -24.46627617  -58.56253052  -11.22489929 -126.47957611]]
2
[[ -7.23635101 -34.11698914 -34.4832077  -85.82997131]]
0
[[ -24.46627617  -58.56253052  -11.22489929 -126.47957611]]
2
[[ -7.23635101 -34.11698914 -34.4832077  -85.82997131]]
0
[[ -24.46627617  -58.56253052  -11.22489929 -126.47957611]]
2
[[ -7.23635101 -34.11698914 -34.4832077  -85.82997131]]
0
[[ -24.46627617  -58.56253052  -11.22489929 -126.47957611]]
2
[[ -7.23635101 -34.11698914 -34.4832077  -85.82997131]]
0
[[ -24.46627617  -58.56253052  -11.22489929 -126.47957611]]
2
[[ -7.23635101 -34.11698914 -34.4832077  -85.82997131]]
0
[[ -24.46627617  -58.56253052  -11.22489929 -126.47957611]]
2
[[ -7.23635101 -34.11698914 -34.4832077  -85.82997131]]
0
[[ -24.46627617  -58.56253052  -11.22489929 -126.47957611]]
2
[[ -7.23635101 -34.11698914 -34.4832077  -85.82997131]]
0
[[ -24.46627617  -58.56253052  -11.22489929 -126.47957611]]
2
[[ -7.23635101 -34.11698914 -34.4832077  -85.82997131]]
0
[[ -24.46627617  -58.56253052  -11.22489929 -126.47957611]]
2
[[ -7.23635101 -34.11698914 -34.4832077  -85.82997131]]
0
[[ -24.46627617  -58.56253052  -11.22489929 -126.47957611]]
2
[[ -7.23635101 -34.11698914 -34.4832077  -85.82997131]]
0
[[ -24.46627617  -58.56253052  -11.22489929 -126.47957611]]
2
[[ -7.23635101 -34.11698914 -34.4832077  -85.82997131]]
0
[[ -24.46627617  -58.56253052  -11.22489929 -126.47957611]]
2
[[ -7.23635101 -34.11698914 -34.4832077  -85.82997131]]
0
[[ -24.46627617  -58.56253052  -11.22489929 -126.47957611]]
2
[[ -7.23635101 -34.11698914 -34.4832077  -85.82997131]]
0
[[ -24.46627617  -58.56253052  -11.22489929 -126.47957611]]
2
[[ -7.23635101 -34.11698914 -34.4832077  -85.82997131]]
0
[[ -24.46627617  -58.56253052  -11.22489929 -126.47957611]]
2
[[ -7.23635101 -34.11698914 -34.4832077  -85.82997131]]
0
[[ -24.46627617  -58.56253052  -11.22489929 -126.47957611]]
2
[[ -7.23635101 -34.11698914 -34.4832077  -85.82997131]]
0
[[ -24.46627617  -58.56253052  -11.22489929 -126.47957611]]
2
[[ -7.23635101 -34.11698914 -34.4832077  -85.82997131]]
0
[[ -24.46627617  -58.56253052  -11.22489929 -126.47957611]]
2
[[ -7.23635101 -34.11698914 -34.4832077  -85.82997131]]
0
[[ -24.46627617  -58.56253052  -11.22489929 -126.47957611]]
2
[[ -7.23635101 -34.11698914 -34.4832077  -85.82997131]]
0
[[ -24.46627617  -58.56253052  -11.22489929 -126.47957611]]
2
[[ -7.23635101 -34.11698914 -34.4832077  -85.82997131]]
0
[[ -24.46627617  -58.56253052  -11.22489929 -126.47957611]]
2
[[ -7.23635101 -34.11698914 -34.4832077  -85.82997131]]
0
[[ -24.46627617  -58.56253052  -11.22489929 -126.47957611]]
2
[[ -7.23635101 -34.11698914 -34.4832077  -85.82997131]]
0
[[ -24.46627617  -58.56253052  -11.22489929 -126.47957611]]
2
[[ -7.23635101 -34.11698914 -34.4832077  -85.82997131]]
0
[[ -24.46627617  -58.56253052  -11.22489929 -126.47957611]]
2
[[ -7.23635101 -34.11698914 -34.4832077  -85.82997131]]
0
[[ -24.46627617  -58.56253052  -11.22489929 -126.47957611]]
2
[[ -7.23635101 -34.11698914 -34.4832077  -85.82997131]]
0
FAIL
2/31
