[[ -80.3396225   -26.34416962 -106.57460022  -99.54457855]]
1
[[ -82.79493713  -31.99848175 -107.2930603   -91.51981354]]
1
[[ -45.70533752  -81.30995178 -103.35908508  -78.38257599]]
0
[[-107.6115036    -3.40840149  -77.45075989 -137.25259399]]
1
[[ -23.12708282  -77.73114014 -136.91662598  -96.62650299]]
0
[[ -11.85349274  -83.21750641  -58.37199783 -126.35990906]]
0
[[ -91.0844574    -7.93240356  -20.21998596 -102.23846436]]
1
[[-49.2769165  -71.6703949  -92.61795044 -95.86088562]]
0
[[-22.03227615 -94.43023682 -79.31491089 -95.56182861]]
0
[[ -29.06146622  -67.98630524  -27.2056694  -121.64001465]]
2
[[-22.03227615 -94.43023682 -79.31491089 -95.56182861]]
0
[[ -29.06146622  -67.98630524  -27.2056694  -121.64001465]]
2
[[-22.03227615 -94.43023682 -79.31491089 -95.56182861]]
0
[[ -29.06146622  -67.98630524  -27.2056694  -121.64001465]]
2
[[-22.03227615 -94.43023682 -79.31491089 -95.56182861]]
0
[[ -29.06146622  -67.98630524  -27.2056694  -121.64001465]]
2
[[-22.03227615 -94.43023682 -79.31491089 -95.56182861]]
0
[[ -29.06146622  -67.98630524  -27.2056694  -121.64001465]]
2
[[-22.03227615 -94.43023682 -79.31491089 -95.56182861]]
0
[[ -29.06146622  -67.98630524  -27.2056694  -121.64001465]]
2
[[-22.03227615 -94.43023682 -79.31491089 -95.56182861]]
0
[[ -29.06146622  -67.98630524  -27.2056694  -121.64001465]]
2
[[-22.03227615 -94.43023682 -79.31491089 -95.56182861]]
0
[[ -29.06146622  -67.98630524  -27.2056694  -121.64001465]]
2
[[-22.03227615 -94.43023682 -79.31491089 -95.56182861]]
0
[[ -29.06146622  -67.98630524  -27.2056694  -121.64001465]]
2
[[-22.03227615 -94.43023682 -79.31491089 -95.56182861]]
0
[[ -29.06146622  -67.98630524  -27.2056694  -121.64001465]]
2
[[-22.03227615 -94.43023682 -79.31491089 -95.56182861]]
0
[[ -29.06146622  -67.98630524  -27.2056694  -121.64001465]]
2
[[-22.03227615 -94.43023682 -79.31491089 -95.56182861]]
0
[[ -29.06146622  -67.98630524  -27.2056694  -121.64001465]]
2
[[-22.03227615 -94.43023682 -79.31491089 -95.56182861]]
0
[[ -29.06146622  -67.98630524  -27.2056694  -121.64001465]]
2
[[-22.03227615 -94.43023682 -79.31491089 -95.56182861]]
0
[[ -29.06146622  -67.98630524  -27.2056694  -121.64001465]]
2
[[-22.03227615 -94.43023682 -79.31491089 -95.56182861]]
0
[[ -29.06146622  -67.98630524  -27.2056694  -121.64001465]]
2
[[-22.03227615 -94.43023682 -79.31491089 -95.56182861]]
0
[[ -29.06146622  -67.98630524  -27.2056694  -121.64001465]]
2
[[-22.03227615 -94.43023682 -79.31491089 -95.56182861]]
0
[[ -29.06146622  -67.98630524  -27.2056694  -121.64001465]]
2
[[-22.03227615 -94.43023682 -79.31491089 -95.56182861]]
0
[[ -29.06146622  -67.98630524  -27.2056694  -121.64001465]]
2
[[-22.03227615 -94.43023682 -79.31491089 -95.56182861]]
0
[[ -29.06146622  -67.98630524  -27.2056694  -121.64001465]]
2
[[-22.03227615 -94.43023682 -79.31491089 -95.56182861]]
0
[[ -29.06146622  -67.98630524  -27.2056694  -121.64001465]]
2
[[-22.03227615 -94.43023682 -79.31491089 -95.56182861]]
0
[[ -29.06146622  -67.98630524  -27.2056694  -121.64001465]]
2
[[-22.03227615 -94.43023682 -79.31491089 -95.56182861]]
0
[[ -29.06146622  -67.98630524  -27.2056694  -121.64001465]]
2
[[-22.03227615 -94.43023682 -79.31491089 -95.56182861]]
0
[[ -29.06146622  -67.98630524  -27.2056694  -121.64001465]]
2
[[-22.03227615 -94.43023682 -79.31491089 -95.56182861]]
0
[[ -29.06146622  -67.98630524  -27.2056694  -121.64001465]]
2
[[-22.03227615 -94.43023682 -79.31491089 -95.56182861]]
0
[[ -29.06146622  -67.98630524  -27.2056694  -121.64001465]]
2
[[-22.03227615 -94.43023682 -79.31491089 -95.56182861]]
0
[[ -29.06146622  -67.98630524  -27.2056694  -121.64001465]]
2
[[-22.03227615 -94.43023682 -79.31491089 -95.56182861]]
0
[[ -29.06146622  -67.98630524  -27.2056694  -121.64001465]]
2
[[-22.03227615 -94.43023682 -79.31491089 -95.56182861]]
0
[[ -29.06146622  -67.98630524  -27.2056694  -121.64001465]]
2
[[-22.03227615 -94.43023682 -79.31491089 -95.56182861]]
0
[[ -29.06146622  -67.98630524  -27.2056694  -121.64001465]]
2
[[-22.03227615 -94.43023682 -79.31491089 -95.56182861]]
0
[[ -29.06146622  -67.98630524  -27.2056694  -121.64001465]]
2
[[-22.03227615 -94.43023682 -79.31491089 -95.56182861]]
0
[[ -29.06146622  -67.98630524  -27.2056694  -121.64001465]]
2
[[-22.03227615 -94.43023682 -79.31491089 -95.56182861]]
0
[[ -29.06146622  -67.98630524  -27.2056694  -121.64001465]]
2
[[-22.03227615 -94.43023682 -79.31491089 -95.56182861]]
0
[[ -29.06146622  -67.98630524  -27.2056694  -121.64001465]]
2
[[-22.03227615 -94.43023682 -79.31491089 -95.56182861]]
0
[[ -29.06146622  -67.98630524  -27.2056694  -121.64001465]]
2
[[-22.03227615 -94.43023682 -79.31491089 -95.56182861]]
0
[[ -29.06146622  -67.98630524  -27.2056694  -121.64001465]]
2
[[-22.03227615 -94.43023682 -79.31491089 -95.56182861]]
0
[[ -29.06146622  -67.98630524  -27.2056694  -121.64001465]]
2
[[-22.03227615 -94.43023682 -79.31491089 -95.56182861]]
0
[[ -29.06146622  -67.98630524  -27.2056694  -121.64001465]]
2
[[-22.03227615 -94.43023682 -79.31491089 -95.56182861]]
0
[[ -29.06146622  -67.98630524  -27.2056694  -121.64001465]]
2
[[-22.03227615 -94.43023682 -79.31491089 -95.56182861]]
0
[[ -29.06146622  -67.98630524  -27.2056694  -121.64001465]]
2
[[-22.03227615 -94.43023682 -79.31491089 -95.56182861]]
0
[[ -29.06146622  -67.98630524  -27.2056694  -121.64001465]]
2
[[-22.03227615 -94.43023682 -79.31491089 -95.56182861]]
0
[[ -29.06146622  -67.98630524  -27.2056694  -121.64001465]]
2
[[-22.03227615 -94.43023682 -79.31491089 -95.56182861]]
0
[[ -29.06146622  -67.98630524  -27.2056694  -121.64001465]]
2
[[-22.03227615 -94.43023682 -79.31491089 -95.56182861]]
0
[[ -29.06146622  -67.98630524  -27.2056694  -121.64001465]]
2
[[-22.03227615 -94.43023682 -79.31491089 -95.56182861]]
0
[[ -29.06146622  -67.98630524  -27.2056694  -121.64001465]]
2
[[-22.03227615 -94.43023682 -79.31491089 -95.56182861]]
0
[[ -29.06146622  -67.98630524  -27.2056694  -121.64001465]]
2
[[-22.03227615 -94.43023682 -79.31491089 -95.56182861]]
0
[[ -29.06146622  -67.98630524  -27.2056694  -121.64001465]]
2
[[-22.03227615 -94.43023682 -79.31491089 -95.56182861]]
0
FAIL
9/22
