[[-81.2293396  -90.23072052 -87.47628021 -79.85451508]]
3
[[-85.12939453 -41.35467529 -98.39841461 -77.88536835]]
1
[[-81.2293396  -90.23072052 -87.47628021 -79.85451508]]
3
[[-85.12939453 -41.35467529 -98.39841461 -77.88536835]]
1
[[-81.2293396  -90.23072052 -87.47628021 -79.85451508]]
3
[[-85.12939453 -41.35467529 -98.39841461 -77.88536835]]
1
[[-81.2293396  -90.23072052 -87.47628021 -79.85451508]]
3
[[-85.12939453 -41.35467529 -98.39841461 -77.88536835]]
1
[[-81.2293396  -90.23072052 -87.47628021 -79.85451508]]
3
[[-85.12939453 -41.35467529 -98.39841461 -77.88536835]]
1
[[-81.2293396  -90.23072052 -87.47628021 -79.85451508]]
3
[[-85.12939453 -41.35467529 -98.39841461 -77.88536835]]
1
[[-81.2293396  -90.23072052 -87.47628021 -79.85451508]]
3
[[-85.12939453 -41.35467529 -98.39841461 -77.88536835]]
1
[[-81.2293396  -90.23072052 -87.47628021 -79.85451508]]
3
[[-85.12939453 -41.35467529 -98.39841461 -77.88536835]]
1
[[-81.2293396  -90.23072052 -87.47628021 -79.85451508]]
3
[[-85.12939453 -41.35467529 -98.39841461 -77.88536835]]
1
[[-81.2293396  -90.23072052 -87.47628021 -79.85451508]]
3
[[-85.12939453 -41.35467529 -98.39841461 -77.88536835]]
1
[[-81.2293396  -90.23072052 -87.47628021 -79.85451508]]
3
[[-85.12939453 -41.35467529 -98.39841461 -77.88536835]]
1
[[-81.2293396  -90.23072052 -87.47628021 -79.85451508]]
3
[[-85.12939453 -41.35467529 -98.39841461 -77.88536835]]
1
[[-81.2293396  -90.23072052 -87.47628021 -79.85451508]]
3
[[-85.12939453 -41.35467529 -98.39841461 -77.88536835]]
1
[[-81.2293396  -90.23072052 -87.47628021 -79.85451508]]
3
[[-85.12939453 -41.35467529 -98.39841461 -77.88536835]]
1
[[-81.2293396  -90.23072052 -87.47628021 -79.85451508]]
3
[[-85.12939453 -41.35467529 -98.39841461 -77.88536835]]
1
[[-81.2293396  -90.23072052 -87.47628021 -79.85451508]]
3
[[-85.12939453 -41.35467529 -98.39841461 -77.88536835]]
1
[[-81.2293396  -90.23072052 -87.47628021 -79.85451508]]
3
[[-85.12939453 -41.35467529 -98.39841461 -77.88536835]]
1
[[-81.2293396  -90.23072052 -87.47628021 -79.85451508]]
3
[[-85.12939453 -41.35467529 -98.39841461 -77.88536835]]
1
[[-81.2293396  -90.23072052 -87.47628021 -79.85451508]]
3
[[-85.12939453 -41.35467529 -98.39841461 -77.88536835]]
1
[[-81.2293396  -90.23072052 -87.47628021 -79.85451508]]
3
[[-85.12939453 -41.35467529 -98.39841461 -77.88536835]]
1
[[-81.2293396  -90.23072052 -87.47628021 -79.85451508]]
3
[[-85.12939453 -41.35467529 -98.39841461 -77.88536835]]
1
[[-81.2293396  -90.23072052 -87.47628021 -79.85451508]]
3
[[-85.12939453 -41.35467529 -98.39841461 -77.88536835]]
1
[[-81.2293396  -90.23072052 -87.47628021 -79.85451508]]
3
[[-85.12939453 -41.35467529 -98.39841461 -77.88536835]]
1
[[-81.2293396  -90.23072052 -87.47628021 -79.85451508]]
3
[[-85.12939453 -41.35467529 -98.39841461 -77.88536835]]
1
[[-81.2293396  -90.23072052 -87.47628021 -79.85451508]]
3
[[-85.12939453 -41.35467529 -98.39841461 -77.88536835]]
1
[[-81.2293396  -90.23072052 -87.47628021 -79.85451508]]
3
[[-85.12939453 -41.35467529 -98.39841461 -77.88536835]]
1
[[-81.2293396  -90.23072052 -87.47628021 -79.85451508]]
3
[[-85.12939453 -41.35467529 -98.39841461 -77.88536835]]
1
[[-81.2293396  -90.23072052 -87.47628021 -79.85451508]]
3
[[-85.12939453 -41.35467529 -98.39841461 -77.88536835]]
1
[[-81.2293396  -90.23072052 -87.47628021 -79.85451508]]
3
[[-85.12939453 -41.35467529 -98.39841461 -77.88536835]]
1
[[-81.2293396  -90.23072052 -87.47628021 -79.85451508]]
3
[[-85.12939453 -41.35467529 -98.39841461 -77.88536835]]
1
[[-81.2293396  -90.23072052 -87.47628021 -79.85451508]]
3
[[-85.12939453 -41.35467529 -98.39841461 -77.88536835]]
1
[[-81.2293396  -90.23072052 -87.47628021 -79.85451508]]
3
[[-85.12939453 -41.35467529 -98.39841461 -77.88536835]]
1
[[-81.2293396  -90.23072052 -87.47628021 -79.85451508]]
3
[[-85.12939453 -41.35467529 -98.39841461 -77.88536835]]
1
[[-81.2293396  -90.23072052 -87.47628021 -79.85451508]]
3
[[-85.12939453 -41.35467529 -98.39841461 -77.88536835]]
1
[[-81.2293396  -90.23072052 -87.47628021 -79.85451508]]
3
[[-85.12939453 -41.35467529 -98.39841461 -77.88536835]]
1
[[-81.2293396  -90.23072052 -87.47628021 -79.85451508]]
3
[[-85.12939453 -41.35467529 -98.39841461 -77.88536835]]
1
[[-81.2293396  -90.23072052 -87.47628021 -79.85451508]]
3
[[-85.12939453 -41.35467529 -98.39841461 -77.88536835]]
1
[[-81.2293396  -90.23072052 -87.47628021 -79.85451508]]
3
[[-85.12939453 -41.35467529 -98.39841461 -77.88536835]]
1
[[-81.2293396  -90.23072052 -87.47628021 -79.85451508]]
3
[[-85.12939453 -41.35467529 -98.39841461 -77.88536835]]
1
[[-81.2293396  -90.23072052 -87.47628021 -79.85451508]]
3
[[-85.12939453 -41.35467529 -98.39841461 -77.88536835]]
1
[[-81.2293396  -90.23072052 -87.47628021 -79.85451508]]
3
[[-85.12939453 -41.35467529 -98.39841461 -77.88536835]]
1
[[-81.2293396  -90.23072052 -87.47628021 -79.85451508]]
3
[[-85.12939453 -41.35467529 -98.39841461 -77.88536835]]
1
[[-81.2293396  -90.23072052 -87.47628021 -79.85451508]]
3
[[-85.12939453 -41.35467529 -98.39841461 -77.88536835]]
1
[[-81.2293396  -90.23072052 -87.47628021 -79.85451508]]
3
[[-85.12939453 -41.35467529 -98.39841461 -77.88536835]]
1
[[-81.2293396  -90.23072052 -87.47628021 -79.85451508]]
3
[[-85.12939453 -41.35467529 -98.39841461 -77.88536835]]
1
[[-81.2293396  -90.23072052 -87.47628021 -79.85451508]]
3
[[-85.12939453 -41.35467529 -98.39841461 -77.88536835]]
1
[[-81.2293396  -90.23072052 -87.47628021 -79.85451508]]
3
[[-85.12939453 -41.35467529 -98.39841461 -77.88536835]]
1
[[-81.2293396  -90.23072052 -87.47628021 -79.85451508]]
3
[[-85.12939453 -41.35467529 -98.39841461 -77.88536835]]
1
[[-81.2293396  -90.23072052 -87.47628021 -79.85451508]]
3
[[-85.12939453 -41.35467529 -98.39841461 -77.88536835]]
1
[[-81.2293396  -90.23072052 -87.47628021 -79.85451508]]
3
[[-85.12939453 -41.35467529 -98.39841461 -77.88536835]]
1
[[-81.2293396  -90.23072052 -87.47628021 -79.85451508]]
3
FAIL
1/9
