[[ -88.76306152  -21.04879761  -83.98953247 -121.16742706]]
1
[[-93.20449829 -29.76253128 -83.0538559  -99.8682251 ]]
1
[[ -94.52108765  -90.54605865  -43.90981293 -105.73254395]]
2
[[ -96.19075012  -14.34000397  -84.92350769 -167.1907959 ]]
1
[[-212.02371216  -88.88320923   -2.98279572 -112.92456818]]
2
[[ -46.42591858  -20.45310974 -263.83190918 -208.41778564]]
1
[[-188.68280029   51.42197037  106.34136963    6.00772095]]
2
[[ -13.48455811   39.81710052  479.11398315   25.4677887 ]]
2
PASS
8/8
