[[ -36.85031128  -66.62875366 -102.05640411 -110.45901489]]
0
[[ -20.32556152  -88.38478851  -54.33382797 -100.02957916]]
0
[[ -13.34333801 -110.7114563   -41.40491486 -112.38719177]]
0
[[ -12.46450043  -61.88340378  -37.9712677  -144.8167572 ]]
0
[[ -25.66078186 -136.23396301  -85.07563782 -189.41781616]]
0
[[-114.87122345  -23.53164673  -27.41957092 -147.36523438]]
1
[[ -27.69333267 -187.01538086  -81.88013458  -57.58364105]]
0
[[ -12.65470886  -27.76661682 -163.73988342 -281.31811523]]
0
[[-133.94973755 -179.66123962 -149.89254761  -11.81570435]]
3
[[  -9.7425499     6.45182037 -150.00119019 -129.68852234]]
1
[[-133.94973755 -179.66123962 -149.89254761  -11.81570435]]
3
[[  -9.7425499     6.45182037 -150.00119019 -129.68852234]]
1
[[-133.94973755 -179.66123962 -149.89254761  -11.81570435]]
3
[[  -9.7425499     6.45182037 -150.00119019 -129.68852234]]
1
[[-133.94973755 -179.66123962 -149.89254761  -11.81570435]]
3
[[  -9.7425499     6.45182037 -150.00119019 -129.68852234]]
1
[[-133.94973755 -179.66123962 -149.89254761  -11.81570435]]
3
[[  -9.7425499     6.45182037 -150.00119019 -129.68852234]]
1
[[-133.94973755 -179.66123962 -149.89254761  -11.81570435]]
3
[[  -9.7425499     6.45182037 -150.00119019 -129.68852234]]
1
[[-133.94973755 -179.66123962 -149.89254761  -11.81570435]]
3
[[  -9.7425499     6.45182037 -150.00119019 -129.68852234]]
1
[[-133.94973755 -179.66123962 -149.89254761  -11.81570435]]
3
[[  -9.7425499     6.45182037 -150.00119019 -129.68852234]]
1
[[-133.94973755 -179.66123962 -149.89254761  -11.81570435]]
3
[[  -9.7425499     6.45182037 -150.00119019 -129.68852234]]
1
[[-133.94973755 -179.66123962 -149.89254761  -11.81570435]]
3
[[  -9.7425499     6.45182037 -150.00119019 -129.68852234]]
1
[[-133.94973755 -179.66123962 -149.89254761  -11.81570435]]
3
[[  -9.7425499     6.45182037 -150.00119019 -129.68852234]]
1
[[-133.94973755 -179.66123962 -149.89254761  -11.81570435]]
3
[[  -9.7425499     6.45182037 -150.00119019 -129.68852234]]
1
[[-133.94973755 -179.66123962 -149.89254761  -11.81570435]]
3
[[  -9.7425499     6.45182037 -150.00119019 -129.68852234]]
1
[[-133.94973755 -179.66123962 -149.89254761  -11.81570435]]
3
[[  -9.7425499     6.45182037 -150.00119019 -129.68852234]]
1
[[-133.94973755 -179.66123962 -149.89254761  -11.81570435]]
3
[[  -9.7425499     6.45182037 -150.00119019 -129.68852234]]
1
[[-133.94973755 -179.66123962 -149.89254761  -11.81570435]]
3
[[  -9.7425499     6.45182037 -150.00119019 -129.68852234]]
1
[[-133.94973755 -179.66123962 -149.89254761  -11.81570435]]
3
[[  -9.7425499     6.45182037 -150.00119019 -129.68852234]]
1
[[-133.94973755 -179.66123962 -149.89254761  -11.81570435]]
3
[[  -9.7425499     6.45182037 -150.00119019 -129.68852234]]
1
[[-133.94973755 -179.66123962 -149.89254761  -11.81570435]]
3
[[  -9.7425499     6.45182037 -150.00119019 -129.68852234]]
1
[[-133.94973755 -179.66123962 -149.89254761  -11.81570435]]
3
[[  -9.7425499     6.45182037 -150.00119019 -129.68852234]]
1
[[-133.94973755 -179.66123962 -149.89254761  -11.81570435]]
3
[[  -9.7425499     6.45182037 -150.00119019 -129.68852234]]
1
[[-133.94973755 -179.66123962 -149.89254761  -11.81570435]]
3
[[  -9.7425499     6.45182037 -150.00119019 -129.68852234]]
1
[[-133.94973755 -179.66123962 -149.89254761  -11.81570435]]
3
[[  -9.7425499     6.45182037 -150.00119019 -129.68852234]]
1
[[-133.94973755 -179.66123962 -149.89254761  -11.81570435]]
3
[[  -9.7425499     6.45182037 -150.00119019 -129.68852234]]
1
[[-133.94973755 -179.66123962 -149.89254761  -11.81570435]]
3
[[  -9.7425499     6.45182037 -150.00119019 -129.68852234]]
1
[[-133.94973755 -179.66123962 -149.89254761  -11.81570435]]
3
[[  -9.7425499     6.45182037 -150.00119019 -129.68852234]]
1
[[-133.94973755 -179.66123962 -149.89254761  -11.81570435]]
3
[[  -9.7425499     6.45182037 -150.00119019 -129.68852234]]
1
[[-133.94973755 -179.66123962 -149.89254761  -11.81570435]]
3
[[  -9.7425499     6.45182037 -150.00119019 -129.68852234]]
1
[[-133.94973755 -179.66123962 -149.89254761  -11.81570435]]
3
[[  -9.7425499     6.45182037 -150.00119019 -129.68852234]]
1
[[-133.94973755 -179.66123962 -149.89254761  -11.81570435]]
3
[[  -9.7425499     6.45182037 -150.00119019 -129.68852234]]
1
[[-133.94973755 -179.66123962 -149.89254761  -11.81570435]]
3
[[  -9.7425499     6.45182037 -150.00119019 -129.68852234]]
1
[[-133.94973755 -179.66123962 -149.89254761  -11.81570435]]
3
[[  -9.7425499     6.45182037 -150.00119019 -129.68852234]]
1
[[-133.94973755 -179.66123962 -149.89254761  -11.81570435]]
3
[[  -9.7425499     6.45182037 -150.00119019 -129.68852234]]
1
[[-133.94973755 -179.66123962 -149.89254761  -11.81570435]]
3
[[  -9.7425499     6.45182037 -150.00119019 -129.68852234]]
1
[[-133.94973755 -179.66123962 -149.89254761  -11.81570435]]
3
[[  -9.7425499     6.45182037 -150.00119019 -129.68852234]]
1
[[-133.94973755 -179.66123962 -149.89254761  -11.81570435]]
3
[[  -9.7425499     6.45182037 -150.00119019 -129.68852234]]
1
[[-133.94973755 -179.66123962 -149.89254761  -11.81570435]]
3
[[  -9.7425499     6.45182037 -150.00119019 -129.68852234]]
1
[[-133.94973755 -179.66123962 -149.89254761  -11.81570435]]
3
[[  -9.7425499     6.45182037 -150.00119019 -129.68852234]]
1
[[-133.94973755 -179.66123962 -149.89254761  -11.81570435]]
3
[[  -9.7425499     6.45182037 -150.00119019 -129.68852234]]
1
[[-133.94973755 -179.66123962 -149.89254761  -11.81570435]]
3
[[  -9.7425499     6.45182037 -150.00119019 -129.68852234]]
1
[[-133.94973755 -179.66123962 -149.89254761  -11.81570435]]
3
[[  -9.7425499     6.45182037 -150.00119019 -129.68852234]]
1
[[-133.94973755 -179.66123962 -149.89254761  -11.81570435]]
3
[[  -9.7425499     6.45182037 -150.00119019 -129.68852234]]
1
[[-133.94973755 -179.66123962 -149.89254761  -11.81570435]]
3
[[  -9.7425499     6.45182037 -150.00119019 -129.68852234]]
1
[[-133.94973755 -179.66123962 -149.89254761  -11.81570435]]
3
[[  -9.7425499     6.45182037 -150.00119019 -129.68852234]]
1
[[-133.94973755 -179.66123962 -149.89254761  -11.81570435]]
3
[[  -9.7425499     6.45182037 -150.00119019 -129.68852234]]
1
[[-133.94973755 -179.66123962 -149.89254761  -11.81570435]]
3
[[  -9.7425499     6.45182037 -150.00119019 -129.68852234]]
1
[[-133.94973755 -179.66123962 -149.89254761  -11.81570435]]
3
FAIL
9/19
