[[-81.9070282  -91.05760193 -87.78553009 -79.06151581]]
3
[[-86.13237762 -43.59657288 -99.55871582 -76.86214447]]
1
[[-81.9070282  -91.05760193 -87.78553009 -79.06151581]]
3
[[-86.13237762 -43.59657288 -99.55871582 -76.86214447]]
1
[[-81.9070282  -91.05760193 -87.78553009 -79.06151581]]
3
[[-86.13237762 -43.59657288 -99.55871582 -76.86214447]]
1
[[-81.9070282  -91.05760193 -87.78553009 -79.06151581]]
3
[[-86.13237762 -43.59657288 -99.55871582 -76.86214447]]
1
[[-81.9070282  -91.05760193 -87.78553009 -79.06151581]]
3
[[-86.13237762 -43.59657288 -99.55871582 -76.86214447]]
1
[[-81.9070282  -91.05760193 -87.78553009 -79.06151581]]
3
[[-86.13237762 -43.59657288 -99.55871582 -76.86214447]]
1
[[-81.9070282  -91.05760193 -87.78553009 -79.06151581]]
3
[[-86.13237762 -43.59657288 -99.55871582 -76.86214447]]
1
[[-81.9070282  -91.05760193 -87.78553009 -79.06151581]]
3
[[-86.13237762 -43.59657288 -99.55871582 -76.86214447]]
1
[[-81.9070282  -91.05760193 -87.78553009 -79.06151581]]
3
[[-86.13237762 -43.59657288 -99.55871582 -76.86214447]]
1
[[-81.9070282  -91.05760193 -87.78553009 -79.06151581]]
3
[[-86.13237762 -43.59657288 -99.55871582 -76.86214447]]
1
[[-81.9070282  -91.05760193 -87.78553009 -79.06151581]]
3
[[-86.13237762 -43.59657288 -99.55871582 -76.86214447]]
1
[[-81.9070282  -91.05760193 -87.78553009 -79.06151581]]
3
[[-86.13237762 -43.59657288 -99.55871582 -76.86214447]]
1
[[-81.9070282  -91.05760193 -87.78553009 -79.06151581]]
3
[[-86.13237762 -43.59657288 -99.55871582 -76.86214447]]
1
[[-81.9070282  -91.05760193 -87.78553009 -79.06151581]]
3
[[-86.13237762 -43.59657288 -99.55871582 -76.86214447]]
1
[[-81.9070282  -91.05760193 -87.78553009 -79.06151581]]
3
[[-86.13237762 -43.59657288 -99.55871582 -76.86214447]]
1
[[-81.9070282  -91.05760193 -87.78553009 -79.06151581]]
3
[[-86.13237762 -43.59657288 -99.55871582 -76.86214447]]
1
[[-81.9070282  -91.05760193 -87.78553009 -79.06151581]]
3
[[-86.13237762 -43.59657288 -99.55871582 -76.86214447]]
1
[[-81.9070282  -91.05760193 -87.78553009 -79.06151581]]
3
[[-86.13237762 -43.59657288 -99.55871582 -76.86214447]]
1
[[-81.9070282  -91.05760193 -87.78553009 -79.06151581]]
3
[[-86.13237762 -43.59657288 -99.55871582 -76.86214447]]
1
[[-81.9070282  -91.05760193 -87.78553009 -79.06151581]]
3
[[-86.13237762 -43.59657288 -99.55871582 -76.86214447]]
1
[[-81.9070282  -91.05760193 -87.78553009 -79.06151581]]
3
[[-86.13237762 -43.59657288 -99.55871582 -76.86214447]]
1
[[-81.9070282  -91.05760193 -87.78553009 -79.06151581]]
3
[[-86.13237762 -43.59657288 -99.55871582 -76.86214447]]
1
[[-81.9070282  -91.05760193 -87.78553009 -79.06151581]]
3
[[-86.13237762 -43.59657288 -99.55871582 -76.86214447]]
1
[[-81.9070282  -91.05760193 -87.78553009 -79.06151581]]
3
[[-86.13237762 -43.59657288 -99.55871582 -76.86214447]]
1
[[-81.9070282  -91.05760193 -87.78553009 -79.06151581]]
3
[[-86.13237762 -43.59657288 -99.55871582 -76.86214447]]
1
[[-81.9070282  -91.05760193 -87.78553009 -79.06151581]]
3
[[-86.13237762 -43.59657288 -99.55871582 -76.86214447]]
1
[[-81.9070282  -91.05760193 -87.78553009 -79.06151581]]
3
[[-86.13237762 -43.59657288 -99.55871582 -76.86214447]]
1
[[-81.9070282  -91.05760193 -87.78553009 -79.06151581]]
3
[[-86.13237762 -43.59657288 -99.55871582 -76.86214447]]
1
[[-81.9070282  -91.05760193 -87.78553009 -79.06151581]]
3
[[-86.13237762 -43.59657288 -99.55871582 -76.86214447]]
1
[[-81.9070282  -91.05760193 -87.78553009 -79.06151581]]
3
[[-86.13237762 -43.59657288 -99.55871582 -76.86214447]]
1
[[-81.9070282  -91.05760193 -87.78553009 -79.06151581]]
3
[[-86.13237762 -43.59657288 -99.55871582 -76.86214447]]
1
[[-81.9070282  -91.05760193 -87.78553009 -79.06151581]]
3
[[-86.13237762 -43.59657288 -99.55871582 -76.86214447]]
1
[[-81.9070282  -91.05760193 -87.78553009 -79.06151581]]
3
[[-86.13237762 -43.59657288 -99.55871582 -76.86214447]]
1
[[-81.9070282  -91.05760193 -87.78553009 -79.06151581]]
3
[[-86.13237762 -43.59657288 -99.55871582 -76.86214447]]
1
[[-81.9070282  -91.05760193 -87.78553009 -79.06151581]]
3
[[-86.13237762 -43.59657288 -99.55871582 -76.86214447]]
1
[[-81.9070282  -91.05760193 -87.78553009 -79.06151581]]
3
[[-86.13237762 -43.59657288 -99.55871582 -76.86214447]]
1
[[-81.9070282  -91.05760193 -87.78553009 -79.06151581]]
3
[[-86.13237762 -43.59657288 -99.55871582 -76.86214447]]
1
[[-81.9070282  -91.05760193 -87.78553009 -79.06151581]]
3
[[-86.13237762 -43.59657288 -99.55871582 -76.86214447]]
1
[[-81.9070282  -91.05760193 -87.78553009 -79.06151581]]
3
[[-86.13237762 -43.59657288 -99.55871582 -76.86214447]]
1
[[-81.9070282  -91.05760193 -87.78553009 -79.06151581]]
3
[[-86.13237762 -43.59657288 -99.55871582 -76.86214447]]
1
[[-81.9070282  -91.05760193 -87.78553009 -79.06151581]]
3
[[-86.13237762 -43.59657288 -99.55871582 -76.86214447]]
1
[[-81.9070282  -91.05760193 -87.78553009 -79.06151581]]
3
[[-86.13237762 -43.59657288 -99.55871582 -76.86214447]]
1
[[-81.9070282  -91.05760193 -87.78553009 -79.06151581]]
3
[[-86.13237762 -43.59657288 -99.55871582 -76.86214447]]
1
[[-81.9070282  -91.05760193 -87.78553009 -79.06151581]]
3
[[-86.13237762 -43.59657288 -99.55871582 -76.86214447]]
1
[[-81.9070282  -91.05760193 -87.78553009 -79.06151581]]
3
[[-86.13237762 -43.59657288 -99.55871582 -76.86214447]]
1
[[-81.9070282  -91.05760193 -87.78553009 -79.06151581]]
3
[[-86.13237762 -43.59657288 -99.55871582 -76.86214447]]
1
[[-81.9070282  -91.05760193 -87.78553009 -79.06151581]]
3
[[-86.13237762 -43.59657288 -99.55871582 -76.86214447]]
1
[[-81.9070282  -91.05760193 -87.78553009 -79.06151581]]
3
[[-86.13237762 -43.59657288 -99.55871582 -76.86214447]]
1
[[-81.9070282  -91.05760193 -87.78553009 -79.06151581]]
3
[[-86.13237762 -43.59657288 -99.55871582 -76.86214447]]
1
[[-81.9070282  -91.05760193 -87.78553009 -79.06151581]]
3
[[-86.13237762 -43.59657288 -99.55871582 -76.86214447]]
1
[[-81.9070282  -91.05760193 -87.78553009 -79.06151581]]
3
FAIL
1/9
