[[-225.1229248   -94.18395996  -21.01692963 -211.63778687]]
2
[[ -25.97324562  -60.84854507  -11.41365814 -126.31195068]]
2
[[ -7.51004791 -36.27050781 -33.76284027 -85.07348633]]
0
[[ -25.97324562  -60.84854507  -11.41365814 -126.31195068]]
2
[[ -7.51004791 -36.27050781 -33.76284027 -85.07348633]]
0
[[ -25.97324562  -60.84854507  -11.41365814 -126.31195068]]
2
[[ -7.51004791 -36.27050781 -33.76284027 -85.07348633]]
0
[[ -25.97324562  -60.84854507  -11.41365814 -126.31195068]]
2
[[ -7.51004791 -36.27050781 -33.76284027 -85.07348633]]
0
[[ -25.97324562  -60.84854507  -11.41365814 -126.31195068]]
2
[[ -7.51004791 -36.27050781 -33.76284027 -85.07348633]]
0
[[ -25.97324562  -60.84854507  -11.41365814 -126.31195068]]
2
[[ -7.51004791 -36.27050781 -33.76284027 -85.07348633]]
0
[[ -25.97324562  -60.84854507  -11.41365814 -126.31195068]]
2
[[ -7.51004791 -36.27050781 -33.76284027 -85.07348633]]
0
[[ -25.97324562  -60.84854507  -11.41365814 -126.31195068]]
2
[[ -7.51004791 -36.27050781 -33.76284027 -85.07348633]]
0
[[ -25.97324562  -60.84854507  -11.41365814 -126.31195068]]
2
[[ -7.51004791 -36.27050781 -33.76284027 -85.07348633]]
0
[[ -25.97324562  -60.84854507  -11.41365814 -126.31195068]]
2
[[ -7.51004791 -36.27050781 -33.76284027 -85.07348633]]
0
[[ -25.97324562  -60.84854507  -11.41365814 -126.31195068]]
2
[[ -7.51004791 -36.27050781 -33.76284027 -85.07348633]]
0
[[ -25.97324562  -60.84854507  -11.41365814 -126.31195068]]
2
[[ -7.51004791 -36.27050781 -33.76284027 -85.07348633]]
0
[[ -25.97324562  -60.84854507  -11.41365814 -126.31195068]]
2
[[ -7.51004791 -36.27050781 -33.76284027 -85.07348633]]
0
[[ -25.97324562  -60.84854507  -11.41365814 -126.31195068]]
2
[[ -7.51004791 -36.27050781 -33.76284027 -85.07348633]]
0
[[ -25.97324562  -60.84854507  -11.41365814 -126.31195068]]
2
[[ -7.51004791 -36.27050781 -33.76284027 -85.07348633]]
0
[[ -25.97324562  -60.84854507  -11.41365814 -126.31195068]]
2
[[ -7.51004791 -36.27050781 -33.76284027 -85.07348633]]
0
[[ -25.97324562  -60.84854507  -11.41365814 -126.31195068]]
2
[[ -7.51004791 -36.27050781 -33.76284027 -85.07348633]]
0
[[ -25.97324562  -60.84854507  -11.41365814 -126.31195068]]
2
[[ -7.51004791 -36.27050781 -33.76284027 -85.07348633]]
0
[[ -25.97324562  -60.84854507  -11.41365814 -126.31195068]]
2
[[ -7.51004791 -36.27050781 -33.76284027 -85.07348633]]
0
[[ -25.97324562  -60.84854507  -11.41365814 -126.31195068]]
2
[[ -7.51004791 -36.27050781 -33.76284027 -85.07348633]]
0
[[ -25.97324562  -60.84854507  -11.41365814 -126.31195068]]
2
[[ -7.51004791 -36.27050781 -33.76284027 -85.07348633]]
0
[[ -25.97324562  -60.84854507  -11.41365814 -126.31195068]]
2
[[ -7.51004791 -36.27050781 -33.76284027 -85.07348633]]
0
[[ -25.97324562  -60.84854507  -11.41365814 -126.31195068]]
2
[[ -7.51004791 -36.27050781 -33.76284027 -85.07348633]]
0
[[ -25.97324562  -60.84854507  -11.41365814 -126.31195068]]
2
[[ -7.51004791 -36.27050781 -33.76284027 -85.07348633]]
0
[[ -25.97324562  -60.84854507  -11.41365814 -126.31195068]]
2
[[ -7.51004791 -36.27050781 -33.76284027 -85.07348633]]
0
[[ -25.97324562  -60.84854507  -11.41365814 -126.31195068]]
2
[[ -7.51004791 -36.27050781 -33.76284027 -85.07348633]]
0
[[ -25.97324562  -60.84854507  -11.41365814 -126.31195068]]
2
[[ -7.51004791 -36.27050781 -33.76284027 -85.07348633]]
0
[[ -25.97324562  -60.84854507  -11.41365814 -126.31195068]]
2
[[ -7.51004791 -36.27050781 -33.76284027 -85.07348633]]
0
[[ -25.97324562  -60.84854507  -11.41365814 -126.31195068]]
2
[[ -7.51004791 -36.27050781 -33.76284027 -85.07348633]]
0
[[ -25.97324562  -60.84854507  -11.41365814 -126.31195068]]
2
[[ -7.51004791 -36.27050781 -33.76284027 -85.07348633]]
0
[[ -25.97324562  -60.84854507  -11.41365814 -126.31195068]]
2
[[ -7.51004791 -36.27050781 -33.76284027 -85.07348633]]
0
[[ -25.97324562  -60.84854507  -11.41365814 -126.31195068]]
2
[[ -7.51004791 -36.27050781 -33.76284027 -85.07348633]]
0
[[ -25.97324562  -60.84854507  -11.41365814 -126.31195068]]
2
[[ -7.51004791 -36.27050781 -33.76284027 -85.07348633]]
0
[[ -25.97324562  -60.84854507  -11.41365814 -126.31195068]]
2
[[ -7.51004791 -36.27050781 -33.76284027 -85.07348633]]
0
[[ -25.97324562  -60.84854507  -11.41365814 -126.31195068]]
2
[[ -7.51004791 -36.27050781 -33.76284027 -85.07348633]]
0
[[ -25.97324562  -60.84854507  -11.41365814 -126.31195068]]
2
[[ -7.51004791 -36.27050781 -33.76284027 -85.07348633]]
0
[[ -25.97324562  -60.84854507  -11.41365814 -126.31195068]]
2
[[ -7.51004791 -36.27050781 -33.76284027 -85.07348633]]
0
[[ -25.97324562  -60.84854507  -11.41365814 -126.31195068]]
2
[[ -7.51004791 -36.27050781 -33.76284027 -85.07348633]]
0
[[ -25.97324562  -60.84854507  -11.41365814 -126.31195068]]
2
[[ -7.51004791 -36.27050781 -33.76284027 -85.07348633]]
0
[[ -25.97324562  -60.84854507  -11.41365814 -126.31195068]]
2
[[ -7.51004791 -36.27050781 -33.76284027 -85.07348633]]
0
[[ -25.97324562  -60.84854507  -11.41365814 -126.31195068]]
2
[[ -7.51004791 -36.27050781 -33.76284027 -85.07348633]]
0
[[ -25.97324562  -60.84854507  -11.41365814 -126.31195068]]
2
[[ -7.51004791 -36.27050781 -33.76284027 -85.07348633]]
0
[[ -25.97324562  -60.84854507  -11.41365814 -126.31195068]]
2
[[ -7.51004791 -36.27050781 -33.76284027 -85.07348633]]
0
[[ -25.97324562  -60.84854507  -11.41365814 -126.31195068]]
2
[[ -7.51004791 -36.27050781 -33.76284027 -85.07348633]]
0
[[ -25.97324562  -60.84854507  -11.41365814 -126.31195068]]
2
[[ -7.51004791 -36.27050781 -33.76284027 -85.07348633]]
0
[[ -25.97324562  -60.84854507  -11.41365814 -126.31195068]]
2
[[ -7.51004791 -36.27050781 -33.76284027 -85.07348633]]
0
[[ -25.97324562  -60.84854507  -11.41365814 -126.31195068]]
2
[[ -7.51004791 -36.27050781 -33.76284027 -85.07348633]]
0
[[ -25.97324562  -60.84854507  -11.41365814 -126.31195068]]
2
[[ -7.51004791 -36.27050781 -33.76284027 -85.07348633]]
0
[[ -25.97324562  -60.84854507  -11.41365814 -126.31195068]]
2
[[ -7.51004791 -36.27050781 -33.76284027 -85.07348633]]
0
[[ -25.97324562  -60.84854507  -11.41365814 -126.31195068]]
2
[[ -7.51004791 -36.27050781 -33.76284027 -85.07348633]]
0
FAIL
2/31
