[[ -81.18952942  -27.44536591 -107.19400024  -97.75786591]]
1
[[ -83.49362183  -33.03464508 -108.11651611  -90.13264465]]
1
[[ -46.51845932  -82.50670624 -104.29110718  -77.30177307]]
0
[[-108.37738037   -3.56854248  -77.72343445 -135.45872498]]
1
[[ -23.17345428  -79.13048553 -138.05535889  -95.64148712]]
0
[[ -12.16607285  -84.954422    -58.96995544 -125.43423462]]
0
[[ -92.44608307   -9.08544159  -21.35549164 -101.22638702]]
1
[[-49.81468201 -73.11728668 -93.36842346 -95.03398895]]
0
[[-21.89808655 -96.91938782 -79.66035461 -95.35829163]]
0
[[ -29.69350815  -69.84663391  -27.74539566 -121.29934692]]
2
[[-21.89808655 -96.91938782 -79.66035461 -95.35829163]]
0
[[ -29.69350815  -69.84663391  -27.74539566 -121.29934692]]
2
[[-21.89808655 -96.91938782 -79.66035461 -95.35829163]]
0
[[ -29.69350815  -69.84663391  -27.74539566 -121.29934692]]
2
[[-21.89808655 -96.91938782 -79.66035461 -95.35829163]]
0
[[ -29.69350815  -69.84663391  -27.74539566 -121.29934692]]
2
[[-21.89808655 -96.91938782 -79.66035461 -95.35829163]]
0
[[ -29.69350815  -69.84663391  -27.74539566 -121.29934692]]
2
[[-21.89808655 -96.91938782 -79.66035461 -95.35829163]]
0
[[ -29.69350815  -69.84663391  -27.74539566 -121.29934692]]
2
[[-21.89808655 -96.91938782 -79.66035461 -95.35829163]]
0
[[ -29.69350815  -69.84663391  -27.74539566 -121.29934692]]
2
[[-21.89808655 -96.91938782 -79.66035461 -95.35829163]]
0
[[ -29.69350815  -69.84663391  -27.74539566 -121.29934692]]
2
[[-21.89808655 -96.91938782 -79.66035461 -95.35829163]]
0
[[ -29.69350815  -69.84663391  -27.74539566 -121.29934692]]
2
[[-21.89808655 -96.91938782 -79.66035461 -95.35829163]]
0
[[ -29.69350815  -69.84663391  -27.74539566 -121.29934692]]
2
[[-21.89808655 -96.91938782 -79.66035461 -95.35829163]]
0
[[ -29.69350815  -69.84663391  -27.74539566 -121.29934692]]
2
[[-21.89808655 -96.91938782 -79.66035461 -95.35829163]]
0
[[ -29.69350815  -69.84663391  -27.74539566 -121.29934692]]
2
[[-21.89808655 -96.91938782 -79.66035461 -95.35829163]]
0
[[ -29.69350815  -69.84663391  -27.74539566 -121.29934692]]
2
[[-21.89808655 -96.91938782 -79.66035461 -95.35829163]]
0
[[ -29.69350815  -69.84663391  -27.74539566 -121.29934692]]
2
[[-21.89808655 -96.91938782 -79.66035461 -95.35829163]]
0
[[ -29.69350815  -69.84663391  -27.74539566 -121.29934692]]
2
[[-21.89808655 -96.91938782 -79.66035461 -95.35829163]]
0
[[ -29.69350815  -69.84663391  -27.74539566 -121.29934692]]
2
[[-21.89808655 -96.91938782 -79.66035461 -95.35829163]]
0
[[ -29.69350815  -69.84663391  -27.74539566 -121.29934692]]
2
[[-21.89808655 -96.91938782 -79.66035461 -95.35829163]]
0
[[ -29.69350815  -69.84663391  -27.74539566 -121.29934692]]
2
[[-21.89808655 -96.91938782 -79.66035461 -95.35829163]]
0
[[ -29.69350815  -69.84663391  -27.74539566 -121.29934692]]
2
[[-21.89808655 -96.91938782 -79.66035461 -95.35829163]]
0
[[ -29.69350815  -69.84663391  -27.74539566 -121.29934692]]
2
[[-21.89808655 -96.91938782 -79.66035461 -95.35829163]]
0
[[ -29.69350815  -69.84663391  -27.74539566 -121.29934692]]
2
[[-21.89808655 -96.91938782 -79.66035461 -95.35829163]]
0
[[ -29.69350815  -69.84663391  -27.74539566 -121.29934692]]
2
[[-21.89808655 -96.91938782 -79.66035461 -95.35829163]]
0
[[ -29.69350815  -69.84663391  -27.74539566 -121.29934692]]
2
[[-21.89808655 -96.91938782 -79.66035461 -95.35829163]]
0
[[ -29.69350815  -69.84663391  -27.74539566 -121.29934692]]
2
[[-21.89808655 -96.91938782 -79.66035461 -95.35829163]]
0
[[ -29.69350815  -69.84663391  -27.74539566 -121.29934692]]
2
[[-21.89808655 -96.91938782 -79.66035461 -95.35829163]]
0
[[ -29.69350815  -69.84663391  -27.74539566 -121.29934692]]
2
[[-21.89808655 -96.91938782 -79.66035461 -95.35829163]]
0
[[ -29.69350815  -69.84663391  -27.74539566 -121.29934692]]
2
[[-21.89808655 -96.91938782 -79.66035461 -95.35829163]]
0
[[ -29.69350815  -69.84663391  -27.74539566 -121.29934692]]
2
[[-21.89808655 -96.91938782 -79.66035461 -95.35829163]]
0
[[ -29.69350815  -69.84663391  -27.74539566 -121.29934692]]
2
[[-21.89808655 -96.91938782 -79.66035461 -95.35829163]]
0
[[ -29.69350815  -69.84663391  -27.74539566 -121.29934692]]
2
[[-21.89808655 -96.91938782 -79.66035461 -95.35829163]]
0
[[ -29.69350815  -69.84663391  -27.74539566 -121.29934692]]
2
[[-21.89808655 -96.91938782 -79.66035461 -95.35829163]]
0
[[ -29.69350815  -69.84663391  -27.74539566 -121.29934692]]
2
[[-21.89808655 -96.91938782 -79.66035461 -95.35829163]]
0
[[ -29.69350815  -69.84663391  -27.74539566 -121.29934692]]
2
[[-21.89808655 -96.91938782 -79.66035461 -95.35829163]]
0
[[ -29.69350815  -69.84663391  -27.74539566 -121.29934692]]
2
[[-21.89808655 -96.91938782 -79.66035461 -95.35829163]]
0
[[ -29.69350815  -69.84663391  -27.74539566 -121.29934692]]
2
[[-21.89808655 -96.91938782 -79.66035461 -95.35829163]]
0
[[ -29.69350815  -69.84663391  -27.74539566 -121.29934692]]
2
[[-21.89808655 -96.91938782 -79.66035461 -95.35829163]]
0
[[ -29.69350815  -69.84663391  -27.74539566 -121.29934692]]
2
[[-21.89808655 -96.91938782 -79.66035461 -95.35829163]]
0
[[ -29.69350815  -69.84663391  -27.74539566 -121.29934692]]
2
[[-21.89808655 -96.91938782 -79.66035461 -95.35829163]]
0
[[ -29.69350815  -69.84663391  -27.74539566 -121.29934692]]
2
[[-21.89808655 -96.91938782 -79.66035461 -95.35829163]]
0
[[ -29.69350815  -69.84663391  -27.74539566 -121.29934692]]
2
[[-21.89808655 -96.91938782 -79.66035461 -95.35829163]]
0
[[ -29.69350815  -69.84663391  -27.74539566 -121.29934692]]
2
[[-21.89808655 -96.91938782 -79.66035461 -95.35829163]]
0
[[ -29.69350815  -69.84663391  -27.74539566 -121.29934692]]
2
[[-21.89808655 -96.91938782 -79.66035461 -95.35829163]]
0
[[ -29.69350815  -69.84663391  -27.74539566 -121.29934692]]
2
[[-21.89808655 -96.91938782 -79.66035461 -95.35829163]]
0
[[ -29.69350815  -69.84663391  -27.74539566 -121.29934692]]
2
[[-21.89808655 -96.91938782 -79.66035461 -95.35829163]]
0
[[ -29.69350815  -69.84663391  -27.74539566 -121.29934692]]
2
[[-21.89808655 -96.91938782 -79.66035461 -95.35829163]]
0
[[ -29.69350815  -69.84663391  -27.74539566 -121.29934692]]
2
[[-21.89808655 -96.91938782 -79.66035461 -95.35829163]]
0
FAIL
9/22
