[[ -90.70956421  -21.10210419  -84.67431641 -121.35435486]]
1
[[-95.29402161 -29.77085114 -83.64108276 -99.87271118]]
1
[[ -96.79897308  -93.35855865  -43.05406952 -105.25959015]]
2
[[ -97.85594177  -14.53166962  -85.88584137 -167.29020691]]
1
[[-215.0279541   -88.84909058   -3.76250458 -112.94836426]]
2
[[ -48.25862885  -20.73500824 -264.9977417  -207.74630737]]
1
[[-189.29779053   53.82965851  111.00080872    9.44243431]]
2
[[ -11.82785034   41.38908386  487.85272217   28.74234009]]
2
PASS
8/8
