[[-225.63973999  -94.71450806  -21.25218964 -211.97665405]]
2
[[ -27.48576355  -63.31262589  -11.95412827 -126.18471527]]
2
[[ -7.99925995 -38.45302963 -33.12889481 -84.4797287 ]]
0
[[ -27.48576355  -63.31262589  -11.95412827 -126.18471527]]
2
[[ -7.99925995 -38.45302963 -33.12889481 -84.4797287 ]]
0
[[ -27.48576355  -63.31262589  -11.95412827 -126.18471527]]
2
[[ -7.99925995 -38.45302963 -33.12889481 -84.4797287 ]]
0
[[ -27.48576355  -63.31262589  -11.95412827 -126.18471527]]
2
[[ -7.99925995 -38.45302963 -33.12889481 -84.4797287 ]]
0
[[ -27.48576355  -63.31262589  -11.95412827 -126.18471527]]
2
[[ -7.99925995 -38.45302963 -33.12889481 -84.4797287 ]]
0
[[ -27.48576355  -63.31262589  -11.95412827 -126.18471527]]
2
[[ -7.99925995 -38.45302963 -33.12889481 -84.4797287 ]]
0
[[ -27.48576355  -63.31262589  -11.95412827 -126.18471527]]
2
[[ -7.99925995 -38.45302963 -33.12889481 -84.4797287 ]]
0
[[ -27.48576355  -63.31262589  -11.95412827 -126.18471527]]
2
[[ -7.99925995 -38.45302963 -33.12889481 -84.4797287 ]]
0
[[ -27.48576355  -63.31262589  -11.95412827 -126.18471527]]
2
[[ -7.99925995 -38.45302963 -33.12889481 -84.4797287 ]]
0
[[ -27.48576355  -63.31262589  -11.95412827 -126.18471527]]
2
[[ -7.99925995 -38.45302963 -33.12889481 -84.4797287 ]]
0
[[ -27.48576355  -63.31262589  -11.95412827 -126.18471527]]
2
[[ -7.99925995 -38.45302963 -33.12889481 -84.4797287 ]]
0
[[ -27.48576355  -63.31262589  -11.95412827 -126.18471527]]
2
[[ -7.99925995 -38.45302963 -33.12889481 -84.4797287 ]]
0
[[ -27.48576355  -63.31262589  -11.95412827 -126.18471527]]
2
[[ -7.99925995 -38.45302963 -33.12889481 -84.4797287 ]]
0
[[ -27.48576355  -63.31262589  -11.95412827 -126.18471527]]
2
[[ -7.99925995 -38.45302963 -33.12889481 -84.4797287 ]]
0
[[ -27.48576355  -63.31262589  -11.95412827 -126.18471527]]
2
[[ -7.99925995 -38.45302963 -33.12889481 -84.4797287 ]]
0
[[ -27.48576355  -63.31262589  -11.95412827 -126.18471527]]
2
[[ -7.99925995 -38.45302963 -33.12889481 -84.4797287 ]]
0
[[ -27.48576355  -63.31262589  -11.95412827 -126.18471527]]
2
[[ -7.99925995 -38.45302963 -33.12889481 -84.4797287 ]]
0
[[ -27.48576355  -63.31262589  -11.95412827 -126.18471527]]
2
[[ -7.99925995 -38.45302963 -33.12889481 -84.4797287 ]]
0
[[ -27.48576355  -63.31262589  -11.95412827 -126.18471527]]
2
[[ -7.99925995 -38.45302963 -33.12889481 -84.4797287 ]]
0
[[ -27.48576355  -63.31262589  -11.95412827 -126.18471527]]
2
[[ -7.99925995 -38.45302963 -33.12889481 -84.4797287 ]]
0
[[ -27.48576355  -63.31262589  -11.95412827 -126.18471527]]
2
[[ -7.99925995 -38.45302963 -33.12889481 -84.4797287 ]]
0
[[ -27.48576355  -63.31262589  -11.95412827 -126.18471527]]
2
[[ -7.99925995 -38.45302963 -33.12889481 -84.4797287 ]]
0
[[ -27.48576355  -63.31262589  -11.95412827 -126.18471527]]
2
[[ -7.99925995 -38.45302963 -33.12889481 -84.4797287 ]]
0
[[ -27.48576355  -63.31262589  -11.95412827 -126.18471527]]
2
[[ -7.99925995 -38.45302963 -33.12889481 -84.4797287 ]]
0
[[ -27.48576355  -63.31262589  -11.95412827 -126.18471527]]
2
[[ -7.99925995 -38.45302963 -33.12889481 -84.4797287 ]]
0
[[ -27.48576355  -63.31262589  -11.95412827 -126.18471527]]
2
[[ -7.99925995 -38.45302963 -33.12889481 -84.4797287 ]]
0
[[ -27.48576355  -63.31262589  -11.95412827 -126.18471527]]
2
[[ -7.99925995 -38.45302963 -33.12889481 -84.4797287 ]]
0
[[ -27.48576355  -63.31262589  -11.95412827 -126.18471527]]
2
[[ -7.99925995 -38.45302963 -33.12889481 -84.4797287 ]]
0
[[ -27.48576355  -63.31262589  -11.95412827 -126.18471527]]
2
[[ -7.99925995 -38.45302963 -33.12889481 -84.4797287 ]]
0
[[ -27.48576355  -63.31262589  -11.95412827 -126.18471527]]
2
[[ -7.99925995 -38.45302963 -33.12889481 -84.4797287 ]]
0
[[ -27.48576355  -63.31262589  -11.95412827 -126.18471527]]
2
[[ -7.99925995 -38.45302963 -33.12889481 -84.4797287 ]]
0
[[ -27.48576355  -63.31262589  -11.95412827 -126.18471527]]
2
[[ -7.99925995 -38.45302963 -33.12889481 -84.4797287 ]]
0
[[ -27.48576355  -63.31262589  -11.95412827 -126.18471527]]
2
[[ -7.99925995 -38.45302963 -33.12889481 -84.4797287 ]]
0
[[ -27.48576355  -63.31262589  -11.95412827 -126.18471527]]
2
[[ -7.99925995 -38.45302963 -33.12889481 -84.4797287 ]]
0
[[ -27.48576355  -63.31262589  -11.95412827 -126.18471527]]
2
[[ -7.99925995 -38.45302963 -33.12889481 -84.4797287 ]]
0
[[ -27.48576355  -63.31262589  -11.95412827 -126.18471527]]
2
[[ -7.99925995 -38.45302963 -33.12889481 -84.4797287 ]]
0
[[ -27.48576355  -63.31262589  -11.95412827 -126.18471527]]
2
[[ -7.99925995 -38.45302963 -33.12889481 -84.4797287 ]]
0
[[ -27.48576355  -63.31262589  -11.95412827 -126.18471527]]
2
[[ -7.99925995 -38.45302963 -33.12889481 -84.4797287 ]]
0
[[ -27.48576355  -63.31262589  -11.95412827 -126.18471527]]
2
[[ -7.99925995 -38.45302963 -33.12889481 -84.4797287 ]]
0
[[ -27.48576355  -63.31262589  -11.95412827 -126.18471527]]
2
[[ -7.99925995 -38.45302963 -33.12889481 -84.4797287 ]]
0
[[ -27.48576355  -63.31262589  -11.95412827 -126.18471527]]
2
[[ -7.99925995 -38.45302963 -33.12889481 -84.4797287 ]]
0
[[ -27.48576355  -63.31262589  -11.95412827 -126.18471527]]
2
[[ -7.99925995 -38.45302963 -33.12889481 -84.4797287 ]]
0
[[ -27.48576355  -63.31262589  -11.95412827 -126.18471527]]
2
[[ -7.99925995 -38.45302963 -33.12889481 -84.4797287 ]]
0
[[ -27.48576355  -63.31262589  -11.95412827 -126.18471527]]
2
[[ -7.99925995 -38.45302963 -33.12889481 -84.4797287 ]]
0
[[ -27.48576355  -63.31262589  -11.95412827 -126.18471527]]
2
[[ -7.99925995 -38.45302963 -33.12889481 -84.4797287 ]]
0
[[ -27.48576355  -63.31262589  -11.95412827 -126.18471527]]
2
[[ -7.99925995 -38.45302963 -33.12889481 -84.4797287 ]]
0
[[ -27.48576355  -63.31262589  -11.95412827 -126.18471527]]
2
[[ -7.99925995 -38.45302963 -33.12889481 -84.4797287 ]]
0
[[ -27.48576355  -63.31262589  -11.95412827 -126.18471527]]
2
[[ -7.99925995 -38.45302963 -33.12889481 -84.4797287 ]]
0
[[ -27.48576355  -63.31262589  -11.95412827 -126.18471527]]
2
[[ -7.99925995 -38.45302963 -33.12889481 -84.4797287 ]]
0
[[ -27.48576355  -63.31262589  -11.95412827 -126.18471527]]
2
[[ -7.99925995 -38.45302963 -33.12889481 -84.4797287 ]]
0
FAIL
2/31
