[[ -92.62451172  -21.17064667  -85.1839447  -121.75209808]]
1
[[ -97.14629364  -29.44184875  -83.92446136 -100.14492798]]
1
[[ -99.0555954   -95.77861023  -41.98383331 -105.05895233]]
2
[[ -99.52770996  -14.51447296  -86.70571899 -167.44934082]]
1
[[-217.87228394  -88.73847198   -4.50167084 -113.07469177]]
2
[[ -50.11808777  -21.00363159 -265.57489014 -206.91491699]]
1
[[-189.29614258   56.36538696  116.15434265   12.64592361]]
2
[[ -10.06922913   43.04302216  496.10736084   31.78183746]]
2
PASS
8/8
