[[ -36.60599518  -68.15383148 -102.41815948 -110.5802536 ]]
0
[[ -19.5486908   -90.16355896  -54.92874527 -100.06749725]]
0
[[ -13.60258484 -112.5991745   -41.62249374 -112.01460266]]
0
[[ -13.39130402  -63.77857208  -38.58272552 -145.13830566]]
0
[[ -26.15209198 -140.1436615   -86.22488403 -191.19284058]]
0
[[-115.92418671  -25.266716    -29.0227356  -146.54100037]]
1
[[ -27.25605774 -188.86378479  -81.9258728   -55.73096085]]
0
[[ -12.31611633  -29.34867859 -164.63969421 -283.53643799]]
0
[[-141.05683899 -181.70109558 -150.25671387  -10.69437408]]
3
[[ -10.19602966    5.7976532  -150.39407349 -130.8132019 ]]
1
[[-141.05683899 -181.70109558 -150.25671387  -10.69437408]]
3
[[ -10.19602966    5.7976532  -150.39407349 -130.8132019 ]]
1
[[-141.05683899 -181.70109558 -150.25671387  -10.69437408]]
3
[[ -10.19602966    5.7976532  -150.39407349 -130.8132019 ]]
1
[[-141.05683899 -181.70109558 -150.25671387  -10.69437408]]
3
[[ -10.19602966    5.7976532  -150.39407349 -130.8132019 ]]
1
[[-141.05683899 -181.70109558 -150.25671387  -10.69437408]]
3
[[ -10.19602966    5.7976532  -150.39407349 -130.8132019 ]]
1
[[-141.05683899 -181.70109558 -150.25671387  -10.69437408]]
3
[[ -10.19602966    5.7976532  -150.39407349 -130.8132019 ]]
1
[[-141.05683899 -181.70109558 -150.25671387  -10.69437408]]
3
[[ -10.19602966    5.7976532  -150.39407349 -130.8132019 ]]
1
[[-141.05683899 -181.70109558 -150.25671387  -10.69437408]]
3
[[ -10.19602966    5.7976532  -150.39407349 -130.8132019 ]]
1
[[-141.05683899 -181.70109558 -150.25671387  -10.69437408]]
3
[[ -10.19602966    5.7976532  -150.39407349 -130.8132019 ]]
1
[[-141.05683899 -181.70109558 -150.25671387  -10.69437408]]
3
[[ -10.19602966    5.7976532  -150.39407349 -130.8132019 ]]
1
[[-141.05683899 -181.70109558 -150.25671387  -10.69437408]]
3
[[ -10.19602966    5.7976532  -150.39407349 -130.8132019 ]]
1
[[-141.05683899 -181.70109558 -150.25671387  -10.69437408]]
3
[[ -10.19602966    5.7976532  -150.39407349 -130.8132019 ]]
1
[[-141.05683899 -181.70109558 -150.25671387  -10.69437408]]
3
[[ -10.19602966    5.7976532  -150.39407349 -130.8132019 ]]
1
[[-141.05683899 -181.70109558 -150.25671387  -10.69437408]]
3
[[ -10.19602966    5.7976532  -150.39407349 -130.8132019 ]]
1
[[-141.05683899 -181.70109558 -150.25671387  -10.69437408]]
3
[[ -10.19602966    5.7976532  -150.39407349 -130.8132019 ]]
1
[[-141.05683899 -181.70109558 -150.25671387  -10.69437408]]
3
[[ -10.19602966    5.7976532  -150.39407349 -130.8132019 ]]
1
[[-141.05683899 -181.70109558 -150.25671387  -10.69437408]]
3
[[ -10.19602966    5.7976532  -150.39407349 -130.8132019 ]]
1
[[-141.05683899 -181.70109558 -150.25671387  -10.69437408]]
3
[[ -10.19602966    5.7976532  -150.39407349 -130.8132019 ]]
1
[[-141.05683899 -181.70109558 -150.25671387  -10.69437408]]
3
[[ -10.19602966    5.7976532  -150.39407349 -130.8132019 ]]
1
[[-141.05683899 -181.70109558 -150.25671387  -10.69437408]]
3
[[ -10.19602966    5.7976532  -150.39407349 -130.8132019 ]]
1
[[-141.05683899 -181.70109558 -150.25671387  -10.69437408]]
3
[[ -10.19602966    5.7976532  -150.39407349 -130.8132019 ]]
1
[[-141.05683899 -181.70109558 -150.25671387  -10.69437408]]
3
[[ -10.19602966    5.7976532  -150.39407349 -130.8132019 ]]
1
[[-141.05683899 -181.70109558 -150.25671387  -10.69437408]]
3
[[ -10.19602966    5.7976532  -150.39407349 -130.8132019 ]]
1
[[-141.05683899 -181.70109558 -150.25671387  -10.69437408]]
3
[[ -10.19602966    5.7976532  -150.39407349 -130.8132019 ]]
1
[[-141.05683899 -181.70109558 -150.25671387  -10.69437408]]
3
[[ -10.19602966    5.7976532  -150.39407349 -130.8132019 ]]
1
[[-141.05683899 -181.70109558 -150.25671387  -10.69437408]]
3
[[ -10.19602966    5.7976532  -150.39407349 -130.8132019 ]]
1
[[-141.05683899 -181.70109558 -150.25671387  -10.69437408]]
3
[[ -10.19602966    5.7976532  -150.39407349 -130.8132019 ]]
1
[[-141.05683899 -181.70109558 -150.25671387  -10.69437408]]
3
[[ -10.19602966    5.7976532  -150.39407349 -130.8132019 ]]
1
[[-141.05683899 -181.70109558 -150.25671387  -10.69437408]]
3
[[ -10.19602966    5.7976532  -150.39407349 -130.8132019 ]]
1
[[-141.05683899 -181.70109558 -150.25671387  -10.69437408]]
3
[[ -10.19602966    5.7976532  -150.39407349 -130.8132019 ]]
1
[[-141.05683899 -181.70109558 -150.25671387  -10.69437408]]
3
[[ -10.19602966    5.7976532  -150.39407349 -130.8132019 ]]
1
[[-141.05683899 -181.70109558 -150.25671387  -10.69437408]]
3
[[ -10.19602966    5.7976532  -150.39407349 -130.8132019 ]]
1
[[-141.05683899 -181.70109558 -150.25671387  -10.69437408]]
3
[[ -10.19602966    5.7976532  -150.39407349 -130.8132019 ]]
1
[[-141.05683899 -181.70109558 -150.25671387  -10.69437408]]
3
[[ -10.19602966    5.7976532  -150.39407349 -130.8132019 ]]
1
[[-141.05683899 -181.70109558 -150.25671387  -10.69437408]]
3
[[ -10.19602966    5.7976532  -150.39407349 -130.8132019 ]]
1
[[-141.05683899 -181.70109558 -150.25671387  -10.69437408]]
3
[[ -10.19602966    5.7976532  -150.39407349 -130.8132019 ]]
1
[[-141.05683899 -181.70109558 -150.25671387  -10.69437408]]
3
[[ -10.19602966    5.7976532  -150.39407349 -130.8132019 ]]
1
[[-141.05683899 -181.70109558 -150.25671387  -10.69437408]]
3
[[ -10.19602966    5.7976532  -150.39407349 -130.8132019 ]]
1
[[-141.05683899 -181.70109558 -150.25671387  -10.69437408]]
3
[[ -10.19602966    5.7976532  -150.39407349 -130.8132019 ]]
1
[[-141.05683899 -181.70109558 -150.25671387  -10.69437408]]
3
[[ -10.19602966    5.7976532  -150.39407349 -130.8132019 ]]
1
[[-141.05683899 -181.70109558 -150.25671387  -10.69437408]]
3
[[ -10.19602966    5.7976532  -150.39407349 -130.8132019 ]]
1
[[-141.05683899 -181.70109558 -150.25671387  -10.69437408]]
3
[[ -10.19602966    5.7976532  -150.39407349 -130.8132019 ]]
1
[[-141.05683899 -181.70109558 -150.25671387  -10.69437408]]
3
[[ -10.19602966    5.7976532  -150.39407349 -130.8132019 ]]
1
[[-141.05683899 -181.70109558 -150.25671387  -10.69437408]]
3
[[ -10.19602966    5.7976532  -150.39407349 -130.8132019 ]]
1
[[-141.05683899 -181.70109558 -150.25671387  -10.69437408]]
3
[[ -10.19602966    5.7976532  -150.39407349 -130.8132019 ]]
1
[[-141.05683899 -181.70109558 -150.25671387  -10.69437408]]
3
[[ -10.19602966    5.7976532  -150.39407349 -130.8132019 ]]
1
[[-141.05683899 -181.70109558 -150.25671387  -10.69437408]]
3
FAIL
9/19
