[[-82.4315033  -91.66963959 -87.91630554 -78.5055542 ]]
3
[[ -87.03084564  -45.81785965 -100.58666229  -76.01241302]]
1
[[-82.4315033  -91.66963959 -87.91630554 -78.5055542 ]]
3
[[ -87.03084564  -45.81785965 -100.58666229  -76.01241302]]
1
[[-82.4315033  -91.66963959 -87.91630554 -78.5055542 ]]
3
[[ -87.03084564  -45.81785965 -100.58666229  -76.01241302]]
1
[[-82.4315033  -91.66963959 -87.91630554 -78.5055542 ]]
3
[[ -87.03084564  -45.81785965 -100.58666229  -76.01241302]]
1
[[-82.4315033  -91.66963959 -87.91630554 -78.5055542 ]]
3
[[ -87.03084564  -45.81785965 -100.58666229  -76.01241302]]
1
[[-82.4315033  -91.66963959 -87.91630554 -78.5055542 ]]
3
[[ -87.03084564  -45.81785965 -100.58666229  -76.01241302]]
1
[[-82.4315033  -91.66963959 -87.91630554 -78.5055542 ]]
3
[[ -87.03084564  -45.81785965 -100.58666229  -76.01241302]]
1
[[-82.4315033  -91.66963959 -87.91630554 -78.5055542 ]]
3
[[ -87.03084564  -45.81785965 -100.58666229  -76.01241302]]
1
[[-82.4315033  -91.66963959 -87.91630554 -78.5055542 ]]
3
[[ -87.03084564  -45.81785965 -100.58666229  -76.01241302]]
1
[[-82.4315033  -91.66963959 -87.91630554 -78.5055542 ]]
3
[[ -87.03084564  -45.81785965 -100.58666229  -76.01241302]]
1
[[-82.4315033  -91.66963959 -87.91630554 -78.5055542 ]]
3
[[ -87.03084564  -45.81785965 -100.58666229  -76.01241302]]
1
[[-82.4315033  -91.66963959 -87.91630554 -78.5055542 ]]
3
[[ -87.03084564  -45.81785965 -100.58666229  -76.01241302]]
1
[[-82.4315033  -91.66963959 -87.91630554 -78.5055542 ]]
3
[[ -87.03084564  -45.81785965 -100.58666229  -76.01241302]]
1
[[-82.4315033  -91.66963959 -87.91630554 -78.5055542 ]]
3
[[ -87.03084564  -45.81785965 -100.58666229  -76.01241302]]
1
[[-82.4315033  -91.66963959 -87.91630554 -78.5055542 ]]
3
[[ -87.03084564  -45.81785965 -100.58666229  -76.01241302]]
1
[[-82.4315033  -91.66963959 -87.91630554 -78.5055542 ]]
3
[[ -87.03084564  -45.81785965 -100.58666229  -76.01241302]]
1
[[-82.4315033  -91.66963959 -87.91630554 -78.5055542 ]]
3
[[ -87.03084564  -45.81785965 -100.58666229  -76.01241302]]
1
[[-82.4315033  -91.66963959 -87.91630554 -78.5055542 ]]
3
[[ -87.03084564  -45.81785965 -100.58666229  -76.01241302]]
1
[[-82.4315033  -91.66963959 -87.91630554 -78.5055542 ]]
3
[[ -87.03084564  -45.81785965 -100.58666229  -76.01241302]]
1
[[-82.4315033  -91.66963959 -87.91630554 -78.5055542 ]]
3
[[ -87.03084564  -45.81785965 -100.58666229  -76.01241302]]
1
[[-82.4315033  -91.66963959 -87.91630554 -78.5055542 ]]
3
[[ -87.03084564  -45.81785965 -100.58666229  -76.01241302]]
1
[[-82.4315033  -91.66963959 -87.91630554 -78.5055542 ]]
3
[[ -87.03084564  -45.81785965 -100.58666229  -76.01241302]]
1
[[-82.4315033  -91.66963959 -87.91630554 -78.5055542 ]]
3
[[ -87.03084564  -45.81785965 -100.58666229  -76.01241302]]
1
[[-82.4315033  -91.66963959 -87.91630554 -78.5055542 ]]
3
[[ -87.03084564  -45.81785965 -100.58666229  -76.01241302]]
1
[[-82.4315033  -91.66963959 -87.91630554 -78.5055542 ]]
3
[[ -87.03084564  -45.81785965 -100.58666229  -76.01241302]]
1
[[-82.4315033  -91.66963959 -87.91630554 -78.5055542 ]]
3
[[ -87.03084564  -45.81785965 -100.58666229  -76.01241302]]
1
[[-82.4315033  -91.66963959 -87.91630554 -78.5055542 ]]
3
[[ -87.03084564  -45.81785965 -100.58666229  -76.01241302]]
1
[[-82.4315033  -91.66963959 -87.91630554 -78.5055542 ]]
3
[[ -87.03084564  -45.81785965 -100.58666229  -76.01241302]]
1
[[-82.4315033  -91.66963959 -87.91630554 -78.5055542 ]]
3
[[ -87.03084564  -45.81785965 -100.58666229  -76.01241302]]
1
[[-82.4315033  -91.66963959 -87.91630554 -78.5055542 ]]
3
[[ -87.03084564  -45.81785965 -100.58666229  -76.01241302]]
1
[[-82.4315033  -91.66963959 -87.91630554 -78.5055542 ]]
3
[[ -87.03084564  -45.81785965 -100.58666229  -76.01241302]]
1
[[-82.4315033  -91.66963959 -87.91630554 -78.5055542 ]]
3
[[ -87.03084564  -45.81785965 -100.58666229  -76.01241302]]
1
[[-82.4315033  -91.66963959 -87.91630554 -78.5055542 ]]
3
[[ -87.03084564  -45.81785965 -100.58666229  -76.01241302]]
1
[[-82.4315033  -91.66963959 -87.91630554 -78.5055542 ]]
3
[[ -87.03084564  -45.81785965 -100.58666229  -76.01241302]]
1
[[-82.4315033  -91.66963959 -87.91630554 -78.5055542 ]]
3
[[ -87.03084564  -45.81785965 -100.58666229  -76.01241302]]
1
[[-82.4315033  -91.66963959 -87.91630554 -78.5055542 ]]
3
[[ -87.03084564  -45.81785965 -100.58666229  -76.01241302]]
1
[[-82.4315033  -91.66963959 -87.91630554 -78.5055542 ]]
3
[[ -87.03084564  -45.81785965 -100.58666229  -76.01241302]]
1
[[-82.4315033  -91.66963959 -87.91630554 -78.5055542 ]]
3
[[ -87.03084564  -45.81785965 -100.58666229  -76.01241302]]
1
[[-82.4315033  -91.66963959 -87.91630554 -78.5055542 ]]
3
[[ -87.03084564  -45.81785965 -100.58666229  -76.01241302]]
1
[[-82.4315033  -91.66963959 -87.91630554 -78.5055542 ]]
3
[[ -87.03084564  -45.81785965 -100.58666229  -76.01241302]]
1
[[-82.4315033  -91.66963959 -87.91630554 -78.5055542 ]]
3
[[ -87.03084564  -45.81785965 -100.58666229  -76.01241302]]
1
[[-82.4315033  -91.66963959 -87.91630554 -78.5055542 ]]
3
[[ -87.03084564  -45.81785965 -100.58666229  -76.01241302]]
1
[[-82.4315033  -91.66963959 -87.91630554 -78.5055542 ]]
3
[[ -87.03084564  -45.81785965 -100.58666229  -76.01241302]]
1
[[-82.4315033  -91.66963959 -87.91630554 -78.5055542 ]]
3
[[ -87.03084564  -45.81785965 -100.58666229  -76.01241302]]
1
[[-82.4315033  -91.66963959 -87.91630554 -78.5055542 ]]
3
[[ -87.03084564  -45.81785965 -100.58666229  -76.01241302]]
1
[[-82.4315033  -91.66963959 -87.91630554 -78.5055542 ]]
3
[[ -87.03084564  -45.81785965 -100.58666229  -76.01241302]]
1
[[-82.4315033  -91.66963959 -87.91630554 -78.5055542 ]]
3
[[ -87.03084564  -45.81785965 -100.58666229  -76.01241302]]
1
[[-82.4315033  -91.66963959 -87.91630554 -78.5055542 ]]
3
[[ -87.03084564  -45.81785965 -100.58666229  -76.01241302]]
1
[[-82.4315033  -91.66963959 -87.91630554 -78.5055542 ]]
3
[[ -87.03084564  -45.81785965 -100.58666229  -76.01241302]]
1
[[-82.4315033  -91.66963959 -87.91630554 -78.5055542 ]]
3
[[ -87.03084564  -45.81785965 -100.58666229  -76.01241302]]
1
[[-82.4315033  -91.66963959 -87.91630554 -78.5055542 ]]
3
FAIL
1/9
