[[ -81.90685272  -28.64094543 -107.58457947  -96.08377838]]
1
[[ -84.12149048  -34.10042953 -108.7747345   -88.87113953]]
1
[[ -47.1264534   -83.80789185 -105.01156616  -76.44538116]]
0
[[-109.18959045   -3.77254486  -77.63500977 -133.84088135]]
1
[[ -23.45018005  -80.59864044 -138.697052    -94.80806732]]
0
[[ -12.51965332  -86.62194061  -59.59237671 -124.67515564]]
0
[[ -93.80728149  -10.21574402  -22.46714401 -100.5118866 ]]
1
[[-50.54920197 -74.5691452  -94.12013245 -94.47920227]]
0
[[-22.1989212  -99.36478424 -80.26113892 -95.17767334]]
0
[[ -30.3662796   -71.64703369  -28.37554932 -121.05812073]]
2
[[-22.1989212  -99.36478424 -80.26113892 -95.17767334]]
0
[[ -30.3662796   -71.64703369  -28.37554932 -121.05812073]]
2
[[-22.1989212  -99.36478424 -80.26113892 -95.17767334]]
0
[[ -30.3662796   -71.64703369  -28.37554932 -121.05812073]]
2
[[-22.1989212  -99.36478424 -80.26113892 -95.17767334]]
0
[[ -30.3662796   -71.64703369  -28.37554932 -121.05812073]]
2
[[-22.1989212  -99.36478424 -80.26113892 -95.17767334]]
0
[[ -30.3662796   -71.64703369  -28.37554932 -121.05812073]]
2
[[-22.1989212  -99.36478424 -80.26113892 -95.17767334]]
0
[[ -30.3662796   -71.64703369  -28.37554932 -121.05812073]]
2
[[-22.1989212  -99.36478424 -80.26113892 -95.17767334]]
0
[[ -30.3662796   -71.64703369  -28.37554932 -121.05812073]]
2
[[-22.1989212  -99.36478424 -80.26113892 -95.17767334]]
0
[[ -30.3662796   -71.64703369  -28.37554932 -121.05812073]]
2
[[-22.1989212  -99.36478424 -80.26113892 -95.17767334]]
0
[[ -30.3662796   -71.64703369  -28.37554932 -121.05812073]]
2
[[-22.1989212  -99.36478424 -80.26113892 -95.17767334]]
0
[[ -30.3662796   -71.64703369  -28.37554932 -121.05812073]]
2
[[-22.1989212  -99.36478424 -80.26113892 -95.17767334]]
0
[[ -30.3662796   -71.64703369  -28.37554932 -121.05812073]]
2
[[-22.1989212  -99.36478424 -80.26113892 -95.17767334]]
0
[[ -30.3662796   -71.64703369  -28.37554932 -121.05812073]]
2
[[-22.1989212  -99.36478424 -80.26113892 -95.17767334]]
0
[[ -30.3662796   -71.64703369  -28.37554932 -121.05812073]]
2
[[-22.1989212  -99.36478424 -80.26113892 -95.17767334]]
0
[[ -30.3662796   -71.64703369  -28.37554932 -121.05812073]]
2
[[-22.1989212  -99.36478424 -80.26113892 -95.17767334]]
0
[[ -30.3662796   -71.64703369  -28.37554932 -121.05812073]]
2
[[-22.1989212  -99.36478424 -80.26113892 -95.17767334]]
0
[[ -30.3662796   -71.64703369  -28.37554932 -121.05812073]]
2
[[-22.1989212  -99.36478424 -80.26113892 -95.17767334]]
0
[[ -30.3662796   -71.64703369  -28.37554932 -121.05812073]]
2
[[-22.1989212  -99.36478424 -80.26113892 -95.17767334]]
0
[[ -30.3662796   -71.64703369  -28.37554932 -121.05812073]]
2
[[-22.1989212  -99.36478424 -80.26113892 -95.17767334]]
0
[[ -30.3662796   -71.64703369  -28.37554932 -121.05812073]]
2
[[-22.1989212  -99.36478424 -80.26113892 -95.17767334]]
0
[[ -30.3662796   -71.64703369  -28.37554932 -121.05812073]]
2
[[-22.1989212  -99.36478424 -80.26113892 -95.17767334]]
0
[[ -30.3662796   -71.64703369  -28.37554932 -121.05812073]]
2
[[-22.1989212  -99.36478424 -80.26113892 -95.17767334]]
0
[[ -30.3662796   -71.64703369  -28.37554932 -121.05812073]]
2
[[-22.1989212  -99.36478424 -80.26113892 -95.17767334]]
0
[[ -30.3662796   -71.64703369  -28.37554932 -121.05812073]]
2
[[-22.1989212  -99.36478424 -80.26113892 -95.17767334]]
0
[[ -30.3662796   -71.64703369  -28.37554932 -121.05812073]]
2
[[-22.1989212  -99.36478424 -80.26113892 -95.17767334]]
0
[[ -30.3662796   -71.64703369  -28.37554932 -121.05812073]]
2
[[-22.1989212  -99.36478424 -80.26113892 -95.17767334]]
0
[[ -30.3662796   -71.64703369  -28.37554932 -121.05812073]]
2
[[-22.1989212  -99.36478424 -80.26113892 -95.17767334]]
0
[[ -30.3662796   -71.64703369  -28.37554932 -121.05812073]]
2
[[-22.1989212  -99.36478424 -80.26113892 -95.17767334]]
0
[[ -30.3662796   -71.64703369  -28.37554932 -121.05812073]]
2
[[-22.1989212  -99.36478424 -80.26113892 -95.17767334]]
0
[[ -30.3662796   -71.64703369  -28.37554932 -121.05812073]]
2
[[-22.1989212  -99.36478424 -80.26113892 -95.17767334]]
0
[[ -30.3662796   -71.64703369  -28.37554932 -121.05812073]]
2
[[-22.1989212  -99.36478424 -80.26113892 -95.17767334]]
0
[[ -30.3662796   -71.64703369  -28.37554932 -121.05812073]]
2
[[-22.1989212  -99.36478424 -80.26113892 -95.17767334]]
0
[[ -30.3662796   -71.64703369  -28.37554932 -121.05812073]]
2
[[-22.1989212  -99.36478424 -80.26113892 -95.17767334]]
0
[[ -30.3662796   -71.64703369  -28.37554932 -121.05812073]]
2
[[-22.1989212  -99.36478424 -80.26113892 -95.17767334]]
0
[[ -30.3662796   -71.64703369  -28.37554932 -121.05812073]]
2
[[-22.1989212  -99.36478424 -80.26113892 -95.17767334]]
0
[[ -30.3662796   -71.64703369  -28.37554932 -121.05812073]]
2
[[-22.1989212  -99.36478424 -80.26113892 -95.17767334]]
0
[[ -30.3662796   -71.64703369  -28.37554932 -121.05812073]]
2
[[-22.1989212  -99.36478424 -80.26113892 -95.17767334]]
0
[[ -30.3662796   -71.64703369  -28.37554932 -121.05812073]]
2
[[-22.1989212  -99.36478424 -80.26113892 -95.17767334]]
0
[[ -30.3662796   -71.64703369  -28.37554932 -121.05812073]]
2
[[-22.1989212  -99.36478424 -80.26113892 -95.17767334]]
0
[[ -30.3662796   -71.64703369  -28.37554932 -121.05812073]]
2
[[-22.1989212  -99.36478424 -80.26113892 -95.17767334]]
0
[[ -30.3662796   -71.64703369  -28.37554932 -121.05812073]]
2
[[-22.1989212  -99.36478424 -80.26113892 -95.17767334]]
0
[[ -30.3662796   -71.64703369  -28.37554932 -121.05812073]]
2
[[-22.1989212  -99.36478424 -80.26113892 -95.17767334]]
0
[[ -30.3662796   -71.64703369  -28.37554932 -121.05812073]]
2
[[-22.1989212  -99.36478424 -80.26113892 -95.17767334]]
0
[[ -30.3662796   -71.64703369  -28.37554932 -121.05812073]]
2
[[-22.1989212  -99.36478424 -80.26113892 -95.17767334]]
0
[[ -30.3662796   -71.64703369  -28.37554932 -121.05812073]]
2
[[-22.1989212  -99.36478424 -80.26113892 -95.17767334]]
0
[[ -30.3662796   -71.64703369  -28.37554932 -121.05812073]]
2
[[-22.1989212  -99.36478424 -80.26113892 -95.17767334]]
0
[[ -30.3662796   -71.64703369  -28.37554932 -121.05812073]]
2
[[-22.1989212  -99.36478424 -80.26113892 -95.17767334]]
0
FAIL
9/22
