[[ -82.37685394  -30.12150955 -108.35437775  -94.56767273]]
1
[[ -84.41014099  -35.50840759 -109.75167847  -87.68392944]]
1
[[ -47.27512741  -85.37409973 -105.86123657  -75.52936554]]
0
[[-109.93330383   -4.30400085  -77.91866302 -132.46867371]]
1
[[ -23.59825516  -82.06073761 -139.4197998   -94.07818604]]
0
[[ -12.89151001  -88.63333893  -60.50033951 -124.03054047]]
0
[[-94.82348633 -11.56344223 -23.7728157  -99.90449524]]
1
[[-50.94971466 -76.37574005 -95.14203644 -93.9336319 ]]
0
[[ -22.57507706 -101.92832184  -81.14705658  -95.16934204]]
0
[[ -30.61292267  -73.87309265  -29.11209869 -120.97451782]]
2
[[ -22.57507706 -101.92832184  -81.14705658  -95.16934204]]
0
[[ -30.61292267  -73.87309265  -29.11209869 -120.97451782]]
2
[[ -22.57507706 -101.92832184  -81.14705658  -95.16934204]]
0
[[ -30.61292267  -73.87309265  -29.11209869 -120.97451782]]
2
[[ -22.57507706 -101.92832184  -81.14705658  -95.16934204]]
0
[[ -30.61292267  -73.87309265  -29.11209869 -120.97451782]]
2
[[ -22.57507706 -101.92832184  -81.14705658  -95.16934204]]
0
[[ -30.61292267  -73.87309265  -29.11209869 -120.97451782]]
2
[[ -22.57507706 -101.92832184  -81.14705658  -95.16934204]]
0
[[ -30.61292267  -73.87309265  -29.11209869 -120.97451782]]
2
[[ -22.57507706 -101.92832184  -81.14705658  -95.16934204]]
0
[[ -30.61292267  -73.87309265  -29.11209869 -120.97451782]]
2
[[ -22.57507706 -101.92832184  -81.14705658  -95.16934204]]
0
[[ -30.61292267  -73.87309265  -29.11209869 -120.97451782]]
2
[[ -22.57507706 -101.92832184  -81.14705658  -95.16934204]]
0
[[ -30.61292267  -73.87309265  -29.11209869 -120.97451782]]
2
[[ -22.57507706 -101.92832184  -81.14705658  -95.16934204]]
0
[[ -30.61292267  -73.87309265  -29.11209869 -120.97451782]]
2
[[ -22.57507706 -101.92832184  -81.14705658  -95.16934204]]
0
[[ -30.61292267  -73.87309265  -29.11209869 -120.97451782]]
2
[[ -22.57507706 -101.92832184  -81.14705658  -95.16934204]]
0
[[ -30.61292267  -73.87309265  -29.11209869 -120.97451782]]
2
[[ -22.57507706 -101.92832184  -81.14705658  -95.16934204]]
0
[[ -30.61292267  -73.87309265  -29.11209869 -120.97451782]]
2
[[ -22.57507706 -101.92832184  -81.14705658  -95.16934204]]
0
[[ -30.61292267  -73.87309265  -29.11209869 -120.97451782]]
2
[[ -22.57507706 -101.92832184  -81.14705658  -95.16934204]]
0
[[ -30.61292267  -73.87309265  -29.11209869 -120.97451782]]
2
[[ -22.57507706 -101.92832184  -81.14705658  -95.16934204]]
0
[[ -30.61292267  -73.87309265  -29.11209869 -120.97451782]]
2
[[ -22.57507706 -101.92832184  -81.14705658  -95.16934204]]
0
[[ -30.61292267  -73.87309265  -29.11209869 -120.97451782]]
2
[[ -22.57507706 -101.92832184  -81.14705658  -95.16934204]]
0
[[ -30.61292267  -73.87309265  -29.11209869 -120.97451782]]
2
[[ -22.57507706 -101.92832184  -81.14705658  -95.16934204]]
0
[[ -30.61292267  -73.87309265  -29.11209869 -120.97451782]]
2
[[ -22.57507706 -101.92832184  -81.14705658  -95.16934204]]
0
[[ -30.61292267  -73.87309265  -29.11209869 -120.97451782]]
2
[[ -22.57507706 -101.92832184  -81.14705658  -95.16934204]]
0
[[ -30.61292267  -73.87309265  -29.11209869 -120.97451782]]
2
[[ -22.57507706 -101.92832184  -81.14705658  -95.16934204]]
0
[[ -30.61292267  -73.87309265  -29.11209869 -120.97451782]]
2
[[ -22.57507706 -101.92832184  -81.14705658  -95.16934204]]
0
[[ -30.61292267  -73.87309265  -29.11209869 -120.97451782]]
2
[[ -22.57507706 -101.92832184  -81.14705658  -95.16934204]]
0
[[ -30.61292267  -73.87309265  -29.11209869 -120.97451782]]
2
[[ -22.57507706 -101.92832184  -81.14705658  -95.16934204]]
0
[[ -30.61292267  -73.87309265  -29.11209869 -120.97451782]]
2
[[ -22.57507706 -101.92832184  -81.14705658  -95.16934204]]
0
[[ -30.61292267  -73.87309265  -29.11209869 -120.97451782]]
2
[[ -22.57507706 -101.92832184  -81.14705658  -95.16934204]]
0
[[ -30.61292267  -73.87309265  -29.11209869 -120.97451782]]
2
[[ -22.57507706 -101.92832184  -81.14705658  -95.16934204]]
0
[[ -30.61292267  -73.87309265  -29.11209869 -120.97451782]]
2
[[ -22.57507706 -101.92832184  -81.14705658  -95.16934204]]
0
[[ -30.61292267  -73.87309265  -29.11209869 -120.97451782]]
2
[[ -22.57507706 -101.92832184  -81.14705658  -95.16934204]]
0
[[ -30.61292267  -73.87309265  -29.11209869 -120.97451782]]
2
[[ -22.57507706 -101.92832184  -81.14705658  -95.16934204]]
0
[[ -30.61292267  -73.87309265  -29.11209869 -120.97451782]]
2
[[ -22.57507706 -101.92832184  -81.14705658  -95.16934204]]
0
[[ -30.61292267  -73.87309265  -29.11209869 -120.97451782]]
2
[[ -22.57507706 -101.92832184  -81.14705658  -95.16934204]]
0
[[ -30.61292267  -73.87309265  -29.11209869 -120.97451782]]
2
[[ -22.57507706 -101.92832184  -81.14705658  -95.16934204]]
0
[[ -30.61292267  -73.87309265  -29.11209869 -120.97451782]]
2
[[ -22.57507706 -101.92832184  -81.14705658  -95.16934204]]
0
[[ -30.61292267  -73.87309265  -29.11209869 -120.97451782]]
2
[[ -22.57507706 -101.92832184  -81.14705658  -95.16934204]]
0
[[ -30.61292267  -73.87309265  -29.11209869 -120.97451782]]
2
[[ -22.57507706 -101.92832184  -81.14705658  -95.16934204]]
0
[[ -30.61292267  -73.87309265  -29.11209869 -120.97451782]]
2
[[ -22.57507706 -101.92832184  -81.14705658  -95.16934204]]
0
[[ -30.61292267  -73.87309265  -29.11209869 -120.97451782]]
2
[[ -22.57507706 -101.92832184  -81.14705658  -95.16934204]]
0
[[ -30.61292267  -73.87309265  -29.11209869 -120.97451782]]
2
[[ -22.57507706 -101.92832184  -81.14705658  -95.16934204]]
0
[[ -30.61292267  -73.87309265  -29.11209869 -120.97451782]]
2
[[ -22.57507706 -101.92832184  -81.14705658  -95.16934204]]
0
[[ -30.61292267  -73.87309265  -29.11209869 -120.97451782]]
2
[[ -22.57507706 -101.92832184  -81.14705658  -95.16934204]]
0
[[ -30.61292267  -73.87309265  -29.11209869 -120.97451782]]
2
[[ -22.57507706 -101.92832184  -81.14705658  -95.16934204]]
0
[[ -30.61292267  -73.87309265  -29.11209869 -120.97451782]]
2
[[ -22.57507706 -101.92832184  -81.14705658  -95.16934204]]
0
[[ -30.61292267  -73.87309265  -29.11209869 -120.97451782]]
2
[[ -22.57507706 -101.92832184  -81.14705658  -95.16934204]]
0
[[ -30.61292267  -73.87309265  -29.11209869 -120.97451782]]
2
[[ -22.57507706 -101.92832184  -81.14705658  -95.16934204]]
0
[[ -30.61292267  -73.87309265  -29.11209869 -120.97451782]]
2
[[ -22.57507706 -101.92832184  -81.14705658  -95.16934204]]
0
FAIL
9/22
