[[-226.38546753  -95.75418854  -21.57488251 -212.29974365]]
2
[[ -28.81458855  -65.77264404  -12.71429825 -125.98730469]]
2
[[ -8.2988472  -40.81843567 -32.89090729 -84.08091736]]
0
[[ -28.81458855  -65.77264404  -12.71429825 -125.98730469]]
2
[[ -8.2988472  -40.81843567 -32.89090729 -84.08091736]]
0
[[ -28.81458855  -65.77264404  -12.71429825 -125.98730469]]
2
[[ -8.2988472  -40.81843567 -32.89090729 -84.08091736]]
0
[[ -28.81458855  -65.77264404  -12.71429825 -125.98730469]]
2
[[ -8.2988472  -40.81843567 -32.89090729 -84.08091736]]
0
[[ -28.81458855  -65.77264404  -12.71429825 -125.98730469]]
2
[[ -8.2988472  -40.81843567 -32.89090729 -84.08091736]]
0
[[ -28.81458855  -65.77264404  -12.71429825 -125.98730469]]
2
[[ -8.2988472  -40.81843567 -32.89090729 -84.08091736]]
0
[[ -28.81458855  -65.77264404  -12.71429825 -125.98730469]]
2
[[ -8.2988472  -40.81843567 -32.89090729 -84.08091736]]
0
[[ -28.81458855  -65.77264404  -12.71429825 -125.98730469]]
2
[[ -8.2988472  -40.81843567 -32.89090729 -84.08091736]]
0
[[ -28.81458855  -65.77264404  -12.71429825 -125.98730469]]
2
[[ -8.2988472  -40.81843567 -32.89090729 -84.08091736]]
0
[[ -28.81458855  -65.77264404  -12.71429825 -125.98730469]]
2
[[ -8.2988472  -40.81843567 -32.89090729 -84.08091736]]
0
[[ -28.81458855  -65.77264404  -12.71429825 -125.98730469]]
2
[[ -8.2988472  -40.81843567 -32.89090729 -84.08091736]]
0
[[ -28.81458855  -65.77264404  -12.71429825 -125.98730469]]
2
[[ -8.2988472  -40.81843567 -32.89090729 -84.08091736]]
0
[[ -28.81458855  -65.77264404  -12.71429825 -125.98730469]]
2
[[ -8.2988472  -40.81843567 -32.89090729 -84.08091736]]
0
[[ -28.81458855  -65.77264404  -12.71429825 -125.98730469]]
2
[[ -8.2988472  -40.81843567 -32.89090729 -84.08091736]]
0
[[ -28.81458855  -65.77264404  -12.71429825 -125.98730469]]
2
[[ -8.2988472  -40.81843567 -32.89090729 -84.08091736]]
0
[[ -28.81458855  -65.77264404  -12.71429825 -125.98730469]]
2
[[ -8.2988472  -40.81843567 -32.89090729 -84.08091736]]
0
[[ -28.81458855  -65.77264404  -12.71429825 -125.98730469]]
2
[[ -8.2988472  -40.81843567 -32.89090729 -84.08091736]]
0
[[ -28.81458855  -65.77264404  -12.71429825 -125.98730469]]
2
[[ -8.2988472  -40.81843567 -32.89090729 -84.08091736]]
0
[[ -28.81458855  -65.77264404  -12.71429825 -125.98730469]]
2
[[ -8.2988472  -40.81843567 -32.89090729 -84.08091736]]
0
[[ -28.81458855  -65.77264404  -12.71429825 -125.98730469]]
2
[[ -8.2988472  -40.81843567 -32.89090729 -84.08091736]]
0
[[ -28.81458855  -65.77264404  -12.71429825 -125.98730469]]
2
[[ -8.2988472  -40.81843567 -32.89090729 -84.08091736]]
0
[[ -28.81458855  -65.77264404  -12.71429825 -125.98730469]]
2
[[ -8.2988472  -40.81843567 -32.89090729 -84.08091736]]
0
[[ -28.81458855  -65.77264404  -12.71429825 -125.98730469]]
2
[[ -8.2988472  -40.81843567 -32.89090729 -84.08091736]]
0
[[ -28.81458855  -65.77264404  -12.71429825 -125.98730469]]
2
[[ -8.2988472  -40.81843567 -32.89090729 -84.08091736]]
0
[[ -28.81458855  -65.77264404  -12.71429825 -125.98730469]]
2
[[ -8.2988472  -40.81843567 -32.89090729 -84.08091736]]
0
[[ -28.81458855  -65.77264404  -12.71429825 -125.98730469]]
2
[[ -8.2988472  -40.81843567 -32.89090729 -84.08091736]]
0
[[ -28.81458855  -65.77264404  -12.71429825 -125.98730469]]
2
[[ -8.2988472  -40.81843567 -32.89090729 -84.08091736]]
0
[[ -28.81458855  -65.77264404  -12.71429825 -125.98730469]]
2
[[ -8.2988472  -40.81843567 -32.89090729 -84.08091736]]
0
[[ -28.81458855  -65.77264404  -12.71429825 -125.98730469]]
2
[[ -8.2988472  -40.81843567 -32.89090729 -84.08091736]]
0
[[ -28.81458855  -65.77264404  -12.71429825 -125.98730469]]
2
[[ -8.2988472  -40.81843567 -32.89090729 -84.08091736]]
0
[[ -28.81458855  -65.77264404  -12.71429825 -125.98730469]]
2
[[ -8.2988472  -40.81843567 -32.89090729 -84.08091736]]
0
[[ -28.81458855  -65.77264404  -12.71429825 -125.98730469]]
2
[[ -8.2988472  -40.81843567 -32.89090729 -84.08091736]]
0
[[ -28.81458855  -65.77264404  -12.71429825 -125.98730469]]
2
[[ -8.2988472  -40.81843567 -32.89090729 -84.08091736]]
0
[[ -28.81458855  -65.77264404  -12.71429825 -125.98730469]]
2
[[ -8.2988472  -40.81843567 -32.89090729 -84.08091736]]
0
[[ -28.81458855  -65.77264404  -12.71429825 -125.98730469]]
2
[[ -8.2988472  -40.81843567 -32.89090729 -84.08091736]]
0
[[ -28.81458855  -65.77264404  -12.71429825 -125.98730469]]
2
[[ -8.2988472  -40.81843567 -32.89090729 -84.08091736]]
0
[[ -28.81458855  -65.77264404  -12.71429825 -125.98730469]]
2
[[ -8.2988472  -40.81843567 -32.89090729 -84.08091736]]
0
[[ -28.81458855  -65.77264404  -12.71429825 -125.98730469]]
2
[[ -8.2988472  -40.81843567 -32.89090729 -84.08091736]]
0
[[ -28.81458855  -65.77264404  -12.71429825 -125.98730469]]
2
[[ -8.2988472  -40.81843567 -32.89090729 -84.08091736]]
0
[[ -28.81458855  -65.77264404  -12.71429825 -125.98730469]]
2
[[ -8.2988472  -40.81843567 -32.89090729 -84.08091736]]
0
[[ -28.81458855  -65.77264404  -12.71429825 -125.98730469]]
2
[[ -8.2988472  -40.81843567 -32.89090729 -84.08091736]]
0
[[ -28.81458855  -65.77264404  -12.71429825 -125.98730469]]
2
[[ -8.2988472  -40.81843567 -32.89090729 -84.08091736]]
0
[[ -28.81458855  -65.77264404  -12.71429825 -125.98730469]]
2
[[ -8.2988472  -40.81843567 -32.89090729 -84.08091736]]
0
[[ -28.81458855  -65.77264404  -12.71429825 -125.98730469]]
2
[[ -8.2988472  -40.81843567 -32.89090729 -84.08091736]]
0
[[ -28.81458855  -65.77264404  -12.71429825 -125.98730469]]
2
[[ -8.2988472  -40.81843567 -32.89090729 -84.08091736]]
0
[[ -28.81458855  -65.77264404  -12.71429825 -125.98730469]]
2
[[ -8.2988472  -40.81843567 -32.89090729 -84.08091736]]
0
[[ -28.81458855  -65.77264404  -12.71429825 -125.98730469]]
2
[[ -8.2988472  -40.81843567 -32.89090729 -84.08091736]]
0
[[ -28.81458855  -65.77264404  -12.71429825 -125.98730469]]
2
[[ -8.2988472  -40.81843567 -32.89090729 -84.08091736]]
0
[[ -28.81458855  -65.77264404  -12.71429825 -125.98730469]]
2
[[ -8.2988472  -40.81843567 -32.89090729 -84.08091736]]
0
[[ -28.81458855  -65.77264404  -12.71429825 -125.98730469]]
2
[[ -8.2988472  -40.81843567 -32.89090729 -84.08091736]]
0
FAIL
2/31
