[[ -94.12538147  -21.8131752   -86.03650665 -122.26248932]]
1
[[ -98.69574738  -29.3097229   -84.60336304 -100.61998749]]
1
[[-100.94728851  -98.74116516  -41.3549881  -104.97599792]]
2
[[-101.04911804  -14.71820068  -87.76325226 -167.8420105 ]]
1
[[-220.7691803   -89.04283905   -5.30513    -113.4357605 ]]
2
[[ -51.87335205  -21.29605103 -266.66946411 -206.35882568]]
1
[[-189.12908936   58.82226562  121.37522125   15.57028008]]
2
[[  -8.27471924   44.70657349  504.95794678   34.96535492]]
2
PASS
8/8
