[[ -36.24414062  -70.13253784 -103.05274963 -110.65675354]]
0
[[ -18.38870621  -92.19402313  -55.84088898 -100.16571045]]
0
[[ -13.68890381 -114.76921082  -41.97322083 -111.69839478]]
0
[[ -13.94883728  -65.99253845  -39.3761673  -145.65826416]]
0
[[ -26.49136353 -144.29644775  -87.754776   -192.94728088]]
0
[[-116.77172852  -26.87423706  -30.57626343 -145.91229248]]
1
[[ -26.80038452 -190.68084717  -82.12277985  -54.53029251]]
0
[[ -12.05298615  -31.05622101 -165.96871948 -285.96640015]]
0
[[-148.23727417 -184.26855469 -151.10697937   -9.87267303]]
3
[[ -10.39196014    4.97676849 -151.22320557 -132.06829834]]
1
[[-148.23727417 -184.26855469 -151.10697937   -9.87267303]]
3
[[ -10.39196014    4.97676849 -151.22320557 -132.06829834]]
1
[[-148.23727417 -184.26855469 -151.10697937   -9.87267303]]
3
[[ -10.39196014    4.97676849 -151.22320557 -132.06829834]]
1
[[-148.23727417 -184.26855469 -151.10697937   -9.87267303]]
3
[[ -10.39196014    4.97676849 -151.22320557 -132.06829834]]
1
[[-148.23727417 -184.26855469 -151.10697937   -9.87267303]]
3
[[ -10.39196014    4.97676849 -151.22320557 -132.06829834]]
1
[[-148.23727417 -184.26855469 -151.10697937   -9.87267303]]
3
[[ -10.39196014    4.97676849 -151.22320557 -132.06829834]]
1
[[-148.23727417 -184.26855469 -151.10697937   -9.87267303]]
3
[[ -10.39196014    4.97676849 -151.22320557 -132.06829834]]
1
[[-148.23727417 -184.26855469 -151.10697937   -9.87267303]]
3
[[ -10.39196014    4.97676849 -151.22320557 -132.06829834]]
1
[[-148.23727417 -184.26855469 -151.10697937   -9.87267303]]
3
[[ -10.39196014    4.97676849 -151.22320557 -132.06829834]]
1
[[-148.23727417 -184.26855469 -151.10697937   -9.87267303]]
3
[[ -10.39196014    4.97676849 -151.22320557 -132.06829834]]
1
[[-148.23727417 -184.26855469 -151.10697937   -9.87267303]]
3
[[ -10.39196014    4.97676849 -151.22320557 -132.06829834]]
1
[[-148.23727417 -184.26855469 -151.10697937   -9.87267303]]
3
[[ -10.39196014    4.97676849 -151.22320557 -132.06829834]]
1
[[-148.23727417 -184.26855469 -151.10697937   -9.87267303]]
3
[[ -10.39196014    4.97676849 -151.22320557 -132.06829834]]
1
[[-148.23727417 -184.26855469 -151.10697937   -9.87267303]]
3
[[ -10.39196014    4.97676849 -151.22320557 -132.06829834]]
1
[[-148.23727417 -184.26855469 -151.10697937   -9.87267303]]
3
[[ -10.39196014    4.97676849 -151.22320557 -132.06829834]]
1
[[-148.23727417 -184.26855469 -151.10697937   -9.87267303]]
3
[[ -10.39196014    4.97676849 -151.22320557 -132.06829834]]
1
[[-148.23727417 -184.26855469 -151.10697937   -9.87267303]]
3
[[ -10.39196014    4.97676849 -151.22320557 -132.06829834]]
1
[[-148.23727417 -184.26855469 -151.10697937   -9.87267303]]
3
[[ -10.39196014    4.97676849 -151.22320557 -132.06829834]]
1
[[-148.23727417 -184.26855469 -151.10697937   -9.87267303]]
3
[[ -10.39196014    4.97676849 -151.22320557 -132.06829834]]
1
[[-148.23727417 -184.26855469 -151.10697937   -9.87267303]]
3
[[ -10.39196014    4.97676849 -151.22320557 -132.06829834]]
1
[[-148.23727417 -184.26855469 -151.10697937   -9.87267303]]
3
[[ -10.39196014    4.97676849 -151.22320557 -132.06829834]]
1
[[-148.23727417 -184.26855469 -151.10697937   -9.87267303]]
3
[[ -10.39196014    4.97676849 -151.22320557 -132.06829834]]
1
[[-148.23727417 -184.26855469 -151.10697937   -9.87267303]]
3
[[ -10.39196014    4.97676849 -151.22320557 -132.06829834]]
1
[[-148.23727417 -184.26855469 -151.10697937   -9.87267303]]
3
[[ -10.39196014    4.97676849 -151.22320557 -132.06829834]]
1
[[-148.23727417 -184.26855469 -151.10697937   -9.87267303]]
3
[[ -10.39196014    4.97676849 -151.22320557 -132.06829834]]
1
[[-148.23727417 -184.26855469 -151.10697937   -9.87267303]]
3
[[ -10.39196014    4.97676849 -151.22320557 -132.06829834]]
1
[[-148.23727417 -184.26855469 -151.10697937   -9.87267303]]
3
[[ -10.39196014    4.97676849 -151.22320557 -132.06829834]]
1
[[-148.23727417 -184.26855469 -151.10697937   -9.87267303]]
3
[[ -10.39196014    4.97676849 -151.22320557 -132.06829834]]
1
[[-148.23727417 -184.26855469 -151.10697937   -9.87267303]]
3
[[ -10.39196014    4.97676849 -151.22320557 -132.06829834]]
1
[[-148.23727417 -184.26855469 -151.10697937   -9.87267303]]
3
[[ -10.39196014    4.97676849 -151.22320557 -132.06829834]]
1
[[-148.23727417 -184.26855469 -151.10697937   -9.87267303]]
3
[[ -10.39196014    4.97676849 -151.22320557 -132.06829834]]
1
[[-148.23727417 -184.26855469 -151.10697937   -9.87267303]]
3
[[ -10.39196014    4.97676849 -151.22320557 -132.06829834]]
1
[[-148.23727417 -184.26855469 -151.10697937   -9.87267303]]
3
[[ -10.39196014    4.97676849 -151.22320557 -132.06829834]]
1
[[-148.23727417 -184.26855469 -151.10697937   -9.87267303]]
3
[[ -10.39196014    4.97676849 -151.22320557 -132.06829834]]
1
[[-148.23727417 -184.26855469 -151.10697937   -9.87267303]]
3
[[ -10.39196014    4.97676849 -151.22320557 -132.06829834]]
1
[[-148.23727417 -184.26855469 -151.10697937   -9.87267303]]
3
[[ -10.39196014    4.97676849 -151.22320557 -132.06829834]]
1
[[-148.23727417 -184.26855469 -151.10697937   -9.87267303]]
3
[[ -10.39196014    4.97676849 -151.22320557 -132.06829834]]
1
[[-148.23727417 -184.26855469 -151.10697937   -9.87267303]]
3
[[ -10.39196014    4.97676849 -151.22320557 -132.06829834]]
1
[[-148.23727417 -184.26855469 -151.10697937   -9.87267303]]
3
[[ -10.39196014    4.97676849 -151.22320557 -132.06829834]]
1
[[-148.23727417 -184.26855469 -151.10697937   -9.87267303]]
3
[[ -10.39196014    4.97676849 -151.22320557 -132.06829834]]
1
[[-148.23727417 -184.26855469 -151.10697937   -9.87267303]]
3
[[ -10.39196014    4.97676849 -151.22320557 -132.06829834]]
1
[[-148.23727417 -184.26855469 -151.10697937   -9.87267303]]
3
[[ -10.39196014    4.97676849 -151.22320557 -132.06829834]]
1
[[-148.23727417 -184.26855469 -151.10697937   -9.87267303]]
3
[[ -10.39196014    4.97676849 -151.22320557 -132.06829834]]
1
[[-148.23727417 -184.26855469 -151.10697937   -9.87267303]]
3
[[ -10.39196014    4.97676849 -151.22320557 -132.06829834]]
1
[[-148.23727417 -184.26855469 -151.10697937   -9.87267303]]
3
[[ -10.39196014    4.97676849 -151.22320557 -132.06829834]]
1
[[-148.23727417 -184.26855469 -151.10697937   -9.87267303]]
3
[[ -10.39196014    4.97676849 -151.22320557 -132.06829834]]
1
[[-148.23727417 -184.26855469 -151.10697937   -9.87267303]]
3
FAIL
9/19
