[[-82.77049255 -92.94865417 -88.37853241 -77.88322449]]
3
[[ -87.57033539  -48.53591537 -102.055336    -75.22409058]]
1
[[-82.77049255 -92.94865417 -88.37853241 -77.88322449]]
3
[[ -87.57033539  -48.53591537 -102.055336    -75.22409058]]
1
[[-82.77049255 -92.94865417 -88.37853241 -77.88322449]]
3
[[ -87.57033539  -48.53591537 -102.055336    -75.22409058]]
1
[[-82.77049255 -92.94865417 -88.37853241 -77.88322449]]
3
[[ -87.57033539  -48.53591537 -102.055336    -75.22409058]]
1
[[-82.77049255 -92.94865417 -88.37853241 -77.88322449]]
3
[[ -87.57033539  -48.53591537 -102.055336    -75.22409058]]
1
[[-82.77049255 -92.94865417 -88.37853241 -77.88322449]]
3
[[ -87.57033539  -48.53591537 -102.055336    -75.22409058]]
1
[[-82.77049255 -92.94865417 -88.37853241 -77.88322449]]
3
[[ -87.57033539  -48.53591537 -102.055336    -75.22409058]]
1
[[-82.77049255 -92.94865417 -88.37853241 -77.88322449]]
3
[[ -87.57033539  -48.53591537 -102.055336    -75.22409058]]
1
[[-82.77049255 -92.94865417 -88.37853241 -77.88322449]]
3
[[ -87.57033539  -48.53591537 -102.055336    -75.22409058]]
1
[[-82.77049255 -92.94865417 -88.37853241 -77.88322449]]
3
[[ -87.57033539  -48.53591537 -102.055336    -75.22409058]]
1
[[-82.77049255 -92.94865417 -88.37853241 -77.88322449]]
3
[[ -87.57033539  -48.53591537 -102.055336    -75.22409058]]
1
[[-82.77049255 -92.94865417 -88.37853241 -77.88322449]]
3
[[ -87.57033539  -48.53591537 -102.055336    -75.22409058]]
1
[[-82.77049255 -92.94865417 -88.37853241 -77.88322449]]
3
[[ -87.57033539  -48.53591537 -102.055336    -75.22409058]]
1
[[-82.77049255 -92.94865417 -88.37853241 -77.88322449]]
3
[[ -87.57033539  -48.53591537 -102.055336    -75.22409058]]
1
[[-82.77049255 -92.94865417 -88.37853241 -77.88322449]]
3
[[ -87.57033539  -48.53591537 -102.055336    -75.22409058]]
1
[[-82.77049255 -92.94865417 -88.37853241 -77.88322449]]
3
[[ -87.57033539  -48.53591537 -102.055336    -75.22409058]]
1
[[-82.77049255 -92.94865417 -88.37853241 -77.88322449]]
3
[[ -87.57033539  -48.53591537 -102.055336    -75.22409058]]
1
[[-82.77049255 -92.94865417 -88.37853241 -77.88322449]]
3
[[ -87.57033539  -48.53591537 -102.055336    -75.22409058]]
1
[[-82.77049255 -92.94865417 -88.37853241 -77.88322449]]
3
[[ -87.57033539  -48.53591537 -102.055336    -75.22409058]]
1
[[-82.77049255 -92.94865417 -88.37853241 -77.88322449]]
3
[[ -87.57033539  -48.53591537 -102.055336    -75.22409058]]
1
[[-82.77049255 -92.94865417 -88.37853241 -77.88322449]]
3
[[ -87.57033539  -48.53591537 -102.055336    -75.22409058]]
1
[[-82.77049255 -92.94865417 -88.37853241 -77.88322449]]
3
[[ -87.57033539  -48.53591537 -102.055336    -75.22409058]]
1
[[-82.77049255 -92.94865417 -88.37853241 -77.88322449]]
3
[[ -87.57033539  -48.53591537 -102.055336    -75.22409058]]
1
[[-82.77049255 -92.94865417 -88.37853241 -77.88322449]]
3
[[ -87.57033539  -48.53591537 -102.055336    -75.22409058]]
1
[[-82.77049255 -92.94865417 -88.37853241 -77.88322449]]
3
[[ -87.57033539  -48.53591537 -102.055336    -75.22409058]]
1
[[-82.77049255 -92.94865417 -88.37853241 -77.88322449]]
3
[[ -87.57033539  -48.53591537 -102.055336    -75.22409058]]
1
[[-82.77049255 -92.94865417 -88.37853241 -77.88322449]]
3
[[ -87.57033539  -48.53591537 -102.055336    -75.22409058]]
1
[[-82.77049255 -92.94865417 -88.37853241 -77.88322449]]
3
[[ -87.57033539  -48.53591537 -102.055336    -75.22409058]]
1
[[-82.77049255 -92.94865417 -88.37853241 -77.88322449]]
3
[[ -87.57033539  -48.53591537 -102.055336    -75.22409058]]
1
[[-82.77049255 -92.94865417 -88.37853241 -77.88322449]]
3
[[ -87.57033539  -48.53591537 -102.055336    -75.22409058]]
1
[[-82.77049255 -92.94865417 -88.37853241 -77.88322449]]
3
[[ -87.57033539  -48.53591537 -102.055336    -75.22409058]]
1
[[-82.77049255 -92.94865417 -88.37853241 -77.88322449]]
3
[[ -87.57033539  -48.53591537 -102.055336    -75.22409058]]
1
[[-82.77049255 -92.94865417 -88.37853241 -77.88322449]]
3
[[ -87.57033539  -48.53591537 -102.055336    -75.22409058]]
1
[[-82.77049255 -92.94865417 -88.37853241 -77.88322449]]
3
[[ -87.57033539  -48.53591537 -102.055336    -75.22409058]]
1
[[-82.77049255 -92.94865417 -88.37853241 -77.88322449]]
3
[[ -87.57033539  -48.53591537 -102.055336    -75.22409058]]
1
[[-82.77049255 -92.94865417 -88.37853241 -77.88322449]]
3
[[ -87.57033539  -48.53591537 -102.055336    -75.22409058]]
1
[[-82.77049255 -92.94865417 -88.37853241 -77.88322449]]
3
[[ -87.57033539  -48.53591537 -102.055336    -75.22409058]]
1
[[-82.77049255 -92.94865417 -88.37853241 -77.88322449]]
3
[[ -87.57033539  -48.53591537 -102.055336    -75.22409058]]
1
[[-82.77049255 -92.94865417 -88.37853241 -77.88322449]]
3
[[ -87.57033539  -48.53591537 -102.055336    -75.22409058]]
1
[[-82.77049255 -92.94865417 -88.37853241 -77.88322449]]
3
[[ -87.57033539  -48.53591537 -102.055336    -75.22409058]]
1
[[-82.77049255 -92.94865417 -88.37853241 -77.88322449]]
3
[[ -87.57033539  -48.53591537 -102.055336    -75.22409058]]
1
[[-82.77049255 -92.94865417 -88.37853241 -77.88322449]]
3
[[ -87.57033539  -48.53591537 -102.055336    -75.22409058]]
1
[[-82.77049255 -92.94865417 -88.37853241 -77.88322449]]
3
[[ -87.57033539  -48.53591537 -102.055336    -75.22409058]]
1
[[-82.77049255 -92.94865417 -88.37853241 -77.88322449]]
3
[[ -87.57033539  -48.53591537 -102.055336    -75.22409058]]
1
[[-82.77049255 -92.94865417 -88.37853241 -77.88322449]]
3
[[ -87.57033539  -48.53591537 -102.055336    -75.22409058]]
1
[[-82.77049255 -92.94865417 -88.37853241 -77.88322449]]
3
[[ -87.57033539  -48.53591537 -102.055336    -75.22409058]]
1
[[-82.77049255 -92.94865417 -88.37853241 -77.88322449]]
3
[[ -87.57033539  -48.53591537 -102.055336    -75.22409058]]
1
[[-82.77049255 -92.94865417 -88.37853241 -77.88322449]]
3
[[ -87.57033539  -48.53591537 -102.055336    -75.22409058]]
1
[[-82.77049255 -92.94865417 -88.37853241 -77.88322449]]
3
[[ -87.57033539  -48.53591537 -102.055336    -75.22409058]]
1
[[-82.77049255 -92.94865417 -88.37853241 -77.88322449]]
3
[[ -87.57033539  -48.53591537 -102.055336    -75.22409058]]
1
[[-82.77049255 -92.94865417 -88.37853241 -77.88322449]]
3
FAIL
1/9
