[[-82.86159515 -94.50920105 -89.24349976 -76.30809021]]
3
[[ -87.70311737  -51.61868286 -103.58406067  -73.75453949]]
1
[[-82.86159515 -94.50920105 -89.24349976 -76.30809021]]
3
[[ -87.70311737  -51.61868286 -103.58406067  -73.75453949]]
1
[[-82.86159515 -94.50920105 -89.24349976 -76.30809021]]
3
[[ -87.70311737  -51.61868286 -103.58406067  -73.75453949]]
1
[[-82.86159515 -94.50920105 -89.24349976 -76.30809021]]
3
[[ -87.70311737  -51.61868286 -103.58406067  -73.75453949]]
1
[[-82.86159515 -94.50920105 -89.24349976 -76.30809021]]
3
[[ -87.70311737  -51.61868286 -103.58406067  -73.75453949]]
1
[[-82.86159515 -94.50920105 -89.24349976 -76.30809021]]
3
[[ -87.70311737  -51.61868286 -103.58406067  -73.75453949]]
1
[[-82.86159515 -94.50920105 -89.24349976 -76.30809021]]
3
[[ -87.70311737  -51.61868286 -103.58406067  -73.75453949]]
1
[[-82.86159515 -94.50920105 -89.24349976 -76.30809021]]
3
[[ -87.70311737  -51.61868286 -103.58406067  -73.75453949]]
1
[[-82.86159515 -94.50920105 -89.24349976 -76.30809021]]
3
[[ -87.70311737  -51.61868286 -103.58406067  -73.75453949]]
1
[[-82.86159515 -94.50920105 -89.24349976 -76.30809021]]
3
[[ -87.70311737  -51.61868286 -103.58406067  -73.75453949]]
1
[[-82.86159515 -94.50920105 -89.24349976 -76.30809021]]
3
[[ -87.70311737  -51.61868286 -103.58406067  -73.75453949]]
1
[[-82.86159515 -94.50920105 -89.24349976 -76.30809021]]
3
[[ -87.70311737  -51.61868286 -103.58406067  -73.75453949]]
1
[[-82.86159515 -94.50920105 -89.24349976 -76.30809021]]
3
[[ -87.70311737  -51.61868286 -103.58406067  -73.75453949]]
1
[[-82.86159515 -94.50920105 -89.24349976 -76.30809021]]
3
[[ -87.70311737  -51.61868286 -103.58406067  -73.75453949]]
1
[[-82.86159515 -94.50920105 -89.24349976 -76.30809021]]
3
[[ -87.70311737  -51.61868286 -103.58406067  -73.75453949]]
1
[[-82.86159515 -94.50920105 -89.24349976 -76.30809021]]
3
[[ -87.70311737  -51.61868286 -103.58406067  -73.75453949]]
1
[[-82.86159515 -94.50920105 -89.24349976 -76.30809021]]
3
[[ -87.70311737  -51.61868286 -103.58406067  -73.75453949]]
1
[[-82.86159515 -94.50920105 -89.24349976 -76.30809021]]
3
[[ -87.70311737  -51.61868286 -103.58406067  -73.75453949]]
1
[[-82.86159515 -94.50920105 -89.24349976 -76.30809021]]
3
[[ -87.70311737  -51.61868286 -103.58406067  -73.75453949]]
1
[[-82.86159515 -94.50920105 -89.24349976 -76.30809021]]
3
[[ -87.70311737  -51.61868286 -103.58406067  -73.75453949]]
1
[[-82.86159515 -94.50920105 -89.24349976 -76.30809021]]
3
[[ -87.70311737  -51.61868286 -103.58406067  -73.75453949]]
1
[[-82.86159515 -94.50920105 -89.24349976 -76.30809021]]
3
[[ -87.70311737  -51.61868286 -103.58406067  -73.75453949]]
1
[[-82.86159515 -94.50920105 -89.24349976 -76.30809021]]
3
[[ -87.70311737  -51.61868286 -103.58406067  -73.75453949]]
1
[[-82.86159515 -94.50920105 -89.24349976 -76.30809021]]
3
[[ -87.70311737  -51.61868286 -103.58406067  -73.75453949]]
1
[[-82.86159515 -94.50920105 -89.24349976 -76.30809021]]
3
[[ -87.70311737  -51.61868286 -103.58406067  -73.75453949]]
1
[[-82.86159515 -94.50920105 -89.24349976 -76.30809021]]
3
[[ -87.70311737  -51.61868286 -103.58406067  -73.75453949]]
1
[[-82.86159515 -94.50920105 -89.24349976 -76.30809021]]
3
[[ -87.70311737  -51.61868286 -103.58406067  -73.75453949]]
1
[[-82.86159515 -94.50920105 -89.24349976 -76.30809021]]
3
[[ -87.70311737  -51.61868286 -103.58406067  -73.75453949]]
1
[[-82.86159515 -94.50920105 -89.24349976 -76.30809021]]
3
[[ -87.70311737  -51.61868286 -103.58406067  -73.75453949]]
1
[[-82.86159515 -94.50920105 -89.24349976 -76.30809021]]
3
[[ -87.70311737  -51.61868286 -103.58406067  -73.75453949]]
1
[[-82.86159515 -94.50920105 -89.24349976 -76.30809021]]
3
[[ -87.70311737  -51.61868286 -103.58406067  -73.75453949]]
1
[[-82.86159515 -94.50920105 -89.24349976 -76.30809021]]
3
[[ -87.70311737  -51.61868286 -103.58406067  -73.75453949]]
1
[[-82.86159515 -94.50920105 -89.24349976 -76.30809021]]
3
[[ -87.70311737  -51.61868286 -103.58406067  -73.75453949]]
1
[[-82.86159515 -94.50920105 -89.24349976 -76.30809021]]
3
[[ -87.70311737  -51.61868286 -103.58406067  -73.75453949]]
1
[[-82.86159515 -94.50920105 -89.24349976 -76.30809021]]
3
[[ -87.70311737  -51.61868286 -103.58406067  -73.75453949]]
1
[[-82.86159515 -94.50920105 -89.24349976 -76.30809021]]
3
[[ -87.70311737  -51.61868286 -103.58406067  -73.75453949]]
1
[[-82.86159515 -94.50920105 -89.24349976 -76.30809021]]
3
[[ -87.70311737  -51.61868286 -103.58406067  -73.75453949]]
1
[[-82.86159515 -94.50920105 -89.24349976 -76.30809021]]
3
[[ -87.70311737  -51.61868286 -103.58406067  -73.75453949]]
1
[[-82.86159515 -94.50920105 -89.24349976 -76.30809021]]
3
[[ -87.70311737  -51.61868286 -103.58406067  -73.75453949]]
1
[[-82.86159515 -94.50920105 -89.24349976 -76.30809021]]
3
[[ -87.70311737  -51.61868286 -103.58406067  -73.75453949]]
1
[[-82.86159515 -94.50920105 -89.24349976 -76.30809021]]
3
[[ -87.70311737  -51.61868286 -103.58406067  -73.75453949]]
1
[[-82.86159515 -94.50920105 -89.24349976 -76.30809021]]
3
[[ -87.70311737  -51.61868286 -103.58406067  -73.75453949]]
1
[[-82.86159515 -94.50920105 -89.24349976 -76.30809021]]
3
[[ -87.70311737  -51.61868286 -103.58406067  -73.75453949]]
1
[[-82.86159515 -94.50920105 -89.24349976 -76.30809021]]
3
[[ -87.70311737  -51.61868286 -103.58406067  -73.75453949]]
1
[[-82.86159515 -94.50920105 -89.24349976 -76.30809021]]
3
[[ -87.70311737  -51.61868286 -103.58406067  -73.75453949]]
1
[[-82.86159515 -94.50920105 -89.24349976 -76.30809021]]
3
[[ -87.70311737  -51.61868286 -103.58406067  -73.75453949]]
1
[[-82.86159515 -94.50920105 -89.24349976 -76.30809021]]
3
[[ -87.70311737  -51.61868286 -103.58406067  -73.75453949]]
1
[[-82.86159515 -94.50920105 -89.24349976 -76.30809021]]
3
[[ -87.70311737  -51.61868286 -103.58406067  -73.75453949]]
1
[[-82.86159515 -94.50920105 -89.24349976 -76.30809021]]
3
[[ -87.70311737  -51.61868286 -103.58406067  -73.75453949]]
1
[[-82.86159515 -94.50920105 -89.24349976 -76.30809021]]
3
[[ -87.70311737  -51.61868286 -103.58406067  -73.75453949]]
1
[[-82.86159515 -94.50920105 -89.24349976 -76.30809021]]
3
FAIL
1/9
