[[ -35.54581451  -72.34638977 -104.07528687 -109.61044312]]
0
[[-17.63881302 -94.10131836 -57.23812866 -99.27979279]]
0
[[ -13.60212326 -116.82724762  -42.88888168 -110.30717468]]
0
[[ -14.22390747  -68.27459717  -40.66544342 -145.2947998 ]]
0
[[ -26.35565186 -148.41079712  -89.65148926 -193.36341858]]
0
[[-117.16674042  -28.52523041  -32.41501617 -144.64547729]]
1
[[ -26.22814178 -192.33346558  -82.74892426  -52.91056824]]
0
[[ -11.94254303  -33.10088348 -167.70240784 -287.69073486]]
0
[[-154.95300293 -186.37825012 -152.29333496   -8.98274231]]
3
[[ -10.4782486     3.5967865  -152.3527832  -132.41833496]]
1
[[-154.95300293 -186.37825012 -152.29333496   -8.98274231]]
3
[[ -10.4782486     3.5967865  -152.3527832  -132.41833496]]
1
[[-154.95300293 -186.37825012 -152.29333496   -8.98274231]]
3
[[ -10.4782486     3.5967865  -152.3527832  -132.41833496]]
1
[[-154.95300293 -186.37825012 -152.29333496   -8.98274231]]
3
[[ -10.4782486     3.5967865  -152.3527832  -132.41833496]]
1
[[-154.95300293 -186.37825012 -152.29333496   -8.98274231]]
3
[[ -10.4782486     3.5967865  -152.3527832  -132.41833496]]
1
[[-154.95300293 -186.37825012 -152.29333496   -8.98274231]]
3
[[ -10.4782486     3.5967865  -152.3527832  -132.41833496]]
1
[[-154.95300293 -186.37825012 -152.29333496   -8.98274231]]
3
[[ -10.4782486     3.5967865  -152.3527832  -132.41833496]]
1
[[-154.95300293 -186.37825012 -152.29333496   -8.98274231]]
3
[[ -10.4782486     3.5967865  -152.3527832  -132.41833496]]
1
[[-154.95300293 -186.37825012 -152.29333496   -8.98274231]]
3
[[ -10.4782486     3.5967865  -152.3527832  -132.41833496]]
1
[[-154.95300293 -186.37825012 -152.29333496   -8.98274231]]
3
[[ -10.4782486     3.5967865  -152.3527832  -132.41833496]]
1
[[-154.95300293 -186.37825012 -152.29333496   -8.98274231]]
3
[[ -10.4782486     3.5967865  -152.3527832  -132.41833496]]
1
[[-154.95300293 -186.37825012 -152.29333496   -8.98274231]]
3
[[ -10.4782486     3.5967865  -152.3527832  -132.41833496]]
1
[[-154.95300293 -186.37825012 -152.29333496   -8.98274231]]
3
[[ -10.4782486     3.5967865  -152.3527832  -132.41833496]]
1
[[-154.95300293 -186.37825012 -152.29333496   -8.98274231]]
3
[[ -10.4782486     3.5967865  -152.3527832  -132.41833496]]
1
[[-154.95300293 -186.37825012 -152.29333496   -8.98274231]]
3
[[ -10.4782486     3.5967865  -152.3527832  -132.41833496]]
1
[[-154.95300293 -186.37825012 -152.29333496   -8.98274231]]
3
[[ -10.4782486     3.5967865  -152.3527832  -132.41833496]]
1
[[-154.95300293 -186.37825012 -152.29333496   -8.98274231]]
3
[[ -10.4782486     3.5967865  -152.3527832  -132.41833496]]
1
[[-154.95300293 -186.37825012 -152.29333496   -8.98274231]]
3
[[ -10.4782486     3.5967865  -152.3527832  -132.41833496]]
1
[[-154.95300293 -186.37825012 -152.29333496   -8.98274231]]
3
[[ -10.4782486     3.5967865  -152.3527832  -132.41833496]]
1
[[-154.95300293 -186.37825012 -152.29333496   -8.98274231]]
3
[[ -10.4782486     3.5967865  -152.3527832  -132.41833496]]
1
[[-154.95300293 -186.37825012 -152.29333496   -8.98274231]]
3
[[ -10.4782486     3.5967865  -152.3527832  -132.41833496]]
1
[[-154.95300293 -186.37825012 -152.29333496   -8.98274231]]
3
[[ -10.4782486     3.5967865  -152.3527832  -132.41833496]]
1
[[-154.95300293 -186.37825012 -152.29333496   -8.98274231]]
3
[[ -10.4782486     3.5967865  -152.3527832  -132.41833496]]
1
[[-154.95300293 -186.37825012 -152.29333496   -8.98274231]]
3
[[ -10.4782486     3.5967865  -152.3527832  -132.41833496]]
1
[[-154.95300293 -186.37825012 -152.29333496   -8.98274231]]
3
[[ -10.4782486     3.5967865  -152.3527832  -132.41833496]]
1
[[-154.95300293 -186.37825012 -152.29333496   -8.98274231]]
3
[[ -10.4782486     3.5967865  -152.3527832  -132.41833496]]
1
[[-154.95300293 -186.37825012 -152.29333496   -8.98274231]]
3
[[ -10.4782486     3.5967865  -152.3527832  -132.41833496]]
1
[[-154.95300293 -186.37825012 -152.29333496   -8.98274231]]
3
[[ -10.4782486     3.5967865  -152.3527832  -132.41833496]]
1
[[-154.95300293 -186.37825012 -152.29333496   -8.98274231]]
3
[[ -10.4782486     3.5967865  -152.3527832  -132.41833496]]
1
[[-154.95300293 -186.37825012 -152.29333496   -8.98274231]]
3
[[ -10.4782486     3.5967865  -152.3527832  -132.41833496]]
1
[[-154.95300293 -186.37825012 -152.29333496   -8.98274231]]
3
[[ -10.4782486     3.5967865  -152.3527832  -132.41833496]]
1
[[-154.95300293 -186.37825012 -152.29333496   -8.98274231]]
3
[[ -10.4782486     3.5967865  -152.3527832  -132.41833496]]
1
[[-154.95300293 -186.37825012 -152.29333496   -8.98274231]]
3
[[ -10.4782486     3.5967865  -152.3527832  -132.41833496]]
1
[[-154.95300293 -186.37825012 -152.29333496   -8.98274231]]
3
[[ -10.4782486     3.5967865  -152.3527832  -132.41833496]]
1
[[-154.95300293 -186.37825012 -152.29333496   -8.98274231]]
3
[[ -10.4782486     3.5967865  -152.3527832  -132.41833496]]
1
[[-154.95300293 -186.37825012 -152.29333496   -8.98274231]]
3
[[ -10.4782486     3.5967865  -152.3527832  -132.41833496]]
1
[[-154.95300293 -186.37825012 -152.29333496   -8.98274231]]
3
[[ -10.4782486     3.5967865  -152.3527832  -132.41833496]]
1
[[-154.95300293 -186.37825012 -152.29333496   -8.98274231]]
3
[[ -10.4782486     3.5967865  -152.3527832  -132.41833496]]
1
[[-154.95300293 -186.37825012 -152.29333496   -8.98274231]]
3
[[ -10.4782486     3.5967865  -152.3527832  -132.41833496]]
1
[[-154.95300293 -186.37825012 -152.29333496   -8.98274231]]
3
[[ -10.4782486     3.5967865  -152.3527832  -132.41833496]]
1
[[-154.95300293 -186.37825012 -152.29333496   -8.98274231]]
3
[[ -10.4782486     3.5967865  -152.3527832  -132.41833496]]
1
[[-154.95300293 -186.37825012 -152.29333496   -8.98274231]]
3
[[ -10.4782486     3.5967865  -152.3527832  -132.41833496]]
1
[[-154.95300293 -186.37825012 -152.29333496   -8.98274231]]
3
[[ -10.4782486     3.5967865  -152.3527832  -132.41833496]]
1
[[-154.95300293 -186.37825012 -152.29333496   -8.98274231]]
3
[[ -10.4782486     3.5967865  -152.3527832  -132.41833496]]
1
[[-154.95300293 -186.37825012 -152.29333496   -8.98274231]]
3
[[ -10.4782486     3.5967865  -152.3527832  -132.41833496]]
1
[[-154.95300293 -186.37825012 -152.29333496   -8.98274231]]
3
[[ -10.4782486     3.5967865  -152.3527832  -132.41833496]]
1
[[-154.95300293 -186.37825012 -152.29333496   -8.98274231]]
3
FAIL
9/19
