[[ -78.09400177  -91.59217072 -105.64628601  -91.69378662]]
0
[[ -87.98049927 -110.98363495 -112.21349335  -87.69096375]]
3
[[ -23.24002075  -83.59698486 -140.47996521  -92.54026794]]
0
[[ -12.95634842  -90.82183838  -61.99943924 -122.35443115]]
0
[[-95.18190002 -13.45951843 -25.70940018 -98.78334045]]
1
[[-50.87557602 -78.36069489 -96.55131531 -92.41550446]]
0
[[ -22.90353775 -104.45128632  -82.48510742  -94.28122711]]
0
[[ -30.7562027   -76.36686707  -29.96780777 -119.91004181]]
2
[[ -22.90353775 -104.45128632  -82.48510742  -94.28122711]]
0
[[ -30.7562027   -76.36686707  -29.96780777 -119.91004181]]
2
[[ -22.90353775 -104.45128632  -82.48510742  -94.28122711]]
0
[[ -30.7562027   -76.36686707  -29.96780777 -119.91004181]]
2
[[ -22.90353775 -104.45128632  -82.48510742  -94.28122711]]
0
[[ -30.7562027   -76.36686707  -29.96780777 -119.91004181]]
2
[[ -22.90353775 -104.45128632  -82.48510742  -94.28122711]]
0
[[ -30.7562027   -76.36686707  -29.96780777 -119.91004181]]
2
[[ -22.90353775 -104.45128632  -82.48510742  -94.28122711]]
0
[[ -30.7562027   -76.36686707  -29.96780777 -119.91004181]]
2
[[ -22.90353775 -104.45128632  -82.48510742  -94.28122711]]
0
[[ -30.7562027   -76.36686707  -29.96780777 -119.91004181]]
2
[[ -22.90353775 -104.45128632  -82.48510742  -94.28122711]]
0
[[ -30.7562027   -76.36686707  -29.96780777 -119.91004181]]
2
[[ -22.90353775 -104.45128632  -82.48510742  -94.28122711]]
0
[[ -30.7562027   -76.36686707  -29.96780777 -119.91004181]]
2
[[ -22.90353775 -104.45128632  -82.48510742  -94.28122711]]
0
[[ -30.7562027   -76.36686707  -29.96780777 -119.91004181]]
2
[[ -22.90353775 -104.45128632  -82.48510742  -94.28122711]]
0
[[ -30.7562027   -76.36686707  -29.96780777 -119.91004181]]
2
[[ -22.90353775 -104.45128632  -82.48510742  -94.28122711]]
0
[[ -30.7562027   -76.36686707  -29.96780777 -119.91004181]]
2
[[ -22.90353775 -104.45128632  -82.48510742  -94.28122711]]
0
[[ -30.7562027   -76.36686707  -29.96780777 -119.91004181]]
2
[[ -22.90353775 -104.45128632  -82.48510742  -94.28122711]]
0
[[ -30.7562027   -76.36686707  -29.96780777 -119.91004181]]
2
[[ -22.90353775 -104.45128632  -82.48510742  -94.28122711]]
0
[[ -30.7562027   -76.36686707  -29.96780777 -119.91004181]]
2
[[ -22.90353775 -104.45128632  -82.48510742  -94.28122711]]
0
[[ -30.7562027   -76.36686707  -29.96780777 -119.91004181]]
2
[[ -22.90353775 -104.45128632  -82.48510742  -94.28122711]]
0
[[ -30.7562027   -76.36686707  -29.96780777 -119.91004181]]
2
[[ -22.90353775 -104.45128632  -82.48510742  -94.28122711]]
0
[[ -30.7562027   -76.36686707  -29.96780777 -119.91004181]]
2
[[ -22.90353775 -104.45128632  -82.48510742  -94.28122711]]
0
[[ -30.7562027   -76.36686707  -29.96780777 -119.91004181]]
2
[[ -22.90353775 -104.45128632  -82.48510742  -94.28122711]]
0
[[ -30.7562027   -76.36686707  -29.96780777 -119.91004181]]
2
[[ -22.90353775 -104.45128632  -82.48510742  -94.28122711]]
0
[[ -30.7562027   -76.36686707  -29.96780777 -119.91004181]]
2
[[ -22.90353775 -104.45128632  -82.48510742  -94.28122711]]
0
[[ -30.7562027   -76.36686707  -29.96780777 -119.91004181]]
2
[[ -22.90353775 -104.45128632  -82.48510742  -94.28122711]]
0
[[ -30.7562027   -76.36686707  -29.96780777 -119.91004181]]
2
[[ -22.90353775 -104.45128632  -82.48510742  -94.28122711]]
0
[[ -30.7562027   -76.36686707  -29.96780777 -119.91004181]]
2
[[ -22.90353775 -104.45128632  -82.48510742  -94.28122711]]
0
[[ -30.7562027   -76.36686707  -29.96780777 -119.91004181]]
2
[[ -22.90353775 -104.45128632  -82.48510742  -94.28122711]]
0
[[ -30.7562027   -76.36686707  -29.96780777 -119.91004181]]
2
[[ -22.90353775 -104.45128632  -82.48510742  -94.28122711]]
0
[[ -30.7562027   -76.36686707  -29.96780777 -119.91004181]]
2
[[ -22.90353775 -104.45128632  -82.48510742  -94.28122711]]
0
[[ -30.7562027   -76.36686707  -29.96780777 -119.91004181]]
2
[[ -22.90353775 -104.45128632  -82.48510742  -94.28122711]]
0
[[ -30.7562027   -76.36686707  -29.96780777 -119.91004181]]
2
[[ -22.90353775 -104.45128632  -82.48510742  -94.28122711]]
0
[[ -30.7562027   -76.36686707  -29.96780777 -119.91004181]]
2
[[ -22.90353775 -104.45128632  -82.48510742  -94.28122711]]
0
[[ -30.7562027   -76.36686707  -29.96780777 -119.91004181]]
2
[[ -22.90353775 -104.45128632  -82.48510742  -94.28122711]]
0
[[ -30.7562027   -76.36686707  -29.96780777 -119.91004181]]
2
[[ -22.90353775 -104.45128632  -82.48510742  -94.28122711]]
0
[[ -30.7562027   -76.36686707  -29.96780777 -119.91004181]]
2
[[ -22.90353775 -104.45128632  -82.48510742  -94.28122711]]
0
[[ -30.7562027   -76.36686707  -29.96780777 -119.91004181]]
2
[[ -22.90353775 -104.45128632  -82.48510742  -94.28122711]]
0
[[ -30.7562027   -76.36686707  -29.96780777 -119.91004181]]
2
[[ -22.90353775 -104.45128632  -82.48510742  -94.28122711]]
0
[[ -30.7562027   -76.36686707  -29.96780777 -119.91004181]]
2
[[ -22.90353775 -104.45128632  -82.48510742  -94.28122711]]
0
[[ -30.7562027   -76.36686707  -29.96780777 -119.91004181]]
2
[[ -22.90353775 -104.45128632  -82.48510742  -94.28122711]]
0
[[ -30.7562027   -76.36686707  -29.96780777 -119.91004181]]
2
[[ -22.90353775 -104.45128632  -82.48510742  -94.28122711]]
0
[[ -30.7562027   -76.36686707  -29.96780777 -119.91004181]]
2
[[ -22.90353775 -104.45128632  -82.48510742  -94.28122711]]
0
[[ -30.7562027   -76.36686707  -29.96780777 -119.91004181]]
2
[[ -22.90353775 -104.45128632  -82.48510742  -94.28122711]]
0
[[ -30.7562027   -76.36686707  -29.96780777 -119.91004181]]
2
[[ -22.90353775 -104.45128632  -82.48510742  -94.28122711]]
0
[[ -30.7562027   -76.36686707  -29.96780777 -119.91004181]]
2
[[ -22.90353775 -104.45128632  -82.48510742  -94.28122711]]
0
[[ -30.7562027   -76.36686707  -29.96780777 -119.91004181]]
2
[[ -22.90353775 -104.45128632  -82.48510742  -94.28122711]]
0
[[ -30.7562027   -76.36686707  -29.96780777 -119.91004181]]
2
[[ -22.90353775 -104.45128632  -82.48510742  -94.28122711]]
0
[[ -30.7562027   -76.36686707  -29.96780777 -119.91004181]]
2
[[ -22.90353775 -104.45128632  -82.48510742  -94.28122711]]
0
[[ -30.7562027   -76.36686707  -29.96780777 -119.91004181]]
2
[[ -22.90353775 -104.45128632  -82.48510742  -94.28122711]]
0
[[ -30.7562027   -76.36686707  -29.96780777 -119.91004181]]
2
[[ -22.90353775 -104.45128632  -82.48510742  -94.28122711]]
0
FAIL
7/20
