[[ -95.26345825  -23.25329971  -87.33411407 -121.59397888]]
1
[[-99.72886658 -30.00406265 -85.84646606 -99.99382019]]
1
[[-102.2430191  -102.08945465  -41.21988678 -103.84903717]]
2
[[-102.47944641  -15.19662476  -89.01311493 -167.31039429]]
1
[[-223.23699951  -89.40907288   -6.38459015 -113.27130127]]
2
[[ -53.46981812  -21.29089355 -267.44326782 -204.96380615]]
1
[[-188.88014221   61.12633133  126.56643677   18.90694427]]
2
[[  -6.1541748    46.12913513  513.35089111   38.61094666]]
2
PASS
8/8
