[[-226.77511597  -96.69133759  -21.94010162 -211.66467285]]
2
[[ -29.78521347  -68.59511566  -13.90299606 -125.1615448 ]]
2
[[ -8.59403992 -43.05516052 -33.02840042 -83.16000366]]
0
[[ -29.78521347  -68.59511566  -13.90299606 -125.1615448 ]]
2
[[ -8.59403992 -43.05516052 -33.02840042 -83.16000366]]
0
[[ -29.78521347  -68.59511566  -13.90299606 -125.1615448 ]]
2
[[ -8.59403992 -43.05516052 -33.02840042 -83.16000366]]
0
[[ -29.78521347  -68.59511566  -13.90299606 -125.1615448 ]]
2
[[ -8.59403992 -43.05516052 -33.02840042 -83.16000366]]
0
[[ -29.78521347  -68.59511566  -13.90299606 -125.1615448 ]]
2
[[ -8.59403992 -43.05516052 -33.02840042 -83.16000366]]
0
[[ -29.78521347  -68.59511566  -13.90299606 -125.1615448 ]]
2
[[ -8.59403992 -43.05516052 -33.02840042 -83.16000366]]
0
[[ -29.78521347  -68.59511566  -13.90299606 -125.1615448 ]]
2
[[ -8.59403992 -43.05516052 -33.02840042 -83.16000366]]
0
[[ -29.78521347  -68.59511566  -13.90299606 -125.1615448 ]]
2
[[ -8.59403992 -43.05516052 -33.02840042 -83.16000366]]
0
[[ -29.78521347  -68.59511566  -13.90299606 -125.1615448 ]]
2
[[ -8.59403992 -43.05516052 -33.02840042 -83.16000366]]
0
[[ -29.78521347  -68.59511566  -13.90299606 -125.1615448 ]]
2
[[ -8.59403992 -43.05516052 -33.02840042 -83.16000366]]
0
[[ -29.78521347  -68.59511566  -13.90299606 -125.1615448 ]]
2
[[ -8.59403992 -43.05516052 -33.02840042 -83.16000366]]
0
[[ -29.78521347  -68.59511566  -13.90299606 -125.1615448 ]]
2
[[ -8.59403992 -43.05516052 -33.02840042 -83.16000366]]
0
[[ -29.78521347  -68.59511566  -13.90299606 -125.1615448 ]]
2
[[ -8.59403992 -43.05516052 -33.02840042 -83.16000366]]
0
[[ -29.78521347  -68.59511566  -13.90299606 -125.1615448 ]]
2
[[ -8.59403992 -43.05516052 -33.02840042 -83.16000366]]
0
[[ -29.78521347  -68.59511566  -13.90299606 -125.1615448 ]]
2
[[ -8.59403992 -43.05516052 -33.02840042 -83.16000366]]
0
[[ -29.78521347  -68.59511566  -13.90299606 -125.1615448 ]]
2
[[ -8.59403992 -43.05516052 -33.02840042 -83.16000366]]
0
[[ -29.78521347  -68.59511566  -13.90299606 -125.1615448 ]]
2
[[ -8.59403992 -43.05516052 -33.02840042 -83.16000366]]
0
[[ -29.78521347  -68.59511566  -13.90299606 -125.1615448 ]]
2
[[ -8.59403992 -43.05516052 -33.02840042 -83.16000366]]
0
[[ -29.78521347  -68.59511566  -13.90299606 -125.1615448 ]]
2
[[ -8.59403992 -43.05516052 -33.02840042 -83.16000366]]
0
[[ -29.78521347  -68.59511566  -13.90299606 -125.1615448 ]]
2
[[ -8.59403992 -43.05516052 -33.02840042 -83.16000366]]
0
[[ -29.78521347  -68.59511566  -13.90299606 -125.1615448 ]]
2
[[ -8.59403992 -43.05516052 -33.02840042 -83.16000366]]
0
[[ -29.78521347  -68.59511566  -13.90299606 -125.1615448 ]]
2
[[ -8.59403992 -43.05516052 -33.02840042 -83.16000366]]
0
[[ -29.78521347  -68.59511566  -13.90299606 -125.1615448 ]]
2
[[ -8.59403992 -43.05516052 -33.02840042 -83.16000366]]
0
[[ -29.78521347  -68.59511566  -13.90299606 -125.1615448 ]]
2
[[ -8.59403992 -43.05516052 -33.02840042 -83.16000366]]
0
[[ -29.78521347  -68.59511566  -13.90299606 -125.1615448 ]]
2
[[ -8.59403992 -43.05516052 -33.02840042 -83.16000366]]
0
[[ -29.78521347  -68.59511566  -13.90299606 -125.1615448 ]]
2
[[ -8.59403992 -43.05516052 -33.02840042 -83.16000366]]
0
[[ -29.78521347  -68.59511566  -13.90299606 -125.1615448 ]]
2
[[ -8.59403992 -43.05516052 -33.02840042 -83.16000366]]
0
[[ -29.78521347  -68.59511566  -13.90299606 -125.1615448 ]]
2
[[ -8.59403992 -43.05516052 -33.02840042 -83.16000366]]
0
[[ -29.78521347  -68.59511566  -13.90299606 -125.1615448 ]]
2
[[ -8.59403992 -43.05516052 -33.02840042 -83.16000366]]
0
[[ -29.78521347  -68.59511566  -13.90299606 -125.1615448 ]]
2
[[ -8.59403992 -43.05516052 -33.02840042 -83.16000366]]
0
[[ -29.78521347  -68.59511566  -13.90299606 -125.1615448 ]]
2
[[ -8.59403992 -43.05516052 -33.02840042 -83.16000366]]
0
[[ -29.78521347  -68.59511566  -13.90299606 -125.1615448 ]]
2
[[ -8.59403992 -43.05516052 -33.02840042 -83.16000366]]
0
[[ -29.78521347  -68.59511566  -13.90299606 -125.1615448 ]]
2
[[ -8.59403992 -43.05516052 -33.02840042 -83.16000366]]
0
[[ -29.78521347  -68.59511566  -13.90299606 -125.1615448 ]]
2
[[ -8.59403992 -43.05516052 -33.02840042 -83.16000366]]
0
[[ -29.78521347  -68.59511566  -13.90299606 -125.1615448 ]]
2
[[ -8.59403992 -43.05516052 -33.02840042 -83.16000366]]
0
[[ -29.78521347  -68.59511566  -13.90299606 -125.1615448 ]]
2
[[ -8.59403992 -43.05516052 -33.02840042 -83.16000366]]
0
[[ -29.78521347  -68.59511566  -13.90299606 -125.1615448 ]]
2
[[ -8.59403992 -43.05516052 -33.02840042 -83.16000366]]
0
[[ -29.78521347  -68.59511566  -13.90299606 -125.1615448 ]]
2
[[ -8.59403992 -43.05516052 -33.02840042 -83.16000366]]
0
[[ -29.78521347  -68.59511566  -13.90299606 -125.1615448 ]]
2
[[ -8.59403992 -43.05516052 -33.02840042 -83.16000366]]
0
[[ -29.78521347  -68.59511566  -13.90299606 -125.1615448 ]]
2
[[ -8.59403992 -43.05516052 -33.02840042 -83.16000366]]
0
[[ -29.78521347  -68.59511566  -13.90299606 -125.1615448 ]]
2
[[ -8.59403992 -43.05516052 -33.02840042 -83.16000366]]
0
[[ -29.78521347  -68.59511566  -13.90299606 -125.1615448 ]]
2
[[ -8.59403992 -43.05516052 -33.02840042 -83.16000366]]
0
[[ -29.78521347  -68.59511566  -13.90299606 -125.1615448 ]]
2
[[ -8.59403992 -43.05516052 -33.02840042 -83.16000366]]
0
[[ -29.78521347  -68.59511566  -13.90299606 -125.1615448 ]]
2
[[ -8.59403992 -43.05516052 -33.02840042 -83.16000366]]
0
[[ -29.78521347  -68.59511566  -13.90299606 -125.1615448 ]]
2
[[ -8.59403992 -43.05516052 -33.02840042 -83.16000366]]
0
[[ -29.78521347  -68.59511566  -13.90299606 -125.1615448 ]]
2
[[ -8.59403992 -43.05516052 -33.02840042 -83.16000366]]
0
[[ -29.78521347  -68.59511566  -13.90299606 -125.1615448 ]]
2
[[ -8.59403992 -43.05516052 -33.02840042 -83.16000366]]
0
[[ -29.78521347  -68.59511566  -13.90299606 -125.1615448 ]]
2
[[ -8.59403992 -43.05516052 -33.02840042 -83.16000366]]
0
[[ -29.78521347  -68.59511566  -13.90299606 -125.1615448 ]]
2
[[ -8.59403992 -43.05516052 -33.02840042 -83.16000366]]
0
[[ -29.78521347  -68.59511566  -13.90299606 -125.1615448 ]]
2
[[ -8.59403992 -43.05516052 -33.02840042 -83.16000366]]
0
FAIL
2/31
