[[ -82.1893158   -31.9282074  -109.45412445  -92.23334503]]
1
[[ -84.01887512  -37.40887451 -111.10195923  -85.55183411]]
1
[[ -46.83952332  -87.2893219  -107.10865021  -73.84035492]]
0
[[-110.03877258   -5.32297516  -78.6787262  -130.31336975]]
1
[[ -23.24002075  -83.59698486 -140.47996521  -92.54026794]]
0
[[ -12.95634842  -90.82183838  -61.99943924 -122.35443115]]
0
[[-95.18190002 -13.45951843 -25.70940018 -98.78334045]]
1
[[-50.87557602 -78.36069489 -96.55131531 -92.41550446]]
0
[[ -22.90353775 -104.45128632  -82.48510742  -94.28122711]]
0
[[ -30.7562027   -76.36686707  -29.96780777 -119.91004181]]
2
[[ -22.90353775 -104.45128632  -82.48510742  -94.28122711]]
0
[[ -30.7562027   -76.36686707  -29.96780777 -119.91004181]]
2
[[ -22.90353775 -104.45128632  -82.48510742  -94.28122711]]
0
[[ -30.7562027   -76.36686707  -29.96780777 -119.91004181]]
2
[[ -22.90353775 -104.45128632  -82.48510742  -94.28122711]]
0
[[ -30.7562027   -76.36686707  -29.96780777 -119.91004181]]
2
[[ -22.90353775 -104.45128632  -82.48510742  -94.28122711]]
0
[[ -30.7562027   -76.36686707  -29.96780777 -119.91004181]]
2
[[ -22.90353775 -104.45128632  -82.48510742  -94.28122711]]
0
[[ -30.7562027   -76.36686707  -29.96780777 -119.91004181]]
2
[[ -22.90353775 -104.45128632  -82.48510742  -94.28122711]]
0
[[ -30.7562027   -76.36686707  -29.96780777 -119.91004181]]
2
[[ -22.90353775 -104.45128632  -82.48510742  -94.28122711]]
0
[[ -30.7562027   -76.36686707  -29.96780777 -119.91004181]]
2
[[ -22.90353775 -104.45128632  -82.48510742  -94.28122711]]
0
[[ -30.7562027   -76.36686707  -29.96780777 -119.91004181]]
2
[[ -22.90353775 -104.45128632  -82.48510742  -94.28122711]]
0
[[ -30.7562027   -76.36686707  -29.96780777 -119.91004181]]
2
[[ -22.90353775 -104.45128632  -82.48510742  -94.28122711]]
0
[[ -30.7562027   -76.36686707  -29.96780777 -119.91004181]]
2
[[ -22.90353775 -104.45128632  -82.48510742  -94.28122711]]
0
[[ -30.7562027   -76.36686707  -29.96780777 -119.91004181]]
2
[[ -22.90353775 -104.45128632  -82.48510742  -94.28122711]]
0
[[ -30.7562027   -76.36686707  -29.96780777 -119.91004181]]
2
[[ -22.90353775 -104.45128632  -82.48510742  -94.28122711]]
0
[[ -30.7562027   -76.36686707  -29.96780777 -119.91004181]]
2
[[ -22.90353775 -104.45128632  -82.48510742  -94.28122711]]
0
[[ -30.7562027   -76.36686707  -29.96780777 -119.91004181]]
2
[[ -22.90353775 -104.45128632  -82.48510742  -94.28122711]]
0
[[ -30.7562027   -76.36686707  -29.96780777 -119.91004181]]
2
[[ -22.90353775 -104.45128632  -82.48510742  -94.28122711]]
0
[[ -30.7562027   -76.36686707  -29.96780777 -119.91004181]]
2
[[ -22.90353775 -104.45128632  -82.48510742  -94.28122711]]
0
[[ -30.7562027   -76.36686707  -29.96780777 -119.91004181]]
2
[[ -22.90353775 -104.45128632  -82.48510742  -94.28122711]]
0
[[ -30.7562027   -76.36686707  -29.96780777 -119.91004181]]
2
[[ -22.90353775 -104.45128632  -82.48510742  -94.28122711]]
0
[[ -30.7562027   -76.36686707  -29.96780777 -119.91004181]]
2
[[ -22.90353775 -104.45128632  -82.48510742  -94.28122711]]
0
[[ -30.7562027   -76.36686707  -29.96780777 -119.91004181]]
2
[[ -22.90353775 -104.45128632  -82.48510742  -94.28122711]]
0
[[ -30.7562027   -76.36686707  -29.96780777 -119.91004181]]
2
[[ -22.90353775 -104.45128632  -82.48510742  -94.28122711]]
0
[[ -30.7562027   -76.36686707  -29.96780777 -119.91004181]]
2
[[ -22.90353775 -104.45128632  -82.48510742  -94.28122711]]
0
[[ -30.7562027   -76.36686707  -29.96780777 -119.91004181]]
2
[[ -22.90353775 -104.45128632  -82.48510742  -94.28122711]]
0
[[ -30.7562027   -76.36686707  -29.96780777 -119.91004181]]
2
[[ -22.90353775 -104.45128632  -82.48510742  -94.28122711]]
0
[[ -30.7562027   -76.36686707  -29.96780777 -119.91004181]]
2
[[ -22.90353775 -104.45128632  -82.48510742  -94.28122711]]
0
[[ -30.7562027   -76.36686707  -29.96780777 -119.91004181]]
2
[[ -22.90353775 -104.45128632  -82.48510742  -94.28122711]]
0
[[ -30.7562027   -76.36686707  -29.96780777 -119.91004181]]
2
[[ -22.90353775 -104.45128632  -82.48510742  -94.28122711]]
0
[[ -30.7562027   -76.36686707  -29.96780777 -119.91004181]]
2
[[ -22.90353775 -104.45128632  -82.48510742  -94.28122711]]
0
[[ -30.7562027   -76.36686707  -29.96780777 -119.91004181]]
2
[[ -22.90353775 -104.45128632  -82.48510742  -94.28122711]]
0
[[ -30.7562027   -76.36686707  -29.96780777 -119.91004181]]
2
[[ -22.90353775 -104.45128632  -82.48510742  -94.28122711]]
0
[[ -30.7562027   -76.36686707  -29.96780777 -119.91004181]]
2
[[ -22.90353775 -104.45128632  -82.48510742  -94.28122711]]
0
[[ -30.7562027   -76.36686707  -29.96780777 -119.91004181]]
2
[[ -22.90353775 -104.45128632  -82.48510742  -94.28122711]]
0
[[ -30.7562027   -76.36686707  -29.96780777 -119.91004181]]
2
[[ -22.90353775 -104.45128632  -82.48510742  -94.28122711]]
0
[[ -30.7562027   -76.36686707  -29.96780777 -119.91004181]]
2
[[ -22.90353775 -104.45128632  -82.48510742  -94.28122711]]
0
[[ -30.7562027   -76.36686707  -29.96780777 -119.91004181]]
2
[[ -22.90353775 -104.45128632  -82.48510742  -94.28122711]]
0
[[ -30.7562027   -76.36686707  -29.96780777 -119.91004181]]
2
[[ -22.90353775 -104.45128632  -82.48510742  -94.28122711]]
0
[[ -30.7562027   -76.36686707  -29.96780777 -119.91004181]]
2
[[ -22.90353775 -104.45128632  -82.48510742  -94.28122711]]
0
[[ -30.7562027   -76.36686707  -29.96780777 -119.91004181]]
2
[[ -22.90353775 -104.45128632  -82.48510742  -94.28122711]]
0
[[ -30.7562027   -76.36686707  -29.96780777 -119.91004181]]
2
[[ -22.90353775 -104.45128632  -82.48510742  -94.28122711]]
0
[[ -30.7562027   -76.36686707  -29.96780777 -119.91004181]]
2
[[ -22.90353775 -104.45128632  -82.48510742  -94.28122711]]
0
[[ -30.7562027   -76.36686707  -29.96780777 -119.91004181]]
2
[[ -22.90353775 -104.45128632  -82.48510742  -94.28122711]]
0
[[ -30.7562027   -76.36686707  -29.96780777 -119.91004181]]
2
[[ -22.90353775 -104.45128632  -82.48510742  -94.28122711]]
0
[[ -30.7562027   -76.36686707  -29.96780777 -119.91004181]]
2
[[ -22.90353775 -104.45128632  -82.48510742  -94.28122711]]
0
[[ -30.7562027   -76.36686707  -29.96780777 -119.91004181]]
2
[[ -22.90353775 -104.45128632  -82.48510742  -94.28122711]]
0
[[ -30.7562027   -76.36686707  -29.96780777 -119.91004181]]
2
[[ -22.90353775 -104.45128632  -82.48510742  -94.28122711]]
0
FAIL
9/22
