[[ -82.22984314  -33.66838837 -110.70561981  -90.14163208]]
1
[[ -84.33446503  -39.37531662 -112.61489868  -83.88265991]]
1
[[ -46.88500977  -89.05441284 -108.53134155  -72.38452148]]
0
[[-110.46737671   -6.35398865  -79.59711456 -128.37518311]]
1
[[ -23.40204239  -85.04174042 -141.73440552  -91.18998718]]
0
[[ -13.49115372  -92.71164703  -63.76072693 -120.97241211]]
0
[[-95.88661194 -15.36516571 -27.84457016 -97.90861511]]
1
[[-51.22172165 -80.16326141 -98.15945435 -91.13594818]]
0
[[ -23.83455276 -106.71138763  -84.0177536   -93.74189758]]
0
[[ -31.41223145  -78.74519348  -30.99889755 -119.06996155]]
2
[[ -23.83455276 -106.71138763  -84.0177536   -93.74189758]]
0
[[ -31.41223145  -78.74519348  -30.99889755 -119.06996155]]
2
[[ -23.83455276 -106.71138763  -84.0177536   -93.74189758]]
0
[[ -31.41223145  -78.74519348  -30.99889755 -119.06996155]]
2
[[ -23.83455276 -106.71138763  -84.0177536   -93.74189758]]
0
[[ -31.41223145  -78.74519348  -30.99889755 -119.06996155]]
2
[[ -23.83455276 -106.71138763  -84.0177536   -93.74189758]]
0
[[ -31.41223145  -78.74519348  -30.99889755 -119.06996155]]
2
[[ -23.83455276 -106.71138763  -84.0177536   -93.74189758]]
0
[[ -31.41223145  -78.74519348  -30.99889755 -119.06996155]]
2
[[ -23.83455276 -106.71138763  -84.0177536   -93.74189758]]
0
[[ -31.41223145  -78.74519348  -30.99889755 -119.06996155]]
2
[[ -23.83455276 -106.71138763  -84.0177536   -93.74189758]]
0
[[ -31.41223145  -78.74519348  -30.99889755 -119.06996155]]
2
[[ -23.83455276 -106.71138763  -84.0177536   -93.74189758]]
0
[[ -31.41223145  -78.74519348  -30.99889755 -119.06996155]]
2
[[ -23.83455276 -106.71138763  -84.0177536   -93.74189758]]
0
[[ -31.41223145  -78.74519348  -30.99889755 -119.06996155]]
2
[[ -23.83455276 -106.71138763  -84.0177536   -93.74189758]]
0
[[ -31.41223145  -78.74519348  -30.99889755 -119.06996155]]
2
[[ -23.83455276 -106.71138763  -84.0177536   -93.74189758]]
0
[[ -31.41223145  -78.74519348  -30.99889755 -119.06996155]]
2
[[ -23.83455276 -106.71138763  -84.0177536   -93.74189758]]
0
[[ -31.41223145  -78.74519348  -30.99889755 -119.06996155]]
2
[[ -23.83455276 -106.71138763  -84.0177536   -93.74189758]]
0
[[ -31.41223145  -78.74519348  -30.99889755 -119.06996155]]
2
[[ -23.83455276 -106.71138763  -84.0177536   -93.74189758]]
0
[[ -31.41223145  -78.74519348  -30.99889755 -119.06996155]]
2
[[ -23.83455276 -106.71138763  -84.0177536   -93.74189758]]
0
[[ -31.41223145  -78.74519348  -30.99889755 -119.06996155]]
2
[[ -23.83455276 -106.71138763  -84.0177536   -93.74189758]]
0
[[ -31.41223145  -78.74519348  -30.99889755 -119.06996155]]
2
[[ -23.83455276 -106.71138763  -84.0177536   -93.74189758]]
0
[[ -31.41223145  -78.74519348  -30.99889755 -119.06996155]]
2
[[ -23.83455276 -106.71138763  -84.0177536   -93.74189758]]
0
[[ -31.41223145  -78.74519348  -30.99889755 -119.06996155]]
2
[[ -23.83455276 -106.71138763  -84.0177536   -93.74189758]]
0
[[ -31.41223145  -78.74519348  -30.99889755 -119.06996155]]
2
[[ -23.83455276 -106.71138763  -84.0177536   -93.74189758]]
0
[[ -31.41223145  -78.74519348  -30.99889755 -119.06996155]]
2
[[ -23.83455276 -106.71138763  -84.0177536   -93.74189758]]
0
[[ -31.41223145  -78.74519348  -30.99889755 -119.06996155]]
2
[[ -23.83455276 -106.71138763  -84.0177536   -93.74189758]]
0
[[ -31.41223145  -78.74519348  -30.99889755 -119.06996155]]
2
[[ -23.83455276 -106.71138763  -84.0177536   -93.74189758]]
0
[[ -31.41223145  -78.74519348  -30.99889755 -119.06996155]]
2
[[ -23.83455276 -106.71138763  -84.0177536   -93.74189758]]
0
[[ -31.41223145  -78.74519348  -30.99889755 -119.06996155]]
2
[[ -23.83455276 -106.71138763  -84.0177536   -93.74189758]]
0
[[ -31.41223145  -78.74519348  -30.99889755 -119.06996155]]
2
[[ -23.83455276 -106.71138763  -84.0177536   -93.74189758]]
0
[[ -31.41223145  -78.74519348  -30.99889755 -119.06996155]]
2
[[ -23.83455276 -106.71138763  -84.0177536   -93.74189758]]
0
[[ -31.41223145  -78.74519348  -30.99889755 -119.06996155]]
2
[[ -23.83455276 -106.71138763  -84.0177536   -93.74189758]]
0
[[ -31.41223145  -78.74519348  -30.99889755 -119.06996155]]
2
[[ -23.83455276 -106.71138763  -84.0177536   -93.74189758]]
0
[[ -31.41223145  -78.74519348  -30.99889755 -119.06996155]]
2
[[ -23.83455276 -106.71138763  -84.0177536   -93.74189758]]
0
[[ -31.41223145  -78.74519348  -30.99889755 -119.06996155]]
2
[[ -23.83455276 -106.71138763  -84.0177536   -93.74189758]]
0
[[ -31.41223145  -78.74519348  -30.99889755 -119.06996155]]
2
[[ -23.83455276 -106.71138763  -84.0177536   -93.74189758]]
0
[[ -31.41223145  -78.74519348  -30.99889755 -119.06996155]]
2
[[ -23.83455276 -106.71138763  -84.0177536   -93.74189758]]
0
[[ -31.41223145  -78.74519348  -30.99889755 -119.06996155]]
2
[[ -23.83455276 -106.71138763  -84.0177536   -93.74189758]]
0
[[ -31.41223145  -78.74519348  -30.99889755 -119.06996155]]
2
[[ -23.83455276 -106.71138763  -84.0177536   -93.74189758]]
0
[[ -31.41223145  -78.74519348  -30.99889755 -119.06996155]]
2
[[ -23.83455276 -106.71138763  -84.0177536   -93.74189758]]
0
[[ -31.41223145  -78.74519348  -30.99889755 -119.06996155]]
2
[[ -23.83455276 -106.71138763  -84.0177536   -93.74189758]]
0
[[ -31.41223145  -78.74519348  -30.99889755 -119.06996155]]
2
[[ -23.83455276 -106.71138763  -84.0177536   -93.74189758]]
0
[[ -31.41223145  -78.74519348  -30.99889755 -119.06996155]]
2
[[ -23.83455276 -106.71138763  -84.0177536   -93.74189758]]
0
[[ -31.41223145  -78.74519348  -30.99889755 -119.06996155]]
2
[[ -23.83455276 -106.71138763  -84.0177536   -93.74189758]]
0
[[ -31.41223145  -78.74519348  -30.99889755 -119.06996155]]
2
[[ -23.83455276 -106.71138763  -84.0177536   -93.74189758]]
0
[[ -31.41223145  -78.74519348  -30.99889755 -119.06996155]]
2
[[ -23.83455276 -106.71138763  -84.0177536   -93.74189758]]
0
[[ -31.41223145  -78.74519348  -30.99889755 -119.06996155]]
2
[[ -23.83455276 -106.71138763  -84.0177536   -93.74189758]]
0
[[ -31.41223145  -78.74519348  -30.99889755 -119.06996155]]
2
[[ -23.83455276 -106.71138763  -84.0177536   -93.74189758]]
0
[[ -31.41223145  -78.74519348  -30.99889755 -119.06996155]]
2
[[ -23.83455276 -106.71138763  -84.0177536   -93.74189758]]
0
[[ -31.41223145  -78.74519348  -30.99889755 -119.06996155]]
2
[[ -23.83455276 -106.71138763  -84.0177536   -93.74189758]]
0
FAIL
9/22
