[[ -97.01570892  -24.62734222  -88.69277954 -121.19953918]]
1
[[-101.37342834  -30.65879822  -87.1350708   -99.57299805]]
1
[[-104.10778046 -105.19792175  -41.2768898  -103.00725555]]
2
[[-104.33675385  -15.63459778  -90.44677734 -167.05349731]]
1
[[-226.02984619  -89.83133698   -7.71424103 -113.3840332 ]]
2
[[ -55.40391541  -20.79972839 -268.60910034 -204.50097656]]
1
[[-189.37315369   63.14355469  131.76019287   22.10832024]]
2
[[  -4.48703003   48.06072998  522.01831055   41.89825439]]
2
PASS
8/8
