[[ -35.14537811  -74.29369354 -105.26895905 -108.77780914]]
0
[[-17.66770935 -95.81918335 -58.79127502 -98.6355896 ]]
0
[[ -14.03722382 -118.59931946  -43.91998291 -109.24217224]]
0
[[ -14.86779785  -70.42564392  -42.12014008 -145.0501709 ]]
0
[[ -26.74108887 -151.98530579  -91.69276428 -193.95155334]]
0
[[-117.67978668  -29.70027924  -34.20863342 -144.00926208]]
1
[[ -26.18944168 -193.9831543   -83.36943054  -51.71226883]]
0
[[ -12.03131866  -35.05431366 -169.43251038 -289.63513184]]
0
[[-162.19848633 -188.47628784 -153.47645569   -8.15546417]]
3
[[ -10.85617065    2.38567352 -153.63070679 -133.02383423]]
1
[[-162.19848633 -188.47628784 -153.47645569   -8.15546417]]
3
[[ -10.85617065    2.38567352 -153.63070679 -133.02383423]]
1
[[-162.19848633 -188.47628784 -153.47645569   -8.15546417]]
3
[[ -10.85617065    2.38567352 -153.63070679 -133.02383423]]
1
[[-162.19848633 -188.47628784 -153.47645569   -8.15546417]]
3
[[ -10.85617065    2.38567352 -153.63070679 -133.02383423]]
1
[[-162.19848633 -188.47628784 -153.47645569   -8.15546417]]
3
[[ -10.85617065    2.38567352 -153.63070679 -133.02383423]]
1
[[-162.19848633 -188.47628784 -153.47645569   -8.15546417]]
3
[[ -10.85617065    2.38567352 -153.63070679 -133.02383423]]
1
[[-162.19848633 -188.47628784 -153.47645569   -8.15546417]]
3
[[ -10.85617065    2.38567352 -153.63070679 -133.02383423]]
1
[[-162.19848633 -188.47628784 -153.47645569   -8.15546417]]
3
[[ -10.85617065    2.38567352 -153.63070679 -133.02383423]]
1
[[-162.19848633 -188.47628784 -153.47645569   -8.15546417]]
3
[[ -10.85617065    2.38567352 -153.63070679 -133.02383423]]
1
[[-162.19848633 -188.47628784 -153.47645569   -8.15546417]]
3
[[ -10.85617065    2.38567352 -153.63070679 -133.02383423]]
1
[[-162.19848633 -188.47628784 -153.47645569   -8.15546417]]
3
[[ -10.85617065    2.38567352 -153.63070679 -133.02383423]]
1
[[-162.19848633 -188.47628784 -153.47645569   -8.15546417]]
3
[[ -10.85617065    2.38567352 -153.63070679 -133.02383423]]
1
[[-162.19848633 -188.47628784 -153.47645569   -8.15546417]]
3
[[ -10.85617065    2.38567352 -153.63070679 -133.02383423]]
1
[[-162.19848633 -188.47628784 -153.47645569   -8.15546417]]
3
[[ -10.85617065    2.38567352 -153.63070679 -133.02383423]]
1
[[-162.19848633 -188.47628784 -153.47645569   -8.15546417]]
3
[[ -10.85617065    2.38567352 -153.63070679 -133.02383423]]
1
[[-162.19848633 -188.47628784 -153.47645569   -8.15546417]]
3
[[ -10.85617065    2.38567352 -153.63070679 -133.02383423]]
1
[[-162.19848633 -188.47628784 -153.47645569   -8.15546417]]
3
[[ -10.85617065    2.38567352 -153.63070679 -133.02383423]]
1
[[-162.19848633 -188.47628784 -153.47645569   -8.15546417]]
3
[[ -10.85617065    2.38567352 -153.63070679 -133.02383423]]
1
[[-162.19848633 -188.47628784 -153.47645569   -8.15546417]]
3
[[ -10.85617065    2.38567352 -153.63070679 -133.02383423]]
1
[[-162.19848633 -188.47628784 -153.47645569   -8.15546417]]
3
[[ -10.85617065    2.38567352 -153.63070679 -133.02383423]]
1
[[-162.19848633 -188.47628784 -153.47645569   -8.15546417]]
3
[[ -10.85617065    2.38567352 -153.63070679 -133.02383423]]
1
[[-162.19848633 -188.47628784 -153.47645569   -8.15546417]]
3
[[ -10.85617065    2.38567352 -153.63070679 -133.02383423]]
1
[[-162.19848633 -188.47628784 -153.47645569   -8.15546417]]
3
[[ -10.85617065    2.38567352 -153.63070679 -133.02383423]]
1
[[-162.19848633 -188.47628784 -153.47645569   -8.15546417]]
3
[[ -10.85617065    2.38567352 -153.63070679 -133.02383423]]
1
[[-162.19848633 -188.47628784 -153.47645569   -8.15546417]]
3
[[ -10.85617065    2.38567352 -153.63070679 -133.02383423]]
1
[[-162.19848633 -188.47628784 -153.47645569   -8.15546417]]
3
[[ -10.85617065    2.38567352 -153.63070679 -133.02383423]]
1
[[-162.19848633 -188.47628784 -153.47645569   -8.15546417]]
3
[[ -10.85617065    2.38567352 -153.63070679 -133.02383423]]
1
[[-162.19848633 -188.47628784 -153.47645569   -8.15546417]]
3
[[ -10.85617065    2.38567352 -153.63070679 -133.02383423]]
1
[[-162.19848633 -188.47628784 -153.47645569   -8.15546417]]
3
[[ -10.85617065    2.38567352 -153.63070679 -133.02383423]]
1
[[-162.19848633 -188.47628784 -153.47645569   -8.15546417]]
3
[[ -10.85617065    2.38567352 -153.63070679 -133.02383423]]
1
[[-162.19848633 -188.47628784 -153.47645569   -8.15546417]]
3
[[ -10.85617065    2.38567352 -153.63070679 -133.02383423]]
1
[[-162.19848633 -188.47628784 -153.47645569   -8.15546417]]
3
[[ -10.85617065    2.38567352 -153.63070679 -133.02383423]]
1
[[-162.19848633 -188.47628784 -153.47645569   -8.15546417]]
3
[[ -10.85617065    2.38567352 -153.63070679 -133.02383423]]
1
[[-162.19848633 -188.47628784 -153.47645569   -8.15546417]]
3
[[ -10.85617065    2.38567352 -153.63070679 -133.02383423]]
1
[[-162.19848633 -188.47628784 -153.47645569   -8.15546417]]
3
[[ -10.85617065    2.38567352 -153.63070679 -133.02383423]]
1
[[-162.19848633 -188.47628784 -153.47645569   -8.15546417]]
3
[[ -10.85617065    2.38567352 -153.63070679 -133.02383423]]
1
[[-162.19848633 -188.47628784 -153.47645569   -8.15546417]]
3
[[ -10.85617065    2.38567352 -153.63070679 -133.02383423]]
1
[[-162.19848633 -188.47628784 -153.47645569   -8.15546417]]
3
[[ -10.85617065    2.38567352 -153.63070679 -133.02383423]]
1
[[-162.19848633 -188.47628784 -153.47645569   -8.15546417]]
3
[[ -10.85617065    2.38567352 -153.63070679 -133.02383423]]
1
[[-162.19848633 -188.47628784 -153.47645569   -8.15546417]]
3
[[ -10.85617065    2.38567352 -153.63070679 -133.02383423]]
1
[[-162.19848633 -188.47628784 -153.47645569   -8.15546417]]
3
[[ -10.85617065    2.38567352 -153.63070679 -133.02383423]]
1
[[-162.19848633 -188.47628784 -153.47645569   -8.15546417]]
3
[[ -10.85617065    2.38567352 -153.63070679 -133.02383423]]
1
[[-162.19848633 -188.47628784 -153.47645569   -8.15546417]]
3
[[ -10.85617065    2.38567352 -153.63070679 -133.02383423]]
1
[[-162.19848633 -188.47628784 -153.47645569   -8.15546417]]
3
[[ -10.85617065    2.38567352 -153.63070679 -133.02383423]]
1
[[-162.19848633 -188.47628784 -153.47645569   -8.15546417]]
3
[[ -10.85617065    2.38567352 -153.63070679 -133.02383423]]
1
[[-162.19848633 -188.47628784 -153.47645569   -8.15546417]]
3
[[ -10.85617065    2.38567352 -153.63070679 -133.02383423]]
1
[[-162.19848633 -188.47628784 -153.47645569   -8.15546417]]
3
FAIL
9/19
