[[ -78.86035156  -93.62089539 -107.38935852  -90.23666382]]
0
[[ -89.47116852 -113.69624329 -114.41498566  -86.0975647 ]]
3
[[ -23.40204239  -85.04174042 -141.73440552  -91.18998718]]
0
[[ -13.49115372  -92.71164703  -63.76072693 -120.97241211]]
0
[[-95.88661194 -15.36516571 -27.84457016 -97.90861511]]
1
[[-51.22172165 -80.16326141 -98.15945435 -91.13594818]]
0
[[ -23.83455276 -106.71138763  -84.0177536   -93.74189758]]
0
[[ -31.41223145  -78.74519348  -30.99889755 -119.06996155]]
2
[[ -23.83455276 -106.71138763  -84.0177536   -93.74189758]]
0
[[ -31.41223145  -78.74519348  -30.99889755 -119.06996155]]
2
[[ -23.83455276 -106.71138763  -84.0177536   -93.74189758]]
0
[[ -31.41223145  -78.74519348  -30.99889755 -119.06996155]]
2
[[ -23.83455276 -106.71138763  -84.0177536   -93.74189758]]
0
[[ -31.41223145  -78.74519348  -30.99889755 -119.06996155]]
2
[[ -23.83455276 -106.71138763  -84.0177536   -93.74189758]]
0
[[ -31.41223145  -78.74519348  -30.99889755 -119.06996155]]
2
[[ -23.83455276 -106.71138763  -84.0177536   -93.74189758]]
0
[[ -31.41223145  -78.74519348  -30.99889755 -119.06996155]]
2
[[ -23.83455276 -106.71138763  -84.0177536   -93.74189758]]
0
[[ -31.41223145  -78.74519348  -30.99889755 -119.06996155]]
2
[[ -23.83455276 -106.71138763  -84.0177536   -93.74189758]]
0
[[ -31.41223145  -78.74519348  -30.99889755 -119.06996155]]
2
[[ -23.83455276 -106.71138763  -84.0177536   -93.74189758]]
0
[[ -31.41223145  -78.74519348  -30.99889755 -119.06996155]]
2
[[ -23.83455276 -106.71138763  -84.0177536   -93.74189758]]
0
[[ -31.41223145  -78.74519348  -30.99889755 -119.06996155]]
2
[[ -23.83455276 -106.71138763  -84.0177536   -93.74189758]]
0
[[ -31.41223145  -78.74519348  -30.99889755 -119.06996155]]
2
[[ -23.83455276 -106.71138763  -84.0177536   -93.74189758]]
0
[[ -31.41223145  -78.74519348  -30.99889755 -119.06996155]]
2
[[ -23.83455276 -106.71138763  -84.0177536   -93.74189758]]
0
[[ -31.41223145  -78.74519348  -30.99889755 -119.06996155]]
2
[[ -23.83455276 -106.71138763  -84.0177536   -93.74189758]]
0
[[ -31.41223145  -78.74519348  -30.99889755 -119.06996155]]
2
[[ -23.83455276 -106.71138763  -84.0177536   -93.74189758]]
0
[[ -31.41223145  -78.74519348  -30.99889755 -119.06996155]]
2
[[ -23.83455276 -106.71138763  -84.0177536   -93.74189758]]
0
[[ -31.41223145  -78.74519348  -30.99889755 -119.06996155]]
2
[[ -23.83455276 -106.71138763  -84.0177536   -93.74189758]]
0
[[ -31.41223145  -78.74519348  -30.99889755 -119.06996155]]
2
[[ -23.83455276 -106.71138763  -84.0177536   -93.74189758]]
0
[[ -31.41223145  -78.74519348  -30.99889755 -119.06996155]]
2
[[ -23.83455276 -106.71138763  -84.0177536   -93.74189758]]
0
[[ -31.41223145  -78.74519348  -30.99889755 -119.06996155]]
2
[[ -23.83455276 -106.71138763  -84.0177536   -93.74189758]]
0
[[ -31.41223145  -78.74519348  -30.99889755 -119.06996155]]
2
[[ -23.83455276 -106.71138763  -84.0177536   -93.74189758]]
0
[[ -31.41223145  -78.74519348  -30.99889755 -119.06996155]]
2
[[ -23.83455276 -106.71138763  -84.0177536   -93.74189758]]
0
[[ -31.41223145  -78.74519348  -30.99889755 -119.06996155]]
2
[[ -23.83455276 -106.71138763  -84.0177536   -93.74189758]]
0
[[ -31.41223145  -78.74519348  -30.99889755 -119.06996155]]
2
[[ -23.83455276 -106.71138763  -84.0177536   -93.74189758]]
0
[[ -31.41223145  -78.74519348  -30.99889755 -119.06996155]]
2
[[ -23.83455276 -106.71138763  -84.0177536   -93.74189758]]
0
[[ -31.41223145  -78.74519348  -30.99889755 -119.06996155]]
2
[[ -23.83455276 -106.71138763  -84.0177536   -93.74189758]]
0
[[ -31.41223145  -78.74519348  -30.99889755 -119.06996155]]
2
[[ -23.83455276 -106.71138763  -84.0177536   -93.74189758]]
0
[[ -31.41223145  -78.74519348  -30.99889755 -119.06996155]]
2
[[ -23.83455276 -106.71138763  -84.0177536   -93.74189758]]
0
[[ -31.41223145  -78.74519348  -30.99889755 -119.06996155]]
2
[[ -23.83455276 -106.71138763  -84.0177536   -93.74189758]]
0
[[ -31.41223145  -78.74519348  -30.99889755 -119.06996155]]
2
[[ -23.83455276 -106.71138763  -84.0177536   -93.74189758]]
0
[[ -31.41223145  -78.74519348  -30.99889755 -119.06996155]]
2
[[ -23.83455276 -106.71138763  -84.0177536   -93.74189758]]
0
[[ -31.41223145  -78.74519348  -30.99889755 -119.06996155]]
2
[[ -23.83455276 -106.71138763  -84.0177536   -93.74189758]]
0
[[ -31.41223145  -78.74519348  -30.99889755 -119.06996155]]
2
[[ -23.83455276 -106.71138763  -84.0177536   -93.74189758]]
0
[[ -31.41223145  -78.74519348  -30.99889755 -119.06996155]]
2
[[ -23.83455276 -106.71138763  -84.0177536   -93.74189758]]
0
[[ -31.41223145  -78.74519348  -30.99889755 -119.06996155]]
2
[[ -23.83455276 -106.71138763  -84.0177536   -93.74189758]]
0
[[ -31.41223145  -78.74519348  -30.99889755 -119.06996155]]
2
[[ -23.83455276 -106.71138763  -84.0177536   -93.74189758]]
0
[[ -31.41223145  -78.74519348  -30.99889755 -119.06996155]]
2
[[ -23.83455276 -106.71138763  -84.0177536   -93.74189758]]
0
[[ -31.41223145  -78.74519348  -30.99889755 -119.06996155]]
2
[[ -23.83455276 -106.71138763  -84.0177536   -93.74189758]]
0
[[ -31.41223145  -78.74519348  -30.99889755 -119.06996155]]
2
[[ -23.83455276 -106.71138763  -84.0177536   -93.74189758]]
0
[[ -31.41223145  -78.74519348  -30.99889755 -119.06996155]]
2
[[ -23.83455276 -106.71138763  -84.0177536   -93.74189758]]
0
[[ -31.41223145  -78.74519348  -30.99889755 -119.06996155]]
2
[[ -23.83455276 -106.71138763  -84.0177536   -93.74189758]]
0
[[ -31.41223145  -78.74519348  -30.99889755 -119.06996155]]
2
[[ -23.83455276 -106.71138763  -84.0177536   -93.74189758]]
0
[[ -31.41223145  -78.74519348  -30.99889755 -119.06996155]]
2
[[ -23.83455276 -106.71138763  -84.0177536   -93.74189758]]
0
[[ -31.41223145  -78.74519348  -30.99889755 -119.06996155]]
2
[[ -23.83455276 -106.71138763  -84.0177536   -93.74189758]]
0
[[ -31.41223145  -78.74519348  -30.99889755 -119.06996155]]
2
[[ -23.83455276 -106.71138763  -84.0177536   -93.74189758]]
0
[[ -31.41223145  -78.74519348  -30.99889755 -119.06996155]]
2
[[ -23.83455276 -106.71138763  -84.0177536   -93.74189758]]
0
[[ -31.41223145  -78.74519348  -30.99889755 -119.06996155]]
2
[[ -23.83455276 -106.71138763  -84.0177536   -93.74189758]]
0
[[ -31.41223145  -78.74519348  -30.99889755 -119.06996155]]
2
[[ -23.83455276 -106.71138763  -84.0177536   -93.74189758]]
0
FAIL
7/20
