[[-83.46548462 -96.06616974 -90.56695557 -74.70558167]]
3
[[ -88.32603455  -54.19991684 -105.10868835  -72.10342407]]
1
[[-83.46548462 -96.06616974 -90.56695557 -74.70558167]]
3
[[ -88.32603455  -54.19991684 -105.10868835  -72.10342407]]
1
[[-83.46548462 -96.06616974 -90.56695557 -74.70558167]]
3
[[ -88.32603455  -54.19991684 -105.10868835  -72.10342407]]
1
[[-83.46548462 -96.06616974 -90.56695557 -74.70558167]]
3
[[ -88.32603455  -54.19991684 -105.10868835  -72.10342407]]
1
[[-83.46548462 -96.06616974 -90.56695557 -74.70558167]]
3
[[ -88.32603455  -54.19991684 -105.10868835  -72.10342407]]
1
[[-83.46548462 -96.06616974 -90.56695557 -74.70558167]]
3
[[ -88.32603455  -54.19991684 -105.10868835  -72.10342407]]
1
[[-83.46548462 -96.06616974 -90.56695557 -74.70558167]]
3
[[ -88.32603455  -54.19991684 -105.10868835  -72.10342407]]
1
[[-83.46548462 -96.06616974 -90.56695557 -74.70558167]]
3
[[ -88.32603455  -54.19991684 -105.10868835  -72.10342407]]
1
[[-83.46548462 -96.06616974 -90.56695557 -74.70558167]]
3
[[ -88.32603455  -54.19991684 -105.10868835  -72.10342407]]
1
[[-83.46548462 -96.06616974 -90.56695557 -74.70558167]]
3
[[ -88.32603455  -54.19991684 -105.10868835  -72.10342407]]
1
[[-83.46548462 -96.06616974 -90.56695557 -74.70558167]]
3
[[ -88.32603455  -54.19991684 -105.10868835  -72.10342407]]
1
[[-83.46548462 -96.06616974 -90.56695557 -74.70558167]]
3
[[ -88.32603455  -54.19991684 -105.10868835  -72.10342407]]
1
[[-83.46548462 -96.06616974 -90.56695557 -74.70558167]]
3
[[ -88.32603455  -54.19991684 -105.10868835  -72.10342407]]
1
[[-83.46548462 -96.06616974 -90.56695557 -74.70558167]]
3
[[ -88.32603455  -54.19991684 -105.10868835  -72.10342407]]
1
[[-83.46548462 -96.06616974 -90.56695557 -74.70558167]]
3
[[ -88.32603455  -54.19991684 -105.10868835  -72.10342407]]
1
[[-83.46548462 -96.06616974 -90.56695557 -74.70558167]]
3
[[ -88.32603455  -54.19991684 -105.10868835  -72.10342407]]
1
[[-83.46548462 -96.06616974 -90.56695557 -74.70558167]]
3
[[ -88.32603455  -54.19991684 -105.10868835  -72.10342407]]
1
[[-83.46548462 -96.06616974 -90.56695557 -74.70558167]]
3
[[ -88.32603455  -54.19991684 -105.10868835  -72.10342407]]
1
[[-83.46548462 -96.06616974 -90.56695557 -74.70558167]]
3
[[ -88.32603455  -54.19991684 -105.10868835  -72.10342407]]
1
[[-83.46548462 -96.06616974 -90.56695557 -74.70558167]]
3
[[ -88.32603455  -54.19991684 -105.10868835  -72.10342407]]
1
[[-83.46548462 -96.06616974 -90.56695557 -74.70558167]]
3
[[ -88.32603455  -54.19991684 -105.10868835  -72.10342407]]
1
[[-83.46548462 -96.06616974 -90.56695557 -74.70558167]]
3
[[ -88.32603455  -54.19991684 -105.10868835  -72.10342407]]
1
[[-83.46548462 -96.06616974 -90.56695557 -74.70558167]]
3
[[ -88.32603455  -54.19991684 -105.10868835  -72.10342407]]
1
[[-83.46548462 -96.06616974 -90.56695557 -74.70558167]]
3
[[ -88.32603455  -54.19991684 -105.10868835  -72.10342407]]
1
[[-83.46548462 -96.06616974 -90.56695557 -74.70558167]]
3
[[ -88.32603455  -54.19991684 -105.10868835  -72.10342407]]
1
[[-83.46548462 -96.06616974 -90.56695557 -74.70558167]]
3
[[ -88.32603455  -54.19991684 -105.10868835  -72.10342407]]
1
[[-83.46548462 -96.06616974 -90.56695557 -74.70558167]]
3
[[ -88.32603455  -54.19991684 -105.10868835  -72.10342407]]
1
[[-83.46548462 -96.06616974 -90.56695557 -74.70558167]]
3
[[ -88.32603455  -54.19991684 -105.10868835  -72.10342407]]
1
[[-83.46548462 -96.06616974 -90.56695557 -74.70558167]]
3
[[ -88.32603455  -54.19991684 -105.10868835  -72.10342407]]
1
[[-83.46548462 -96.06616974 -90.56695557 -74.70558167]]
3
[[ -88.32603455  -54.19991684 -105.10868835  -72.10342407]]
1
[[-83.46548462 -96.06616974 -90.56695557 -74.70558167]]
3
[[ -88.32603455  -54.19991684 -105.10868835  -72.10342407]]
1
[[-83.46548462 -96.06616974 -90.56695557 -74.70558167]]
3
[[ -88.32603455  -54.19991684 -105.10868835  -72.10342407]]
1
[[-83.46548462 -96.06616974 -90.56695557 -74.70558167]]
3
[[ -88.32603455  -54.19991684 -105.10868835  -72.10342407]]
1
[[-83.46548462 -96.06616974 -90.56695557 -74.70558167]]
3
[[ -88.32603455  -54.19991684 -105.10868835  -72.10342407]]
1
[[-83.46548462 -96.06616974 -90.56695557 -74.70558167]]
3
[[ -88.32603455  -54.19991684 -105.10868835  -72.10342407]]
1
[[-83.46548462 -96.06616974 -90.56695557 -74.70558167]]
3
[[ -88.32603455  -54.19991684 -105.10868835  -72.10342407]]
1
[[-83.46548462 -96.06616974 -90.56695557 -74.70558167]]
3
[[ -88.32603455  -54.19991684 -105.10868835  -72.10342407]]
1
[[-83.46548462 -96.06616974 -90.56695557 -74.70558167]]
3
[[ -88.32603455  -54.19991684 -105.10868835  -72.10342407]]
1
[[-83.46548462 -96.06616974 -90.56695557 -74.70558167]]
3
[[ -88.32603455  -54.19991684 -105.10868835  -72.10342407]]
1
[[-83.46548462 -96.06616974 -90.56695557 -74.70558167]]
3
[[ -88.32603455  -54.19991684 -105.10868835  -72.10342407]]
1
[[-83.46548462 -96.06616974 -90.56695557 -74.70558167]]
3
[[ -88.32603455  -54.19991684 -105.10868835  -72.10342407]]
1
[[-83.46548462 -96.06616974 -90.56695557 -74.70558167]]
3
[[ -88.32603455  -54.19991684 -105.10868835  -72.10342407]]
1
[[-83.46548462 -96.06616974 -90.56695557 -74.70558167]]
3
[[ -88.32603455  -54.19991684 -105.10868835  -72.10342407]]
1
[[-83.46548462 -96.06616974 -90.56695557 -74.70558167]]
3
[[ -88.32603455  -54.19991684 -105.10868835  -72.10342407]]
1
[[-83.46548462 -96.06616974 -90.56695557 -74.70558167]]
3
[[ -88.32603455  -54.19991684 -105.10868835  -72.10342407]]
1
[[-83.46548462 -96.06616974 -90.56695557 -74.70558167]]
3
[[ -88.32603455  -54.19991684 -105.10868835  -72.10342407]]
1
[[-83.46548462 -96.06616974 -90.56695557 -74.70558167]]
3
[[ -88.32603455  -54.19991684 -105.10868835  -72.10342407]]
1
[[-83.46548462 -96.06616974 -90.56695557 -74.70558167]]
3
[[ -88.32603455  -54.19991684 -105.10868835  -72.10342407]]
1
[[-83.46548462 -96.06616974 -90.56695557 -74.70558167]]
3
[[ -88.32603455  -54.19991684 -105.10868835  -72.10342407]]
1
[[-83.46548462 -96.06616974 -90.56695557 -74.70558167]]
3
[[ -88.32603455  -54.19991684 -105.10868835  -72.10342407]]
1
[[-83.46548462 -96.06616974 -90.56695557 -74.70558167]]
3
FAIL
1/9
