[[-227.55387878  -97.80164337  -22.34721375 -211.41177368]]
2
[[ -31.01383209  -71.40184021  -15.43635178 -124.62368774]]
2
[[ -9.18239975 -45.4389534  -33.31630707 -82.57460022]]
0
[[ -31.01383209  -71.40184021  -15.43635178 -124.62368774]]
2
[[ -9.18239975 -45.4389534  -33.31630707 -82.57460022]]
0
[[ -31.01383209  -71.40184021  -15.43635178 -124.62368774]]
2
[[ -9.18239975 -45.4389534  -33.31630707 -82.57460022]]
0
[[ -31.01383209  -71.40184021  -15.43635178 -124.62368774]]
2
[[ -9.18239975 -45.4389534  -33.31630707 -82.57460022]]
0
[[ -31.01383209  -71.40184021  -15.43635178 -124.62368774]]
2
[[ -9.18239975 -45.4389534  -33.31630707 -82.57460022]]
0
[[ -31.01383209  -71.40184021  -15.43635178 -124.62368774]]
2
[[ -9.18239975 -45.4389534  -33.31630707 -82.57460022]]
0
[[ -31.01383209  -71.40184021  -15.43635178 -124.62368774]]
2
[[ -9.18239975 -45.4389534  -33.31630707 -82.57460022]]
0
[[ -31.01383209  -71.40184021  -15.43635178 -124.62368774]]
2
[[ -9.18239975 -45.4389534  -33.31630707 -82.57460022]]
0
[[ -31.01383209  -71.40184021  -15.43635178 -124.62368774]]
2
[[ -9.18239975 -45.4389534  -33.31630707 -82.57460022]]
0
[[ -31.01383209  -71.40184021  -15.43635178 -124.62368774]]
2
[[ -9.18239975 -45.4389534  -33.31630707 -82.57460022]]
0
[[ -31.01383209  -71.40184021  -15.43635178 -124.62368774]]
2
[[ -9.18239975 -45.4389534  -33.31630707 -82.57460022]]
0
[[ -31.01383209  -71.40184021  -15.43635178 -124.62368774]]
2
[[ -9.18239975 -45.4389534  -33.31630707 -82.57460022]]
0
[[ -31.01383209  -71.40184021  -15.43635178 -124.62368774]]
2
[[ -9.18239975 -45.4389534  -33.31630707 -82.57460022]]
0
[[ -31.01383209  -71.40184021  -15.43635178 -124.62368774]]
2
[[ -9.18239975 -45.4389534  -33.31630707 -82.57460022]]
0
[[ -31.01383209  -71.40184021  -15.43635178 -124.62368774]]
2
[[ -9.18239975 -45.4389534  -33.31630707 -82.57460022]]
0
[[ -31.01383209  -71.40184021  -15.43635178 -124.62368774]]
2
[[ -9.18239975 -45.4389534  -33.31630707 -82.57460022]]
0
[[ -31.01383209  -71.40184021  -15.43635178 -124.62368774]]
2
[[ -9.18239975 -45.4389534  -33.31630707 -82.57460022]]
0
[[ -31.01383209  -71.40184021  -15.43635178 -124.62368774]]
2
[[ -9.18239975 -45.4389534  -33.31630707 -82.57460022]]
0
[[ -31.01383209  -71.40184021  -15.43635178 -124.62368774]]
2
[[ -9.18239975 -45.4389534  -33.31630707 -82.57460022]]
0
[[ -31.01383209  -71.40184021  -15.43635178 -124.62368774]]
2
[[ -9.18239975 -45.4389534  -33.31630707 -82.57460022]]
0
[[ -31.01383209  -71.40184021  -15.43635178 -124.62368774]]
2
[[ -9.18239975 -45.4389534  -33.31630707 -82.57460022]]
0
[[ -31.01383209  -71.40184021  -15.43635178 -124.62368774]]
2
[[ -9.18239975 -45.4389534  -33.31630707 -82.57460022]]
0
[[ -31.01383209  -71.40184021  -15.43635178 -124.62368774]]
2
[[ -9.18239975 -45.4389534  -33.31630707 -82.57460022]]
0
[[ -31.01383209  -71.40184021  -15.43635178 -124.62368774]]
2
[[ -9.18239975 -45.4389534  -33.31630707 -82.57460022]]
0
[[ -31.01383209  -71.40184021  -15.43635178 -124.62368774]]
2
[[ -9.18239975 -45.4389534  -33.31630707 -82.57460022]]
0
[[ -31.01383209  -71.40184021  -15.43635178 -124.62368774]]
2
[[ -9.18239975 -45.4389534  -33.31630707 -82.57460022]]
0
[[ -31.01383209  -71.40184021  -15.43635178 -124.62368774]]
2
[[ -9.18239975 -45.4389534  -33.31630707 -82.57460022]]
0
[[ -31.01383209  -71.40184021  -15.43635178 -124.62368774]]
2
[[ -9.18239975 -45.4389534  -33.31630707 -82.57460022]]
0
[[ -31.01383209  -71.40184021  -15.43635178 -124.62368774]]
2
[[ -9.18239975 -45.4389534  -33.31630707 -82.57460022]]
0
[[ -31.01383209  -71.40184021  -15.43635178 -124.62368774]]
2
[[ -9.18239975 -45.4389534  -33.31630707 -82.57460022]]
0
[[ -31.01383209  -71.40184021  -15.43635178 -124.62368774]]
2
[[ -9.18239975 -45.4389534  -33.31630707 -82.57460022]]
0
[[ -31.01383209  -71.40184021  -15.43635178 -124.62368774]]
2
[[ -9.18239975 -45.4389534  -33.31630707 -82.57460022]]
0
[[ -31.01383209  -71.40184021  -15.43635178 -124.62368774]]
2
[[ -9.18239975 -45.4389534  -33.31630707 -82.57460022]]
0
[[ -31.01383209  -71.40184021  -15.43635178 -124.62368774]]
2
[[ -9.18239975 -45.4389534  -33.31630707 -82.57460022]]
0
[[ -31.01383209  -71.40184021  -15.43635178 -124.62368774]]
2
[[ -9.18239975 -45.4389534  -33.31630707 -82.57460022]]
0
[[ -31.01383209  -71.40184021  -15.43635178 -124.62368774]]
2
[[ -9.18239975 -45.4389534  -33.31630707 -82.57460022]]
0
[[ -31.01383209  -71.40184021  -15.43635178 -124.62368774]]
2
[[ -9.18239975 -45.4389534  -33.31630707 -82.57460022]]
0
[[ -31.01383209  -71.40184021  -15.43635178 -124.62368774]]
2
[[ -9.18239975 -45.4389534  -33.31630707 -82.57460022]]
0
[[ -31.01383209  -71.40184021  -15.43635178 -124.62368774]]
2
[[ -9.18239975 -45.4389534  -33.31630707 -82.57460022]]
0
[[ -31.01383209  -71.40184021  -15.43635178 -124.62368774]]
2
[[ -9.18239975 -45.4389534  -33.31630707 -82.57460022]]
0
[[ -31.01383209  -71.40184021  -15.43635178 -124.62368774]]
2
[[ -9.18239975 -45.4389534  -33.31630707 -82.57460022]]
0
[[ -31.01383209  -71.40184021  -15.43635178 -124.62368774]]
2
[[ -9.18239975 -45.4389534  -33.31630707 -82.57460022]]
0
[[ -31.01383209  -71.40184021  -15.43635178 -124.62368774]]
2
[[ -9.18239975 -45.4389534  -33.31630707 -82.57460022]]
0
[[ -31.01383209  -71.40184021  -15.43635178 -124.62368774]]
2
[[ -9.18239975 -45.4389534  -33.31630707 -82.57460022]]
0
[[ -31.01383209  -71.40184021  -15.43635178 -124.62368774]]
2
[[ -9.18239975 -45.4389534  -33.31630707 -82.57460022]]
0
[[ -31.01383209  -71.40184021  -15.43635178 -124.62368774]]
2
[[ -9.18239975 -45.4389534  -33.31630707 -82.57460022]]
0
[[ -31.01383209  -71.40184021  -15.43635178 -124.62368774]]
2
[[ -9.18239975 -45.4389534  -33.31630707 -82.57460022]]
0
[[ -31.01383209  -71.40184021  -15.43635178 -124.62368774]]
2
[[ -9.18239975 -45.4389534  -33.31630707 -82.57460022]]
0
[[ -31.01383209  -71.40184021  -15.43635178 -124.62368774]]
2
[[ -9.18239975 -45.4389534  -33.31630707 -82.57460022]]
0
[[ -31.01383209  -71.40184021  -15.43635178 -124.62368774]]
2
[[ -9.18239975 -45.4389534  -33.31630707 -82.57460022]]
0
FAIL
2/31
