[[ -82.4655304   -35.30674744 -112.540802    -88.28878021]]
1
[[ -84.55145264  -41.09001923 -114.48492432  -82.34388733]]
1
[[ -46.92583084  -91.02241516 -110.36091614  -71.11235046]]
0
[[-110.80357361   -7.2804718   -80.80628967 -126.61424255]]
1
[[ -23.57572556  -86.31526184 -143.29745483  -90.06039429]]
0
[[ -14.00871658  -94.48274231  -65.61917877 -119.99958801]]
0
[[-96.56803894 -16.99900436 -30.12055969 -97.42601776]]
1
[[-51.36180115 -81.92692566 -99.98218536 -89.95204163]]
0
[[ -24.76099396 -108.80168915  -85.79332733  -93.36334991]]
0
[[ -32.11963272  -81.19030762  -32.8372612  -118.48631287]]
0
[[ -91.46377563 -113.42454529  -79.5417099   -42.58440018]]
3
[[ -18.0830307   -98.90607452 -142.1476593  -149.21943665]]
0
[[-122.88621521 -129.77392578  -35.87310791  -26.35916901]]
3
[[  -6.3285675   -21.75210953  -74.99734497 -126.19389343]]
0
[[ -24.64955902  -88.76019287 -106.26133728 -180.36984253]]
0
[[-109.13744354  -49.85430908  -88.61029816  -55.38036728]]
1
[[ -88.81113434  -56.54136658 -106.91162109  -70.44836426]]
1
[[-84.07623291 -97.78969574 -92.21310425 -73.17683411]]
3
[[ -88.81113434  -56.54136658 -106.91162109  -70.44836426]]
1
[[-84.07623291 -97.78969574 -92.21310425 -73.17683411]]
3
[[ -88.81113434  -56.54136658 -106.91162109  -70.44836426]]
1
[[-84.07623291 -97.78969574 -92.21310425 -73.17683411]]
3
[[ -88.81113434  -56.54136658 -106.91162109  -70.44836426]]
1
[[-84.07623291 -97.78969574 -92.21310425 -73.17683411]]
3
[[ -88.81113434  -56.54136658 -106.91162109  -70.44836426]]
1
[[-84.07623291 -97.78969574 -92.21310425 -73.17683411]]
3
[[ -88.81113434  -56.54136658 -106.91162109  -70.44836426]]
1
[[-84.07623291 -97.78969574 -92.21310425 -73.17683411]]
3
[[ -88.81113434  -56.54136658 -106.91162109  -70.44836426]]
1
[[-84.07623291 -97.78969574 -92.21310425 -73.17683411]]
3
[[ -88.81113434  -56.54136658 -106.91162109  -70.44836426]]
1
[[-84.07623291 -97.78969574 -92.21310425 -73.17683411]]
3
[[ -88.81113434  -56.54136658 -106.91162109  -70.44836426]]
1
[[-84.07623291 -97.78969574 -92.21310425 -73.17683411]]
3
[[ -88.81113434  -56.54136658 -106.91162109  -70.44836426]]
1
[[-84.07623291 -97.78969574 -92.21310425 -73.17683411]]
3
[[ -88.81113434  -56.54136658 -106.91162109  -70.44836426]]
1
[[-84.07623291 -97.78969574 -92.21310425 -73.17683411]]
3
[[ -88.81113434  -56.54136658 -106.91162109  -70.44836426]]
1
[[-84.07623291 -97.78969574 -92.21310425 -73.17683411]]
3
[[ -88.81113434  -56.54136658 -106.91162109  -70.44836426]]
1
[[-84.07623291 -97.78969574 -92.21310425 -73.17683411]]
3
[[ -88.81113434  -56.54136658 -106.91162109  -70.44836426]]
1
[[-84.07623291 -97.78969574 -92.21310425 -73.17683411]]
3
[[ -88.81113434  -56.54136658 -106.91162109  -70.44836426]]
1
[[-84.07623291 -97.78969574 -92.21310425 -73.17683411]]
3
[[ -88.81113434  -56.54136658 -106.91162109  -70.44836426]]
1
[[-84.07623291 -97.78969574 -92.21310425 -73.17683411]]
3
[[ -88.81113434  -56.54136658 -106.91162109  -70.44836426]]
1
[[-84.07623291 -97.78969574 -92.21310425 -73.17683411]]
3
[[ -88.81113434  -56.54136658 -106.91162109  -70.44836426]]
1
[[-84.07623291 -97.78969574 -92.21310425 -73.17683411]]
3
[[ -88.81113434  -56.54136658 -106.91162109  -70.44836426]]
1
[[-84.07623291 -97.78969574 -92.21310425 -73.17683411]]
3
[[ -88.81113434  -56.54136658 -106.91162109  -70.44836426]]
1
[[-84.07623291 -97.78969574 -92.21310425 -73.17683411]]
3
[[ -88.81113434  -56.54136658 -106.91162109  -70.44836426]]
1
[[-84.07623291 -97.78969574 -92.21310425 -73.17683411]]
3
[[ -88.81113434  -56.54136658 -106.91162109  -70.44836426]]
1
[[-84.07623291 -97.78969574 -92.21310425 -73.17683411]]
3
[[ -88.81113434  -56.54136658 -106.91162109  -70.44836426]]
1
[[-84.07623291 -97.78969574 -92.21310425 -73.17683411]]
3
[[ -88.81113434  -56.54136658 -106.91162109  -70.44836426]]
1
[[-84.07623291 -97.78969574 -92.21310425 -73.17683411]]
3
[[ -88.81113434  -56.54136658 -106.91162109  -70.44836426]]
1
[[-84.07623291 -97.78969574 -92.21310425 -73.17683411]]
3
[[ -88.81113434  -56.54136658 -106.91162109  -70.44836426]]
1
[[-84.07623291 -97.78969574 -92.21310425 -73.17683411]]
3
[[ -88.81113434  -56.54136658 -106.91162109  -70.44836426]]
1
[[-84.07623291 -97.78969574 -92.21310425 -73.17683411]]
3
[[ -88.81113434  -56.54136658 -106.91162109  -70.44836426]]
1
[[-84.07623291 -97.78969574 -92.21310425 -73.17683411]]
3
[[ -88.81113434  -56.54136658 -106.91162109  -70.44836426]]
1
[[-84.07623291 -97.78969574 -92.21310425 -73.17683411]]
3
[[ -88.81113434  -56.54136658 -106.91162109  -70.44836426]]
1
[[-84.07623291 -97.78969574 -92.21310425 -73.17683411]]
3
[[ -88.81113434  -56.54136658 -106.91162109  -70.44836426]]
1
[[-84.07623291 -97.78969574 -92.21310425 -73.17683411]]
3
[[ -88.81113434  -56.54136658 -106.91162109  -70.44836426]]
1
[[-84.07623291 -97.78969574 -92.21310425 -73.17683411]]
3
[[ -88.81113434  -56.54136658 -106.91162109  -70.44836426]]
1
[[-84.07623291 -97.78969574 -92.21310425 -73.17683411]]
3
[[ -88.81113434  -56.54136658 -106.91162109  -70.44836426]]
1
[[-84.07623291 -97.78969574 -92.21310425 -73.17683411]]
3
[[ -88.81113434  -56.54136658 -106.91162109  -70.44836426]]
1
[[-84.07623291 -97.78969574 -92.21310425 -73.17683411]]
3
[[ -88.81113434  -56.54136658 -106.91162109  -70.44836426]]
1
[[-84.07623291 -97.78969574 -92.21310425 -73.17683411]]
3
[[ -88.81113434  -56.54136658 -106.91162109  -70.44836426]]
1
[[-84.07623291 -97.78969574 -92.21310425 -73.17683411]]
3
[[ -88.81113434  -56.54136658 -106.91162109  -70.44836426]]
1
[[-84.07623291 -97.78969574 -92.21310425 -73.17683411]]
3
[[ -88.81113434  -56.54136658 -106.91162109  -70.44836426]]
1
[[-84.07623291 -97.78969574 -92.21310425 -73.17683411]]
3
[[ -88.81113434  -56.54136658 -106.91162109  -70.44836426]]
1
[[-84.07623291 -97.78969574 -92.21310425 -73.17683411]]
3
[[ -88.81113434  -56.54136658 -106.91162109  -70.44836426]]
1
[[-84.07623291 -97.78969574 -92.21310425 -73.17683411]]
3
[[ -88.81113434  -56.54136658 -106.91162109  -70.44836426]]
1
[[-84.07623291 -97.78969574 -92.21310425 -73.17683411]]
3
[[ -88.81113434  -56.54136658 -106.91162109  -70.44836426]]
1
FAIL
15/22
