[[-84.07623291 -97.78969574 -92.21310425 -73.17683411]]
3
[[ -88.81113434  -56.54136658 -106.91162109  -70.44836426]]
1
[[-84.07623291 -97.78969574 -92.21310425 -73.17683411]]
3
[[ -88.81113434  -56.54136658 -106.91162109  -70.44836426]]
1
[[-84.07623291 -97.78969574 -92.21310425 -73.17683411]]
3
[[ -88.81113434  -56.54136658 -106.91162109  -70.44836426]]
1
[[-84.07623291 -97.78969574 -92.21310425 -73.17683411]]
3
[[ -88.81113434  -56.54136658 -106.91162109  -70.44836426]]
1
[[-84.07623291 -97.78969574 -92.21310425 -73.17683411]]
3
[[ -88.81113434  -56.54136658 -106.91162109  -70.44836426]]
1
[[-84.07623291 -97.78969574 -92.21310425 -73.17683411]]
3
[[ -88.81113434  -56.54136658 -106.91162109  -70.44836426]]
1
[[-84.07623291 -97.78969574 -92.21310425 -73.17683411]]
3
[[ -88.81113434  -56.54136658 -106.91162109  -70.44836426]]
1
[[-84.07623291 -97.78969574 -92.21310425 -73.17683411]]
3
[[ -88.81113434  -56.54136658 -106.91162109  -70.44836426]]
1
[[-84.07623291 -97.78969574 -92.21310425 -73.17683411]]
3
[[ -88.81113434  -56.54136658 -106.91162109  -70.44836426]]
1
[[-84.07623291 -97.78969574 -92.21310425 -73.17683411]]
3
[[ -88.81113434  -56.54136658 -106.91162109  -70.44836426]]
1
[[-84.07623291 -97.78969574 -92.21310425 -73.17683411]]
3
[[ -88.81113434  -56.54136658 -106.91162109  -70.44836426]]
1
[[-84.07623291 -97.78969574 -92.21310425 -73.17683411]]
3
[[ -88.81113434  -56.54136658 -106.91162109  -70.44836426]]
1
[[-84.07623291 -97.78969574 -92.21310425 -73.17683411]]
3
[[ -88.81113434  -56.54136658 -106.91162109  -70.44836426]]
1
[[-84.07623291 -97.78969574 -92.21310425 -73.17683411]]
3
[[ -88.81113434  -56.54136658 -106.91162109  -70.44836426]]
1
[[-84.07623291 -97.78969574 -92.21310425 -73.17683411]]
3
[[ -88.81113434  -56.54136658 -106.91162109  -70.44836426]]
1
[[-84.07623291 -97.78969574 -92.21310425 -73.17683411]]
3
[[ -88.81113434  -56.54136658 -106.91162109  -70.44836426]]
1
[[-84.07623291 -97.78969574 -92.21310425 -73.17683411]]
3
[[ -88.81113434  -56.54136658 -106.91162109  -70.44836426]]
1
[[-84.07623291 -97.78969574 -92.21310425 -73.17683411]]
3
[[ -88.81113434  -56.54136658 -106.91162109  -70.44836426]]
1
[[-84.07623291 -97.78969574 -92.21310425 -73.17683411]]
3
[[ -88.81113434  -56.54136658 -106.91162109  -70.44836426]]
1
[[-84.07623291 -97.78969574 -92.21310425 -73.17683411]]
3
[[ -88.81113434  -56.54136658 -106.91162109  -70.44836426]]
1
[[-84.07623291 -97.78969574 -92.21310425 -73.17683411]]
3
[[ -88.81113434  -56.54136658 -106.91162109  -70.44836426]]
1
[[-84.07623291 -97.78969574 -92.21310425 -73.17683411]]
3
[[ -88.81113434  -56.54136658 -106.91162109  -70.44836426]]
1
[[-84.07623291 -97.78969574 -92.21310425 -73.17683411]]
3
[[ -88.81113434  -56.54136658 -106.91162109  -70.44836426]]
1
[[-84.07623291 -97.78969574 -92.21310425 -73.17683411]]
3
[[ -88.81113434  -56.54136658 -106.91162109  -70.44836426]]
1
[[-84.07623291 -97.78969574 -92.21310425 -73.17683411]]
3
[[ -88.81113434  -56.54136658 -106.91162109  -70.44836426]]
1
[[-84.07623291 -97.78969574 -92.21310425 -73.17683411]]
3
[[ -88.81113434  -56.54136658 -106.91162109  -70.44836426]]
1
[[-84.07623291 -97.78969574 -92.21310425 -73.17683411]]
3
[[ -88.81113434  -56.54136658 -106.91162109  -70.44836426]]
1
[[-84.07623291 -97.78969574 -92.21310425 -73.17683411]]
3
[[ -88.81113434  -56.54136658 -106.91162109  -70.44836426]]
1
[[-84.07623291 -97.78969574 -92.21310425 -73.17683411]]
3
[[ -88.81113434  -56.54136658 -106.91162109  -70.44836426]]
1
[[-84.07623291 -97.78969574 -92.21310425 -73.17683411]]
3
[[ -88.81113434  -56.54136658 -106.91162109  -70.44836426]]
1
[[-84.07623291 -97.78969574 -92.21310425 -73.17683411]]
3
[[ -88.81113434  -56.54136658 -106.91162109  -70.44836426]]
1
[[-84.07623291 -97.78969574 -92.21310425 -73.17683411]]
3
[[ -88.81113434  -56.54136658 -106.91162109  -70.44836426]]
1
[[-84.07623291 -97.78969574 -92.21310425 -73.17683411]]
3
[[ -88.81113434  -56.54136658 -106.91162109  -70.44836426]]
1
[[-84.07623291 -97.78969574 -92.21310425 -73.17683411]]
3
[[ -88.81113434  -56.54136658 -106.91162109  -70.44836426]]
1
[[-84.07623291 -97.78969574 -92.21310425 -73.17683411]]
3
[[ -88.81113434  -56.54136658 -106.91162109  -70.44836426]]
1
[[-84.07623291 -97.78969574 -92.21310425 -73.17683411]]
3
[[ -88.81113434  -56.54136658 -106.91162109  -70.44836426]]
1
[[-84.07623291 -97.78969574 -92.21310425 -73.17683411]]
3
[[ -88.81113434  -56.54136658 -106.91162109  -70.44836426]]
1
[[-84.07623291 -97.78969574 -92.21310425 -73.17683411]]
3
[[ -88.81113434  -56.54136658 -106.91162109  -70.44836426]]
1
[[-84.07623291 -97.78969574 -92.21310425 -73.17683411]]
3
[[ -88.81113434  -56.54136658 -106.91162109  -70.44836426]]
1
[[-84.07623291 -97.78969574 -92.21310425 -73.17683411]]
3
[[ -88.81113434  -56.54136658 -106.91162109  -70.44836426]]
1
[[-84.07623291 -97.78969574 -92.21310425 -73.17683411]]
3
[[ -88.81113434  -56.54136658 -106.91162109  -70.44836426]]
1
[[-84.07623291 -97.78969574 -92.21310425 -73.17683411]]
3
[[ -88.81113434  -56.54136658 -106.91162109  -70.44836426]]
1
[[-84.07623291 -97.78969574 -92.21310425 -73.17683411]]
3
[[ -88.81113434  -56.54136658 -106.91162109  -70.44836426]]
1
[[-84.07623291 -97.78969574 -92.21310425 -73.17683411]]
3
[[ -88.81113434  -56.54136658 -106.91162109  -70.44836426]]
1
[[-84.07623291 -97.78969574 -92.21310425 -73.17683411]]
3
[[ -88.81113434  -56.54136658 -106.91162109  -70.44836426]]
1
[[-84.07623291 -97.78969574 -92.21310425 -73.17683411]]
3
[[ -88.81113434  -56.54136658 -106.91162109  -70.44836426]]
1
[[-84.07623291 -97.78969574 -92.21310425 -73.17683411]]
3
[[ -88.81113434  -56.54136658 -106.91162109  -70.44836426]]
1
[[-84.07623291 -97.78969574 -92.21310425 -73.17683411]]
3
[[ -88.81113434  -56.54136658 -106.91162109  -70.44836426]]
1
[[-84.07623291 -97.78969574 -92.21310425 -73.17683411]]
3
[[ -88.81113434  -56.54136658 -106.91162109  -70.44836426]]
1
[[-84.07623291 -97.78969574 -92.21310425 -73.17683411]]
3
[[ -88.81113434  -56.54136658 -106.91162109  -70.44836426]]
1
[[-84.07623291 -97.78969574 -92.21310425 -73.17683411]]
3
FAIL
1/9
