[[ -98.61321259  -25.94290161  -90.39404297 -121.01441193]]
1
[[-102.96300507  -31.52368164  -88.74766541  -99.14608765]]
1
[[-105.94597626 -108.21955872  -41.57787323 -102.39102173]]
2
[[-106.35733032  -15.58255768  -92.25902557 -166.9871521 ]]
1
[[-229.29057312  -90.40454102   -9.03988647 -113.30426788]]
2
[[ -57.20078278  -19.9756546  -270.44012451 -204.48146057]]
1
[[-190.06134033   64.94004822  136.61694336   25.06335068]]
2
[[  -3.5171051    49.61134338  529.98223877   44.93149567]]
2
PASS
8/8
