[[-228.43464661  -99.04730988  -22.76463318 -211.63749695]]
2
[[ -32.05871201  -74.01734161  -17.06562424 -124.36366272]]
2
[[ -9.44779205 -47.74768829 -33.42425156 -82.44395447]]
0
[[ -32.05871201  -74.01734161  -17.06562424 -124.36366272]]
2
[[ -9.44779205 -47.74768829 -33.42425156 -82.44395447]]
0
[[ -32.05871201  -74.01734161  -17.06562424 -124.36366272]]
2
[[ -9.44779205 -47.74768829 -33.42425156 -82.44395447]]
0
[[ -32.05871201  -74.01734161  -17.06562424 -124.36366272]]
2
[[ -9.44779205 -47.74768829 -33.42425156 -82.44395447]]
0
[[ -32.05871201  -74.01734161  -17.06562424 -124.36366272]]
2
[[ -9.44779205 -47.74768829 -33.42425156 -82.44395447]]
0
[[ -32.05871201  -74.01734161  -17.06562424 -124.36366272]]
2
[[ -9.44779205 -47.74768829 -33.42425156 -82.44395447]]
0
[[ -32.05871201  -74.01734161  -17.06562424 -124.36366272]]
2
[[ -9.44779205 -47.74768829 -33.42425156 -82.44395447]]
0
[[ -32.05871201  -74.01734161  -17.06562424 -124.36366272]]
2
[[ -9.44779205 -47.74768829 -33.42425156 -82.44395447]]
0
[[ -32.05871201  -74.01734161  -17.06562424 -124.36366272]]
2
[[ -9.44779205 -47.74768829 -33.42425156 -82.44395447]]
0
[[ -32.05871201  -74.01734161  -17.06562424 -124.36366272]]
2
[[ -9.44779205 -47.74768829 -33.42425156 -82.44395447]]
0
[[ -32.05871201  -74.01734161  -17.06562424 -124.36366272]]
2
[[ -9.44779205 -47.74768829 -33.42425156 -82.44395447]]
0
[[ -32.05871201  -74.01734161  -17.06562424 -124.36366272]]
2
[[ -9.44779205 -47.74768829 -33.42425156 -82.44395447]]
0
[[ -32.05871201  -74.01734161  -17.06562424 -124.36366272]]
2
[[ -9.44779205 -47.74768829 -33.42425156 -82.44395447]]
0
[[ -32.05871201  -74.01734161  -17.06562424 -124.36366272]]
2
[[ -9.44779205 -47.74768829 -33.42425156 -82.44395447]]
0
[[ -32.05871201  -74.01734161  -17.06562424 -124.36366272]]
2
[[ -9.44779205 -47.74768829 -33.42425156 -82.44395447]]
0
[[ -32.05871201  -74.01734161  -17.06562424 -124.36366272]]
2
[[ -9.44779205 -47.74768829 -33.42425156 -82.44395447]]
0
[[ -32.05871201  -74.01734161  -17.06562424 -124.36366272]]
2
[[ -9.44779205 -47.74768829 -33.42425156 -82.44395447]]
0
[[ -32.05871201  -74.01734161  -17.06562424 -124.36366272]]
2
[[ -9.44779205 -47.74768829 -33.42425156 -82.44395447]]
0
[[ -32.05871201  -74.01734161  -17.06562424 -124.36366272]]
2
[[ -9.44779205 -47.74768829 -33.42425156 -82.44395447]]
0
[[ -32.05871201  -74.01734161  -17.06562424 -124.36366272]]
2
[[ -9.44779205 -47.74768829 -33.42425156 -82.44395447]]
0
[[ -32.05871201  -74.01734161  -17.06562424 -124.36366272]]
2
[[ -9.44779205 -47.74768829 -33.42425156 -82.44395447]]
0
[[ -32.05871201  -74.01734161  -17.06562424 -124.36366272]]
2
[[ -9.44779205 -47.74768829 -33.42425156 -82.44395447]]
0
[[ -32.05871201  -74.01734161  -17.06562424 -124.36366272]]
2
[[ -9.44779205 -47.74768829 -33.42425156 -82.44395447]]
0
[[ -32.05871201  -74.01734161  -17.06562424 -124.36366272]]
2
[[ -9.44779205 -47.74768829 -33.42425156 -82.44395447]]
0
[[ -32.05871201  -74.01734161  -17.06562424 -124.36366272]]
2
[[ -9.44779205 -47.74768829 -33.42425156 -82.44395447]]
0
[[ -32.05871201  -74.01734161  -17.06562424 -124.36366272]]
2
[[ -9.44779205 -47.74768829 -33.42425156 -82.44395447]]
0
[[ -32.05871201  -74.01734161  -17.06562424 -124.36366272]]
2
[[ -9.44779205 -47.74768829 -33.42425156 -82.44395447]]
0
[[ -32.05871201  -74.01734161  -17.06562424 -124.36366272]]
2
[[ -9.44779205 -47.74768829 -33.42425156 -82.44395447]]
0
[[ -32.05871201  -74.01734161  -17.06562424 -124.36366272]]
2
[[ -9.44779205 -47.74768829 -33.42425156 -82.44395447]]
0
[[ -32.05871201  -74.01734161  -17.06562424 -124.36366272]]
2
[[ -9.44779205 -47.74768829 -33.42425156 -82.44395447]]
0
[[ -32.05871201  -74.01734161  -17.06562424 -124.36366272]]
2
[[ -9.44779205 -47.74768829 -33.42425156 -82.44395447]]
0
[[ -32.05871201  -74.01734161  -17.06562424 -124.36366272]]
2
[[ -9.44779205 -47.74768829 -33.42425156 -82.44395447]]
0
[[ -32.05871201  -74.01734161  -17.06562424 -124.36366272]]
2
[[ -9.44779205 -47.74768829 -33.42425156 -82.44395447]]
0
[[ -32.05871201  -74.01734161  -17.06562424 -124.36366272]]
2
[[ -9.44779205 -47.74768829 -33.42425156 -82.44395447]]
0
[[ -32.05871201  -74.01734161  -17.06562424 -124.36366272]]
2
[[ -9.44779205 -47.74768829 -33.42425156 -82.44395447]]
0
[[ -32.05871201  -74.01734161  -17.06562424 -124.36366272]]
2
[[ -9.44779205 -47.74768829 -33.42425156 -82.44395447]]
0
[[ -32.05871201  -74.01734161  -17.06562424 -124.36366272]]
2
[[ -9.44779205 -47.74768829 -33.42425156 -82.44395447]]
0
[[ -32.05871201  -74.01734161  -17.06562424 -124.36366272]]
2
[[ -9.44779205 -47.74768829 -33.42425156 -82.44395447]]
0
[[ -32.05871201  -74.01734161  -17.06562424 -124.36366272]]
2
[[ -9.44779205 -47.74768829 -33.42425156 -82.44395447]]
0
[[ -32.05871201  -74.01734161  -17.06562424 -124.36366272]]
2
[[ -9.44779205 -47.74768829 -33.42425156 -82.44395447]]
0
[[ -32.05871201  -74.01734161  -17.06562424 -124.36366272]]
2
[[ -9.44779205 -47.74768829 -33.42425156 -82.44395447]]
0
[[ -32.05871201  -74.01734161  -17.06562424 -124.36366272]]
2
[[ -9.44779205 -47.74768829 -33.42425156 -82.44395447]]
0
[[ -32.05871201  -74.01734161  -17.06562424 -124.36366272]]
2
[[ -9.44779205 -47.74768829 -33.42425156 -82.44395447]]
0
[[ -32.05871201  -74.01734161  -17.06562424 -124.36366272]]
2
[[ -9.44779205 -47.74768829 -33.42425156 -82.44395447]]
0
[[ -32.05871201  -74.01734161  -17.06562424 -124.36366272]]
2
[[ -9.44779205 -47.74768829 -33.42425156 -82.44395447]]
0
[[ -32.05871201  -74.01734161  -17.06562424 -124.36366272]]
2
[[ -9.44779205 -47.74768829 -33.42425156 -82.44395447]]
0
[[ -32.05871201  -74.01734161  -17.06562424 -124.36366272]]
2
[[ -9.44779205 -47.74768829 -33.42425156 -82.44395447]]
0
[[ -32.05871201  -74.01734161  -17.06562424 -124.36366272]]
2
[[ -9.44779205 -47.74768829 -33.42425156 -82.44395447]]
0
[[ -32.05871201  -74.01734161  -17.06562424 -124.36366272]]
2
[[ -9.44779205 -47.74768829 -33.42425156 -82.44395447]]
0
[[ -32.05871201  -74.01734161  -17.06562424 -124.36366272]]
2
[[ -9.44779205 -47.74768829 -33.42425156 -82.44395447]]
0
FAIL
2/31
