[[ -34.76769257  -76.12903595 -106.74163818 -107.99749756]]
0
[[-18.15297699 -97.71652985 -60.84764862 -98.21088409]]
0
[[ -14.74777603 -120.44061279  -45.27168655 -108.49327087]]
0
[[ -15.33375549  -72.49178314  -43.790802   -144.91220093]]
0
[[ -27.18074036 -155.7638092   -94.15537262 -194.66009521]]
0
[[-118.28850555  -30.53747559  -36.03680038 -143.71615601]]
1
[[ -26.2330246  -195.83752441  -84.34901428  -50.92003632]]
0
[[ -12.11927795  -36.90750122 -171.63345337 -291.7769165 ]]
0
[[-169.54043579 -190.84938049 -155.33059692   -7.55154419]]
3
[[ -11.34832764    0.75680542 -155.66749573 -133.77006531]]
1
[[-169.54043579 -190.84938049 -155.33059692   -7.55154419]]
3
[[ -11.34832764    0.75680542 -155.66749573 -133.77006531]]
1
[[-169.54043579 -190.84938049 -155.33059692   -7.55154419]]
3
[[ -11.34832764    0.75680542 -155.66749573 -133.77006531]]
1
[[-169.54043579 -190.84938049 -155.33059692   -7.55154419]]
3
[[ -11.34832764    0.75680542 -155.66749573 -133.77006531]]
1
[[-169.54043579 -190.84938049 -155.33059692   -7.55154419]]
3
[[ -11.34832764    0.75680542 -155.66749573 -133.77006531]]
1
[[-169.54043579 -190.84938049 -155.33059692   -7.55154419]]
3
[[ -11.34832764    0.75680542 -155.66749573 -133.77006531]]
1
[[-169.54043579 -190.84938049 -155.33059692   -7.55154419]]
3
[[ -11.34832764    0.75680542 -155.66749573 -133.77006531]]
1
[[-169.54043579 -190.84938049 -155.33059692   -7.55154419]]
3
[[ -11.34832764    0.75680542 -155.66749573 -133.77006531]]
1
[[-169.54043579 -190.84938049 -155.33059692   -7.55154419]]
3
[[ -11.34832764    0.75680542 -155.66749573 -133.77006531]]
1
[[-169.54043579 -190.84938049 -155.33059692   -7.55154419]]
3
[[ -11.34832764    0.75680542 -155.66749573 -133.77006531]]
1
[[-169.54043579 -190.84938049 -155.33059692   -7.55154419]]
3
[[ -11.34832764    0.75680542 -155.66749573 -133.77006531]]
1
[[-169.54043579 -190.84938049 -155.33059692   -7.55154419]]
3
[[ -11.34832764    0.75680542 -155.66749573 -133.77006531]]
1
[[-169.54043579 -190.84938049 -155.33059692   -7.55154419]]
3
[[ -11.34832764    0.75680542 -155.66749573 -133.77006531]]
1
[[-169.54043579 -190.84938049 -155.33059692   -7.55154419]]
3
[[ -11.34832764    0.75680542 -155.66749573 -133.77006531]]
1
[[-169.54043579 -190.84938049 -155.33059692   -7.55154419]]
3
[[ -11.34832764    0.75680542 -155.66749573 -133.77006531]]
1
[[-169.54043579 -190.84938049 -155.33059692   -7.55154419]]
3
[[ -11.34832764    0.75680542 -155.66749573 -133.77006531]]
1
[[-169.54043579 -190.84938049 -155.33059692   -7.55154419]]
3
[[ -11.34832764    0.75680542 -155.66749573 -133.77006531]]
1
[[-169.54043579 -190.84938049 -155.33059692   -7.55154419]]
3
[[ -11.34832764    0.75680542 -155.66749573 -133.77006531]]
1
[[-169.54043579 -190.84938049 -155.33059692   -7.55154419]]
3
[[ -11.34832764    0.75680542 -155.66749573 -133.77006531]]
1
[[-169.54043579 -190.84938049 -155.33059692   -7.55154419]]
3
[[ -11.34832764    0.75680542 -155.66749573 -133.77006531]]
1
[[-169.54043579 -190.84938049 -155.33059692   -7.55154419]]
3
[[ -11.34832764    0.75680542 -155.66749573 -133.77006531]]
1
[[-169.54043579 -190.84938049 -155.33059692   -7.55154419]]
3
[[ -11.34832764    0.75680542 -155.66749573 -133.77006531]]
1
[[-169.54043579 -190.84938049 -155.33059692   -7.55154419]]
3
[[ -11.34832764    0.75680542 -155.66749573 -133.77006531]]
1
[[-169.54043579 -190.84938049 -155.33059692   -7.55154419]]
3
[[ -11.34832764    0.75680542 -155.66749573 -133.77006531]]
1
[[-169.54043579 -190.84938049 -155.33059692   -7.55154419]]
3
[[ -11.34832764    0.75680542 -155.66749573 -133.77006531]]
1
[[-169.54043579 -190.84938049 -155.33059692   -7.55154419]]
3
[[ -11.34832764    0.75680542 -155.66749573 -133.77006531]]
1
[[-169.54043579 -190.84938049 -155.33059692   -7.55154419]]
3
[[ -11.34832764    0.75680542 -155.66749573 -133.77006531]]
1
[[-169.54043579 -190.84938049 -155.33059692   -7.55154419]]
3
[[ -11.34832764    0.75680542 -155.66749573 -133.77006531]]
1
[[-169.54043579 -190.84938049 -155.33059692   -7.55154419]]
3
[[ -11.34832764    0.75680542 -155.66749573 -133.77006531]]
1
[[-169.54043579 -190.84938049 -155.33059692   -7.55154419]]
3
[[ -11.34832764    0.75680542 -155.66749573 -133.77006531]]
1
[[-169.54043579 -190.84938049 -155.33059692   -7.55154419]]
3
[[ -11.34832764    0.75680542 -155.66749573 -133.77006531]]
1
[[-169.54043579 -190.84938049 -155.33059692   -7.55154419]]
3
[[ -11.34832764    0.75680542 -155.66749573 -133.77006531]]
1
[[-169.54043579 -190.84938049 -155.33059692   -7.55154419]]
3
[[ -11.34832764    0.75680542 -155.66749573 -133.77006531]]
1
[[-169.54043579 -190.84938049 -155.33059692   -7.55154419]]
3
[[ -11.34832764    0.75680542 -155.66749573 -133.77006531]]
1
[[-169.54043579 -190.84938049 -155.33059692   -7.55154419]]
3
[[ -11.34832764    0.75680542 -155.66749573 -133.77006531]]
1
[[-169.54043579 -190.84938049 -155.33059692   -7.55154419]]
3
[[ -11.34832764    0.75680542 -155.66749573 -133.77006531]]
1
[[-169.54043579 -190.84938049 -155.33059692   -7.55154419]]
3
[[ -11.34832764    0.75680542 -155.66749573 -133.77006531]]
1
[[-169.54043579 -190.84938049 -155.33059692   -7.55154419]]
3
[[ -11.34832764    0.75680542 -155.66749573 -133.77006531]]
1
[[-169.54043579 -190.84938049 -155.33059692   -7.55154419]]
3
[[ -11.34832764    0.75680542 -155.66749573 -133.77006531]]
1
[[-169.54043579 -190.84938049 -155.33059692   -7.55154419]]
3
[[ -11.34832764    0.75680542 -155.66749573 -133.77006531]]
1
[[-169.54043579 -190.84938049 -155.33059692   -7.55154419]]
3
[[ -11.34832764    0.75680542 -155.66749573 -133.77006531]]
1
[[-169.54043579 -190.84938049 -155.33059692   -7.55154419]]
3
[[ -11.34832764    0.75680542 -155.66749573 -133.77006531]]
1
[[-169.54043579 -190.84938049 -155.33059692   -7.55154419]]
3
[[ -11.34832764    0.75680542 -155.66749573 -133.77006531]]
1
[[-169.54043579 -190.84938049 -155.33059692   -7.55154419]]
3
[[ -11.34832764    0.75680542 -155.66749573 -133.77006531]]
1
[[-169.54043579 -190.84938049 -155.33059692   -7.55154419]]
3
[[ -11.34832764    0.75680542 -155.66749573 -133.77006531]]
1
[[-169.54043579 -190.84938049 -155.33059692   -7.55154419]]
3
[[ -11.34832764    0.75680542 -155.66749573 -133.77006531]]
1
[[-169.54043579 -190.84938049 -155.33059692   -7.55154419]]
3
FAIL
9/19
