[[ -34.08744812  -78.07254791 -108.46539307 -108.07411194]]
0
[[-17.92662048 -99.53450012 -62.77070236 -98.62132263]]
0
[[ -14.90373611 -122.49098206  -46.64411545 -108.80574036]]
0
[[ -15.47442627  -74.82602692  -45.26683807 -146.03457642]]
0
[[ -27.33087158 -159.74613953  -96.66703033 -196.40612793]]
0
[[-119.3395462   -31.12848282  -37.58322906 -144.48513794]]
1
[[ -26.02589417 -198.28512573  -85.85305786  -50.5259552 ]]
0
[[ -11.82243347  -38.58486938 -174.31390381 -295.32611084]]
0
[[-177.15827942 -194.4805603  -158.05563354   -7.37005615]]
3
[[ -11.58175659   -1.35649109 -158.67712402 -135.60574341]]
1
[[-177.15827942 -194.4805603  -158.05563354   -7.37005615]]
3
[[ -11.58175659   -1.35649109 -158.67712402 -135.60574341]]
1
[[-177.15827942 -194.4805603  -158.05563354   -7.37005615]]
3
[[ -11.58175659   -1.35649109 -158.67712402 -135.60574341]]
1
[[-177.15827942 -194.4805603  -158.05563354   -7.37005615]]
3
[[ -11.58175659   -1.35649109 -158.67712402 -135.60574341]]
1
[[-177.15827942 -194.4805603  -158.05563354   -7.37005615]]
3
[[ -11.58175659   -1.35649109 -158.67712402 -135.60574341]]
1
[[-177.15827942 -194.4805603  -158.05563354   -7.37005615]]
3
[[ -11.58175659   -1.35649109 -158.67712402 -135.60574341]]
1
[[-177.15827942 -194.4805603  -158.05563354   -7.37005615]]
3
[[ -11.58175659   -1.35649109 -158.67712402 -135.60574341]]
1
[[-177.15827942 -194.4805603  -158.05563354   -7.37005615]]
3
[[ -11.58175659   -1.35649109 -158.67712402 -135.60574341]]
1
[[-177.15827942 -194.4805603  -158.05563354   -7.37005615]]
3
[[ -11.58175659   -1.35649109 -158.67712402 -135.60574341]]
1
[[-177.15827942 -194.4805603  -158.05563354   -7.37005615]]
3
[[ -11.58175659   -1.35649109 -158.67712402 -135.60574341]]
1
[[-177.15827942 -194.4805603  -158.05563354   -7.37005615]]
3
[[ -11.58175659   -1.35649109 -158.67712402 -135.60574341]]
1
[[-177.15827942 -194.4805603  -158.05563354   -7.37005615]]
3
[[ -11.58175659   -1.35649109 -158.67712402 -135.60574341]]
1
[[-177.15827942 -194.4805603  -158.05563354   -7.37005615]]
3
[[ -11.58175659   -1.35649109 -158.67712402 -135.60574341]]
1
[[-177.15827942 -194.4805603  -158.05563354   -7.37005615]]
3
[[ -11.58175659   -1.35649109 -158.67712402 -135.60574341]]
1
[[-177.15827942 -194.4805603  -158.05563354   -7.37005615]]
3
[[ -11.58175659   -1.35649109 -158.67712402 -135.60574341]]
1
[[-177.15827942 -194.4805603  -158.05563354   -7.37005615]]
3
[[ -11.58175659   -1.35649109 -158.67712402 -135.60574341]]
1
[[-177.15827942 -194.4805603  -158.05563354   -7.37005615]]
3
[[ -11.58175659   -1.35649109 -158.67712402 -135.60574341]]
1
[[-177.15827942 -194.4805603  -158.05563354   -7.37005615]]
3
[[ -11.58175659   -1.35649109 -158.67712402 -135.60574341]]
1
[[-177.15827942 -194.4805603  -158.05563354   -7.37005615]]
3
[[ -11.58175659   -1.35649109 -158.67712402 -135.60574341]]
1
[[-177.15827942 -194.4805603  -158.05563354   -7.37005615]]
3
[[ -11.58175659   -1.35649109 -158.67712402 -135.60574341]]
1
[[-177.15827942 -194.4805603  -158.05563354   -7.37005615]]
3
[[ -11.58175659   -1.35649109 -158.67712402 -135.60574341]]
1
[[-177.15827942 -194.4805603  -158.05563354   -7.37005615]]
3
[[ -11.58175659   -1.35649109 -158.67712402 -135.60574341]]
1
[[-177.15827942 -194.4805603  -158.05563354   -7.37005615]]
3
[[ -11.58175659   -1.35649109 -158.67712402 -135.60574341]]
1
[[-177.15827942 -194.4805603  -158.05563354   -7.37005615]]
3
[[ -11.58175659   -1.35649109 -158.67712402 -135.60574341]]
1
[[-177.15827942 -194.4805603  -158.05563354   -7.37005615]]
3
[[ -11.58175659   -1.35649109 -158.67712402 -135.60574341]]
1
[[-177.15827942 -194.4805603  -158.05563354   -7.37005615]]
3
[[ -11.58175659   -1.35649109 -158.67712402 -135.60574341]]
1
[[-177.15827942 -194.4805603  -158.05563354   -7.37005615]]
3
[[ -11.58175659   -1.35649109 -158.67712402 -135.60574341]]
1
[[-177.15827942 -194.4805603  -158.05563354   -7.37005615]]
3
[[ -11.58175659   -1.35649109 -158.67712402 -135.60574341]]
1
[[-177.15827942 -194.4805603  -158.05563354   -7.37005615]]
3
[[ -11.58175659   -1.35649109 -158.67712402 -135.60574341]]
1
[[-177.15827942 -194.4805603  -158.05563354   -7.37005615]]
3
[[ -11.58175659   -1.35649109 -158.67712402 -135.60574341]]
1
[[-177.15827942 -194.4805603  -158.05563354   -7.37005615]]
3
[[ -11.58175659   -1.35649109 -158.67712402 -135.60574341]]
1
[[-177.15827942 -194.4805603  -158.05563354   -7.37005615]]
3
[[ -11.58175659   -1.35649109 -158.67712402 -135.60574341]]
1
[[-177.15827942 -194.4805603  -158.05563354   -7.37005615]]
3
[[ -11.58175659   -1.35649109 -158.67712402 -135.60574341]]
1
[[-177.15827942 -194.4805603  -158.05563354   -7.37005615]]
3
[[ -11.58175659   -1.35649109 -158.67712402 -135.60574341]]
1
[[-177.15827942 -194.4805603  -158.05563354   -7.37005615]]
3
[[ -11.58175659   -1.35649109 -158.67712402 -135.60574341]]
1
[[-177.15827942 -194.4805603  -158.05563354   -7.37005615]]
3
[[ -11.58175659   -1.35649109 -158.67712402 -135.60574341]]
1
[[-177.15827942 -194.4805603  -158.05563354   -7.37005615]]
3
[[ -11.58175659   -1.35649109 -158.67712402 -135.60574341]]
1
[[-177.15827942 -194.4805603  -158.05563354   -7.37005615]]
3
[[ -11.58175659   -1.35649109 -158.67712402 -135.60574341]]
1
[[-177.15827942 -194.4805603  -158.05563354   -7.37005615]]
3
[[ -11.58175659   -1.35649109 -158.67712402 -135.60574341]]
1
[[-177.15827942 -194.4805603  -158.05563354   -7.37005615]]
3
[[ -11.58175659   -1.35649109 -158.67712402 -135.60574341]]
1
[[-177.15827942 -194.4805603  -158.05563354   -7.37005615]]
3
[[ -11.58175659   -1.35649109 -158.67712402 -135.60574341]]
1
[[-177.15827942 -194.4805603  -158.05563354   -7.37005615]]
3
[[ -11.58175659   -1.35649109 -158.67712402 -135.60574341]]
1
[[-177.15827942 -194.4805603  -158.05563354   -7.37005615]]
3
[[ -11.58175659   -1.35649109 -158.67712402 -135.60574341]]
1
[[-177.15827942 -194.4805603  -158.05563354   -7.37005615]]
3
[[ -11.58175659   -1.35649109 -158.67712402 -135.60574341]]
1
[[-177.15827942 -194.4805603  -158.05563354   -7.37005615]]
3
[[ -11.58175659   -1.35649109 -158.67712402 -135.60574341]]
1
[[-177.15827942 -194.4805603  -158.05563354   -7.37005615]]
3
[[ -11.58175659   -1.35649109 -158.67712402 -135.60574341]]
1
[[-177.15827942 -194.4805603  -158.05563354   -7.37005615]]
3
FAIL
9/19
