[[-230.10321045 -100.53308105  -23.17648315 -212.61373901]]
2
[[ -32.89546585  -76.68460083  -18.36734772 -124.87352753]]
2
[[ -9.32273483 -50.25247955 -33.54219055 -82.86824036]]
0
[[ -32.89546585  -76.68460083  -18.36734772 -124.87352753]]
2
[[ -9.32273483 -50.25247955 -33.54219055 -82.86824036]]
0
[[ -32.89546585  -76.68460083  -18.36734772 -124.87352753]]
2
[[ -9.32273483 -50.25247955 -33.54219055 -82.86824036]]
0
[[ -32.89546585  -76.68460083  -18.36734772 -124.87352753]]
2
[[ -9.32273483 -50.25247955 -33.54219055 -82.86824036]]
0
[[ -32.89546585  -76.68460083  -18.36734772 -124.87352753]]
2
[[ -9.32273483 -50.25247955 -33.54219055 -82.86824036]]
0
[[ -32.89546585  -76.68460083  -18.36734772 -124.87352753]]
2
[[ -9.32273483 -50.25247955 -33.54219055 -82.86824036]]
0
[[ -32.89546585  -76.68460083  -18.36734772 -124.87352753]]
2
[[ -9.32273483 -50.25247955 -33.54219055 -82.86824036]]
0
[[ -32.89546585  -76.68460083  -18.36734772 -124.87352753]]
2
[[ -9.32273483 -50.25247955 -33.54219055 -82.86824036]]
0
[[ -32.89546585  -76.68460083  -18.36734772 -124.87352753]]
2
[[ -9.32273483 -50.25247955 -33.54219055 -82.86824036]]
0
[[ -32.89546585  -76.68460083  -18.36734772 -124.87352753]]
2
[[ -9.32273483 -50.25247955 -33.54219055 -82.86824036]]
0
[[ -32.89546585  -76.68460083  -18.36734772 -124.87352753]]
2
[[ -9.32273483 -50.25247955 -33.54219055 -82.86824036]]
0
[[ -32.89546585  -76.68460083  -18.36734772 -124.87352753]]
2
[[ -9.32273483 -50.25247955 -33.54219055 -82.86824036]]
0
[[ -32.89546585  -76.68460083  -18.36734772 -124.87352753]]
2
[[ -9.32273483 -50.25247955 -33.54219055 -82.86824036]]
0
[[ -32.89546585  -76.68460083  -18.36734772 -124.87352753]]
2
[[ -9.32273483 -50.25247955 -33.54219055 -82.86824036]]
0
[[ -32.89546585  -76.68460083  -18.36734772 -124.87352753]]
2
[[ -9.32273483 -50.25247955 -33.54219055 -82.86824036]]
0
[[ -32.89546585  -76.68460083  -18.36734772 -124.87352753]]
2
[[ -9.32273483 -50.25247955 -33.54219055 -82.86824036]]
0
[[ -32.89546585  -76.68460083  -18.36734772 -124.87352753]]
2
[[ -9.32273483 -50.25247955 -33.54219055 -82.86824036]]
0
[[ -32.89546585  -76.68460083  -18.36734772 -124.87352753]]
2
[[ -9.32273483 -50.25247955 -33.54219055 -82.86824036]]
0
[[ -32.89546585  -76.68460083  -18.36734772 -124.87352753]]
2
[[ -9.32273483 -50.25247955 -33.54219055 -82.86824036]]
0
[[ -32.89546585  -76.68460083  -18.36734772 -124.87352753]]
2
[[ -9.32273483 -50.25247955 -33.54219055 -82.86824036]]
0
[[ -32.89546585  -76.68460083  -18.36734772 -124.87352753]]
2
[[ -9.32273483 -50.25247955 -33.54219055 -82.86824036]]
0
[[ -32.89546585  -76.68460083  -18.36734772 -124.87352753]]
2
[[ -9.32273483 -50.25247955 -33.54219055 -82.86824036]]
0
[[ -32.89546585  -76.68460083  -18.36734772 -124.87352753]]
2
[[ -9.32273483 -50.25247955 -33.54219055 -82.86824036]]
0
[[ -32.89546585  -76.68460083  -18.36734772 -124.87352753]]
2
[[ -9.32273483 -50.25247955 -33.54219055 -82.86824036]]
0
[[ -32.89546585  -76.68460083  -18.36734772 -124.87352753]]
2
[[ -9.32273483 -50.25247955 -33.54219055 -82.86824036]]
0
[[ -32.89546585  -76.68460083  -18.36734772 -124.87352753]]
2
[[ -9.32273483 -50.25247955 -33.54219055 -82.86824036]]
0
[[ -32.89546585  -76.68460083  -18.36734772 -124.87352753]]
2
[[ -9.32273483 -50.25247955 -33.54219055 -82.86824036]]
0
[[ -32.89546585  -76.68460083  -18.36734772 -124.87352753]]
2
[[ -9.32273483 -50.25247955 -33.54219055 -82.86824036]]
0
[[ -32.89546585  -76.68460083  -18.36734772 -124.87352753]]
2
[[ -9.32273483 -50.25247955 -33.54219055 -82.86824036]]
0
[[ -32.89546585  -76.68460083  -18.36734772 -124.87352753]]
2
[[ -9.32273483 -50.25247955 -33.54219055 -82.86824036]]
0
[[ -32.89546585  -76.68460083  -18.36734772 -124.87352753]]
2
[[ -9.32273483 -50.25247955 -33.54219055 -82.86824036]]
0
[[ -32.89546585  -76.68460083  -18.36734772 -124.87352753]]
2
[[ -9.32273483 -50.25247955 -33.54219055 -82.86824036]]
0
[[ -32.89546585  -76.68460083  -18.36734772 -124.87352753]]
2
[[ -9.32273483 -50.25247955 -33.54219055 -82.86824036]]
0
[[ -32.89546585  -76.68460083  -18.36734772 -124.87352753]]
2
[[ -9.32273483 -50.25247955 -33.54219055 -82.86824036]]
0
[[ -32.89546585  -76.68460083  -18.36734772 -124.87352753]]
2
[[ -9.32273483 -50.25247955 -33.54219055 -82.86824036]]
0
[[ -32.89546585  -76.68460083  -18.36734772 -124.87352753]]
2
[[ -9.32273483 -50.25247955 -33.54219055 -82.86824036]]
0
[[ -32.89546585  -76.68460083  -18.36734772 -124.87352753]]
2
[[ -9.32273483 -50.25247955 -33.54219055 -82.86824036]]
0
[[ -32.89546585  -76.68460083  -18.36734772 -124.87352753]]
2
[[ -9.32273483 -50.25247955 -33.54219055 -82.86824036]]
0
[[ -32.89546585  -76.68460083  -18.36734772 -124.87352753]]
2
[[ -9.32273483 -50.25247955 -33.54219055 -82.86824036]]
0
[[ -32.89546585  -76.68460083  -18.36734772 -124.87352753]]
2
[[ -9.32273483 -50.25247955 -33.54219055 -82.86824036]]
0
[[ -32.89546585  -76.68460083  -18.36734772 -124.87352753]]
2
[[ -9.32273483 -50.25247955 -33.54219055 -82.86824036]]
0
[[ -32.89546585  -76.68460083  -18.36734772 -124.87352753]]
2
[[ -9.32273483 -50.25247955 -33.54219055 -82.86824036]]
0
[[ -32.89546585  -76.68460083  -18.36734772 -124.87352753]]
2
[[ -9.32273483 -50.25247955 -33.54219055 -82.86824036]]
0
[[ -32.89546585  -76.68460083  -18.36734772 -124.87352753]]
2
[[ -9.32273483 -50.25247955 -33.54219055 -82.86824036]]
0
[[ -32.89546585  -76.68460083  -18.36734772 -124.87352753]]
2
[[ -9.32273483 -50.25247955 -33.54219055 -82.86824036]]
0
[[ -32.89546585  -76.68460083  -18.36734772 -124.87352753]]
2
[[ -9.32273483 -50.25247955 -33.54219055 -82.86824036]]
0
[[ -32.89546585  -76.68460083  -18.36734772 -124.87352753]]
2
[[ -9.32273483 -50.25247955 -33.54219055 -82.86824036]]
0
[[ -32.89546585  -76.68460083  -18.36734772 -124.87352753]]
2
[[ -9.32273483 -50.25247955 -33.54219055 -82.86824036]]
0
[[ -32.89546585  -76.68460083  -18.36734772 -124.87352753]]
2
[[ -9.32273483 -50.25247955 -33.54219055 -82.86824036]]
0
[[ -32.89546585  -76.68460083  -18.36734772 -124.87352753]]
2
[[ -9.32273483 -50.25247955 -33.54219055 -82.86824036]]
0
FAIL
2/31
