[[-100.13999939  -27.06241989  -92.37773895 -121.71313477]]
1
[[-104.49949646  -32.4145546   -90.66488647  -99.49586487]]
1
[[-107.6943512  -111.8049469   -42.00093842 -102.62506104]]
2
[[-108.30147552  -15.78048706  -94.64839172 -168.02958679]]
1
[[-233.18231201  -91.2689743    -9.94656372 -114.14850616]]
2
[[ -59.23429871  -19.01216125 -273.67605591 -206.07872009]]
1
[[-191.51043701   67.21643829  141.95394897   27.48786163]]
2
[[  -2.72506714   50.98404694  539.21398926   47.89562988]]
2
PASS
8/8
