[[ -84.64974976 -100.00143433  -94.02484131  -72.19395447]]
3
[[ -89.29492188  -58.94712067 -109.01952362  -69.52261353]]
1
[[ -84.64974976 -100.00143433  -94.02484131  -72.19395447]]
3
[[ -89.29492188  -58.94712067 -109.01952362  -69.52261353]]
1
[[ -84.64974976 -100.00143433  -94.02484131  -72.19395447]]
3
[[ -89.29492188  -58.94712067 -109.01952362  -69.52261353]]
1
[[ -84.64974976 -100.00143433  -94.02484131  -72.19395447]]
3
[[ -89.29492188  -58.94712067 -109.01952362  -69.52261353]]
1
[[ -84.64974976 -100.00143433  -94.02484131  -72.19395447]]
3
[[ -89.29492188  -58.94712067 -109.01952362  -69.52261353]]
1
[[ -84.64974976 -100.00143433  -94.02484131  -72.19395447]]
3
[[ -89.29492188  -58.94712067 -109.01952362  -69.52261353]]
1
[[ -84.64974976 -100.00143433  -94.02484131  -72.19395447]]
3
[[ -89.29492188  -58.94712067 -109.01952362  -69.52261353]]
1
[[ -84.64974976 -100.00143433  -94.02484131  -72.19395447]]
3
[[ -89.29492188  -58.94712067 -109.01952362  -69.52261353]]
1
[[ -84.64974976 -100.00143433  -94.02484131  -72.19395447]]
3
[[ -89.29492188  -58.94712067 -109.01952362  -69.52261353]]
1
[[ -84.64974976 -100.00143433  -94.02484131  -72.19395447]]
3
[[ -89.29492188  -58.94712067 -109.01952362  -69.52261353]]
1
[[ -84.64974976 -100.00143433  -94.02484131  -72.19395447]]
3
[[ -89.29492188  -58.94712067 -109.01952362  -69.52261353]]
1
[[ -84.64974976 -100.00143433  -94.02484131  -72.19395447]]
3
[[ -89.29492188  -58.94712067 -109.01952362  -69.52261353]]
1
[[ -84.64974976 -100.00143433  -94.02484131  -72.19395447]]
3
[[ -89.29492188  -58.94712067 -109.01952362  -69.52261353]]
1
[[ -84.64974976 -100.00143433  -94.02484131  -72.19395447]]
3
[[ -89.29492188  -58.94712067 -109.01952362  -69.52261353]]
1
[[ -84.64974976 -100.00143433  -94.02484131  -72.19395447]]
3
[[ -89.29492188  -58.94712067 -109.01952362  -69.52261353]]
1
[[ -84.64974976 -100.00143433  -94.02484131  -72.19395447]]
3
[[ -89.29492188  -58.94712067 -109.01952362  -69.52261353]]
1
[[ -84.64974976 -100.00143433  -94.02484131  -72.19395447]]
3
[[ -89.29492188  -58.94712067 -109.01952362  -69.52261353]]
1
[[ -84.64974976 -100.00143433  -94.02484131  -72.19395447]]
3
[[ -89.29492188  -58.94712067 -109.01952362  -69.52261353]]
1
[[ -84.64974976 -100.00143433  -94.02484131  -72.19395447]]
3
[[ -89.29492188  -58.94712067 -109.01952362  -69.52261353]]
1
[[ -84.64974976 -100.00143433  -94.02484131  -72.19395447]]
3
[[ -89.29492188  -58.94712067 -109.01952362  -69.52261353]]
1
[[ -84.64974976 -100.00143433  -94.02484131  -72.19395447]]
3
[[ -89.29492188  -58.94712067 -109.01952362  -69.52261353]]
1
[[ -84.64974976 -100.00143433  -94.02484131  -72.19395447]]
3
[[ -89.29492188  -58.94712067 -109.01952362  -69.52261353]]
1
[[ -84.64974976 -100.00143433  -94.02484131  -72.19395447]]
3
[[ -89.29492188  -58.94712067 -109.01952362  -69.52261353]]
1
[[ -84.64974976 -100.00143433  -94.02484131  -72.19395447]]
3
[[ -89.29492188  -58.94712067 -109.01952362  -69.52261353]]
1
[[ -84.64974976 -100.00143433  -94.02484131  -72.19395447]]
3
[[ -89.29492188  -58.94712067 -109.01952362  -69.52261353]]
1
[[ -84.64974976 -100.00143433  -94.02484131  -72.19395447]]
3
[[ -89.29492188  -58.94712067 -109.01952362  -69.52261353]]
1
[[ -84.64974976 -100.00143433  -94.02484131  -72.19395447]]
3
[[ -89.29492188  -58.94712067 -109.01952362  -69.52261353]]
1
[[ -84.64974976 -100.00143433  -94.02484131  -72.19395447]]
3
[[ -89.29492188  -58.94712067 -109.01952362  -69.52261353]]
1
[[ -84.64974976 -100.00143433  -94.02484131  -72.19395447]]
3
[[ -89.29492188  -58.94712067 -109.01952362  -69.52261353]]
1
[[ -84.64974976 -100.00143433  -94.02484131  -72.19395447]]
3
[[ -89.29492188  -58.94712067 -109.01952362  -69.52261353]]
1
[[ -84.64974976 -100.00143433  -94.02484131  -72.19395447]]
3
[[ -89.29492188  -58.94712067 -109.01952362  -69.52261353]]
1
[[ -84.64974976 -100.00143433  -94.02484131  -72.19395447]]
3
[[ -89.29492188  -58.94712067 -109.01952362  -69.52261353]]
1
[[ -84.64974976 -100.00143433  -94.02484131  -72.19395447]]
3
[[ -89.29492188  -58.94712067 -109.01952362  -69.52261353]]
1
[[ -84.64974976 -100.00143433  -94.02484131  -72.19395447]]
3
[[ -89.29492188  -58.94712067 -109.01952362  -69.52261353]]
1
[[ -84.64974976 -100.00143433  -94.02484131  -72.19395447]]
3
[[ -89.29492188  -58.94712067 -109.01952362  -69.52261353]]
1
[[ -84.64974976 -100.00143433  -94.02484131  -72.19395447]]
3
[[ -89.29492188  -58.94712067 -109.01952362  -69.52261353]]
1
[[ -84.64974976 -100.00143433  -94.02484131  -72.19395447]]
3
[[ -89.29492188  -58.94712067 -109.01952362  -69.52261353]]
1
[[ -84.64974976 -100.00143433  -94.02484131  -72.19395447]]
3
[[ -89.29492188  -58.94712067 -109.01952362  -69.52261353]]
1
[[ -84.64974976 -100.00143433  -94.02484131  -72.19395447]]
3
[[ -89.29492188  -58.94712067 -109.01952362  -69.52261353]]
1
[[ -84.64974976 -100.00143433  -94.02484131  -72.19395447]]
3
[[ -89.29492188  -58.94712067 -109.01952362  -69.52261353]]
1
[[ -84.64974976 -100.00143433  -94.02484131  -72.19395447]]
3
[[ -89.29492188  -58.94712067 -109.01952362  -69.52261353]]
1
[[ -84.64974976 -100.00143433  -94.02484131  -72.19395447]]
3
[[ -89.29492188  -58.94712067 -109.01952362  -69.52261353]]
1
[[ -84.64974976 -100.00143433  -94.02484131  -72.19395447]]
3
[[ -89.29492188  -58.94712067 -109.01952362  -69.52261353]]
1
[[ -84.64974976 -100.00143433  -94.02484131  -72.19395447]]
3
[[ -89.29492188  -58.94712067 -109.01952362  -69.52261353]]
1
[[ -84.64974976 -100.00143433  -94.02484131  -72.19395447]]
3
[[ -89.29492188  -58.94712067 -109.01952362  -69.52261353]]
1
[[ -84.64974976 -100.00143433  -94.02484131  -72.19395447]]
3
[[ -89.29492188  -58.94712067 -109.01952362  -69.52261353]]
1
[[ -84.64974976 -100.00143433  -94.02484131  -72.19395447]]
3
[[ -89.29492188  -58.94712067 -109.01952362  -69.52261353]]
1
[[ -84.64974976 -100.00143433  -94.02484131  -72.19395447]]
3
[[ -89.29492188  -58.94712067 -109.01952362  -69.52261353]]
1
[[ -84.64974976 -100.00143433  -94.02484131  -72.19395447]]
3
[[ -89.29492188  -58.94712067 -109.01952362  -69.52261353]]
1
[[ -84.64974976 -100.00143433  -94.02484131  -72.19395447]]
3
[[ -89.29492188  -58.94712067 -109.01952362  -69.52261353]]
1
[[ -84.64974976 -100.00143433  -94.02484131  -72.19395447]]
3
FAIL
1/9
