[[ -80.01623535  -97.89782715 -111.8401947   -88.36341095]]
0
[[ -92.11109924 -119.53108215 -119.79998779  -84.06438446]]
3
[[ -23.44226837  -87.86068726 -145.6008606   -89.66429138]]
0
[[ -14.12665176  -96.4469986   -67.51560974 -119.88674927]]
0
[[-97.36207581 -18.64743423 -32.73205566 -97.66986084]]
1
[[ -50.84210587  -83.91338348 -101.96836853  -89.42836761]]
0
[[ -25.19452667 -110.99145508  -87.40857697  -93.85176086]]
0
[[ -32.45099258  -83.82332611  -34.61491394 -118.71041107]]
0
[[ -92.14562988 -115.8276825   -80.95149994  -41.50411224]]
3
[[ -18.37631226 -101.19454956 -144.36561584 -149.91677856]]
0
[[-123.47816467 -132.14234924  -36.36257172  -24.88614273]]
3
[[  -6.76799011  -23.74546432  -76.90073395 -126.41218567]]
0
[[ -25.39933777  -91.00564575 -108.03590393 -181.2623291 ]]
0
[[-109.7352066   -51.66831589  -90.54656982  -54.46476364]]
1
[[ -89.29492188  -58.94712067 -109.01952362  -69.52261353]]
1
[[ -84.64974976 -100.00143433  -94.02484131  -72.19395447]]
3
[[ -89.29492188  -58.94712067 -109.01952362  -69.52261353]]
1
[[ -84.64974976 -100.00143433  -94.02484131  -72.19395447]]
3
[[ -89.29492188  -58.94712067 -109.01952362  -69.52261353]]
1
[[ -84.64974976 -100.00143433  -94.02484131  -72.19395447]]
3
[[ -89.29492188  -58.94712067 -109.01952362  -69.52261353]]
1
[[ -84.64974976 -100.00143433  -94.02484131  -72.19395447]]
3
[[ -89.29492188  -58.94712067 -109.01952362  -69.52261353]]
1
[[ -84.64974976 -100.00143433  -94.02484131  -72.19395447]]
3
[[ -89.29492188  -58.94712067 -109.01952362  -69.52261353]]
1
[[ -84.64974976 -100.00143433  -94.02484131  -72.19395447]]
3
[[ -89.29492188  -58.94712067 -109.01952362  -69.52261353]]
1
[[ -84.64974976 -100.00143433  -94.02484131  -72.19395447]]
3
[[ -89.29492188  -58.94712067 -109.01952362  -69.52261353]]
1
[[ -84.64974976 -100.00143433  -94.02484131  -72.19395447]]
3
[[ -89.29492188  -58.94712067 -109.01952362  -69.52261353]]
1
[[ -84.64974976 -100.00143433  -94.02484131  -72.19395447]]
3
[[ -89.29492188  -58.94712067 -109.01952362  -69.52261353]]
1
[[ -84.64974976 -100.00143433  -94.02484131  -72.19395447]]
3
[[ -89.29492188  -58.94712067 -109.01952362  -69.52261353]]
1
[[ -84.64974976 -100.00143433  -94.02484131  -72.19395447]]
3
[[ -89.29492188  -58.94712067 -109.01952362  -69.52261353]]
1
[[ -84.64974976 -100.00143433  -94.02484131  -72.19395447]]
3
[[ -89.29492188  -58.94712067 -109.01952362  -69.52261353]]
1
[[ -84.64974976 -100.00143433  -94.02484131  -72.19395447]]
3
[[ -89.29492188  -58.94712067 -109.01952362  -69.52261353]]
1
[[ -84.64974976 -100.00143433  -94.02484131  -72.19395447]]
3
[[ -89.29492188  -58.94712067 -109.01952362  -69.52261353]]
1
[[ -84.64974976 -100.00143433  -94.02484131  -72.19395447]]
3
[[ -89.29492188  -58.94712067 -109.01952362  -69.52261353]]
1
[[ -84.64974976 -100.00143433  -94.02484131  -72.19395447]]
3
[[ -89.29492188  -58.94712067 -109.01952362  -69.52261353]]
1
[[ -84.64974976 -100.00143433  -94.02484131  -72.19395447]]
3
[[ -89.29492188  -58.94712067 -109.01952362  -69.52261353]]
1
[[ -84.64974976 -100.00143433  -94.02484131  -72.19395447]]
3
[[ -89.29492188  -58.94712067 -109.01952362  -69.52261353]]
1
[[ -84.64974976 -100.00143433  -94.02484131  -72.19395447]]
3
[[ -89.29492188  -58.94712067 -109.01952362  -69.52261353]]
1
[[ -84.64974976 -100.00143433  -94.02484131  -72.19395447]]
3
[[ -89.29492188  -58.94712067 -109.01952362  -69.52261353]]
1
[[ -84.64974976 -100.00143433  -94.02484131  -72.19395447]]
3
[[ -89.29492188  -58.94712067 -109.01952362  -69.52261353]]
1
[[ -84.64974976 -100.00143433  -94.02484131  -72.19395447]]
3
[[ -89.29492188  -58.94712067 -109.01952362  -69.52261353]]
1
[[ -84.64974976 -100.00143433  -94.02484131  -72.19395447]]
3
[[ -89.29492188  -58.94712067 -109.01952362  -69.52261353]]
1
[[ -84.64974976 -100.00143433  -94.02484131  -72.19395447]]
3
[[ -89.29492188  -58.94712067 -109.01952362  -69.52261353]]
1
[[ -84.64974976 -100.00143433  -94.02484131  -72.19395447]]
3
[[ -89.29492188  -58.94712067 -109.01952362  -69.52261353]]
1
[[ -84.64974976 -100.00143433  -94.02484131  -72.19395447]]
3
[[ -89.29492188  -58.94712067 -109.01952362  -69.52261353]]
1
[[ -84.64974976 -100.00143433  -94.02484131  -72.19395447]]
3
[[ -89.29492188  -58.94712067 -109.01952362  -69.52261353]]
1
[[ -84.64974976 -100.00143433  -94.02484131  -72.19395447]]
3
[[ -89.29492188  -58.94712067 -109.01952362  -69.52261353]]
1
[[ -84.64974976 -100.00143433  -94.02484131  -72.19395447]]
3
[[ -89.29492188  -58.94712067 -109.01952362  -69.52261353]]
1
[[ -84.64974976 -100.00143433  -94.02484131  -72.19395447]]
3
[[ -89.29492188  -58.94712067 -109.01952362  -69.52261353]]
1
[[ -84.64974976 -100.00143433  -94.02484131  -72.19395447]]
3
[[ -89.29492188  -58.94712067 -109.01952362  -69.52261353]]
1
[[ -84.64974976 -100.00143433  -94.02484131  -72.19395447]]
3
[[ -89.29492188  -58.94712067 -109.01952362  -69.52261353]]
1
[[ -84.64974976 -100.00143433  -94.02484131  -72.19395447]]
3
[[ -89.29492188  -58.94712067 -109.01952362  -69.52261353]]
1
[[ -84.64974976 -100.00143433  -94.02484131  -72.19395447]]
3
[[ -89.29492188  -58.94712067 -109.01952362  -69.52261353]]
1
[[ -84.64974976 -100.00143433  -94.02484131  -72.19395447]]
3
[[ -89.29492188  -58.94712067 -109.01952362  -69.52261353]]
1
[[ -84.64974976 -100.00143433  -94.02484131  -72.19395447]]
3
[[ -89.29492188  -58.94712067 -109.01952362  -69.52261353]]
1
[[ -84.64974976 -100.00143433  -94.02484131  -72.19395447]]
3
[[ -89.29492188  -58.94712067 -109.01952362  -69.52261353]]
1
[[ -84.64974976 -100.00143433  -94.02484131  -72.19395447]]
3
[[ -89.29492188  -58.94712067 -109.01952362  -69.52261353]]
1
[[ -84.64974976 -100.00143433  -94.02484131  -72.19395447]]
3
[[ -89.29492188  -58.94712067 -109.01952362  -69.52261353]]
1
[[ -84.64974976 -100.00143433  -94.02484131  -72.19395447]]
3
[[ -89.29492188  -58.94712067 -109.01952362  -69.52261353]]
1
[[ -84.64974976 -100.00143433  -94.02484131  -72.19395447]]
3
[[ -89.29492188  -58.94712067 -109.01952362  -69.52261353]]
1
[[ -84.64974976 -100.00143433  -94.02484131  -72.19395447]]
3
[[ -89.29492188  -58.94712067 -109.01952362  -69.52261353]]
1
[[ -84.64974976 -100.00143433  -94.02484131  -72.19395447]]
3
[[ -89.29492188  -58.94712067 -109.01952362  -69.52261353]]
1
FAIL
13/20
