[[ -85.41615295 -101.66178131  -95.59383392  -70.33018494]]
3
[[ -89.93385315  -60.98493958 -110.85593414  -67.64898682]]
1
[[ -85.41615295 -101.66178131  -95.59383392  -70.33018494]]
3
[[ -89.93385315  -60.98493958 -110.85593414  -67.64898682]]
1
[[ -85.41615295 -101.66178131  -95.59383392  -70.33018494]]
3
[[ -89.93385315  -60.98493958 -110.85593414  -67.64898682]]
1
[[ -85.41615295 -101.66178131  -95.59383392  -70.33018494]]
3
[[ -89.93385315  -60.98493958 -110.85593414  -67.64898682]]
1
[[ -85.41615295 -101.66178131  -95.59383392  -70.33018494]]
3
[[ -89.93385315  -60.98493958 -110.85593414  -67.64898682]]
1
[[ -85.41615295 -101.66178131  -95.59383392  -70.33018494]]
3
[[ -89.93385315  -60.98493958 -110.85593414  -67.64898682]]
1
[[ -85.41615295 -101.66178131  -95.59383392  -70.33018494]]
3
[[ -89.93385315  -60.98493958 -110.85593414  -67.64898682]]
1
[[ -85.41615295 -101.66178131  -95.59383392  -70.33018494]]
3
[[ -89.93385315  -60.98493958 -110.85593414  -67.64898682]]
1
[[ -85.41615295 -101.66178131  -95.59383392  -70.33018494]]
3
[[ -89.93385315  -60.98493958 -110.85593414  -67.64898682]]
1
[[ -85.41615295 -101.66178131  -95.59383392  -70.33018494]]
3
[[ -89.93385315  -60.98493958 -110.85593414  -67.64898682]]
1
[[ -85.41615295 -101.66178131  -95.59383392  -70.33018494]]
3
[[ -89.93385315  -60.98493958 -110.85593414  -67.64898682]]
1
[[ -85.41615295 -101.66178131  -95.59383392  -70.33018494]]
3
[[ -89.93385315  -60.98493958 -110.85593414  -67.64898682]]
1
[[ -85.41615295 -101.66178131  -95.59383392  -70.33018494]]
3
[[ -89.93385315  -60.98493958 -110.85593414  -67.64898682]]
1
[[ -85.41615295 -101.66178131  -95.59383392  -70.33018494]]
3
[[ -89.93385315  -60.98493958 -110.85593414  -67.64898682]]
1
[[ -85.41615295 -101.66178131  -95.59383392  -70.33018494]]
3
[[ -89.93385315  -60.98493958 -110.85593414  -67.64898682]]
1
[[ -85.41615295 -101.66178131  -95.59383392  -70.33018494]]
3
[[ -89.93385315  -60.98493958 -110.85593414  -67.64898682]]
1
[[ -85.41615295 -101.66178131  -95.59383392  -70.33018494]]
3
[[ -89.93385315  -60.98493958 -110.85593414  -67.64898682]]
1
[[ -85.41615295 -101.66178131  -95.59383392  -70.33018494]]
3
[[ -89.93385315  -60.98493958 -110.85593414  -67.64898682]]
1
[[ -85.41615295 -101.66178131  -95.59383392  -70.33018494]]
3
[[ -89.93385315  -60.98493958 -110.85593414  -67.64898682]]
1
[[ -85.41615295 -101.66178131  -95.59383392  -70.33018494]]
3
[[ -89.93385315  -60.98493958 -110.85593414  -67.64898682]]
1
[[ -85.41615295 -101.66178131  -95.59383392  -70.33018494]]
3
[[ -89.93385315  -60.98493958 -110.85593414  -67.64898682]]
1
[[ -85.41615295 -101.66178131  -95.59383392  -70.33018494]]
3
[[ -89.93385315  -60.98493958 -110.85593414  -67.64898682]]
1
[[ -85.41615295 -101.66178131  -95.59383392  -70.33018494]]
3
[[ -89.93385315  -60.98493958 -110.85593414  -67.64898682]]
1
[[ -85.41615295 -101.66178131  -95.59383392  -70.33018494]]
3
[[ -89.93385315  -60.98493958 -110.85593414  -67.64898682]]
1
[[ -85.41615295 -101.66178131  -95.59383392  -70.33018494]]
3
[[ -89.93385315  -60.98493958 -110.85593414  -67.64898682]]
1
[[ -85.41615295 -101.66178131  -95.59383392  -70.33018494]]
3
[[ -89.93385315  -60.98493958 -110.85593414  -67.64898682]]
1
[[ -85.41615295 -101.66178131  -95.59383392  -70.33018494]]
3
[[ -89.93385315  -60.98493958 -110.85593414  -67.64898682]]
1
[[ -85.41615295 -101.66178131  -95.59383392  -70.33018494]]
3
[[ -89.93385315  -60.98493958 -110.85593414  -67.64898682]]
1
[[ -85.41615295 -101.66178131  -95.59383392  -70.33018494]]
3
[[ -89.93385315  -60.98493958 -110.85593414  -67.64898682]]
1
[[ -85.41615295 -101.66178131  -95.59383392  -70.33018494]]
3
[[ -89.93385315  -60.98493958 -110.85593414  -67.64898682]]
1
[[ -85.41615295 -101.66178131  -95.59383392  -70.33018494]]
3
[[ -89.93385315  -60.98493958 -110.85593414  -67.64898682]]
1
[[ -85.41615295 -101.66178131  -95.59383392  -70.33018494]]
3
[[ -89.93385315  -60.98493958 -110.85593414  -67.64898682]]
1
[[ -85.41615295 -101.66178131  -95.59383392  -70.33018494]]
3
[[ -89.93385315  -60.98493958 -110.85593414  -67.64898682]]
1
[[ -85.41615295 -101.66178131  -95.59383392  -70.33018494]]
3
[[ -89.93385315  -60.98493958 -110.85593414  -67.64898682]]
1
[[ -85.41615295 -101.66178131  -95.59383392  -70.33018494]]
3
[[ -89.93385315  -60.98493958 -110.85593414  -67.64898682]]
1
[[ -85.41615295 -101.66178131  -95.59383392  -70.33018494]]
3
[[ -89.93385315  -60.98493958 -110.85593414  -67.64898682]]
1
[[ -85.41615295 -101.66178131  -95.59383392  -70.33018494]]
3
[[ -89.93385315  -60.98493958 -110.85593414  -67.64898682]]
1
[[ -85.41615295 -101.66178131  -95.59383392  -70.33018494]]
3
[[ -89.93385315  -60.98493958 -110.85593414  -67.64898682]]
1
[[ -85.41615295 -101.66178131  -95.59383392  -70.33018494]]
3
[[ -89.93385315  -60.98493958 -110.85593414  -67.64898682]]
1
[[ -85.41615295 -101.66178131  -95.59383392  -70.33018494]]
3
[[ -89.93385315  -60.98493958 -110.85593414  -67.64898682]]
1
[[ -85.41615295 -101.66178131  -95.59383392  -70.33018494]]
3
[[ -89.93385315  -60.98493958 -110.85593414  -67.64898682]]
1
[[ -85.41615295 -101.66178131  -95.59383392  -70.33018494]]
3
[[ -89.93385315  -60.98493958 -110.85593414  -67.64898682]]
1
[[ -85.41615295 -101.66178131  -95.59383392  -70.33018494]]
3
[[ -89.93385315  -60.98493958 -110.85593414  -67.64898682]]
1
[[ -85.41615295 -101.66178131  -95.59383392  -70.33018494]]
3
[[ -89.93385315  -60.98493958 -110.85593414  -67.64898682]]
1
[[ -85.41615295 -101.66178131  -95.59383392  -70.33018494]]
3
[[ -89.93385315  -60.98493958 -110.85593414  -67.64898682]]
1
[[ -85.41615295 -101.66178131  -95.59383392  -70.33018494]]
3
[[ -89.93385315  -60.98493958 -110.85593414  -67.64898682]]
1
[[ -85.41615295 -101.66178131  -95.59383392  -70.33018494]]
3
[[ -89.93385315  -60.98493958 -110.85593414  -67.64898682]]
1
[[ -85.41615295 -101.66178131  -95.59383392  -70.33018494]]
3
[[ -89.93385315  -60.98493958 -110.85593414  -67.64898682]]
1
[[ -85.41615295 -101.66178131  -95.59383392  -70.33018494]]
3
[[ -89.93385315  -60.98493958 -110.85593414  -67.64898682]]
1
[[ -85.41615295 -101.66178131  -95.59383392  -70.33018494]]
3
[[ -89.93385315  -60.98493958 -110.85593414  -67.64898682]]
1
[[ -85.41615295 -101.66178131  -95.59383392  -70.33018494]]
3
FAIL
1/9
