[[ -33.46335983  -79.57061768 -110.18026733 -107.13354492]]
0
[[ -17.59563828 -100.74147034  -64.61040497  -98.1499176 ]]
0
[[ -15.14579391 -123.97457123  -48.0194397  -108.05093384]]
0
[[ -15.66900635  -76.90415192  -46.7734375  -146.29751587]]
0
[[ -27.45744324 -162.9005127   -99.00439453 -197.37304688]]
0
[[-120.87078094  -31.75368881  -38.70449829 -144.56111145]]
1
[[ -25.73797607 -200.33657837  -86.87094879  -49.35985947]]
0
[[ -11.62178802  -39.96865082 -176.71235657 -298.36914062]]
0
[[-184.60153198 -197.35006714 -160.38554382   -7.09541321]]
3
[[ -11.80213928   -3.12956238 -161.27999878 -137.26496887]]
1
[[-184.60153198 -197.35006714 -160.38554382   -7.09541321]]
3
[[ -11.80213928   -3.12956238 -161.27999878 -137.26496887]]
1
[[-184.60153198 -197.35006714 -160.38554382   -7.09541321]]
3
[[ -11.80213928   -3.12956238 -161.27999878 -137.26496887]]
1
[[-184.60153198 -197.35006714 -160.38554382   -7.09541321]]
3
[[ -11.80213928   -3.12956238 -161.27999878 -137.26496887]]
1
[[-184.60153198 -197.35006714 -160.38554382   -7.09541321]]
3
[[ -11.80213928   -3.12956238 -161.27999878 -137.26496887]]
1
[[-184.60153198 -197.35006714 -160.38554382   -7.09541321]]
3
[[ -11.80213928   -3.12956238 -161.27999878 -137.26496887]]
1
[[-184.60153198 -197.35006714 -160.38554382   -7.09541321]]
3
[[ -11.80213928   -3.12956238 -161.27999878 -137.26496887]]
1
[[-184.60153198 -197.35006714 -160.38554382   -7.09541321]]
3
[[ -11.80213928   -3.12956238 -161.27999878 -137.26496887]]
1
[[-184.60153198 -197.35006714 -160.38554382   -7.09541321]]
3
[[ -11.80213928   -3.12956238 -161.27999878 -137.26496887]]
1
[[-184.60153198 -197.35006714 -160.38554382   -7.09541321]]
3
[[ -11.80213928   -3.12956238 -161.27999878 -137.26496887]]
1
[[-184.60153198 -197.35006714 -160.38554382   -7.09541321]]
3
[[ -11.80213928   -3.12956238 -161.27999878 -137.26496887]]
1
[[-184.60153198 -197.35006714 -160.38554382   -7.09541321]]
3
[[ -11.80213928   -3.12956238 -161.27999878 -137.26496887]]
1
[[-184.60153198 -197.35006714 -160.38554382   -7.09541321]]
3
[[ -11.80213928   -3.12956238 -161.27999878 -137.26496887]]
1
[[-184.60153198 -197.35006714 -160.38554382   -7.09541321]]
3
[[ -11.80213928   -3.12956238 -161.27999878 -137.26496887]]
1
[[-184.60153198 -197.35006714 -160.38554382   -7.09541321]]
3
[[ -11.80213928   -3.12956238 -161.27999878 -137.26496887]]
1
[[-184.60153198 -197.35006714 -160.38554382   -7.09541321]]
3
[[ -11.80213928   -3.12956238 -161.27999878 -137.26496887]]
1
[[-184.60153198 -197.35006714 -160.38554382   -7.09541321]]
3
[[ -11.80213928   -3.12956238 -161.27999878 -137.26496887]]
1
[[-184.60153198 -197.35006714 -160.38554382   -7.09541321]]
3
[[ -11.80213928   -3.12956238 -161.27999878 -137.26496887]]
1
[[-184.60153198 -197.35006714 -160.38554382   -7.09541321]]
3
[[ -11.80213928   -3.12956238 -161.27999878 -137.26496887]]
1
[[-184.60153198 -197.35006714 -160.38554382   -7.09541321]]
3
[[ -11.80213928   -3.12956238 -161.27999878 -137.26496887]]
1
[[-184.60153198 -197.35006714 -160.38554382   -7.09541321]]
3
[[ -11.80213928   -3.12956238 -161.27999878 -137.26496887]]
1
[[-184.60153198 -197.35006714 -160.38554382   -7.09541321]]
3
[[ -11.80213928   -3.12956238 -161.27999878 -137.26496887]]
1
[[-184.60153198 -197.35006714 -160.38554382   -7.09541321]]
3
[[ -11.80213928   -3.12956238 -161.27999878 -137.26496887]]
1
[[-184.60153198 -197.35006714 -160.38554382   -7.09541321]]
3
[[ -11.80213928   -3.12956238 -161.27999878 -137.26496887]]
1
[[-184.60153198 -197.35006714 -160.38554382   -7.09541321]]
3
[[ -11.80213928   -3.12956238 -161.27999878 -137.26496887]]
1
[[-184.60153198 -197.35006714 -160.38554382   -7.09541321]]
3
[[ -11.80213928   -3.12956238 -161.27999878 -137.26496887]]
1
[[-184.60153198 -197.35006714 -160.38554382   -7.09541321]]
3
[[ -11.80213928   -3.12956238 -161.27999878 -137.26496887]]
1
[[-184.60153198 -197.35006714 -160.38554382   -7.09541321]]
3
[[ -11.80213928   -3.12956238 -161.27999878 -137.26496887]]
1
[[-184.60153198 -197.35006714 -160.38554382   -7.09541321]]
3
[[ -11.80213928   -3.12956238 -161.27999878 -137.26496887]]
1
[[-184.60153198 -197.35006714 -160.38554382   -7.09541321]]
3
[[ -11.80213928   -3.12956238 -161.27999878 -137.26496887]]
1
[[-184.60153198 -197.35006714 -160.38554382   -7.09541321]]
3
[[ -11.80213928   -3.12956238 -161.27999878 -137.26496887]]
1
[[-184.60153198 -197.35006714 -160.38554382   -7.09541321]]
3
[[ -11.80213928   -3.12956238 -161.27999878 -137.26496887]]
1
[[-184.60153198 -197.35006714 -160.38554382   -7.09541321]]
3
[[ -11.80213928   -3.12956238 -161.27999878 -137.26496887]]
1
[[-184.60153198 -197.35006714 -160.38554382   -7.09541321]]
3
[[ -11.80213928   -3.12956238 -161.27999878 -137.26496887]]
1
[[-184.60153198 -197.35006714 -160.38554382   -7.09541321]]
3
[[ -11.80213928   -3.12956238 -161.27999878 -137.26496887]]
1
[[-184.60153198 -197.35006714 -160.38554382   -7.09541321]]
3
[[ -11.80213928   -3.12956238 -161.27999878 -137.26496887]]
1
[[-184.60153198 -197.35006714 -160.38554382   -7.09541321]]
3
[[ -11.80213928   -3.12956238 -161.27999878 -137.26496887]]
1
[[-184.60153198 -197.35006714 -160.38554382   -7.09541321]]
3
[[ -11.80213928   -3.12956238 -161.27999878 -137.26496887]]
1
[[-184.60153198 -197.35006714 -160.38554382   -7.09541321]]
3
[[ -11.80213928   -3.12956238 -161.27999878 -137.26496887]]
1
[[-184.60153198 -197.35006714 -160.38554382   -7.09541321]]
3
[[ -11.80213928   -3.12956238 -161.27999878 -137.26496887]]
1
[[-184.60153198 -197.35006714 -160.38554382   -7.09541321]]
3
[[ -11.80213928   -3.12956238 -161.27999878 -137.26496887]]
1
[[-184.60153198 -197.35006714 -160.38554382   -7.09541321]]
3
[[ -11.80213928   -3.12956238 -161.27999878 -137.26496887]]
1
[[-184.60153198 -197.35006714 -160.38554382   -7.09541321]]
3
[[ -11.80213928   -3.12956238 -161.27999878 -137.26496887]]
1
[[-184.60153198 -197.35006714 -160.38554382   -7.09541321]]
3
[[ -11.80213928   -3.12956238 -161.27999878 -137.26496887]]
1
[[-184.60153198 -197.35006714 -160.38554382   -7.09541321]]
3
[[ -11.80213928   -3.12956238 -161.27999878 -137.26496887]]
1
[[-184.60153198 -197.35006714 -160.38554382   -7.09541321]]
3
[[ -11.80213928   -3.12956238 -161.27999878 -137.26496887]]
1
[[-184.60153198 -197.35006714 -160.38554382   -7.09541321]]
3
FAIL
9/19
