[[ -80.72697449  -99.8813324  -113.967453    -86.86505127]]
0
[[ -93.51670837 -122.27155304 -122.36242676  -82.30521393]]
3
[[ -23.32900238  -88.98010254 -147.70669556  -88.3248291 ]]
0
[[ -14.33110046  -98.00578308  -69.2091217  -118.72154236]]
0
[[-98.29728699 -20.03045273 -35.38877106 -96.97955322]]
1
[[ -50.35882568  -85.53520203 -103.68107605  -88.01513672]]
0
[[ -25.46800232 -112.93154907  -88.76111603  -93.33878326]]
0
[[ -32.90076447  -86.52266693  -35.92698669 -117.86076355]]
0
[[ -92.88790894 -117.72221375  -82.00917816  -39.77114487]]
3
[[ -18.61348724 -103.13883209 -146.29251099 -149.83972168]]
0
[[-124.15221405 -134.05337524  -36.46813202  -22.86690521]]
3
[[  -7.27327728  -25.28203201  -78.65948486 -125.79627991]]
0
[[ -26.1272583   -92.71575928 -109.45980835 -180.77661133]]
0
[[-110.18968201  -53.24154663  -92.24104309  -52.9697876 ]]
3
[[-94.99856567 -54.97796249 -79.88262939 -31.85477066]]
3
[[-109.90144348  -64.00350189  -22.17306519  -29.74080658]]
2
[[ -58.52497101  -89.33220673  -26.7430687  -121.53147125]]
2
[[ -82.53312683 -153.8074646  -112.38896179   18.83666229]]
3
[[-192.98538208   69.90532684  147.95721436   30.68002129]]
2
[[  -2.39730835   52.35432434  547.34875488   50.95487213]]
2
PASS
20/20
