[[-231.70791626 -101.69354248  -23.56441498 -212.84912109]]
2
[[ -33.93222046  -79.13822937  -19.55892181 -124.49830627]]
2
[[ -9.21024323 -52.64813614 -33.61630249 -82.378479  ]]
0
[[ -33.93222046  -79.13822937  -19.55892181 -124.49830627]]
2
[[ -9.21024323 -52.64813614 -33.61630249 -82.378479  ]]
0
[[ -33.93222046  -79.13822937  -19.55892181 -124.49830627]]
2
[[ -9.21024323 -52.64813614 -33.61630249 -82.378479  ]]
0
[[ -33.93222046  -79.13822937  -19.55892181 -124.49830627]]
2
[[ -9.21024323 -52.64813614 -33.61630249 -82.378479  ]]
0
[[ -33.93222046  -79.13822937  -19.55892181 -124.49830627]]
2
[[ -9.21024323 -52.64813614 -33.61630249 -82.378479  ]]
0
[[ -33.93222046  -79.13822937  -19.55892181 -124.49830627]]
2
[[ -9.21024323 -52.64813614 -33.61630249 -82.378479  ]]
0
[[ -33.93222046  -79.13822937  -19.55892181 -124.49830627]]
2
[[ -9.21024323 -52.64813614 -33.61630249 -82.378479  ]]
0
[[ -33.93222046  -79.13822937  -19.55892181 -124.49830627]]
2
[[ -9.21024323 -52.64813614 -33.61630249 -82.378479  ]]
0
[[ -33.93222046  -79.13822937  -19.55892181 -124.49830627]]
2
[[ -9.21024323 -52.64813614 -33.61630249 -82.378479  ]]
0
[[ -33.93222046  -79.13822937  -19.55892181 -124.49830627]]
2
[[ -9.21024323 -52.64813614 -33.61630249 -82.378479  ]]
0
[[ -33.93222046  -79.13822937  -19.55892181 -124.49830627]]
2
[[ -9.21024323 -52.64813614 -33.61630249 -82.378479  ]]
0
[[ -33.93222046  -79.13822937  -19.55892181 -124.49830627]]
2
[[ -9.21024323 -52.64813614 -33.61630249 -82.378479  ]]
0
[[ -33.93222046  -79.13822937  -19.55892181 -124.49830627]]
2
[[ -9.21024323 -52.64813614 -33.61630249 -82.378479  ]]
0
[[ -33.93222046  -79.13822937  -19.55892181 -124.49830627]]
2
[[ -9.21024323 -52.64813614 -33.61630249 -82.378479  ]]
0
[[ -33.93222046  -79.13822937  -19.55892181 -124.49830627]]
2
[[ -9.21024323 -52.64813614 -33.61630249 -82.378479  ]]
0
[[ -33.93222046  -79.13822937  -19.55892181 -124.49830627]]
2
[[ -9.21024323 -52.64813614 -33.61630249 -82.378479  ]]
0
[[ -33.93222046  -79.13822937  -19.55892181 -124.49830627]]
2
[[ -9.21024323 -52.64813614 -33.61630249 -82.378479  ]]
0
[[ -33.93222046  -79.13822937  -19.55892181 -124.49830627]]
2
[[ -9.21024323 -52.64813614 -33.61630249 -82.378479  ]]
0
[[ -33.93222046  -79.13822937  -19.55892181 -124.49830627]]
2
[[ -9.21024323 -52.64813614 -33.61630249 -82.378479  ]]
0
[[ -33.93222046  -79.13822937  -19.55892181 -124.49830627]]
2
[[ -9.21024323 -52.64813614 -33.61630249 -82.378479  ]]
0
[[ -33.93222046  -79.13822937  -19.55892181 -124.49830627]]
2
[[ -9.21024323 -52.64813614 -33.61630249 -82.378479  ]]
0
[[ -33.93222046  -79.13822937  -19.55892181 -124.49830627]]
2
[[ -9.21024323 -52.64813614 -33.61630249 -82.378479  ]]
0
[[ -33.93222046  -79.13822937  -19.55892181 -124.49830627]]
2
[[ -9.21024323 -52.64813614 -33.61630249 -82.378479  ]]
0
[[ -33.93222046  -79.13822937  -19.55892181 -124.49830627]]
2
[[ -9.21024323 -52.64813614 -33.61630249 -82.378479  ]]
0
[[ -33.93222046  -79.13822937  -19.55892181 -124.49830627]]
2
[[ -9.21024323 -52.64813614 -33.61630249 -82.378479  ]]
0
[[ -33.93222046  -79.13822937  -19.55892181 -124.49830627]]
2
[[ -9.21024323 -52.64813614 -33.61630249 -82.378479  ]]
0
[[ -33.93222046  -79.13822937  -19.55892181 -124.49830627]]
2
[[ -9.21024323 -52.64813614 -33.61630249 -82.378479  ]]
0
[[ -33.93222046  -79.13822937  -19.55892181 -124.49830627]]
2
[[ -9.21024323 -52.64813614 -33.61630249 -82.378479  ]]
0
[[ -33.93222046  -79.13822937  -19.55892181 -124.49830627]]
2
[[ -9.21024323 -52.64813614 -33.61630249 -82.378479  ]]
0
[[ -33.93222046  -79.13822937  -19.55892181 -124.49830627]]
2
[[ -9.21024323 -52.64813614 -33.61630249 -82.378479  ]]
0
[[ -33.93222046  -79.13822937  -19.55892181 -124.49830627]]
2
[[ -9.21024323 -52.64813614 -33.61630249 -82.378479  ]]
0
[[ -33.93222046  -79.13822937  -19.55892181 -124.49830627]]
2
[[ -9.21024323 -52.64813614 -33.61630249 -82.378479  ]]
0
[[ -33.93222046  -79.13822937  -19.55892181 -124.49830627]]
2
[[ -9.21024323 -52.64813614 -33.61630249 -82.378479  ]]
0
[[ -33.93222046  -79.13822937  -19.55892181 -124.49830627]]
2
[[ -9.21024323 -52.64813614 -33.61630249 -82.378479  ]]
0
[[ -33.93222046  -79.13822937  -19.55892181 -124.49830627]]
2
[[ -9.21024323 -52.64813614 -33.61630249 -82.378479  ]]
0
[[ -33.93222046  -79.13822937  -19.55892181 -124.49830627]]
2
[[ -9.21024323 -52.64813614 -33.61630249 -82.378479  ]]
0
[[ -33.93222046  -79.13822937  -19.55892181 -124.49830627]]
2
[[ -9.21024323 -52.64813614 -33.61630249 -82.378479  ]]
0
[[ -33.93222046  -79.13822937  -19.55892181 -124.49830627]]
2
[[ -9.21024323 -52.64813614 -33.61630249 -82.378479  ]]
0
[[ -33.93222046  -79.13822937  -19.55892181 -124.49830627]]
2
[[ -9.21024323 -52.64813614 -33.61630249 -82.378479  ]]
0
[[ -33.93222046  -79.13822937  -19.55892181 -124.49830627]]
2
[[ -9.21024323 -52.64813614 -33.61630249 -82.378479  ]]
0
[[ -33.93222046  -79.13822937  -19.55892181 -124.49830627]]
2
[[ -9.21024323 -52.64813614 -33.61630249 -82.378479  ]]
0
[[ -33.93222046  -79.13822937  -19.55892181 -124.49830627]]
2
[[ -9.21024323 -52.64813614 -33.61630249 -82.378479  ]]
0
[[ -33.93222046  -79.13822937  -19.55892181 -124.49830627]]
2
[[ -9.21024323 -52.64813614 -33.61630249 -82.378479  ]]
0
[[ -33.93222046  -79.13822937  -19.55892181 -124.49830627]]
2
[[ -9.21024323 -52.64813614 -33.61630249 -82.378479  ]]
0
[[ -33.93222046  -79.13822937  -19.55892181 -124.49830627]]
2
[[ -9.21024323 -52.64813614 -33.61630249 -82.378479  ]]
0
[[ -33.93222046  -79.13822937  -19.55892181 -124.49830627]]
2
[[ -9.21024323 -52.64813614 -33.61630249 -82.378479  ]]
0
[[ -33.93222046  -79.13822937  -19.55892181 -124.49830627]]
2
[[ -9.21024323 -52.64813614 -33.61630249 -82.378479  ]]
0
[[ -33.93222046  -79.13822937  -19.55892181 -124.49830627]]
2
[[ -9.21024323 -52.64813614 -33.61630249 -82.378479  ]]
0
[[ -33.93222046  -79.13822937  -19.55892181 -124.49830627]]
2
[[ -9.21024323 -52.64813614 -33.61630249 -82.378479  ]]
0
[[ -33.93222046  -79.13822937  -19.55892181 -124.49830627]]
2
[[ -9.21024323 -52.64813614 -33.61630249 -82.378479  ]]
0
FAIL
2/31
