[[-101.92376709  -27.73233032  -93.99621582 -121.64065552]]
1
[[-106.11463928  -33.04055786  -92.3449707   -99.26515961]]
1
[[-109.5705719  -115.01554871  -42.15481186 -102.15707397]]
2
[[-110.36428833  -15.98230743  -96.52853394 -168.79086304]]
1
[[-236.9180603   -91.71188354  -10.72193909 -114.60426331]]
2
[[ -61.58647919  -17.82500458 -276.4934082  -207.37918091]]
1
[[-192.98538208   69.90532684  147.95721436   30.68002129]]
2
[[  -2.39730835   52.35432434  547.34875488   50.95487213]]
2
PASS
8/8
