[[ -85.99330139 -102.11799622  -97.16831207  -68.51577759]]
3
[[ -90.38439941  -61.99435425 -112.53296661  -65.74276733]]
1
[[ -85.99330139 -102.11799622  -97.16831207  -68.51577759]]
3
[[ -90.38439941  -61.99435425 -112.53296661  -65.74276733]]
1
[[ -85.99330139 -102.11799622  -97.16831207  -68.51577759]]
3
[[ -90.38439941  -61.99435425 -112.53296661  -65.74276733]]
1
[[ -85.99330139 -102.11799622  -97.16831207  -68.51577759]]
3
[[ -90.38439941  -61.99435425 -112.53296661  -65.74276733]]
1
[[ -85.99330139 -102.11799622  -97.16831207  -68.51577759]]
3
[[ -90.38439941  -61.99435425 -112.53296661  -65.74276733]]
1
[[ -85.99330139 -102.11799622  -97.16831207  -68.51577759]]
3
[[ -90.38439941  -61.99435425 -112.53296661  -65.74276733]]
1
[[ -85.99330139 -102.11799622  -97.16831207  -68.51577759]]
3
[[ -90.38439941  -61.99435425 -112.53296661  -65.74276733]]
1
[[ -85.99330139 -102.11799622  -97.16831207  -68.51577759]]
3
[[ -90.38439941  -61.99435425 -112.53296661  -65.74276733]]
1
[[ -85.99330139 -102.11799622  -97.16831207  -68.51577759]]
3
[[ -90.38439941  -61.99435425 -112.53296661  -65.74276733]]
1
[[ -85.99330139 -102.11799622  -97.16831207  -68.51577759]]
3
[[ -90.38439941  -61.99435425 -112.53296661  -65.74276733]]
1
[[ -85.99330139 -102.11799622  -97.16831207  -68.51577759]]
3
[[ -90.38439941  -61.99435425 -112.53296661  -65.74276733]]
1
[[ -85.99330139 -102.11799622  -97.16831207  -68.51577759]]
3
[[ -90.38439941  -61.99435425 -112.53296661  -65.74276733]]
1
[[ -85.99330139 -102.11799622  -97.16831207  -68.51577759]]
3
[[ -90.38439941  -61.99435425 -112.53296661  -65.74276733]]
1
[[ -85.99330139 -102.11799622  -97.16831207  -68.51577759]]
3
[[ -90.38439941  -61.99435425 -112.53296661  -65.74276733]]
1
[[ -85.99330139 -102.11799622  -97.16831207  -68.51577759]]
3
[[ -90.38439941  -61.99435425 -112.53296661  -65.74276733]]
1
[[ -85.99330139 -102.11799622  -97.16831207  -68.51577759]]
3
[[ -90.38439941  -61.99435425 -112.53296661  -65.74276733]]
1
[[ -85.99330139 -102.11799622  -97.16831207  -68.51577759]]
3
[[ -90.38439941  -61.99435425 -112.53296661  -65.74276733]]
1
[[ -85.99330139 -102.11799622  -97.16831207  -68.51577759]]
3
[[ -90.38439941  -61.99435425 -112.53296661  -65.74276733]]
1
[[ -85.99330139 -102.11799622  -97.16831207  -68.51577759]]
3
[[ -90.38439941  -61.99435425 -112.53296661  -65.74276733]]
1
[[ -85.99330139 -102.11799622  -97.16831207  -68.51577759]]
3
[[ -90.38439941  -61.99435425 -112.53296661  -65.74276733]]
1
[[ -85.99330139 -102.11799622  -97.16831207  -68.51577759]]
3
[[ -90.38439941  -61.99435425 -112.53296661  -65.74276733]]
1
[[ -85.99330139 -102.11799622  -97.16831207  -68.51577759]]
3
[[ -90.38439941  -61.99435425 -112.53296661  -65.74276733]]
1
[[ -85.99330139 -102.11799622  -97.16831207  -68.51577759]]
3
[[ -90.38439941  -61.99435425 -112.53296661  -65.74276733]]
1
[[ -85.99330139 -102.11799622  -97.16831207  -68.51577759]]
3
[[ -90.38439941  -61.99435425 -112.53296661  -65.74276733]]
1
[[ -85.99330139 -102.11799622  -97.16831207  -68.51577759]]
3
[[ -90.38439941  -61.99435425 -112.53296661  -65.74276733]]
1
[[ -85.99330139 -102.11799622  -97.16831207  -68.51577759]]
3
[[ -90.38439941  -61.99435425 -112.53296661  -65.74276733]]
1
[[ -85.99330139 -102.11799622  -97.16831207  -68.51577759]]
3
[[ -90.38439941  -61.99435425 -112.53296661  -65.74276733]]
1
[[ -85.99330139 -102.11799622  -97.16831207  -68.51577759]]
3
[[ -90.38439941  -61.99435425 -112.53296661  -65.74276733]]
1
[[ -85.99330139 -102.11799622  -97.16831207  -68.51577759]]
3
[[ -90.38439941  -61.99435425 -112.53296661  -65.74276733]]
1
[[ -85.99330139 -102.11799622  -97.16831207  -68.51577759]]
3
[[ -90.38439941  -61.99435425 -112.53296661  -65.74276733]]
1
[[ -85.99330139 -102.11799622  -97.16831207  -68.51577759]]
3
[[ -90.38439941  -61.99435425 -112.53296661  -65.74276733]]
1
[[ -85.99330139 -102.11799622  -97.16831207  -68.51577759]]
3
[[ -90.38439941  -61.99435425 -112.53296661  -65.74276733]]
1
[[ -85.99330139 -102.11799622  -97.16831207  -68.51577759]]
3
[[ -90.38439941  -61.99435425 -112.53296661  -65.74276733]]
1
[[ -85.99330139 -102.11799622  -97.16831207  -68.51577759]]
3
[[ -90.38439941  -61.99435425 -112.53296661  -65.74276733]]
1
[[ -85.99330139 -102.11799622  -97.16831207  -68.51577759]]
3
[[ -90.38439941  -61.99435425 -112.53296661  -65.74276733]]
1
[[ -85.99330139 -102.11799622  -97.16831207  -68.51577759]]
3
[[ -90.38439941  -61.99435425 -112.53296661  -65.74276733]]
1
[[ -85.99330139 -102.11799622  -97.16831207  -68.51577759]]
3
[[ -90.38439941  -61.99435425 -112.53296661  -65.74276733]]
1
[[ -85.99330139 -102.11799622  -97.16831207  -68.51577759]]
3
[[ -90.38439941  -61.99435425 -112.53296661  -65.74276733]]
1
[[ -85.99330139 -102.11799622  -97.16831207  -68.51577759]]
3
[[ -90.38439941  -61.99435425 -112.53296661  -65.74276733]]
1
[[ -85.99330139 -102.11799622  -97.16831207  -68.51577759]]
3
[[ -90.38439941  -61.99435425 -112.53296661  -65.74276733]]
1
[[ -85.99330139 -102.11799622  -97.16831207  -68.51577759]]
3
[[ -90.38439941  -61.99435425 -112.53296661  -65.74276733]]
1
[[ -85.99330139 -102.11799622  -97.16831207  -68.51577759]]
3
[[ -90.38439941  -61.99435425 -112.53296661  -65.74276733]]
1
[[ -85.99330139 -102.11799622  -97.16831207  -68.51577759]]
3
[[ -90.38439941  -61.99435425 -112.53296661  -65.74276733]]
1
[[ -85.99330139 -102.11799622  -97.16831207  -68.51577759]]
3
[[ -90.38439941  -61.99435425 -112.53296661  -65.74276733]]
1
[[ -85.99330139 -102.11799622  -97.16831207  -68.51577759]]
3
[[ -90.38439941  -61.99435425 -112.53296661  -65.74276733]]
1
[[ -85.99330139 -102.11799622  -97.16831207  -68.51577759]]
3
[[ -90.38439941  -61.99435425 -112.53296661  -65.74276733]]
1
[[ -85.99330139 -102.11799622  -97.16831207  -68.51577759]]
3
[[ -90.38439941  -61.99435425 -112.53296661  -65.74276733]]
1
[[ -85.99330139 -102.11799622  -97.16831207  -68.51577759]]
3
[[ -90.38439941  -61.99435425 -112.53296661  -65.74276733]]
1
[[ -85.99330139 -102.11799622  -97.16831207  -68.51577759]]
3
[[ -90.38439941  -61.99435425 -112.53296661  -65.74276733]]
1
[[ -85.99330139 -102.11799622  -97.16831207  -68.51577759]]
3
[[ -90.38439941  -61.99435425 -112.53296661  -65.74276733]]
1
[[ -85.99330139 -102.11799622  -97.16831207  -68.51577759]]
3
FAIL
1/9
