[[ -32.53329468  -80.31343842 -111.80725098 -105.97869873]]
0
[[ -17.02584839 -101.07652283  -66.48718262  -97.46422577]]
0
[[ -15.05039978 -124.51521301  -49.49756241 -106.94129181]]
0
[[ -15.50320053  -78.30322266  -48.33795929 -146.23403931]]
0
[[ -27.31556702 -165.24438477 -101.03727722 -197.93060303]]
0
[[-122.07176208  -31.6688118   -39.73945999 -144.49697876]]
1
[[ -25.39382935 -201.65710449  -87.63201904  -48.01050568]]
0
[[ -11.34587097  -40.98126221 -178.76126099 -300.92495728]]
0
[[-191.78149414 -199.33331299 -162.53909302   -6.9226532 ]]
3
[[ -12.34895325   -4.90963745 -163.70669556 -138.90415955]]
1
[[-191.78149414 -199.33331299 -162.53909302   -6.9226532 ]]
3
[[ -12.34895325   -4.90963745 -163.70669556 -138.90415955]]
1
[[-191.78149414 -199.33331299 -162.53909302   -6.9226532 ]]
3
[[ -12.34895325   -4.90963745 -163.70669556 -138.90415955]]
1
[[-191.78149414 -199.33331299 -162.53909302   -6.9226532 ]]
3
[[ -12.34895325   -4.90963745 -163.70669556 -138.90415955]]
1
[[-191.78149414 -199.33331299 -162.53909302   -6.9226532 ]]
3
[[ -12.34895325   -4.90963745 -163.70669556 -138.90415955]]
1
[[-191.78149414 -199.33331299 -162.53909302   -6.9226532 ]]
3
[[ -12.34895325   -4.90963745 -163.70669556 -138.90415955]]
1
[[-191.78149414 -199.33331299 -162.53909302   -6.9226532 ]]
3
[[ -12.34895325   -4.90963745 -163.70669556 -138.90415955]]
1
[[-191.78149414 -199.33331299 -162.53909302   -6.9226532 ]]
3
[[ -12.34895325   -4.90963745 -163.70669556 -138.90415955]]
1
[[-191.78149414 -199.33331299 -162.53909302   -6.9226532 ]]
3
[[ -12.34895325   -4.90963745 -163.70669556 -138.90415955]]
1
[[-191.78149414 -199.33331299 -162.53909302   -6.9226532 ]]
3
[[ -12.34895325   -4.90963745 -163.70669556 -138.90415955]]
1
[[-191.78149414 -199.33331299 -162.53909302   -6.9226532 ]]
3
[[ -12.34895325   -4.90963745 -163.70669556 -138.90415955]]
1
[[-191.78149414 -199.33331299 -162.53909302   -6.9226532 ]]
3
[[ -12.34895325   -4.90963745 -163.70669556 -138.90415955]]
1
[[-191.78149414 -199.33331299 -162.53909302   -6.9226532 ]]
3
[[ -12.34895325   -4.90963745 -163.70669556 -138.90415955]]
1
[[-191.78149414 -199.33331299 -162.53909302   -6.9226532 ]]
3
[[ -12.34895325   -4.90963745 -163.70669556 -138.90415955]]
1
[[-191.78149414 -199.33331299 -162.53909302   -6.9226532 ]]
3
[[ -12.34895325   -4.90963745 -163.70669556 -138.90415955]]
1
[[-191.78149414 -199.33331299 -162.53909302   -6.9226532 ]]
3
[[ -12.34895325   -4.90963745 -163.70669556 -138.90415955]]
1
[[-191.78149414 -199.33331299 -162.53909302   -6.9226532 ]]
3
[[ -12.34895325   -4.90963745 -163.70669556 -138.90415955]]
1
[[-191.78149414 -199.33331299 -162.53909302   -6.9226532 ]]
3
[[ -12.34895325   -4.90963745 -163.70669556 -138.90415955]]
1
[[-191.78149414 -199.33331299 -162.53909302   -6.9226532 ]]
3
[[ -12.34895325   -4.90963745 -163.70669556 -138.90415955]]
1
[[-191.78149414 -199.33331299 -162.53909302   -6.9226532 ]]
3
[[ -12.34895325   -4.90963745 -163.70669556 -138.90415955]]
1
[[-191.78149414 -199.33331299 -162.53909302   -6.9226532 ]]
3
[[ -12.34895325   -4.90963745 -163.70669556 -138.90415955]]
1
[[-191.78149414 -199.33331299 -162.53909302   -6.9226532 ]]
3
[[ -12.34895325   -4.90963745 -163.70669556 -138.90415955]]
1
[[-191.78149414 -199.33331299 -162.53909302   -6.9226532 ]]
3
[[ -12.34895325   -4.90963745 -163.70669556 -138.90415955]]
1
[[-191.78149414 -199.33331299 -162.53909302   -6.9226532 ]]
3
[[ -12.34895325   -4.90963745 -163.70669556 -138.90415955]]
1
[[-191.78149414 -199.33331299 -162.53909302   -6.9226532 ]]
3
[[ -12.34895325   -4.90963745 -163.70669556 -138.90415955]]
1
[[-191.78149414 -199.33331299 -162.53909302   -6.9226532 ]]
3
[[ -12.34895325   -4.90963745 -163.70669556 -138.90415955]]
1
[[-191.78149414 -199.33331299 -162.53909302   -6.9226532 ]]
3
[[ -12.34895325   -4.90963745 -163.70669556 -138.90415955]]
1
[[-191.78149414 -199.33331299 -162.53909302   -6.9226532 ]]
3
[[ -12.34895325   -4.90963745 -163.70669556 -138.90415955]]
1
[[-191.78149414 -199.33331299 -162.53909302   -6.9226532 ]]
3
[[ -12.34895325   -4.90963745 -163.70669556 -138.90415955]]
1
[[-191.78149414 -199.33331299 -162.53909302   -6.9226532 ]]
3
[[ -12.34895325   -4.90963745 -163.70669556 -138.90415955]]
1
[[-191.78149414 -199.33331299 -162.53909302   -6.9226532 ]]
3
[[ -12.34895325   -4.90963745 -163.70669556 -138.90415955]]
1
[[-191.78149414 -199.33331299 -162.53909302   -6.9226532 ]]
3
[[ -12.34895325   -4.90963745 -163.70669556 -138.90415955]]
1
[[-191.78149414 -199.33331299 -162.53909302   -6.9226532 ]]
3
[[ -12.34895325   -4.90963745 -163.70669556 -138.90415955]]
1
[[-191.78149414 -199.33331299 -162.53909302   -6.9226532 ]]
3
[[ -12.34895325   -4.90963745 -163.70669556 -138.90415955]]
1
[[-191.78149414 -199.33331299 -162.53909302   -6.9226532 ]]
3
[[ -12.34895325   -4.90963745 -163.70669556 -138.90415955]]
1
[[-191.78149414 -199.33331299 -162.53909302   -6.9226532 ]]
3
[[ -12.34895325   -4.90963745 -163.70669556 -138.90415955]]
1
[[-191.78149414 -199.33331299 -162.53909302   -6.9226532 ]]
3
[[ -12.34895325   -4.90963745 -163.70669556 -138.90415955]]
1
[[-191.78149414 -199.33331299 -162.53909302   -6.9226532 ]]
3
[[ -12.34895325   -4.90963745 -163.70669556 -138.90415955]]
1
[[-191.78149414 -199.33331299 -162.53909302   -6.9226532 ]]
3
[[ -12.34895325   -4.90963745 -163.70669556 -138.90415955]]
1
[[-191.78149414 -199.33331299 -162.53909302   -6.9226532 ]]
3
[[ -12.34895325   -4.90963745 -163.70669556 -138.90415955]]
1
[[-191.78149414 -199.33331299 -162.53909302   -6.9226532 ]]
3
[[ -12.34895325   -4.90963745 -163.70669556 -138.90415955]]
1
[[-191.78149414 -199.33331299 -162.53909302   -6.9226532 ]]
3
[[ -12.34895325   -4.90963745 -163.70669556 -138.90415955]]
1
[[-191.78149414 -199.33331299 -162.53909302   -6.9226532 ]]
3
[[ -12.34895325   -4.90963745 -163.70669556 -138.90415955]]
1
[[-191.78149414 -199.33331299 -162.53909302   -6.9226532 ]]
3
[[ -12.34895325   -4.90963745 -163.70669556 -138.90415955]]
1
[[-191.78149414 -199.33331299 -162.53909302   -6.9226532 ]]
3
[[ -12.34895325   -4.90963745 -163.70669556 -138.90415955]]
1
[[-191.78149414 -199.33331299 -162.53909302   -6.9226532 ]]
3
[[ -12.34895325   -4.90963745 -163.70669556 -138.90415955]]
1
[[-191.78149414 -199.33331299 -162.53909302   -6.9226532 ]]
3
FAIL
9/19
