[[ -81.30693817 -100.65219879 -115.96205139  -85.23954773]]
0
[[ -94.69449615 -123.74478912 -124.79371643  -80.41190338]]
3
[[ -23.14918518  -89.05026245 -149.65682983  -86.94022369]]
0
[[ -14.3955307   -98.5185318   -70.95720673 -117.37683868]]
0
[[-98.97857666 -20.60828018 -37.99302673 -96.08673096]]
1
[[ -49.73623657  -86.04828644 -105.34526825  -86.56140137]]
0
[[ -25.43789673 -113.80044556  -90.14723206  -92.5280304 ]]
0
[[ -32.92208099  -88.02153015  -36.89932632 -116.98197937]]
0
[[ -93.56542206 -118.39726257  -83.22050476  -38.01315308]]
3
[[ -18.87760162 -104.21199036 -147.95166016 -149.55331421]]
0
[[-124.61723328 -134.74191284  -36.7378273   -21.01014709]]
3
[[  -7.76070404  -26.06888199  -80.13580322 -124.78930664]]
0
[[ -26.80445862  -93.48101807 -110.58102417 -179.81506348]]
0
[[-110.24171448  -54.03296661  -93.98281097  -51.63667297]]
3
[[-95.38622284 -56.07749939 -81.88418579 -30.96165848]]
3
[[-110.88832092  -65.26352692  -22.91315842  -29.06167984]]
2
[[ -59.06380463  -90.14827728  -27.24831772 -120.92424011]]
2
[[ -83.18749237 -154.23025513 -112.61432648   21.26416016]]
3
[[-194.09213257   73.36959839  154.4680481    34.16527557]]
2
[[  -1.57485962   54.71376038  556.08825684   54.11112976]]
2
PASS
20/20
