[[-103.54946899  -27.67085266  -95.41756439 -121.16775513]]
1
[[-107.59416962  -32.92873383  -93.82746887  -98.85223389]]
1
[[-111.22870636 -117.11763763  -42.26376724 -101.28500366]]
2
[[-112.883461    -15.759552    -97.90815735 -169.14248657]]
1
[[-240.35443115  -91.61073303  -11.4752655  -114.76522827]]
2
[[ -63.96199036  -16.35217285 -278.96343994 -208.28147888]]
1
[[-194.09213257   73.36959839  154.4680481    34.16527557]]
2
[[  -1.57485962   54.71376038  556.08825684   54.11112976]]
2
PASS
8/8
