[[-233.02349854 -102.12831879  -23.89874268 -212.72775269]]
2
[[ -34.60797119  -80.29564667  -20.50513458 -123.83816528]]
2
[[ -9.1013298  -54.35205078 -33.53351974 -81.66941071]]
0
[[ -34.60797119  -80.29564667  -20.50513458 -123.83816528]]
2
[[ -9.1013298  -54.35205078 -33.53351974 -81.66941071]]
0
[[ -34.60797119  -80.29564667  -20.50513458 -123.83816528]]
2
[[ -9.1013298  -54.35205078 -33.53351974 -81.66941071]]
0
[[ -34.60797119  -80.29564667  -20.50513458 -123.83816528]]
2
[[ -9.1013298  -54.35205078 -33.53351974 -81.66941071]]
0
[[ -34.60797119  -80.29564667  -20.50513458 -123.83816528]]
2
[[ -9.1013298  -54.35205078 -33.53351974 -81.66941071]]
0
[[ -34.60797119  -80.29564667  -20.50513458 -123.83816528]]
2
[[ -9.1013298  -54.35205078 -33.53351974 -81.66941071]]
0
[[ -34.60797119  -80.29564667  -20.50513458 -123.83816528]]
2
[[ -9.1013298  -54.35205078 -33.53351974 -81.66941071]]
0
[[ -34.60797119  -80.29564667  -20.50513458 -123.83816528]]
2
[[ -9.1013298  -54.35205078 -33.53351974 -81.66941071]]
0
[[ -34.60797119  -80.29564667  -20.50513458 -123.83816528]]
2
[[ -9.1013298  -54.35205078 -33.53351974 -81.66941071]]
0
[[ -34.60797119  -80.29564667  -20.50513458 -123.83816528]]
2
[[ -9.1013298  -54.35205078 -33.53351974 -81.66941071]]
0
[[ -34.60797119  -80.29564667  -20.50513458 -123.83816528]]
2
[[ -9.1013298  -54.35205078 -33.53351974 -81.66941071]]
0
[[ -34.60797119  -80.29564667  -20.50513458 -123.83816528]]
2
[[ -9.1013298  -54.35205078 -33.53351974 -81.66941071]]
0
[[ -34.60797119  -80.29564667  -20.50513458 -123.83816528]]
2
[[ -9.1013298  -54.35205078 -33.53351974 -81.66941071]]
0
[[ -34.60797119  -80.29564667  -20.50513458 -123.83816528]]
2
[[ -9.1013298  -54.35205078 -33.53351974 -81.66941071]]
0
[[ -34.60797119  -80.29564667  -20.50513458 -123.83816528]]
2
[[ -9.1013298  -54.35205078 -33.53351974 -81.66941071]]
0
[[ -34.60797119  -80.29564667  -20.50513458 -123.83816528]]
2
[[ -9.1013298  -54.35205078 -33.53351974 -81.66941071]]
0
[[ -34.60797119  -80.29564667  -20.50513458 -123.83816528]]
2
[[ -9.1013298  -54.35205078 -33.53351974 -81.66941071]]
0
[[ -34.60797119  -80.29564667  -20.50513458 -123.83816528]]
2
[[ -9.1013298  -54.35205078 -33.53351974 -81.66941071]]
0
[[ -34.60797119  -80.29564667  -20.50513458 -123.83816528]]
2
[[ -9.1013298  -54.35205078 -33.53351974 -81.66941071]]
0
[[ -34.60797119  -80.29564667  -20.50513458 -123.83816528]]
2
[[ -9.1013298  -54.35205078 -33.53351974 -81.66941071]]
0
[[ -34.60797119  -80.29564667  -20.50513458 -123.83816528]]
2
[[ -9.1013298  -54.35205078 -33.53351974 -81.66941071]]
0
[[ -34.60797119  -80.29564667  -20.50513458 -123.83816528]]
2
[[ -9.1013298  -54.35205078 -33.53351974 -81.66941071]]
0
[[ -34.60797119  -80.29564667  -20.50513458 -123.83816528]]
2
[[ -9.1013298  -54.35205078 -33.53351974 -81.66941071]]
0
[[ -34.60797119  -80.29564667  -20.50513458 -123.83816528]]
2
[[ -9.1013298  -54.35205078 -33.53351974 -81.66941071]]
0
[[ -34.60797119  -80.29564667  -20.50513458 -123.83816528]]
2
[[ -9.1013298  -54.35205078 -33.53351974 -81.66941071]]
0
[[ -34.60797119  -80.29564667  -20.50513458 -123.83816528]]
2
[[ -9.1013298  -54.35205078 -33.53351974 -81.66941071]]
0
[[ -34.60797119  -80.29564667  -20.50513458 -123.83816528]]
2
[[ -9.1013298  -54.35205078 -33.53351974 -81.66941071]]
0
[[ -34.60797119  -80.29564667  -20.50513458 -123.83816528]]
2
[[ -9.1013298  -54.35205078 -33.53351974 -81.66941071]]
0
[[ -34.60797119  -80.29564667  -20.50513458 -123.83816528]]
2
[[ -9.1013298  -54.35205078 -33.53351974 -81.66941071]]
0
[[ -34.60797119  -80.29564667  -20.50513458 -123.83816528]]
2
[[ -9.1013298  -54.35205078 -33.53351974 -81.66941071]]
0
[[ -34.60797119  -80.29564667  -20.50513458 -123.83816528]]
2
[[ -9.1013298  -54.35205078 -33.53351974 -81.66941071]]
0
[[ -34.60797119  -80.29564667  -20.50513458 -123.83816528]]
2
[[ -9.1013298  -54.35205078 -33.53351974 -81.66941071]]
0
[[ -34.60797119  -80.29564667  -20.50513458 -123.83816528]]
2
[[ -9.1013298  -54.35205078 -33.53351974 -81.66941071]]
0
[[ -34.60797119  -80.29564667  -20.50513458 -123.83816528]]
2
[[ -9.1013298  -54.35205078 -33.53351974 -81.66941071]]
0
[[ -34.60797119  -80.29564667  -20.50513458 -123.83816528]]
2
[[ -9.1013298  -54.35205078 -33.53351974 -81.66941071]]
0
[[ -34.60797119  -80.29564667  -20.50513458 -123.83816528]]
2
[[ -9.1013298  -54.35205078 -33.53351974 -81.66941071]]
0
[[ -34.60797119  -80.29564667  -20.50513458 -123.83816528]]
2
[[ -9.1013298  -54.35205078 -33.53351974 -81.66941071]]
0
[[ -34.60797119  -80.29564667  -20.50513458 -123.83816528]]
2
[[ -9.1013298  -54.35205078 -33.53351974 -81.66941071]]
0
[[ -34.60797119  -80.29564667  -20.50513458 -123.83816528]]
2
[[ -9.1013298  -54.35205078 -33.53351974 -81.66941071]]
0
[[ -34.60797119  -80.29564667  -20.50513458 -123.83816528]]
2
[[ -9.1013298  -54.35205078 -33.53351974 -81.66941071]]
0
[[ -34.60797119  -80.29564667  -20.50513458 -123.83816528]]
2
[[ -9.1013298  -54.35205078 -33.53351974 -81.66941071]]
0
[[ -34.60797119  -80.29564667  -20.50513458 -123.83816528]]
2
[[ -9.1013298  -54.35205078 -33.53351974 -81.66941071]]
0
[[ -34.60797119  -80.29564667  -20.50513458 -123.83816528]]
2
[[ -9.1013298  -54.35205078 -33.53351974 -81.66941071]]
0
[[ -34.60797119  -80.29564667  -20.50513458 -123.83816528]]
2
[[ -9.1013298  -54.35205078 -33.53351974 -81.66941071]]
0
[[ -34.60797119  -80.29564667  -20.50513458 -123.83816528]]
2
[[ -9.1013298  -54.35205078 -33.53351974 -81.66941071]]
0
[[ -34.60797119  -80.29564667  -20.50513458 -123.83816528]]
2
[[ -9.1013298  -54.35205078 -33.53351974 -81.66941071]]
0
[[ -34.60797119  -80.29564667  -20.50513458 -123.83816528]]
2
[[ -9.1013298  -54.35205078 -33.53351974 -81.66941071]]
0
[[ -34.60797119  -80.29564667  -20.50513458 -123.83816528]]
2
[[ -9.1013298  -54.35205078 -33.53351974 -81.66941071]]
0
[[ -34.60797119  -80.29564667  -20.50513458 -123.83816528]]
2
[[ -9.1013298  -54.35205078 -33.53351974 -81.66941071]]
0
[[ -34.60797119  -80.29564667  -20.50513458 -123.83816528]]
2
[[ -9.1013298  -54.35205078 -33.53351974 -81.66941071]]
0
FAIL
2/31
