[[ -81.20941162 -100.98366547 -117.68930054  -83.77304077]]
0
[[ -95.19393158 -124.51148987 -126.80462646  -78.61102295]]
3
[[ -22.57027435  -88.66065979 -151.09371948  -85.67449951]]
0
[[ -14.02224731  -98.42984009  -72.77630615 -115.98779297]]
0
[[-98.95219421 -21.07307053 -40.57751846 -95.21759033]]
1
[[ -48.53555298  -86.00262451 -106.67133331  -85.29451752]]
0
[[ -24.96234131 -113.95309448  -91.28649902  -91.69750977]]
0
[[ -32.45057678  -88.85320282  -37.9265976  -115.97735596]]
0
[[ -93.6947937  -118.43577576  -84.16625214  -36.5785408 ]]
3
[[ -18.820755   -104.5334549  -148.87280273 -148.86999512]]
0
[[-124.25842285 -134.74789429  -37.08927155  -19.53189087]]
3
[[  -8.08987045  -26.78945541  -81.40119934 -123.43260193]]
0
[[ -27.23627472  -93.88778687 -111.24736786 -178.48397827]]
0
[[-109.60124969  -54.52552032  -95.38340759  -50.50675201]]
3
[[-94.95717621 -56.82513428 -83.65616608 -30.26099014]]
3
[[-111.15007019  -65.86038208  -23.50009918  -28.88367462]]
2
[[ -58.98661041  -90.50767517  -27.53769684 -120.56747437]]
2
[[ -83.22905731 -154.11047363 -112.59889221   23.52268982]]
3
[[-194.54516602   76.79008484  161.08586121   37.27054596]]
2
[[ -3.39981079e-01   5.72503433e+01   5.64777039e+02   5.72579803e+01]]
2
PASS
20/20
