[[-104.39959717  -27.5782547   -96.4178772  -120.60824585]]
1
[[-108.48384094  -32.81973648  -94.74255371  -98.14411926]]
1
[[-112.1884613  -118.7870636   -42.09161377 -100.27450562]]
2
[[-115.05774689  -15.58369446  -98.69846344 -169.1473999 ]]
1
[[-242.95991516  -91.33809662  -12.0810318  -114.9723053 ]]
2
[[ -65.85821533  -14.86543274 -280.55926514 -208.69497681]]
1
[[-194.54516602   76.79008484  161.08586121   37.27054596]]
2
[[ -3.39981079e-01   5.72503433e+01   5.64777039e+02   5.72579803e+01]]
2
PASS
8/8
