[[ -31.12026978  -80.57527161 -112.92442322 -104.77386475]]
0
[[ -16.04013443 -100.68282318  -68.13937378  -96.66497803]]
0
[[ -14.61993027 -124.35926056  -50.71248627 -105.69863892]]
0
[[ -15.08880234  -79.35874939  -49.46469498 -145.90481567]]
0
[[ -26.66614532 -166.71353149 -102.70333099 -198.07528687]]
0
[[-122.55633545  -31.45780945  -40.45969391 -144.2494812 ]]
1
[[ -24.63235474 -202.36421204  -87.91338348  -46.59680176]]
0
[[ -10.70568848  -41.81364441 -180.18966675 -302.84375   ]]
0
[[-198.14019775 -200.85325623 -163.99708557   -6.90643311]]
3
[[ -12.55342865   -6.60904694 -165.30369568 -140.26809692]]
1
[[-198.14019775 -200.85325623 -163.99708557   -6.90643311]]
3
[[ -12.55342865   -6.60904694 -165.30369568 -140.26809692]]
1
[[-198.14019775 -200.85325623 -163.99708557   -6.90643311]]
3
[[ -12.55342865   -6.60904694 -165.30369568 -140.26809692]]
1
[[-198.14019775 -200.85325623 -163.99708557   -6.90643311]]
3
[[ -12.55342865   -6.60904694 -165.30369568 -140.26809692]]
1
[[-198.14019775 -200.85325623 -163.99708557   -6.90643311]]
3
[[ -12.55342865   -6.60904694 -165.30369568 -140.26809692]]
1
[[-198.14019775 -200.85325623 -163.99708557   -6.90643311]]
3
[[ -12.55342865   -6.60904694 -165.30369568 -140.26809692]]
1
[[-198.14019775 -200.85325623 -163.99708557   -6.90643311]]
3
[[ -12.55342865   -6.60904694 -165.30369568 -140.26809692]]
1
[[-198.14019775 -200.85325623 -163.99708557   -6.90643311]]
3
[[ -12.55342865   -6.60904694 -165.30369568 -140.26809692]]
1
[[-198.14019775 -200.85325623 -163.99708557   -6.90643311]]
3
[[ -12.55342865   -6.60904694 -165.30369568 -140.26809692]]
1
[[-198.14019775 -200.85325623 -163.99708557   -6.90643311]]
3
[[ -12.55342865   -6.60904694 -165.30369568 -140.26809692]]
1
[[-198.14019775 -200.85325623 -163.99708557   -6.90643311]]
3
[[ -12.55342865   -6.60904694 -165.30369568 -140.26809692]]
1
[[-198.14019775 -200.85325623 -163.99708557   -6.90643311]]
3
[[ -12.55342865   -6.60904694 -165.30369568 -140.26809692]]
1
[[-198.14019775 -200.85325623 -163.99708557   -6.90643311]]
3
[[ -12.55342865   -6.60904694 -165.30369568 -140.26809692]]
1
[[-198.14019775 -200.85325623 -163.99708557   -6.90643311]]
3
[[ -12.55342865   -6.60904694 -165.30369568 -140.26809692]]
1
[[-198.14019775 -200.85325623 -163.99708557   -6.90643311]]
3
[[ -12.55342865   -6.60904694 -165.30369568 -140.26809692]]
1
[[-198.14019775 -200.85325623 -163.99708557   -6.90643311]]
3
[[ -12.55342865   -6.60904694 -165.30369568 -140.26809692]]
1
[[-198.14019775 -200.85325623 -163.99708557   -6.90643311]]
3
[[ -12.55342865   -6.60904694 -165.30369568 -140.26809692]]
1
[[-198.14019775 -200.85325623 -163.99708557   -6.90643311]]
3
[[ -12.55342865   -6.60904694 -165.30369568 -140.26809692]]
1
[[-198.14019775 -200.85325623 -163.99708557   -6.90643311]]
3
[[ -12.55342865   -6.60904694 -165.30369568 -140.26809692]]
1
[[-198.14019775 -200.85325623 -163.99708557   -6.90643311]]
3
[[ -12.55342865   -6.60904694 -165.30369568 -140.26809692]]
1
[[-198.14019775 -200.85325623 -163.99708557   -6.90643311]]
3
[[ -12.55342865   -6.60904694 -165.30369568 -140.26809692]]
1
[[-198.14019775 -200.85325623 -163.99708557   -6.90643311]]
3
[[ -12.55342865   -6.60904694 -165.30369568 -140.26809692]]
1
[[-198.14019775 -200.85325623 -163.99708557   -6.90643311]]
3
[[ -12.55342865   -6.60904694 -165.30369568 -140.26809692]]
1
[[-198.14019775 -200.85325623 -163.99708557   -6.90643311]]
3
[[ -12.55342865   -6.60904694 -165.30369568 -140.26809692]]
1
[[-198.14019775 -200.85325623 -163.99708557   -6.90643311]]
3
[[ -12.55342865   -6.60904694 -165.30369568 -140.26809692]]
1
[[-198.14019775 -200.85325623 -163.99708557   -6.90643311]]
3
[[ -12.55342865   -6.60904694 -165.30369568 -140.26809692]]
1
[[-198.14019775 -200.85325623 -163.99708557   -6.90643311]]
3
[[ -12.55342865   -6.60904694 -165.30369568 -140.26809692]]
1
[[-198.14019775 -200.85325623 -163.99708557   -6.90643311]]
3
[[ -12.55342865   -6.60904694 -165.30369568 -140.26809692]]
1
[[-198.14019775 -200.85325623 -163.99708557   -6.90643311]]
3
[[ -12.55342865   -6.60904694 -165.30369568 -140.26809692]]
1
[[-198.14019775 -200.85325623 -163.99708557   -6.90643311]]
3
[[ -12.55342865   -6.60904694 -165.30369568 -140.26809692]]
1
[[-198.14019775 -200.85325623 -163.99708557   -6.90643311]]
3
[[ -12.55342865   -6.60904694 -165.30369568 -140.26809692]]
1
[[-198.14019775 -200.85325623 -163.99708557   -6.90643311]]
3
[[ -12.55342865   -6.60904694 -165.30369568 -140.26809692]]
1
[[-198.14019775 -200.85325623 -163.99708557   -6.90643311]]
3
[[ -12.55342865   -6.60904694 -165.30369568 -140.26809692]]
1
[[-198.14019775 -200.85325623 -163.99708557   -6.90643311]]
3
[[ -12.55342865   -6.60904694 -165.30369568 -140.26809692]]
1
[[-198.14019775 -200.85325623 -163.99708557   -6.90643311]]
3
[[ -12.55342865   -6.60904694 -165.30369568 -140.26809692]]
1
[[-198.14019775 -200.85325623 -163.99708557   -6.90643311]]
3
[[ -12.55342865   -6.60904694 -165.30369568 -140.26809692]]
1
[[-198.14019775 -200.85325623 -163.99708557   -6.90643311]]
3
[[ -12.55342865   -6.60904694 -165.30369568 -140.26809692]]
1
[[-198.14019775 -200.85325623 -163.99708557   -6.90643311]]
3
[[ -12.55342865   -6.60904694 -165.30369568 -140.26809692]]
1
[[-198.14019775 -200.85325623 -163.99708557   -6.90643311]]
3
[[ -12.55342865   -6.60904694 -165.30369568 -140.26809692]]
1
[[-198.14019775 -200.85325623 -163.99708557   -6.90643311]]
3
[[ -12.55342865   -6.60904694 -165.30369568 -140.26809692]]
1
[[-198.14019775 -200.85325623 -163.99708557   -6.90643311]]
3
[[ -12.55342865   -6.60904694 -165.30369568 -140.26809692]]
1
[[-198.14019775 -200.85325623 -163.99708557   -6.90643311]]
3
[[ -12.55342865   -6.60904694 -165.30369568 -140.26809692]]
1
[[-198.14019775 -200.85325623 -163.99708557   -6.90643311]]
3
[[ -12.55342865   -6.60904694 -165.30369568 -140.26809692]]
1
[[-198.14019775 -200.85325623 -163.99708557   -6.90643311]]
3
[[ -12.55342865   -6.60904694 -165.30369568 -140.26809692]]
1
[[-198.14019775 -200.85325623 -163.99708557   -6.90643311]]
3
[[ -12.55342865   -6.60904694 -165.30369568 -140.26809692]]
1
[[-198.14019775 -200.85325623 -163.99708557   -6.90643311]]
3
[[ -12.55342865   -6.60904694 -165.30369568 -140.26809692]]
1
[[-198.14019775 -200.85325623 -163.99708557   -6.90643311]]
3
FAIL
9/19
