[[ -85.82009125 -102.05016327  -98.39813232  -66.94380188]]
3
[[ -90.10784149  -62.69419861 -113.806427    -64.00137329]]
1
[[ -85.82009125 -102.05016327  -98.39813232  -66.94380188]]
3
[[ -90.10784149  -62.69419861 -113.806427    -64.00137329]]
1
[[ -85.82009125 -102.05016327  -98.39813232  -66.94380188]]
3
[[ -90.10784149  -62.69419861 -113.806427    -64.00137329]]
1
[[ -85.82009125 -102.05016327  -98.39813232  -66.94380188]]
3
[[ -90.10784149  -62.69419861 -113.806427    -64.00137329]]
1
[[ -85.82009125 -102.05016327  -98.39813232  -66.94380188]]
3
[[ -90.10784149  -62.69419861 -113.806427    -64.00137329]]
1
[[ -85.82009125 -102.05016327  -98.39813232  -66.94380188]]
3
[[ -90.10784149  -62.69419861 -113.806427    -64.00137329]]
1
[[ -85.82009125 -102.05016327  -98.39813232  -66.94380188]]
3
[[ -90.10784149  -62.69419861 -113.806427    -64.00137329]]
1
[[ -85.82009125 -102.05016327  -98.39813232  -66.94380188]]
3
[[ -90.10784149  -62.69419861 -113.806427    -64.00137329]]
1
[[ -85.82009125 -102.05016327  -98.39813232  -66.94380188]]
3
[[ -90.10784149  -62.69419861 -113.806427    -64.00137329]]
1
[[ -85.82009125 -102.05016327  -98.39813232  -66.94380188]]
3
[[ -90.10784149  -62.69419861 -113.806427    -64.00137329]]
1
[[ -85.82009125 -102.05016327  -98.39813232  -66.94380188]]
3
[[ -90.10784149  -62.69419861 -113.806427    -64.00137329]]
1
[[ -85.82009125 -102.05016327  -98.39813232  -66.94380188]]
3
[[ -90.10784149  -62.69419861 -113.806427    -64.00137329]]
1
[[ -85.82009125 -102.05016327  -98.39813232  -66.94380188]]
3
[[ -90.10784149  -62.69419861 -113.806427    -64.00137329]]
1
[[ -85.82009125 -102.05016327  -98.39813232  -66.94380188]]
3
[[ -90.10784149  -62.69419861 -113.806427    -64.00137329]]
1
[[ -85.82009125 -102.05016327  -98.39813232  -66.94380188]]
3
[[ -90.10784149  -62.69419861 -113.806427    -64.00137329]]
1
[[ -85.82009125 -102.05016327  -98.39813232  -66.94380188]]
3
[[ -90.10784149  -62.69419861 -113.806427    -64.00137329]]
1
[[ -85.82009125 -102.05016327  -98.39813232  -66.94380188]]
3
[[ -90.10784149  -62.69419861 -113.806427    -64.00137329]]
1
[[ -85.82009125 -102.05016327  -98.39813232  -66.94380188]]
3
[[ -90.10784149  -62.69419861 -113.806427    -64.00137329]]
1
[[ -85.82009125 -102.05016327  -98.39813232  -66.94380188]]
3
[[ -90.10784149  -62.69419861 -113.806427    -64.00137329]]
1
[[ -85.82009125 -102.05016327  -98.39813232  -66.94380188]]
3
[[ -90.10784149  -62.69419861 -113.806427    -64.00137329]]
1
[[ -85.82009125 -102.05016327  -98.39813232  -66.94380188]]
3
[[ -90.10784149  -62.69419861 -113.806427    -64.00137329]]
1
[[ -85.82009125 -102.05016327  -98.39813232  -66.94380188]]
3
[[ -90.10784149  -62.69419861 -113.806427    -64.00137329]]
1
[[ -85.82009125 -102.05016327  -98.39813232  -66.94380188]]
3
[[ -90.10784149  -62.69419861 -113.806427    -64.00137329]]
1
[[ -85.82009125 -102.05016327  -98.39813232  -66.94380188]]
3
[[ -90.10784149  -62.69419861 -113.806427    -64.00137329]]
1
[[ -85.82009125 -102.05016327  -98.39813232  -66.94380188]]
3
[[ -90.10784149  -62.69419861 -113.806427    -64.00137329]]
1
[[ -85.82009125 -102.05016327  -98.39813232  -66.94380188]]
3
[[ -90.10784149  -62.69419861 -113.806427    -64.00137329]]
1
[[ -85.82009125 -102.05016327  -98.39813232  -66.94380188]]
3
[[ -90.10784149  -62.69419861 -113.806427    -64.00137329]]
1
[[ -85.82009125 -102.05016327  -98.39813232  -66.94380188]]
3
[[ -90.10784149  -62.69419861 -113.806427    -64.00137329]]
1
[[ -85.82009125 -102.05016327  -98.39813232  -66.94380188]]
3
[[ -90.10784149  -62.69419861 -113.806427    -64.00137329]]
1
[[ -85.82009125 -102.05016327  -98.39813232  -66.94380188]]
3
[[ -90.10784149  -62.69419861 -113.806427    -64.00137329]]
1
[[ -85.82009125 -102.05016327  -98.39813232  -66.94380188]]
3
[[ -90.10784149  -62.69419861 -113.806427    -64.00137329]]
1
[[ -85.82009125 -102.05016327  -98.39813232  -66.94380188]]
3
[[ -90.10784149  -62.69419861 -113.806427    -64.00137329]]
1
[[ -85.82009125 -102.05016327  -98.39813232  -66.94380188]]
3
[[ -90.10784149  -62.69419861 -113.806427    -64.00137329]]
1
[[ -85.82009125 -102.05016327  -98.39813232  -66.94380188]]
3
[[ -90.10784149  -62.69419861 -113.806427    -64.00137329]]
1
[[ -85.82009125 -102.05016327  -98.39813232  -66.94380188]]
3
[[ -90.10784149  -62.69419861 -113.806427    -64.00137329]]
1
[[ -85.82009125 -102.05016327  -98.39813232  -66.94380188]]
3
[[ -90.10784149  -62.69419861 -113.806427    -64.00137329]]
1
[[ -85.82009125 -102.05016327  -98.39813232  -66.94380188]]
3
[[ -90.10784149  -62.69419861 -113.806427    -64.00137329]]
1
[[ -85.82009125 -102.05016327  -98.39813232  -66.94380188]]
3
[[ -90.10784149  -62.69419861 -113.806427    -64.00137329]]
1
[[ -85.82009125 -102.05016327  -98.39813232  -66.94380188]]
3
[[ -90.10784149  -62.69419861 -113.806427    -64.00137329]]
1
[[ -85.82009125 -102.05016327  -98.39813232  -66.94380188]]
3
[[ -90.10784149  -62.69419861 -113.806427    -64.00137329]]
1
[[ -85.82009125 -102.05016327  -98.39813232  -66.94380188]]
3
[[ -90.10784149  -62.69419861 -113.806427    -64.00137329]]
1
[[ -85.82009125 -102.05016327  -98.39813232  -66.94380188]]
3
[[ -90.10784149  -62.69419861 -113.806427    -64.00137329]]
1
[[ -85.82009125 -102.05016327  -98.39813232  -66.94380188]]
3
[[ -90.10784149  -62.69419861 -113.806427    -64.00137329]]
1
[[ -85.82009125 -102.05016327  -98.39813232  -66.94380188]]
3
[[ -90.10784149  -62.69419861 -113.806427    -64.00137329]]
1
[[ -85.82009125 -102.05016327  -98.39813232  -66.94380188]]
3
[[ -90.10784149  -62.69419861 -113.806427    -64.00137329]]
1
[[ -85.82009125 -102.05016327  -98.39813232  -66.94380188]]
3
[[ -90.10784149  -62.69419861 -113.806427    -64.00137329]]
1
[[ -85.82009125 -102.05016327  -98.39813232  -66.94380188]]
3
[[ -90.10784149  -62.69419861 -113.806427    -64.00137329]]
1
[[ -85.82009125 -102.05016327  -98.39813232  -66.94380188]]
3
[[ -90.10784149  -62.69419861 -113.806427    -64.00137329]]
1
[[ -85.82009125 -102.05016327  -98.39813232  -66.94380188]]
3
[[ -90.10784149  -62.69419861 -113.806427    -64.00137329]]
1
[[ -85.82009125 -102.05016327  -98.39813232  -66.94380188]]
3
[[ -90.10784149  -62.69419861 -113.806427    -64.00137329]]
1
[[ -85.82009125 -102.05016327  -98.39813232  -66.94380188]]
3
FAIL
1/9
