[[-233.35446167 -102.13813782  -24.09657288 -212.44952393]]
2
[[ -34.88513947  -80.86801147  -21.54083252 -122.8927536 ]]
2
[[ -9.73729706 -56.1423912  -33.66349792 -81.03512573]]
0
[[ -34.88513947  -80.86801147  -21.54083252 -122.8927536 ]]
2
[[ -9.73729706 -56.1423912  -33.66349792 -81.03512573]]
0
[[ -34.88513947  -80.86801147  -21.54083252 -122.8927536 ]]
2
[[ -9.73729706 -56.1423912  -33.66349792 -81.03512573]]
0
[[ -34.88513947  -80.86801147  -21.54083252 -122.8927536 ]]
2
[[ -9.73729706 -56.1423912  -33.66349792 -81.03512573]]
0
[[ -34.88513947  -80.86801147  -21.54083252 -122.8927536 ]]
2
[[ -9.73729706 -56.1423912  -33.66349792 -81.03512573]]
0
[[ -34.88513947  -80.86801147  -21.54083252 -122.8927536 ]]
2
[[ -9.73729706 -56.1423912  -33.66349792 -81.03512573]]
0
[[ -34.88513947  -80.86801147  -21.54083252 -122.8927536 ]]
2
[[ -9.73729706 -56.1423912  -33.66349792 -81.03512573]]
0
[[ -34.88513947  -80.86801147  -21.54083252 -122.8927536 ]]
2
[[ -9.73729706 -56.1423912  -33.66349792 -81.03512573]]
0
[[ -34.88513947  -80.86801147  -21.54083252 -122.8927536 ]]
2
[[ -9.73729706 -56.1423912  -33.66349792 -81.03512573]]
0
[[ -34.88513947  -80.86801147  -21.54083252 -122.8927536 ]]
2
[[ -9.73729706 -56.1423912  -33.66349792 -81.03512573]]
0
[[ -34.88513947  -80.86801147  -21.54083252 -122.8927536 ]]
2
[[ -9.73729706 -56.1423912  -33.66349792 -81.03512573]]
0
[[ -34.88513947  -80.86801147  -21.54083252 -122.8927536 ]]
2
[[ -9.73729706 -56.1423912  -33.66349792 -81.03512573]]
0
[[ -34.88513947  -80.86801147  -21.54083252 -122.8927536 ]]
2
[[ -9.73729706 -56.1423912  -33.66349792 -81.03512573]]
0
[[ -34.88513947  -80.86801147  -21.54083252 -122.8927536 ]]
2
[[ -9.73729706 -56.1423912  -33.66349792 -81.03512573]]
0
[[ -34.88513947  -80.86801147  -21.54083252 -122.8927536 ]]
2
[[ -9.73729706 -56.1423912  -33.66349792 -81.03512573]]
0
[[ -34.88513947  -80.86801147  -21.54083252 -122.8927536 ]]
2
[[ -9.73729706 -56.1423912  -33.66349792 -81.03512573]]
0
[[ -34.88513947  -80.86801147  -21.54083252 -122.8927536 ]]
2
[[ -9.73729706 -56.1423912  -33.66349792 -81.03512573]]
0
[[ -34.88513947  -80.86801147  -21.54083252 -122.8927536 ]]
2
[[ -9.73729706 -56.1423912  -33.66349792 -81.03512573]]
0
[[ -34.88513947  -80.86801147  -21.54083252 -122.8927536 ]]
2
[[ -9.73729706 -56.1423912  -33.66349792 -81.03512573]]
0
[[ -34.88513947  -80.86801147  -21.54083252 -122.8927536 ]]
2
[[ -9.73729706 -56.1423912  -33.66349792 -81.03512573]]
0
[[ -34.88513947  -80.86801147  -21.54083252 -122.8927536 ]]
2
[[ -9.73729706 -56.1423912  -33.66349792 -81.03512573]]
0
[[ -34.88513947  -80.86801147  -21.54083252 -122.8927536 ]]
2
[[ -9.73729706 -56.1423912  -33.66349792 -81.03512573]]
0
[[ -34.88513947  -80.86801147  -21.54083252 -122.8927536 ]]
2
[[ -9.73729706 -56.1423912  -33.66349792 -81.03512573]]
0
[[ -34.88513947  -80.86801147  -21.54083252 -122.8927536 ]]
2
[[ -9.73729706 -56.1423912  -33.66349792 -81.03512573]]
0
[[ -34.88513947  -80.86801147  -21.54083252 -122.8927536 ]]
2
[[ -9.73729706 -56.1423912  -33.66349792 -81.03512573]]
0
[[ -34.88513947  -80.86801147  -21.54083252 -122.8927536 ]]
2
[[ -9.73729706 -56.1423912  -33.66349792 -81.03512573]]
0
[[ -34.88513947  -80.86801147  -21.54083252 -122.8927536 ]]
2
[[ -9.73729706 -56.1423912  -33.66349792 -81.03512573]]
0
[[ -34.88513947  -80.86801147  -21.54083252 -122.8927536 ]]
2
[[ -9.73729706 -56.1423912  -33.66349792 -81.03512573]]
0
[[ -34.88513947  -80.86801147  -21.54083252 -122.8927536 ]]
2
[[ -9.73729706 -56.1423912  -33.66349792 -81.03512573]]
0
[[ -34.88513947  -80.86801147  -21.54083252 -122.8927536 ]]
2
[[ -9.73729706 -56.1423912  -33.66349792 -81.03512573]]
0
[[ -34.88513947  -80.86801147  -21.54083252 -122.8927536 ]]
2
[[ -9.73729706 -56.1423912  -33.66349792 -81.03512573]]
0
[[ -34.88513947  -80.86801147  -21.54083252 -122.8927536 ]]
2
[[ -9.73729706 -56.1423912  -33.66349792 -81.03512573]]
0
[[ -34.88513947  -80.86801147  -21.54083252 -122.8927536 ]]
2
[[ -9.73729706 -56.1423912  -33.66349792 -81.03512573]]
0
[[ -34.88513947  -80.86801147  -21.54083252 -122.8927536 ]]
2
[[ -9.73729706 -56.1423912  -33.66349792 -81.03512573]]
0
[[ -34.88513947  -80.86801147  -21.54083252 -122.8927536 ]]
2
[[ -9.73729706 -56.1423912  -33.66349792 -81.03512573]]
0
[[ -34.88513947  -80.86801147  -21.54083252 -122.8927536 ]]
2
[[ -9.73729706 -56.1423912  -33.66349792 -81.03512573]]
0
[[ -34.88513947  -80.86801147  -21.54083252 -122.8927536 ]]
2
[[ -9.73729706 -56.1423912  -33.66349792 -81.03512573]]
0
[[ -34.88513947  -80.86801147  -21.54083252 -122.8927536 ]]
2
[[ -9.73729706 -56.1423912  -33.66349792 -81.03512573]]
0
[[ -34.88513947  -80.86801147  -21.54083252 -122.8927536 ]]
2
[[ -9.73729706 -56.1423912  -33.66349792 -81.03512573]]
0
[[ -34.88513947  -80.86801147  -21.54083252 -122.8927536 ]]
2
[[ -9.73729706 -56.1423912  -33.66349792 -81.03512573]]
0
[[ -34.88513947  -80.86801147  -21.54083252 -122.8927536 ]]
2
[[ -9.73729706 -56.1423912  -33.66349792 -81.03512573]]
0
[[ -34.88513947  -80.86801147  -21.54083252 -122.8927536 ]]
2
[[ -9.73729706 -56.1423912  -33.66349792 -81.03512573]]
0
[[ -34.88513947  -80.86801147  -21.54083252 -122.8927536 ]]
2
[[ -9.73729706 -56.1423912  -33.66349792 -81.03512573]]
0
[[ -34.88513947  -80.86801147  -21.54083252 -122.8927536 ]]
2
[[ -9.73729706 -56.1423912  -33.66349792 -81.03512573]]
0
[[ -34.88513947  -80.86801147  -21.54083252 -122.8927536 ]]
2
[[ -9.73729706 -56.1423912  -33.66349792 -81.03512573]]
0
[[ -34.88513947  -80.86801147  -21.54083252 -122.8927536 ]]
2
[[ -9.73729706 -56.1423912  -33.66349792 -81.03512573]]
0
[[ -34.88513947  -80.86801147  -21.54083252 -122.8927536 ]]
2
[[ -9.73729706 -56.1423912  -33.66349792 -81.03512573]]
0
[[ -34.88513947  -80.86801147  -21.54083252 -122.8927536 ]]
2
[[ -9.73729706 -56.1423912  -33.66349792 -81.03512573]]
0
[[ -34.88513947  -80.86801147  -21.54083252 -122.8927536 ]]
2
[[ -9.73729706 -56.1423912  -33.66349792 -81.03512573]]
0
[[ -34.88513947  -80.86801147  -21.54083252 -122.8927536 ]]
2
[[ -9.73729706 -56.1423912  -33.66349792 -81.03512573]]
0
FAIL
2/31
