[[-105.03494263  -27.41049576  -97.03140259 -120.00282288]]
1
[[-109.32367706  -32.78620148  -95.17152405  -97.28105927]]
1
[[-112.78436279 -120.37819672  -41.56659698  -99.35762787]]
2
[[-117.07680511  -15.37440491  -99.20127869 -169.10258484]]
1
[[-245.39212036  -91.02602386  -12.53085327 -115.02294922]]
2
[[ -67.68768311  -13.19955444 -281.75906372 -209.05802917]]
1
[[-195.1519165    80.53142548  167.63696289   40.02053833]]
2
[[   0.91230774   60.43574524  573.6529541    60.09357452]]
2
PASS
8/8
