[[ -29.73500443  -80.19126892 -113.64803314 -103.88056183]]
0
[[-15.25009537 -99.56453705 -69.58254242 -96.04786682]]
0
[[ -14.38217926 -123.30575562  -51.87809753 -104.64274597]]
0
[[ -14.74203491  -79.59008026  -50.24995041 -145.60449219]]
0
[[ -26.0471344  -167.40863037 -104.05601501 -198.40557861]]
0
[[-123.24056244  -30.81751251  -41.01602173 -144.05410767]]
1
[[ -23.96946716 -202.50738525  -88.0473938   -45.46581268]]
0
[[  -9.86785889  -42.38345337 -181.14859009 -304.4418335 ]]
0
[[-204.4276123  -202.33416748 -165.14067078   -6.8420105 ]]
3
[[ -12.56106567   -8.25486755 -166.53367615 -141.48638916]]
1
[[-204.4276123  -202.33416748 -165.14067078   -6.8420105 ]]
3
[[ -12.56106567   -8.25486755 -166.53367615 -141.48638916]]
1
[[-204.4276123  -202.33416748 -165.14067078   -6.8420105 ]]
3
[[ -12.56106567   -8.25486755 -166.53367615 -141.48638916]]
1
[[-204.4276123  -202.33416748 -165.14067078   -6.8420105 ]]
3
[[ -12.56106567   -8.25486755 -166.53367615 -141.48638916]]
1
[[-204.4276123  -202.33416748 -165.14067078   -6.8420105 ]]
3
[[ -12.56106567   -8.25486755 -166.53367615 -141.48638916]]
1
[[-204.4276123  -202.33416748 -165.14067078   -6.8420105 ]]
3
[[ -12.56106567   -8.25486755 -166.53367615 -141.48638916]]
1
[[-204.4276123  -202.33416748 -165.14067078   -6.8420105 ]]
3
[[ -12.56106567   -8.25486755 -166.53367615 -141.48638916]]
1
[[-204.4276123  -202.33416748 -165.14067078   -6.8420105 ]]
3
[[ -12.56106567   -8.25486755 -166.53367615 -141.48638916]]
1
[[-204.4276123  -202.33416748 -165.14067078   -6.8420105 ]]
3
[[ -12.56106567   -8.25486755 -166.53367615 -141.48638916]]
1
[[-204.4276123  -202.33416748 -165.14067078   -6.8420105 ]]
3
[[ -12.56106567   -8.25486755 -166.53367615 -141.48638916]]
1
[[-204.4276123  -202.33416748 -165.14067078   -6.8420105 ]]
3
[[ -12.56106567   -8.25486755 -166.53367615 -141.48638916]]
1
[[-204.4276123  -202.33416748 -165.14067078   -6.8420105 ]]
3
[[ -12.56106567   -8.25486755 -166.53367615 -141.48638916]]
1
[[-204.4276123  -202.33416748 -165.14067078   -6.8420105 ]]
3
[[ -12.56106567   -8.25486755 -166.53367615 -141.48638916]]
1
[[-204.4276123  -202.33416748 -165.14067078   -6.8420105 ]]
3
[[ -12.56106567   -8.25486755 -166.53367615 -141.48638916]]
1
[[-204.4276123  -202.33416748 -165.14067078   -6.8420105 ]]
3
[[ -12.56106567   -8.25486755 -166.53367615 -141.48638916]]
1
[[-204.4276123  -202.33416748 -165.14067078   -6.8420105 ]]
3
[[ -12.56106567   -8.25486755 -166.53367615 -141.48638916]]
1
[[-204.4276123  -202.33416748 -165.14067078   -6.8420105 ]]
3
[[ -12.56106567   -8.25486755 -166.53367615 -141.48638916]]
1
[[-204.4276123  -202.33416748 -165.14067078   -6.8420105 ]]
3
[[ -12.56106567   -8.25486755 -166.53367615 -141.48638916]]
1
[[-204.4276123  -202.33416748 -165.14067078   -6.8420105 ]]
3
[[ -12.56106567   -8.25486755 -166.53367615 -141.48638916]]
1
[[-204.4276123  -202.33416748 -165.14067078   -6.8420105 ]]
3
[[ -12.56106567   -8.25486755 -166.53367615 -141.48638916]]
1
[[-204.4276123  -202.33416748 -165.14067078   -6.8420105 ]]
3
[[ -12.56106567   -8.25486755 -166.53367615 -141.48638916]]
1
[[-204.4276123  -202.33416748 -165.14067078   -6.8420105 ]]
3
[[ -12.56106567   -8.25486755 -166.53367615 -141.48638916]]
1
[[-204.4276123  -202.33416748 -165.14067078   -6.8420105 ]]
3
[[ -12.56106567   -8.25486755 -166.53367615 -141.48638916]]
1
[[-204.4276123  -202.33416748 -165.14067078   -6.8420105 ]]
3
[[ -12.56106567   -8.25486755 -166.53367615 -141.48638916]]
1
[[-204.4276123  -202.33416748 -165.14067078   -6.8420105 ]]
3
[[ -12.56106567   -8.25486755 -166.53367615 -141.48638916]]
1
[[-204.4276123  -202.33416748 -165.14067078   -6.8420105 ]]
3
[[ -12.56106567   -8.25486755 -166.53367615 -141.48638916]]
1
[[-204.4276123  -202.33416748 -165.14067078   -6.8420105 ]]
3
[[ -12.56106567   -8.25486755 -166.53367615 -141.48638916]]
1
[[-204.4276123  -202.33416748 -165.14067078   -6.8420105 ]]
3
[[ -12.56106567   -8.25486755 -166.53367615 -141.48638916]]
1
[[-204.4276123  -202.33416748 -165.14067078   -6.8420105 ]]
3
[[ -12.56106567   -8.25486755 -166.53367615 -141.48638916]]
1
[[-204.4276123  -202.33416748 -165.14067078   -6.8420105 ]]
3
[[ -12.56106567   -8.25486755 -166.53367615 -141.48638916]]
1
[[-204.4276123  -202.33416748 -165.14067078   -6.8420105 ]]
3
[[ -12.56106567   -8.25486755 -166.53367615 -141.48638916]]
1
[[-204.4276123  -202.33416748 -165.14067078   -6.8420105 ]]
3
[[ -12.56106567   -8.25486755 -166.53367615 -141.48638916]]
1
[[-204.4276123  -202.33416748 -165.14067078   -6.8420105 ]]
3
[[ -12.56106567   -8.25486755 -166.53367615 -141.48638916]]
1
[[-204.4276123  -202.33416748 -165.14067078   -6.8420105 ]]
3
[[ -12.56106567   -8.25486755 -166.53367615 -141.48638916]]
1
[[-204.4276123  -202.33416748 -165.14067078   -6.8420105 ]]
3
[[ -12.56106567   -8.25486755 -166.53367615 -141.48638916]]
1
[[-204.4276123  -202.33416748 -165.14067078   -6.8420105 ]]
3
[[ -12.56106567   -8.25486755 -166.53367615 -141.48638916]]
1
[[-204.4276123  -202.33416748 -165.14067078   -6.8420105 ]]
3
[[ -12.56106567   -8.25486755 -166.53367615 -141.48638916]]
1
[[-204.4276123  -202.33416748 -165.14067078   -6.8420105 ]]
3
[[ -12.56106567   -8.25486755 -166.53367615 -141.48638916]]
1
[[-204.4276123  -202.33416748 -165.14067078   -6.8420105 ]]
3
[[ -12.56106567   -8.25486755 -166.53367615 -141.48638916]]
1
[[-204.4276123  -202.33416748 -165.14067078   -6.8420105 ]]
3
[[ -12.56106567   -8.25486755 -166.53367615 -141.48638916]]
1
[[-204.4276123  -202.33416748 -165.14067078   -6.8420105 ]]
3
[[ -12.56106567   -8.25486755 -166.53367615 -141.48638916]]
1
[[-204.4276123  -202.33416748 -165.14067078   -6.8420105 ]]
3
[[ -12.56106567   -8.25486755 -166.53367615 -141.48638916]]
1
[[-204.4276123  -202.33416748 -165.14067078   -6.8420105 ]]
3
[[ -12.56106567   -8.25486755 -166.53367615 -141.48638916]]
1
[[-204.4276123  -202.33416748 -165.14067078   -6.8420105 ]]
3
[[ -12.56106567   -8.25486755 -166.53367615 -141.48638916]]
1
[[-204.4276123  -202.33416748 -165.14067078   -6.8420105 ]]
3
[[ -12.56106567   -8.25486755 -166.53367615 -141.48638916]]
1
[[-204.4276123  -202.33416748 -165.14067078   -6.8420105 ]]
3
[[ -12.56106567   -8.25486755 -166.53367615 -141.48638916]]
1
[[-204.4276123  -202.33416748 -165.14067078   -6.8420105 ]]
3
FAIL
9/19
