[[-233.81239319 -101.76035309  -24.09884644 -212.12820435]]
2
[[ -35.26616669  -80.73794556  -22.3415451  -122.08202362]]
2
[[-10.80113983 -57.59752274 -33.69469833 -80.42870331]]
0
[[ -35.26616669  -80.73794556  -22.3415451  -122.08202362]]
2
[[-10.80113983 -57.59752274 -33.69469833 -80.42870331]]
0
[[ -35.26616669  -80.73794556  -22.3415451  -122.08202362]]
2
[[-10.80113983 -57.59752274 -33.69469833 -80.42870331]]
0
[[ -35.26616669  -80.73794556  -22.3415451  -122.08202362]]
2
[[-10.80113983 -57.59752274 -33.69469833 -80.42870331]]
0
[[ -35.26616669  -80.73794556  -22.3415451  -122.08202362]]
2
[[-10.80113983 -57.59752274 -33.69469833 -80.42870331]]
0
[[ -35.26616669  -80.73794556  -22.3415451  -122.08202362]]
2
[[-10.80113983 -57.59752274 -33.69469833 -80.42870331]]
0
[[ -35.26616669  -80.73794556  -22.3415451  -122.08202362]]
2
[[-10.80113983 -57.59752274 -33.69469833 -80.42870331]]
0
[[ -35.26616669  -80.73794556  -22.3415451  -122.08202362]]
2
[[-10.80113983 -57.59752274 -33.69469833 -80.42870331]]
0
[[ -35.26616669  -80.73794556  -22.3415451  -122.08202362]]
2
[[-10.80113983 -57.59752274 -33.69469833 -80.42870331]]
0
[[ -35.26616669  -80.73794556  -22.3415451  -122.08202362]]
2
[[-10.80113983 -57.59752274 -33.69469833 -80.42870331]]
0
[[ -35.26616669  -80.73794556  -22.3415451  -122.08202362]]
2
[[-10.80113983 -57.59752274 -33.69469833 -80.42870331]]
0
[[ -35.26616669  -80.73794556  -22.3415451  -122.08202362]]
2
[[-10.80113983 -57.59752274 -33.69469833 -80.42870331]]
0
[[ -35.26616669  -80.73794556  -22.3415451  -122.08202362]]
2
[[-10.80113983 -57.59752274 -33.69469833 -80.42870331]]
0
[[ -35.26616669  -80.73794556  -22.3415451  -122.08202362]]
2
[[-10.80113983 -57.59752274 -33.69469833 -80.42870331]]
0
[[ -35.26616669  -80.73794556  -22.3415451  -122.08202362]]
2
[[-10.80113983 -57.59752274 -33.69469833 -80.42870331]]
0
[[ -35.26616669  -80.73794556  -22.3415451  -122.08202362]]
2
[[-10.80113983 -57.59752274 -33.69469833 -80.42870331]]
0
[[ -35.26616669  -80.73794556  -22.3415451  -122.08202362]]
2
[[-10.80113983 -57.59752274 -33.69469833 -80.42870331]]
0
[[ -35.26616669  -80.73794556  -22.3415451  -122.08202362]]
2
[[-10.80113983 -57.59752274 -33.69469833 -80.42870331]]
0
[[ -35.26616669  -80.73794556  -22.3415451  -122.08202362]]
2
[[-10.80113983 -57.59752274 -33.69469833 -80.42870331]]
0
[[ -35.26616669  -80.73794556  -22.3415451  -122.08202362]]
2
[[-10.80113983 -57.59752274 -33.69469833 -80.42870331]]
0
[[ -35.26616669  -80.73794556  -22.3415451  -122.08202362]]
2
[[-10.80113983 -57.59752274 -33.69469833 -80.42870331]]
0
[[ -35.26616669  -80.73794556  -22.3415451  -122.08202362]]
2
[[-10.80113983 -57.59752274 -33.69469833 -80.42870331]]
0
[[ -35.26616669  -80.73794556  -22.3415451  -122.08202362]]
2
[[-10.80113983 -57.59752274 -33.69469833 -80.42870331]]
0
[[ -35.26616669  -80.73794556  -22.3415451  -122.08202362]]
2
[[-10.80113983 -57.59752274 -33.69469833 -80.42870331]]
0
[[ -35.26616669  -80.73794556  -22.3415451  -122.08202362]]
2
[[-10.80113983 -57.59752274 -33.69469833 -80.42870331]]
0
[[ -35.26616669  -80.73794556  -22.3415451  -122.08202362]]
2
[[-10.80113983 -57.59752274 -33.69469833 -80.42870331]]
0
[[ -35.26616669  -80.73794556  -22.3415451  -122.08202362]]
2
[[-10.80113983 -57.59752274 -33.69469833 -80.42870331]]
0
[[ -35.26616669  -80.73794556  -22.3415451  -122.08202362]]
2
[[-10.80113983 -57.59752274 -33.69469833 -80.42870331]]
0
[[ -35.26616669  -80.73794556  -22.3415451  -122.08202362]]
2
[[-10.80113983 -57.59752274 -33.69469833 -80.42870331]]
0
[[ -35.26616669  -80.73794556  -22.3415451  -122.08202362]]
2
[[-10.80113983 -57.59752274 -33.69469833 -80.42870331]]
0
[[ -35.26616669  -80.73794556  -22.3415451  -122.08202362]]
2
[[-10.80113983 -57.59752274 -33.69469833 -80.42870331]]
0
[[ -35.26616669  -80.73794556  -22.3415451  -122.08202362]]
2
[[-10.80113983 -57.59752274 -33.69469833 -80.42870331]]
0
[[ -35.26616669  -80.73794556  -22.3415451  -122.08202362]]
2
[[-10.80113983 -57.59752274 -33.69469833 -80.42870331]]
0
[[ -35.26616669  -80.73794556  -22.3415451  -122.08202362]]
2
[[-10.80113983 -57.59752274 -33.69469833 -80.42870331]]
0
[[ -35.26616669  -80.73794556  -22.3415451  -122.08202362]]
2
[[-10.80113983 -57.59752274 -33.69469833 -80.42870331]]
0
[[ -35.26616669  -80.73794556  -22.3415451  -122.08202362]]
2
[[-10.80113983 -57.59752274 -33.69469833 -80.42870331]]
0
[[ -35.26616669  -80.73794556  -22.3415451  -122.08202362]]
2
[[-10.80113983 -57.59752274 -33.69469833 -80.42870331]]
0
[[ -35.26616669  -80.73794556  -22.3415451  -122.08202362]]
2
[[-10.80113983 -57.59752274 -33.69469833 -80.42870331]]
0
[[ -35.26616669  -80.73794556  -22.3415451  -122.08202362]]
2
[[-10.80113983 -57.59752274 -33.69469833 -80.42870331]]
0
[[ -35.26616669  -80.73794556  -22.3415451  -122.08202362]]
2
[[-10.80113983 -57.59752274 -33.69469833 -80.42870331]]
0
[[ -35.26616669  -80.73794556  -22.3415451  -122.08202362]]
2
[[-10.80113983 -57.59752274 -33.69469833 -80.42870331]]
0
[[ -35.26616669  -80.73794556  -22.3415451  -122.08202362]]
2
[[-10.80113983 -57.59752274 -33.69469833 -80.42870331]]
0
[[ -35.26616669  -80.73794556  -22.3415451  -122.08202362]]
2
[[-10.80113983 -57.59752274 -33.69469833 -80.42870331]]
0
[[ -35.26616669  -80.73794556  -22.3415451  -122.08202362]]
2
[[-10.80113983 -57.59752274 -33.69469833 -80.42870331]]
0
[[ -35.26616669  -80.73794556  -22.3415451  -122.08202362]]
2
[[-10.80113983 -57.59752274 -33.69469833 -80.42870331]]
0
[[ -35.26616669  -80.73794556  -22.3415451  -122.08202362]]
2
[[-10.80113983 -57.59752274 -33.69469833 -80.42870331]]
0
[[ -35.26616669  -80.73794556  -22.3415451  -122.08202362]]
2
[[-10.80113983 -57.59752274 -33.69469833 -80.42870331]]
0
[[ -35.26616669  -80.73794556  -22.3415451  -122.08202362]]
2
[[-10.80113983 -57.59752274 -33.69469833 -80.42870331]]
0
[[ -35.26616669  -80.73794556  -22.3415451  -122.08202362]]
2
[[-10.80113983 -57.59752274 -33.69469833 -80.42870331]]
0
[[ -35.26616669  -80.73794556  -22.3415451  -122.08202362]]
2
[[-10.80113983 -57.59752274 -33.69469833 -80.42870331]]
0
FAIL
2/31
