[[ -83.70259094  -38.0435524  -121.21879578  -79.67834473]]
1
[[ -85.1050415   -44.0078125  -123.70196533  -75.58050537]]
1
[[ -44.35186005  -95.44571686 -119.23101044  -63.64744186]]
0
[[-108.36206055   -8.23044586  -88.42977142 -118.26647949]]
1
[[ -22.01895142  -87.85283661 -152.11352539  -84.61408997]]
0
[[ -13.75376892  -97.71008301  -74.51509094 -114.76144409]]
0
[[-98.74349976 -20.82033539 -42.65815353 -94.23999023]]
1
[[ -47.70602417  -85.18089294 -107.68622589  -84.33224487]]
0
[[ -24.64874268 -113.31652069  -92.27109528  -91.10513306]]
0
[[ -32.23002243  -88.95542908  -38.68610382 -115.09880829]]
0
[[ -94.20731354 -117.73101807  -84.79191589  -35.44087601]]
3
[[ -18.96375275 -104.11914825 -149.12667847 -147.870224  ]]
0
[[-124.157547   -134.13682556  -37.18202972  -18.48587799]]
3
[[  -8.56484604  -27.20236588  -82.37374878 -122.00549316]]
0
[[ -27.84001923  -93.71743774 -111.47727203 -177.26205444]]
0
[[-109.11801147  -54.51560593  -96.5080719   -49.66009903]]
3
[[-94.61027527 -56.88982773 -85.13744354 -29.73953247]]
3
[[-111.55323029  -66.03392029  -23.95572662  -28.81103706]]
2
[[ -59.30434799  -90.30700684  -27.75704193 -119.92298889]]
2
[[ -83.39125061 -153.23806763 -112.26888275   25.80541992]]
3
[[-195.1519165    80.53142548  167.63696289   40.02053833]]
2
[[   0.91230774   60.43574524  573.6529541    60.09357452]]
2
PASS
22/22
