[[ -85.90938568 -101.3473587   -99.2872467   -65.55027771]]
3
[[ -90.08531189  -62.8808136  -114.64632416  -62.29599762]]
3
[[-109.11801147  -54.51560593  -96.5080719   -49.66009903]]
3
[[-94.61027527 -56.88982773 -85.13744354 -29.73953247]]
3
[[-111.55323029  -66.03392029  -23.95572662  -28.81103706]]
2
[[ -59.30434799  -90.30700684  -27.75704193 -119.92298889]]
2
[[ -83.39125061 -153.23806763 -112.26888275   25.80541992]]
3
[[-195.1519165    80.53142548  167.63696289   40.02053833]]
2
[[   0.91230774   60.43574524  573.6529541    60.09357452]]
2
PASS
9/9
