[[ -85.84155273 -101.00921631  -99.72722626  -64.83351135]]
3
[[ -90.01327515  -63.54422379 -114.93856812  -61.17999268]]
3
[[-108.61685944  -54.90727234  -97.19410706  -49.26284027]]
3
[[-94.27088928 -57.29314804 -85.83172607 -29.50315857]]
3
[[-111.82374573  -66.80353546  -24.1966629   -28.92831993]]
2
[[ -59.36766815  -90.64515686  -27.76939774 -119.55487823]]
2
[[ -83.39798737 -152.52566528 -111.5967865    28.19036865]]
3
[[-195.82487488   84.29183197  174.56617737   42.63066864]]
2
[[   2.16859436   63.29034424  582.89605713   62.72843933]]
2
PASS
9/9
