[[ -83.49980164  -38.17838287 -121.90400696  -79.01495361]]
1
[[ -84.63806915  -44.15953064 -124.4226532   -74.98530579]]
1
[[ -43.30371475  -95.26260376 -119.97660065  -62.85991287]]
0
[[-107.33222198   -8.33318329  -89.27001953 -117.01882935]]
1
[[ -21.32846832  -87.22620392 -152.62628174  -84.1887207 ]]
0
[[ -13.63611603  -97.50309753  -75.90787506 -114.0817337 ]]
0
[[-98.57901764 -21.24171448 -44.53856277 -93.95335388]]
1
[[ -46.86920547  -84.9332962  -108.21000671  -84.04022217]]
0
[[ -24.4810524  -113.14030457  -92.9158783   -91.06852722]]
0
[[ -32.12300873  -89.51859283  -39.20963287 -114.70341492]]
0
[[ -94.58548737 -117.62718201  -84.93983459  -34.74995422]]
3
[[ -18.97893524 -104.0009079  -148.95181274 -147.55758667]]
0
[[-124.16273499 -134.2232666   -36.86067581  -18.02418137]]
3
[[  -9.2263031   -28.1392746   -83.08667755 -120.94261169]]
0
[[ -28.57533264  -93.95478821 -111.383461   -176.74621582]]
0
[[-108.61685944  -54.90727234  -97.19410706  -49.26284027]]
3
[[-94.27088928 -57.29314804 -85.83172607 -29.50315857]]
3
[[-111.82374573  -66.80353546  -24.1966629   -28.92831993]]
2
[[ -59.36766815  -90.64515686  -27.76939774 -119.55487823]]
2
[[ -83.39798737 -152.52566528 -111.5967865    28.19036865]]
3
[[-195.82487488   84.29183197  174.56617737   42.63066864]]
2
[[   2.16859436   63.29034424  582.89605713   62.72843933]]
2
PASS
22/22
