[[-234.06422424 -101.76420593  -24.03277588 -212.48986816]]
2
[[ -35.82833481  -81.07282257  -23.167099   -121.8469696 ]]
2
[[-12.23527527 -59.63819885 -33.92887497 -80.6599884 ]]
0
[[ -35.82833481  -81.07282257  -23.167099   -121.8469696 ]]
2
[[-12.23527527 -59.63819885 -33.92887497 -80.6599884 ]]
0
[[ -35.82833481  -81.07282257  -23.167099   -121.8469696 ]]
2
[[-12.23527527 -59.63819885 -33.92887497 -80.6599884 ]]
0
[[ -35.82833481  -81.07282257  -23.167099   -121.8469696 ]]
2
[[-12.23527527 -59.63819885 -33.92887497 -80.6599884 ]]
0
[[ -35.82833481  -81.07282257  -23.167099   -121.8469696 ]]
2
[[-12.23527527 -59.63819885 -33.92887497 -80.6599884 ]]
0
[[ -35.82833481  -81.07282257  -23.167099   -121.8469696 ]]
2
[[-12.23527527 -59.63819885 -33.92887497 -80.6599884 ]]
0
[[ -35.82833481  -81.07282257  -23.167099   -121.8469696 ]]
2
[[-12.23527527 -59.63819885 -33.92887497 -80.6599884 ]]
0
[[ -35.82833481  -81.07282257  -23.167099   -121.8469696 ]]
2
[[-12.23527527 -59.63819885 -33.92887497 -80.6599884 ]]
0
[[ -35.82833481  -81.07282257  -23.167099   -121.8469696 ]]
2
[[-12.23527527 -59.63819885 -33.92887497 -80.6599884 ]]
0
[[ -35.82833481  -81.07282257  -23.167099   -121.8469696 ]]
2
[[-12.23527527 -59.63819885 -33.92887497 -80.6599884 ]]
0
[[ -35.82833481  -81.07282257  -23.167099   -121.8469696 ]]
2
[[-12.23527527 -59.63819885 -33.92887497 -80.6599884 ]]
0
[[ -35.82833481  -81.07282257  -23.167099   -121.8469696 ]]
2
[[-12.23527527 -59.63819885 -33.92887497 -80.6599884 ]]
0
[[ -35.82833481  -81.07282257  -23.167099   -121.8469696 ]]
2
[[-12.23527527 -59.63819885 -33.92887497 -80.6599884 ]]
0
[[ -35.82833481  -81.07282257  -23.167099   -121.8469696 ]]
2
[[-12.23527527 -59.63819885 -33.92887497 -80.6599884 ]]
0
[[ -35.82833481  -81.07282257  -23.167099   -121.8469696 ]]
2
[[-12.23527527 -59.63819885 -33.92887497 -80.6599884 ]]
0
[[ -35.82833481  -81.07282257  -23.167099   -121.8469696 ]]
2
[[-12.23527527 -59.63819885 -33.92887497 -80.6599884 ]]
0
[[ -35.82833481  -81.07282257  -23.167099   -121.8469696 ]]
2
[[-12.23527527 -59.63819885 -33.92887497 -80.6599884 ]]
0
[[ -35.82833481  -81.07282257  -23.167099   -121.8469696 ]]
2
[[-12.23527527 -59.63819885 -33.92887497 -80.6599884 ]]
0
[[ -35.82833481  -81.07282257  -23.167099   -121.8469696 ]]
2
[[-12.23527527 -59.63819885 -33.92887497 -80.6599884 ]]
0
[[ -35.82833481  -81.07282257  -23.167099   -121.8469696 ]]
2
[[-12.23527527 -59.63819885 -33.92887497 -80.6599884 ]]
0
[[ -35.82833481  -81.07282257  -23.167099   -121.8469696 ]]
2
[[-12.23527527 -59.63819885 -33.92887497 -80.6599884 ]]
0
[[ -35.82833481  -81.07282257  -23.167099   -121.8469696 ]]
2
[[-12.23527527 -59.63819885 -33.92887497 -80.6599884 ]]
0
[[ -35.82833481  -81.07282257  -23.167099   -121.8469696 ]]
2
[[-12.23527527 -59.63819885 -33.92887497 -80.6599884 ]]
0
[[ -35.82833481  -81.07282257  -23.167099   -121.8469696 ]]
2
[[-12.23527527 -59.63819885 -33.92887497 -80.6599884 ]]
0
[[ -35.82833481  -81.07282257  -23.167099   -121.8469696 ]]
2
[[-12.23527527 -59.63819885 -33.92887497 -80.6599884 ]]
0
[[ -35.82833481  -81.07282257  -23.167099   -121.8469696 ]]
2
[[-12.23527527 -59.63819885 -33.92887497 -80.6599884 ]]
0
[[ -35.82833481  -81.07282257  -23.167099   -121.8469696 ]]
2
[[-12.23527527 -59.63819885 -33.92887497 -80.6599884 ]]
0
[[ -35.82833481  -81.07282257  -23.167099   -121.8469696 ]]
2
[[-12.23527527 -59.63819885 -33.92887497 -80.6599884 ]]
0
[[ -35.82833481  -81.07282257  -23.167099   -121.8469696 ]]
2
[[-12.23527527 -59.63819885 -33.92887497 -80.6599884 ]]
0
[[ -35.82833481  -81.07282257  -23.167099   -121.8469696 ]]
2
[[-12.23527527 -59.63819885 -33.92887497 -80.6599884 ]]
0
[[ -35.82833481  -81.07282257  -23.167099   -121.8469696 ]]
2
[[-12.23527527 -59.63819885 -33.92887497 -80.6599884 ]]
0
[[ -35.82833481  -81.07282257  -23.167099   -121.8469696 ]]
2
[[-12.23527527 -59.63819885 -33.92887497 -80.6599884 ]]
0
[[ -35.82833481  -81.07282257  -23.167099   -121.8469696 ]]
2
[[-12.23527527 -59.63819885 -33.92887497 -80.6599884 ]]
0
[[ -35.82833481  -81.07282257  -23.167099   -121.8469696 ]]
2
[[-12.23527527 -59.63819885 -33.92887497 -80.6599884 ]]
0
[[ -35.82833481  -81.07282257  -23.167099   -121.8469696 ]]
2
[[-12.23527527 -59.63819885 -33.92887497 -80.6599884 ]]
0
[[ -35.82833481  -81.07282257  -23.167099   -121.8469696 ]]
2
[[-12.23527527 -59.63819885 -33.92887497 -80.6599884 ]]
0
[[ -35.82833481  -81.07282257  -23.167099   -121.8469696 ]]
2
[[-12.23527527 -59.63819885 -33.92887497 -80.6599884 ]]
0
[[ -35.82833481  -81.07282257  -23.167099   -121.8469696 ]]
2
[[-12.23527527 -59.63819885 -33.92887497 -80.6599884 ]]
0
[[ -35.82833481  -81.07282257  -23.167099   -121.8469696 ]]
2
[[-12.23527527 -59.63819885 -33.92887497 -80.6599884 ]]
0
[[ -35.82833481  -81.07282257  -23.167099   -121.8469696 ]]
2
[[-12.23527527 -59.63819885 -33.92887497 -80.6599884 ]]
0
[[ -35.82833481  -81.07282257  -23.167099   -121.8469696 ]]
2
[[-12.23527527 -59.63819885 -33.92887497 -80.6599884 ]]
0
[[ -35.82833481  -81.07282257  -23.167099   -121.8469696 ]]
2
[[-12.23527527 -59.63819885 -33.92887497 -80.6599884 ]]
0
[[ -35.82833481  -81.07282257  -23.167099   -121.8469696 ]]
2
[[-12.23527527 -59.63819885 -33.92887497 -80.6599884 ]]
0
[[ -35.82833481  -81.07282257  -23.167099   -121.8469696 ]]
2
[[-12.23527527 -59.63819885 -33.92887497 -80.6599884 ]]
0
[[ -35.82833481  -81.07282257  -23.167099   -121.8469696 ]]
2
[[-12.23527527 -59.63819885 -33.92887497 -80.6599884 ]]
0
[[ -35.82833481  -81.07282257  -23.167099   -121.8469696 ]]
2
[[-12.23527527 -59.63819885 -33.92887497 -80.6599884 ]]
0
[[ -35.82833481  -81.07282257  -23.167099   -121.8469696 ]]
2
[[-12.23527527 -59.63819885 -33.92887497 -80.6599884 ]]
0
[[ -35.82833481  -81.07282257  -23.167099   -121.8469696 ]]
2
[[-12.23527527 -59.63819885 -33.92887497 -80.6599884 ]]
0
[[ -35.82833481  -81.07282257  -23.167099   -121.8469696 ]]
2
[[-12.23527527 -59.63819885 -33.92887497 -80.6599884 ]]
0
[[ -35.82833481  -81.07282257  -23.167099   -121.8469696 ]]
2
[[-12.23527527 -59.63819885 -33.92887497 -80.6599884 ]]
0
FAIL
2/31
