[[-105.59828186  -27.53183365  -97.26042175 -120.22668457]]
1
[[-110.20829773  -33.0511322   -95.20795441  -96.98312378]]
1
[[-113.42156982 -121.63832855  -40.7570343   -99.37277222]]
2
[[-118.77033997  -15.40035248  -99.53991699 -169.40429688]]
1
[[-247.75991821  -90.77619171  -12.69055939 -115.30422211]]
2
[[ -69.42740631  -11.54563904 -282.66812134 -209.79302979]]
1
[[-195.82487488   84.29183197  174.56617737   42.63066864]]
2
[[   2.16859436   63.29034424  582.89605713   62.72843933]]
2
PASS
8/8
