[[ -28.21377945  -80.51794434 -113.81485748 -103.64263153]]
0
[[-14.34884262 -99.00821686 -70.39019775 -95.97548676]]
0
[[ -14.06788635 -122.68267059  -52.59293365 -104.15733337]]
0
[[ -14.49591064  -80.1050415   -50.65723038 -145.84683228]]
0
[[ -25.48297119 -168.44952393 -104.97323608 -199.12863159]]
0
[[-123.92812347  -30.62504196  -41.24818039 -144.38349915]]
1
[[ -23.41035461 -202.76867676  -87.84460449  -44.71150589]]
0
[[  -9.08372498  -43.16592407 -181.8253479  -306.58197021]]
0
[[-210.59690857 -204.23501587 -166.01173401   -6.96916199]]
3
[[ -12.38489532  -10.05175781 -167.60302734 -143.10169983]]
1
[[-210.59690857 -204.23501587 -166.01173401   -6.96916199]]
3
[[ -12.38489532  -10.05175781 -167.60302734 -143.10169983]]
1
[[-210.59690857 -204.23501587 -166.01173401   -6.96916199]]
3
[[ -12.38489532  -10.05175781 -167.60302734 -143.10169983]]
1
[[-210.59690857 -204.23501587 -166.01173401   -6.96916199]]
3
[[ -12.38489532  -10.05175781 -167.60302734 -143.10169983]]
1
[[-210.59690857 -204.23501587 -166.01173401   -6.96916199]]
3
[[ -12.38489532  -10.05175781 -167.60302734 -143.10169983]]
1
[[-210.59690857 -204.23501587 -166.01173401   -6.96916199]]
3
[[ -12.38489532  -10.05175781 -167.60302734 -143.10169983]]
1
[[-210.59690857 -204.23501587 -166.01173401   -6.96916199]]
3
[[ -12.38489532  -10.05175781 -167.60302734 -143.10169983]]
1
[[-210.59690857 -204.23501587 -166.01173401   -6.96916199]]
3
[[ -12.38489532  -10.05175781 -167.60302734 -143.10169983]]
1
[[-210.59690857 -204.23501587 -166.01173401   -6.96916199]]
3
[[ -12.38489532  -10.05175781 -167.60302734 -143.10169983]]
1
[[-210.59690857 -204.23501587 -166.01173401   -6.96916199]]
3
[[ -12.38489532  -10.05175781 -167.60302734 -143.10169983]]
1
[[-210.59690857 -204.23501587 -166.01173401   -6.96916199]]
3
[[ -12.38489532  -10.05175781 -167.60302734 -143.10169983]]
1
[[-210.59690857 -204.23501587 -166.01173401   -6.96916199]]
3
[[ -12.38489532  -10.05175781 -167.60302734 -143.10169983]]
1
[[-210.59690857 -204.23501587 -166.01173401   -6.96916199]]
3
[[ -12.38489532  -10.05175781 -167.60302734 -143.10169983]]
1
[[-210.59690857 -204.23501587 -166.01173401   -6.96916199]]
3
[[ -12.38489532  -10.05175781 -167.60302734 -143.10169983]]
1
[[-210.59690857 -204.23501587 -166.01173401   -6.96916199]]
3
[[ -12.38489532  -10.05175781 -167.60302734 -143.10169983]]
1
[[-210.59690857 -204.23501587 -166.01173401   -6.96916199]]
3
[[ -12.38489532  -10.05175781 -167.60302734 -143.10169983]]
1
[[-210.59690857 -204.23501587 -166.01173401   -6.96916199]]
3
[[ -12.38489532  -10.05175781 -167.60302734 -143.10169983]]
1
[[-210.59690857 -204.23501587 -166.01173401   -6.96916199]]
3
[[ -12.38489532  -10.05175781 -167.60302734 -143.10169983]]
1
[[-210.59690857 -204.23501587 -166.01173401   -6.96916199]]
3
[[ -12.38489532  -10.05175781 -167.60302734 -143.10169983]]
1
[[-210.59690857 -204.23501587 -166.01173401   -6.96916199]]
3
[[ -12.38489532  -10.05175781 -167.60302734 -143.10169983]]
1
[[-210.59690857 -204.23501587 -166.01173401   -6.96916199]]
3
[[ -12.38489532  -10.05175781 -167.60302734 -143.10169983]]
1
[[-210.59690857 -204.23501587 -166.01173401   -6.96916199]]
3
[[ -12.38489532  -10.05175781 -167.60302734 -143.10169983]]
1
[[-210.59690857 -204.23501587 -166.01173401   -6.96916199]]
3
[[ -12.38489532  -10.05175781 -167.60302734 -143.10169983]]
1
[[-210.59690857 -204.23501587 -166.01173401   -6.96916199]]
3
[[ -12.38489532  -10.05175781 -167.60302734 -143.10169983]]
1
[[-210.59690857 -204.23501587 -166.01173401   -6.96916199]]
3
[[ -12.38489532  -10.05175781 -167.60302734 -143.10169983]]
1
[[-210.59690857 -204.23501587 -166.01173401   -6.96916199]]
3
[[ -12.38489532  -10.05175781 -167.60302734 -143.10169983]]
1
[[-210.59690857 -204.23501587 -166.01173401   -6.96916199]]
3
[[ -12.38489532  -10.05175781 -167.60302734 -143.10169983]]
1
[[-210.59690857 -204.23501587 -166.01173401   -6.96916199]]
3
[[ -12.38489532  -10.05175781 -167.60302734 -143.10169983]]
1
[[-210.59690857 -204.23501587 -166.01173401   -6.96916199]]
3
[[ -12.38489532  -10.05175781 -167.60302734 -143.10169983]]
1
[[-210.59690857 -204.23501587 -166.01173401   -6.96916199]]
3
[[ -12.38489532  -10.05175781 -167.60302734 -143.10169983]]
1
[[-210.59690857 -204.23501587 -166.01173401   -6.96916199]]
3
[[ -12.38489532  -10.05175781 -167.60302734 -143.10169983]]
1
[[-210.59690857 -204.23501587 -166.01173401   -6.96916199]]
3
[[ -12.38489532  -10.05175781 -167.60302734 -143.10169983]]
1
[[-210.59690857 -204.23501587 -166.01173401   -6.96916199]]
3
[[ -12.38489532  -10.05175781 -167.60302734 -143.10169983]]
1
[[-210.59690857 -204.23501587 -166.01173401   -6.96916199]]
3
[[ -12.38489532  -10.05175781 -167.60302734 -143.10169983]]
1
[[-210.59690857 -204.23501587 -166.01173401   -6.96916199]]
3
[[ -12.38489532  -10.05175781 -167.60302734 -143.10169983]]
1
[[-210.59690857 -204.23501587 -166.01173401   -6.96916199]]
3
[[ -12.38489532  -10.05175781 -167.60302734 -143.10169983]]
1
[[-210.59690857 -204.23501587 -166.01173401   -6.96916199]]
3
[[ -12.38489532  -10.05175781 -167.60302734 -143.10169983]]
1
[[-210.59690857 -204.23501587 -166.01173401   -6.96916199]]
3
[[ -12.38489532  -10.05175781 -167.60302734 -143.10169983]]
1
[[-210.59690857 -204.23501587 -166.01173401   -6.96916199]]
3
[[ -12.38489532  -10.05175781 -167.60302734 -143.10169983]]
1
[[-210.59690857 -204.23501587 -166.01173401   -6.96916199]]
3
[[ -12.38489532  -10.05175781 -167.60302734 -143.10169983]]
1
[[-210.59690857 -204.23501587 -166.01173401   -6.96916199]]
3
[[ -12.38489532  -10.05175781 -167.60302734 -143.10169983]]
1
[[-210.59690857 -204.23501587 -166.01173401   -6.96916199]]
3
[[ -12.38489532  -10.05175781 -167.60302734 -143.10169983]]
1
[[-210.59690857 -204.23501587 -166.01173401   -6.96916199]]
3
[[ -12.38489532  -10.05175781 -167.60302734 -143.10169983]]
1
[[-210.59690857 -204.23501587 -166.01173401   -6.96916199]]
3
[[ -12.38489532  -10.05175781 -167.60302734 -143.10169983]]
1
[[-210.59690857 -204.23501587 -166.01173401   -6.96916199]]
3
[[ -12.38489532  -10.05175781 -167.60302734 -143.10169983]]
1
[[-210.59690857 -204.23501587 -166.01173401   -6.96916199]]
3
[[ -12.38489532  -10.05175781 -167.60302734 -143.10169983]]
1
[[-210.59690857 -204.23501587 -166.01173401   -6.96916199]]
3
FAIL
9/19
