[[-234.1088562  -102.03586578  -23.89562225 -212.7199707 ]]
2
[[ -36.4200592   -81.37252045  -23.39332581 -121.8324585 ]]
2
[[-13.80828476 -61.53477478 -34.04287338 -81.32685089]]
0
[[ -36.4200592   -81.37252045  -23.39332581 -121.8324585 ]]
2
[[-13.80828476 -61.53477478 -34.04287338 -81.32685089]]
0
[[ -36.4200592   -81.37252045  -23.39332581 -121.8324585 ]]
2
[[-13.80828476 -61.53477478 -34.04287338 -81.32685089]]
0
[[ -36.4200592   -81.37252045  -23.39332581 -121.8324585 ]]
2
[[-13.80828476 -61.53477478 -34.04287338 -81.32685089]]
0
[[ -36.4200592   -81.37252045  -23.39332581 -121.8324585 ]]
2
[[-13.80828476 -61.53477478 -34.04287338 -81.32685089]]
0
[[ -36.4200592   -81.37252045  -23.39332581 -121.8324585 ]]
2
[[-13.80828476 -61.53477478 -34.04287338 -81.32685089]]
0
[[ -36.4200592   -81.37252045  -23.39332581 -121.8324585 ]]
2
[[-13.80828476 -61.53477478 -34.04287338 -81.32685089]]
0
[[ -36.4200592   -81.37252045  -23.39332581 -121.8324585 ]]
2
[[-13.80828476 -61.53477478 -34.04287338 -81.32685089]]
0
[[ -36.4200592   -81.37252045  -23.39332581 -121.8324585 ]]
2
[[-13.80828476 -61.53477478 -34.04287338 -81.32685089]]
0
[[ -36.4200592   -81.37252045  -23.39332581 -121.8324585 ]]
2
[[-13.80828476 -61.53477478 -34.04287338 -81.32685089]]
0
[[ -36.4200592   -81.37252045  -23.39332581 -121.8324585 ]]
2
[[-13.80828476 -61.53477478 -34.04287338 -81.32685089]]
0
[[ -36.4200592   -81.37252045  -23.39332581 -121.8324585 ]]
2
[[-13.80828476 -61.53477478 -34.04287338 -81.32685089]]
0
[[ -36.4200592   -81.37252045  -23.39332581 -121.8324585 ]]
2
[[-13.80828476 -61.53477478 -34.04287338 -81.32685089]]
0
[[ -36.4200592   -81.37252045  -23.39332581 -121.8324585 ]]
2
[[-13.80828476 -61.53477478 -34.04287338 -81.32685089]]
0
[[ -36.4200592   -81.37252045  -23.39332581 -121.8324585 ]]
2
[[-13.80828476 -61.53477478 -34.04287338 -81.32685089]]
0
[[ -36.4200592   -81.37252045  -23.39332581 -121.8324585 ]]
2
[[-13.80828476 -61.53477478 -34.04287338 -81.32685089]]
0
[[ -36.4200592   -81.37252045  -23.39332581 -121.8324585 ]]
2
[[-13.80828476 -61.53477478 -34.04287338 -81.32685089]]
0
[[ -36.4200592   -81.37252045  -23.39332581 -121.8324585 ]]
2
[[-13.80828476 -61.53477478 -34.04287338 -81.32685089]]
0
[[ -36.4200592   -81.37252045  -23.39332581 -121.8324585 ]]
2
[[-13.80828476 -61.53477478 -34.04287338 -81.32685089]]
0
[[ -36.4200592   -81.37252045  -23.39332581 -121.8324585 ]]
2
[[-13.80828476 -61.53477478 -34.04287338 -81.32685089]]
0
[[ -36.4200592   -81.37252045  -23.39332581 -121.8324585 ]]
2
[[-13.80828476 -61.53477478 -34.04287338 -81.32685089]]
0
[[ -36.4200592   -81.37252045  -23.39332581 -121.8324585 ]]
2
[[-13.80828476 -61.53477478 -34.04287338 -81.32685089]]
0
[[ -36.4200592   -81.37252045  -23.39332581 -121.8324585 ]]
2
[[-13.80828476 -61.53477478 -34.04287338 -81.32685089]]
0
[[ -36.4200592   -81.37252045  -23.39332581 -121.8324585 ]]
2
[[-13.80828476 -61.53477478 -34.04287338 -81.32685089]]
0
[[ -36.4200592   -81.37252045  -23.39332581 -121.8324585 ]]
2
[[-13.80828476 -61.53477478 -34.04287338 -81.32685089]]
0
[[ -36.4200592   -81.37252045  -23.39332581 -121.8324585 ]]
2
[[-13.80828476 -61.53477478 -34.04287338 -81.32685089]]
0
[[ -36.4200592   -81.37252045  -23.39332581 -121.8324585 ]]
2
[[-13.80828476 -61.53477478 -34.04287338 -81.32685089]]
0
[[ -36.4200592   -81.37252045  -23.39332581 -121.8324585 ]]
2
[[-13.80828476 -61.53477478 -34.04287338 -81.32685089]]
0
[[ -36.4200592   -81.37252045  -23.39332581 -121.8324585 ]]
2
[[-13.80828476 -61.53477478 -34.04287338 -81.32685089]]
0
[[ -36.4200592   -81.37252045  -23.39332581 -121.8324585 ]]
2
[[-13.80828476 -61.53477478 -34.04287338 -81.32685089]]
0
[[ -36.4200592   -81.37252045  -23.39332581 -121.8324585 ]]
2
[[-13.80828476 -61.53477478 -34.04287338 -81.32685089]]
0
[[ -36.4200592   -81.37252045  -23.39332581 -121.8324585 ]]
2
[[-13.80828476 -61.53477478 -34.04287338 -81.32685089]]
0
[[ -36.4200592   -81.37252045  -23.39332581 -121.8324585 ]]
2
[[-13.80828476 -61.53477478 -34.04287338 -81.32685089]]
0
[[ -36.4200592   -81.37252045  -23.39332581 -121.8324585 ]]
2
[[-13.80828476 -61.53477478 -34.04287338 -81.32685089]]
0
[[ -36.4200592   -81.37252045  -23.39332581 -121.8324585 ]]
2
[[-13.80828476 -61.53477478 -34.04287338 -81.32685089]]
0
[[ -36.4200592   -81.37252045  -23.39332581 -121.8324585 ]]
2
[[-13.80828476 -61.53477478 -34.04287338 -81.32685089]]
0
[[ -36.4200592   -81.37252045  -23.39332581 -121.8324585 ]]
2
[[-13.80828476 -61.53477478 -34.04287338 -81.32685089]]
0
[[ -36.4200592   -81.37252045  -23.39332581 -121.8324585 ]]
2
[[-13.80828476 -61.53477478 -34.04287338 -81.32685089]]
0
[[ -36.4200592   -81.37252045  -23.39332581 -121.8324585 ]]
2
[[-13.80828476 -61.53477478 -34.04287338 -81.32685089]]
0
[[ -36.4200592   -81.37252045  -23.39332581 -121.8324585 ]]
2
[[-13.80828476 -61.53477478 -34.04287338 -81.32685089]]
0
[[ -36.4200592   -81.37252045  -23.39332581 -121.8324585 ]]
2
[[-13.80828476 -61.53477478 -34.04287338 -81.32685089]]
0
[[ -36.4200592   -81.37252045  -23.39332581 -121.8324585 ]]
2
[[-13.80828476 -61.53477478 -34.04287338 -81.32685089]]
0
[[ -36.4200592   -81.37252045  -23.39332581 -121.8324585 ]]
2
[[-13.80828476 -61.53477478 -34.04287338 -81.32685089]]
0
[[ -36.4200592   -81.37252045  -23.39332581 -121.8324585 ]]
2
[[-13.80828476 -61.53477478 -34.04287338 -81.32685089]]
0
[[ -36.4200592   -81.37252045  -23.39332581 -121.8324585 ]]
2
[[-13.80828476 -61.53477478 -34.04287338 -81.32685089]]
0
[[ -36.4200592   -81.37252045  -23.39332581 -121.8324585 ]]
2
[[-13.80828476 -61.53477478 -34.04287338 -81.32685089]]
0
[[ -36.4200592   -81.37252045  -23.39332581 -121.8324585 ]]
2
[[-13.80828476 -61.53477478 -34.04287338 -81.32685089]]
0
[[ -36.4200592   -81.37252045  -23.39332581 -121.8324585 ]]
2
[[-13.80828476 -61.53477478 -34.04287338 -81.32685089]]
0
[[ -36.4200592   -81.37252045  -23.39332581 -121.8324585 ]]
2
[[-13.80828476 -61.53477478 -34.04287338 -81.32685089]]
0
[[ -36.4200592   -81.37252045  -23.39332581 -121.8324585 ]]
2
[[-13.80828476 -61.53477478 -34.04287338 -81.32685089]]
0
FAIL
2/31
