[[ -83.95178223  -38.28700256 -122.2182312   -79.56177521]]
1
[[ -84.64823914  -44.33797455 -124.63478851  -75.02178955]]
1
[[ -42.24046326  -95.06226349 -120.11417389  -62.36820221]]
0
[[-106.72970581   -8.35953522  -89.54981232 -116.31899261]]
1
[[ -20.79814148  -86.66313171 -152.4724884   -84.13387299]]
0
[[ -13.75711823  -97.489151    -76.64587402 -113.90153503]]
0
[[-98.33822632 -21.798172   -45.7706604  -94.01707458]]
1
[[ -46.26090622  -84.82008362 -108.23014069  -84.10427094]]
0
[[ -24.54187012 -113.07165527  -92.97557068  -91.31013489]]
0
[[ -32.06203461  -89.93440247  -39.38879395 -114.6203537 ]]
0
[[ -95.02710724 -117.83313751  -84.60555267  -34.05144501]]
3
[[ -19.18479919 -103.87097168 -148.30848694 -147.61187744]]
0
[[-124.3134613  -134.55783081  -35.94408798  -17.77177811]]
3
[[  -9.9509201   -29.00782394  -83.20528412 -120.28726196]]
0
[[ -29.20087433  -93.87158203 -110.64575958 -176.64822388]]
0
[[-108.34341431  -55.07550049  -97.26755524  -48.80840302]]
3
[[-94.08397675 -57.5437088  -85.60297394 -28.98463821]]
3
[[-111.97946167  -67.55982971  -24.38207626  -29.13069153]]
2
[[ -59.47877121  -90.76678467  -27.24945068 -118.87503052]]
2
[[ -83.45491791 -151.94989014 -110.13588715   30.82978821]]
3
[[-196.38427734   88.15526581  181.50592041   45.02150726]]
2
[[   2.88139343   66.13327789  591.75140381   64.99590302]]
2
PASS
22/22
