[[-106.35979462  -27.65441132  -97.09918213 -120.61763   ]]
1
[[-111.26765442  -33.31232452  -94.74882507  -96.81752777]]
1
[[-114.27990723 -122.56751251  -39.65937042  -99.39363098]]
2
[[-120.48054504  -15.4683075   -99.33491516 -169.97467041]]
1
[[-249.77386475  -90.36763     -12.65686798 -115.38563538]]
2
[[ -71.01243591   -9.50926208 -283.35403442 -210.64836121]]
1
[[-196.38427734   88.15526581  181.50592041   45.02150726]]
2
[[   2.88139343   66.13327789  591.75140381   64.99590302]]
2
PASS
8/8
