[[ -86.02812958 -100.88638306  -99.49331665  -64.39948273]]
3
[[ -90.24205017  -64.06546783 -114.77606201  -60.28807068]]
3
[[-108.34341431  -55.07550049  -97.26755524  -48.80840302]]
3
[[-94.08397675 -57.5437088  -85.60297394 -28.98463821]]
3
[[-111.97946167  -67.55982971  -24.38207626  -29.13069153]]
2
[[ -59.47877121  -90.76678467  -27.24945068 -118.87503052]]
2
[[ -83.45491791 -151.94989014 -110.13588715   30.82978821]]
3
[[-196.38427734   88.15526581  181.50592041   45.02150726]]
2
[[   2.88139343   66.13327789  591.75140381   64.99590302]]
2
PASS
9/9
