[[ -27.35297012  -80.55305481 -113.54260254 -103.68219757]]
0
[[-14.18284607 -98.68156433 -70.77443695 -96.21998596]]
0
[[ -14.01428986 -122.09831238  -52.94577789 -103.97528076]]
0
[[ -14.69648743  -80.63674927  -50.94901276 -146.3777771 ]]
0
[[ -25.1971283  -169.574646   -105.39172363 -199.90698242]]
0
[[-124.81175995  -30.48143768  -41.26417542 -144.86413574]]
1
[[ -23.09466553 -203.11431885  -87.29595947  -43.75146484]]
0
[[  -8.50682068  -43.7869873  -182.12806702 -308.78344727]]
0
[[-216.50947571 -205.50143433 -166.33071899   -6.88163757]]
3
[[ -12.35222626  -11.51408386 -168.0269928  -144.43945312]]
1
[[-216.50947571 -205.50143433 -166.33071899   -6.88163757]]
3
[[ -12.35222626  -11.51408386 -168.0269928  -144.43945312]]
1
[[-216.50947571 -205.50143433 -166.33071899   -6.88163757]]
3
[[ -12.35222626  -11.51408386 -168.0269928  -144.43945312]]
1
[[-216.50947571 -205.50143433 -166.33071899   -6.88163757]]
3
[[ -12.35222626  -11.51408386 -168.0269928  -144.43945312]]
1
[[-216.50947571 -205.50143433 -166.33071899   -6.88163757]]
3
[[ -12.35222626  -11.51408386 -168.0269928  -144.43945312]]
1
[[-216.50947571 -205.50143433 -166.33071899   -6.88163757]]
3
[[ -12.35222626  -11.51408386 -168.0269928  -144.43945312]]
1
[[-216.50947571 -205.50143433 -166.33071899   -6.88163757]]
3
[[ -12.35222626  -11.51408386 -168.0269928  -144.43945312]]
1
[[-216.50947571 -205.50143433 -166.33071899   -6.88163757]]
3
[[ -12.35222626  -11.51408386 -168.0269928  -144.43945312]]
1
[[-216.50947571 -205.50143433 -166.33071899   -6.88163757]]
3
[[ -12.35222626  -11.51408386 -168.0269928  -144.43945312]]
1
[[-216.50947571 -205.50143433 -166.33071899   -6.88163757]]
3
[[ -12.35222626  -11.51408386 -168.0269928  -144.43945312]]
1
[[-216.50947571 -205.50143433 -166.33071899   -6.88163757]]
3
[[ -12.35222626  -11.51408386 -168.0269928  -144.43945312]]
1
[[-216.50947571 -205.50143433 -166.33071899   -6.88163757]]
3
[[ -12.35222626  -11.51408386 -168.0269928  -144.43945312]]
1
[[-216.50947571 -205.50143433 -166.33071899   -6.88163757]]
3
[[ -12.35222626  -11.51408386 -168.0269928  -144.43945312]]
1
[[-216.50947571 -205.50143433 -166.33071899   -6.88163757]]
3
[[ -12.35222626  -11.51408386 -168.0269928  -144.43945312]]
1
[[-216.50947571 -205.50143433 -166.33071899   -6.88163757]]
3
[[ -12.35222626  -11.51408386 -168.0269928  -144.43945312]]
1
[[-216.50947571 -205.50143433 -166.33071899   -6.88163757]]
3
[[ -12.35222626  -11.51408386 -168.0269928  -144.43945312]]
1
[[-216.50947571 -205.50143433 -166.33071899   -6.88163757]]
3
[[ -12.35222626  -11.51408386 -168.0269928  -144.43945312]]
1
[[-216.50947571 -205.50143433 -166.33071899   -6.88163757]]
3
[[ -12.35222626  -11.51408386 -168.0269928  -144.43945312]]
1
[[-216.50947571 -205.50143433 -166.33071899   -6.88163757]]
3
[[ -12.35222626  -11.51408386 -168.0269928  -144.43945312]]
1
[[-216.50947571 -205.50143433 -166.33071899   -6.88163757]]
3
[[ -12.35222626  -11.51408386 -168.0269928  -144.43945312]]
1
[[-216.50947571 -205.50143433 -166.33071899   -6.88163757]]
3
[[ -12.35222626  -11.51408386 -168.0269928  -144.43945312]]
1
[[-216.50947571 -205.50143433 -166.33071899   -6.88163757]]
3
[[ -12.35222626  -11.51408386 -168.0269928  -144.43945312]]
1
[[-216.50947571 -205.50143433 -166.33071899   -6.88163757]]
3
[[ -12.35222626  -11.51408386 -168.0269928  -144.43945312]]
1
[[-216.50947571 -205.50143433 -166.33071899   -6.88163757]]
3
[[ -12.35222626  -11.51408386 -168.0269928  -144.43945312]]
1
[[-216.50947571 -205.50143433 -166.33071899   -6.88163757]]
3
[[ -12.35222626  -11.51408386 -168.0269928  -144.43945312]]
1
[[-216.50947571 -205.50143433 -166.33071899   -6.88163757]]
3
[[ -12.35222626  -11.51408386 -168.0269928  -144.43945312]]
1
[[-216.50947571 -205.50143433 -166.33071899   -6.88163757]]
3
[[ -12.35222626  -11.51408386 -168.0269928  -144.43945312]]
1
[[-216.50947571 -205.50143433 -166.33071899   -6.88163757]]
3
[[ -12.35222626  -11.51408386 -168.0269928  -144.43945312]]
1
[[-216.50947571 -205.50143433 -166.33071899   -6.88163757]]
3
[[ -12.35222626  -11.51408386 -168.0269928  -144.43945312]]
1
[[-216.50947571 -205.50143433 -166.33071899   -6.88163757]]
3
[[ -12.35222626  -11.51408386 -168.0269928  -144.43945312]]
1
[[-216.50947571 -205.50143433 -166.33071899   -6.88163757]]
3
[[ -12.35222626  -11.51408386 -168.0269928  -144.43945312]]
1
[[-216.50947571 -205.50143433 -166.33071899   -6.88163757]]
3
[[ -12.35222626  -11.51408386 -168.0269928  -144.43945312]]
1
[[-216.50947571 -205.50143433 -166.33071899   -6.88163757]]
3
[[ -12.35222626  -11.51408386 -168.0269928  -144.43945312]]
1
[[-216.50947571 -205.50143433 -166.33071899   -6.88163757]]
3
[[ -12.35222626  -11.51408386 -168.0269928  -144.43945312]]
1
[[-216.50947571 -205.50143433 -166.33071899   -6.88163757]]
3
[[ -12.35222626  -11.51408386 -168.0269928  -144.43945312]]
1
[[-216.50947571 -205.50143433 -166.33071899   -6.88163757]]
3
[[ -12.35222626  -11.51408386 -168.0269928  -144.43945312]]
1
[[-216.50947571 -205.50143433 -166.33071899   -6.88163757]]
3
[[ -12.35222626  -11.51408386 -168.0269928  -144.43945312]]
1
[[-216.50947571 -205.50143433 -166.33071899   -6.88163757]]
3
[[ -12.35222626  -11.51408386 -168.0269928  -144.43945312]]
1
[[-216.50947571 -205.50143433 -166.33071899   -6.88163757]]
3
[[ -12.35222626  -11.51408386 -168.0269928  -144.43945312]]
1
[[-216.50947571 -205.50143433 -166.33071899   -6.88163757]]
3
[[ -12.35222626  -11.51408386 -168.0269928  -144.43945312]]
1
[[-216.50947571 -205.50143433 -166.33071899   -6.88163757]]
3
[[ -12.35222626  -11.51408386 -168.0269928  -144.43945312]]
1
[[-216.50947571 -205.50143433 -166.33071899   -6.88163757]]
3
[[ -12.35222626  -11.51408386 -168.0269928  -144.43945312]]
1
[[-216.50947571 -205.50143433 -166.33071899   -6.88163757]]
3
[[ -12.35222626  -11.51408386 -168.0269928  -144.43945312]]
1
[[-216.50947571 -205.50143433 -166.33071899   -6.88163757]]
3
[[ -12.35222626  -11.51408386 -168.0269928  -144.43945312]]
1
[[-216.50947571 -205.50143433 -166.33071899   -6.88163757]]
3
[[ -12.35222626  -11.51408386 -168.0269928  -144.43945312]]
1
[[-216.50947571 -205.50143433 -166.33071899   -6.88163757]]
3
[[ -12.35222626  -11.51408386 -168.0269928  -144.43945312]]
1
[[-216.50947571 -205.50143433 -166.33071899   -6.88163757]]
3
FAIL
9/19
