[[-107.42623901  -28.33231354  -97.1576767  -121.65029907]]
1
[[-112.56516266  -33.85198593  -94.38790894  -97.10244751]]
1
[[-115.40274811 -124.36103821  -38.74942017 -100.14080811]]
2
[[-122.48077393  -16.09748077  -99.54183197 -171.07723999]]
1
[[-252.25213623  -90.49648285  -12.54257202 -116.28195953]]
2
[[ -72.95513916   -7.65435791 -284.68063354 -212.40739441]]
1
[[-197.57461548   91.6499939   188.39312744   47.02614212]]
2
[[   3.46009827   68.6653595   601.30108643   67.1401062 ]]
2
PASS
8/8
