[[ -84.95109558  -38.6505661  -123.04042816  -81.31536865]]
1
[[ -85.07151794  -45.12227631 -125.10728455  -75.73001862]]
1
[[ -41.21484375  -95.57631683 -120.40032959  -62.3574295 ]]
0
[[-106.52978516   -8.87145233  -89.95191193 -116.36746216]]
1
[[ -20.20773315  -86.51718903 -152.60693359  -84.76647949]]
0
[[ -14.08023834  -98.36579895  -77.63131714 -114.3733902 ]]
0
[[-98.27199554 -22.91384506 -47.05541611 -94.58451843]]
1
[[ -45.88142395  -85.45389557 -108.45562744  -84.72790527]]
0
[[ -24.71402359 -113.61485291  -93.03405762  -92.02125549]]
0
[[ -31.92957306  -90.72912598  -39.39064026 -115.28058624]]
0
[[ -95.46464539 -119.01330566  -84.3049469   -33.60935211]]
3
[[ -19.57623291 -104.34077454 -148.03643799 -148.48396301]]
0
[[-124.99697876 -135.74752808  -35.16396332  -17.57890701]]
3
[[ -10.81365204  -30.58884811  -83.76021576 -120.21617126]]
0
[[ -29.81546783  -94.46774292 -110.1955719  -177.16894531]]
0
[[-108.37916565  -55.64610672  -97.59269714  -48.64195251]]
3
[[-94.05831909 -58.22418213 -85.56494904 -28.58556366]]
3
[[-112.27511597  -68.70117188  -24.53014374  -29.60724258]]
2
[[ -59.8629303   -91.23500061  -26.7179985  -118.55328369]]
2
[[ -83.46694183 -152.08024597 -108.58329773   33.5592041 ]]
3
[[-197.57461548   91.6499939   188.39312744   47.02614212]]
2
[[   3.46009827   68.6653595   601.30108643   67.1401062 ]]
2
PASS
22/22
