[[-234.71356201 -102.7118988   -23.89712524 -213.54911804]]
2
[[ -37.11289597  -82.0942688   -23.73229599 -122.56677246]]
2
[[-15.60215378 -64.08390808 -34.34086609 -82.56387329]]
0
[[ -37.11289597  -82.0942688   -23.73229599 -122.56677246]]
2
[[-15.60215378 -64.08390808 -34.34086609 -82.56387329]]
0
[[ -37.11289597  -82.0942688   -23.73229599 -122.56677246]]
2
[[-15.60215378 -64.08390808 -34.34086609 -82.56387329]]
0
[[ -37.11289597  -82.0942688   -23.73229599 -122.56677246]]
2
[[-15.60215378 -64.08390808 -34.34086609 -82.56387329]]
0
[[ -37.11289597  -82.0942688   -23.73229599 -122.56677246]]
2
[[-15.60215378 -64.08390808 -34.34086609 -82.56387329]]
0
[[ -37.11289597  -82.0942688   -23.73229599 -122.56677246]]
2
[[-15.60215378 -64.08390808 -34.34086609 -82.56387329]]
0
[[ -37.11289597  -82.0942688   -23.73229599 -122.56677246]]
2
[[-15.60215378 -64.08390808 -34.34086609 -82.56387329]]
0
[[ -37.11289597  -82.0942688   -23.73229599 -122.56677246]]
2
[[-15.60215378 -64.08390808 -34.34086609 -82.56387329]]
0
[[ -37.11289597  -82.0942688   -23.73229599 -122.56677246]]
2
[[-15.60215378 -64.08390808 -34.34086609 -82.56387329]]
0
[[ -37.11289597  -82.0942688   -23.73229599 -122.56677246]]
2
[[-15.60215378 -64.08390808 -34.34086609 -82.56387329]]
0
[[ -37.11289597  -82.0942688   -23.73229599 -122.56677246]]
2
[[-15.60215378 -64.08390808 -34.34086609 -82.56387329]]
0
[[ -37.11289597  -82.0942688   -23.73229599 -122.56677246]]
2
[[-15.60215378 -64.08390808 -34.34086609 -82.56387329]]
0
[[ -37.11289597  -82.0942688   -23.73229599 -122.56677246]]
2
[[-15.60215378 -64.08390808 -34.34086609 -82.56387329]]
0
[[ -37.11289597  -82.0942688   -23.73229599 -122.56677246]]
2
[[-15.60215378 -64.08390808 -34.34086609 -82.56387329]]
0
[[ -37.11289597  -82.0942688   -23.73229599 -122.56677246]]
2
[[-15.60215378 -64.08390808 -34.34086609 -82.56387329]]
0
[[ -37.11289597  -82.0942688   -23.73229599 -122.56677246]]
2
[[-15.60215378 -64.08390808 -34.34086609 -82.56387329]]
0
[[ -37.11289597  -82.0942688   -23.73229599 -122.56677246]]
2
[[-15.60215378 -64.08390808 -34.34086609 -82.56387329]]
0
[[ -37.11289597  -82.0942688   -23.73229599 -122.56677246]]
2
[[-15.60215378 -64.08390808 -34.34086609 -82.56387329]]
0
[[ -37.11289597  -82.0942688   -23.73229599 -122.56677246]]
2
[[-15.60215378 -64.08390808 -34.34086609 -82.56387329]]
0
[[ -37.11289597  -82.0942688   -23.73229599 -122.56677246]]
2
[[-15.60215378 -64.08390808 -34.34086609 -82.56387329]]
0
[[ -37.11289597  -82.0942688   -23.73229599 -122.56677246]]
2
[[-15.60215378 -64.08390808 -34.34086609 -82.56387329]]
0
[[ -37.11289597  -82.0942688   -23.73229599 -122.56677246]]
2
[[-15.60215378 -64.08390808 -34.34086609 -82.56387329]]
0
[[ -37.11289597  -82.0942688   -23.73229599 -122.56677246]]
2
[[-15.60215378 -64.08390808 -34.34086609 -82.56387329]]
0
[[ -37.11289597  -82.0942688   -23.73229599 -122.56677246]]
2
[[-15.60215378 -64.08390808 -34.34086609 -82.56387329]]
0
[[ -37.11289597  -82.0942688   -23.73229599 -122.56677246]]
2
[[-15.60215378 -64.08390808 -34.34086609 -82.56387329]]
0
[[ -37.11289597  -82.0942688   -23.73229599 -122.56677246]]
2
[[-15.60215378 -64.08390808 -34.34086609 -82.56387329]]
0
[[ -37.11289597  -82.0942688   -23.73229599 -122.56677246]]
2
[[-15.60215378 -64.08390808 -34.34086609 -82.56387329]]
0
[[ -37.11289597  -82.0942688   -23.73229599 -122.56677246]]
2
[[-15.60215378 -64.08390808 -34.34086609 -82.56387329]]
0
[[ -37.11289597  -82.0942688   -23.73229599 -122.56677246]]
2
[[-15.60215378 -64.08390808 -34.34086609 -82.56387329]]
0
[[ -37.11289597  -82.0942688   -23.73229599 -122.56677246]]
2
[[-15.60215378 -64.08390808 -34.34086609 -82.56387329]]
0
[[ -37.11289597  -82.0942688   -23.73229599 -122.56677246]]
2
[[-15.60215378 -64.08390808 -34.34086609 -82.56387329]]
0
[[ -37.11289597  -82.0942688   -23.73229599 -122.56677246]]
2
[[-15.60215378 -64.08390808 -34.34086609 -82.56387329]]
0
[[ -37.11289597  -82.0942688   -23.73229599 -122.56677246]]
2
[[-15.60215378 -64.08390808 -34.34086609 -82.56387329]]
0
[[ -37.11289597  -82.0942688   -23.73229599 -122.56677246]]
2
[[-15.60215378 -64.08390808 -34.34086609 -82.56387329]]
0
[[ -37.11289597  -82.0942688   -23.73229599 -122.56677246]]
2
[[-15.60215378 -64.08390808 -34.34086609 -82.56387329]]
0
[[ -37.11289597  -82.0942688   -23.73229599 -122.56677246]]
2
[[-15.60215378 -64.08390808 -34.34086609 -82.56387329]]
0
[[ -37.11289597  -82.0942688   -23.73229599 -122.56677246]]
2
[[-15.60215378 -64.08390808 -34.34086609 -82.56387329]]
0
[[ -37.11289597  -82.0942688   -23.73229599 -122.56677246]]
2
[[-15.60215378 -64.08390808 -34.34086609 -82.56387329]]
0
[[ -37.11289597  -82.0942688   -23.73229599 -122.56677246]]
2
[[-15.60215378 -64.08390808 -34.34086609 -82.56387329]]
0
[[ -37.11289597  -82.0942688   -23.73229599 -122.56677246]]
2
[[-15.60215378 -64.08390808 -34.34086609 -82.56387329]]
0
[[ -37.11289597  -82.0942688   -23.73229599 -122.56677246]]
2
[[-15.60215378 -64.08390808 -34.34086609 -82.56387329]]
0
[[ -37.11289597  -82.0942688   -23.73229599 -122.56677246]]
2
[[-15.60215378 -64.08390808 -34.34086609 -82.56387329]]
0
[[ -37.11289597  -82.0942688   -23.73229599 -122.56677246]]
2
[[-15.60215378 -64.08390808 -34.34086609 -82.56387329]]
0
[[ -37.11289597  -82.0942688   -23.73229599 -122.56677246]]
2
[[-15.60215378 -64.08390808 -34.34086609 -82.56387329]]
0
[[ -37.11289597  -82.0942688   -23.73229599 -122.56677246]]
2
[[-15.60215378 -64.08390808 -34.34086609 -82.56387329]]
0
[[ -37.11289597  -82.0942688   -23.73229599 -122.56677246]]
2
[[-15.60215378 -64.08390808 -34.34086609 -82.56387329]]
0
[[ -37.11289597  -82.0942688   -23.73229599 -122.56677246]]
2
[[-15.60215378 -64.08390808 -34.34086609 -82.56387329]]
0
[[ -37.11289597  -82.0942688   -23.73229599 -122.56677246]]
2
[[-15.60215378 -64.08390808 -34.34086609 -82.56387329]]
0
[[ -37.11289597  -82.0942688   -23.73229599 -122.56677246]]
2
[[-15.60215378 -64.08390808 -34.34086609 -82.56387329]]
0
[[ -37.11289597  -82.0942688   -23.73229599 -122.56677246]]
2
[[-15.60215378 -64.08390808 -34.34086609 -82.56387329]]
0
FAIL
2/31
