[[ -26.64682388  -81.12286377 -113.3478241  -104.36512756]]
0
[[-14.07129669 -99.00434875 -71.18082428 -97.08944702]]
0
[[ -14.04205322 -122.2157135   -53.31051636 -104.52830505]]
0
[[ -14.88632202  -81.59868622  -50.93958282 -147.71792603]]
0
[[ -25.15393829 -171.33146667 -105.78091431 -201.42068481]]
0
[[-125.93860626  -30.81545639  -41.31686783 -145.91096497]]
1
[[ -22.84224701 -204.17115784  -86.87307739  -43.02062988]]
0
[[  -8.25418091  -44.60090637 -182.43103027 -311.62844849]]
0
[[-223.02607727 -207.57450867 -167.13949585   -7.27548218]]
3
[[ -12.34402466  -13.33627319 -168.91499329 -146.44145203]]
0
[[ -19.29418182 -110.53959656 -107.57551575 -165.00172424]]
0
[[-107.42623901  -28.33231354  -97.1576767  -121.65029907]]
1
[[-112.56516266  -33.85198593  -94.38790894  -97.10244751]]
1
[[-115.40274811 -124.36103821  -38.74942017 -100.14080811]]
2
[[-122.48077393  -16.09748077  -99.54183197 -171.07723999]]
1
[[-252.25213623  -90.49648285  -12.54257202 -116.28195953]]
2
[[ -72.95513916   -7.65435791 -284.68063354 -212.40739441]]
1
[[-197.57461548   91.6499939   188.39312744   47.02614212]]
2
[[   3.46009827   68.6653595   601.30108643   67.1401062 ]]
2
PASS
19/19
