[[ -86.5238266  -101.51279449  -99.34559631  -64.23881531]]
3
[[ -90.7542038   -64.94282532 -114.78521729  -59.76818466]]
3
[[-108.37916565  -55.64610672  -97.59269714  -48.64195251]]
3
[[-94.05831909 -58.22418213 -85.56494904 -28.58556366]]
3
[[-112.27511597  -68.70117188  -24.53014374  -29.60724258]]
2
[[ -59.8629303   -91.23500061  -26.7179985  -118.55328369]]
2
[[ -83.46694183 -152.08024597 -108.58329773   33.5592041 ]]
3
[[-197.57461548   91.6499939   188.39312744   47.02614212]]
2
[[   3.46009827   68.6653595   601.30108643   67.1401062 ]]
2
PASS
9/9
