[[-108.31825256  -29.01512146  -96.93287659 -122.42960358]]
1
[[-113.68408203  -34.50081253  -93.83945465  -97.16436768]]
1
[[-116.54039001 -126.12522888  -37.86031342 -100.54190826]]
2
[[-124.40774536  -16.6038208   -99.59931183 -172.18757629]]
1
[[-254.63171387  -90.82163239  -12.38129425 -117.1817627 ]]
2
[[ -74.85591888   -5.78022766 -285.81463623 -214.19342041]]
1
[[-198.53543091   95.03269958  195.27111816   49.0929718 ]]
2
[[   3.94197083   70.98095703  611.12384033   69.57880402]]
2
PASS
8/8
