[[-235.23544312 -103.62727356  -23.76668549 -213.92126465]]
2
[[ -37.67607498  -83.24215698  -23.75439835 -122.829422  ]]
2
[[-17.29790497 -66.55126953 -34.18951797 -83.44755554]]
0
[[ -37.67607498  -83.24215698  -23.75439835 -122.829422  ]]
2
[[-17.29790497 -66.55126953 -34.18951797 -83.44755554]]
0
[[ -37.67607498  -83.24215698  -23.75439835 -122.829422  ]]
2
[[-17.29790497 -66.55126953 -34.18951797 -83.44755554]]
0
[[ -37.67607498  -83.24215698  -23.75439835 -122.829422  ]]
2
[[-17.29790497 -66.55126953 -34.18951797 -83.44755554]]
0
[[ -37.67607498  -83.24215698  -23.75439835 -122.829422  ]]
2
[[-17.29790497 -66.55126953 -34.18951797 -83.44755554]]
0
[[ -37.67607498  -83.24215698  -23.75439835 -122.829422  ]]
2
[[-17.29790497 -66.55126953 -34.18951797 -83.44755554]]
0
[[ -37.67607498  -83.24215698  -23.75439835 -122.829422  ]]
2
[[-17.29790497 -66.55126953 -34.18951797 -83.44755554]]
0
[[ -37.67607498  -83.24215698  -23.75439835 -122.829422  ]]
2
[[-17.29790497 -66.55126953 -34.18951797 -83.44755554]]
0
[[ -37.67607498  -83.24215698  -23.75439835 -122.829422  ]]
2
[[-17.29790497 -66.55126953 -34.18951797 -83.44755554]]
0
[[ -37.67607498  -83.24215698  -23.75439835 -122.829422  ]]
2
[[-17.29790497 -66.55126953 -34.18951797 -83.44755554]]
0
[[ -37.67607498  -83.24215698  -23.75439835 -122.829422  ]]
2
[[-17.29790497 -66.55126953 -34.18951797 -83.44755554]]
0
[[ -37.67607498  -83.24215698  -23.75439835 -122.829422  ]]
2
[[-17.29790497 -66.55126953 -34.18951797 -83.44755554]]
0
[[ -37.67607498  -83.24215698  -23.75439835 -122.829422  ]]
2
[[-17.29790497 -66.55126953 -34.18951797 -83.44755554]]
0
[[ -37.67607498  -83.24215698  -23.75439835 -122.829422  ]]
2
[[-17.29790497 -66.55126953 -34.18951797 -83.44755554]]
0
[[ -37.67607498  -83.24215698  -23.75439835 -122.829422  ]]
2
[[-17.29790497 -66.55126953 -34.18951797 -83.44755554]]
0
[[ -37.67607498  -83.24215698  -23.75439835 -122.829422  ]]
2
[[-17.29790497 -66.55126953 -34.18951797 -83.44755554]]
0
[[ -37.67607498  -83.24215698  -23.75439835 -122.829422  ]]
2
[[-17.29790497 -66.55126953 -34.18951797 -83.44755554]]
0
[[ -37.67607498  -83.24215698  -23.75439835 -122.829422  ]]
2
[[-17.29790497 -66.55126953 -34.18951797 -83.44755554]]
0
[[ -37.67607498  -83.24215698  -23.75439835 -122.829422  ]]
2
[[-17.29790497 -66.55126953 -34.18951797 -83.44755554]]
0
[[ -37.67607498  -83.24215698  -23.75439835 -122.829422  ]]
2
[[-17.29790497 -66.55126953 -34.18951797 -83.44755554]]
0
[[ -37.67607498  -83.24215698  -23.75439835 -122.829422  ]]
2
[[-17.29790497 -66.55126953 -34.18951797 -83.44755554]]
0
[[ -37.67607498  -83.24215698  -23.75439835 -122.829422  ]]
2
[[-17.29790497 -66.55126953 -34.18951797 -83.44755554]]
0
[[ -37.67607498  -83.24215698  -23.75439835 -122.829422  ]]
2
[[-17.29790497 -66.55126953 -34.18951797 -83.44755554]]
0
[[ -37.67607498  -83.24215698  -23.75439835 -122.829422  ]]
2
[[-17.29790497 -66.55126953 -34.18951797 -83.44755554]]
0
[[ -37.67607498  -83.24215698  -23.75439835 -122.829422  ]]
2
[[-17.29790497 -66.55126953 -34.18951797 -83.44755554]]
0
[[ -37.67607498  -83.24215698  -23.75439835 -122.829422  ]]
2
[[-17.29790497 -66.55126953 -34.18951797 -83.44755554]]
0
[[ -37.67607498  -83.24215698  -23.75439835 -122.829422  ]]
2
[[-17.29790497 -66.55126953 -34.18951797 -83.44755554]]
0
[[ -37.67607498  -83.24215698  -23.75439835 -122.829422  ]]
2
[[-17.29790497 -66.55126953 -34.18951797 -83.44755554]]
0
[[ -37.67607498  -83.24215698  -23.75439835 -122.829422  ]]
2
[[-17.29790497 -66.55126953 -34.18951797 -83.44755554]]
0
[[ -37.67607498  -83.24215698  -23.75439835 -122.829422  ]]
2
[[-17.29790497 -66.55126953 -34.18951797 -83.44755554]]
0
[[ -37.67607498  -83.24215698  -23.75439835 -122.829422  ]]
2
[[-17.29790497 -66.55126953 -34.18951797 -83.44755554]]
0
[[ -37.67607498  -83.24215698  -23.75439835 -122.829422  ]]
2
[[-17.29790497 -66.55126953 -34.18951797 -83.44755554]]
0
[[ -37.67607498  -83.24215698  -23.75439835 -122.829422  ]]
2
[[-17.29790497 -66.55126953 -34.18951797 -83.44755554]]
0
[[ -37.67607498  -83.24215698  -23.75439835 -122.829422  ]]
2
[[-17.29790497 -66.55126953 -34.18951797 -83.44755554]]
0
[[ -37.67607498  -83.24215698  -23.75439835 -122.829422  ]]
2
[[-17.29790497 -66.55126953 -34.18951797 -83.44755554]]
0
[[ -37.67607498  -83.24215698  -23.75439835 -122.829422  ]]
2
[[-17.29790497 -66.55126953 -34.18951797 -83.44755554]]
0
[[ -37.67607498  -83.24215698  -23.75439835 -122.829422  ]]
2
[[-17.29790497 -66.55126953 -34.18951797 -83.44755554]]
0
[[ -37.67607498  -83.24215698  -23.75439835 -122.829422  ]]
2
[[-17.29790497 -66.55126953 -34.18951797 -83.44755554]]
0
[[ -37.67607498  -83.24215698  -23.75439835 -122.829422  ]]
2
[[-17.29790497 -66.55126953 -34.18951797 -83.44755554]]
0
[[ -37.67607498  -83.24215698  -23.75439835 -122.829422  ]]
2
[[-17.29790497 -66.55126953 -34.18951797 -83.44755554]]
0
[[ -37.67607498  -83.24215698  -23.75439835 -122.829422  ]]
2
[[-17.29790497 -66.55126953 -34.18951797 -83.44755554]]
0
[[ -37.67607498  -83.24215698  -23.75439835 -122.829422  ]]
2
[[-17.29790497 -66.55126953 -34.18951797 -83.44755554]]
0
[[ -37.67607498  -83.24215698  -23.75439835 -122.829422  ]]
2
[[-17.29790497 -66.55126953 -34.18951797 -83.44755554]]
0
[[ -37.67607498  -83.24215698  -23.75439835 -122.829422  ]]
2
[[-17.29790497 -66.55126953 -34.18951797 -83.44755554]]
0
[[ -37.67607498  -83.24215698  -23.75439835 -122.829422  ]]
2
[[-17.29790497 -66.55126953 -34.18951797 -83.44755554]]
0
[[ -37.67607498  -83.24215698  -23.75439835 -122.829422  ]]
2
[[-17.29790497 -66.55126953 -34.18951797 -83.44755554]]
0
[[ -37.67607498  -83.24215698  -23.75439835 -122.829422  ]]
2
[[-17.29790497 -66.55126953 -34.18951797 -83.44755554]]
0
[[ -37.67607498  -83.24215698  -23.75439835 -122.829422  ]]
2
[[-17.29790497 -66.55126953 -34.18951797 -83.44755554]]
0
[[ -37.67607498  -83.24215698  -23.75439835 -122.829422  ]]
2
[[-17.29790497 -66.55126953 -34.18951797 -83.44755554]]
0
[[ -37.67607498  -83.24215698  -23.75439835 -122.829422  ]]
2
[[-17.29790497 -66.55126953 -34.18951797 -83.44755554]]
0
FAIL
2/31
