[[ -86.99505615 -102.49801636  -98.9895401   -63.94238281]]
3
[[ -91.26682281  -65.96427155 -114.68043518  -58.88748169]]
3
[[-108.44520569  -56.2489624   -97.75809479  -48.16595459]]
3
[[-94.22361755 -59.0117569  -85.31939697 -27.8574028 ]]
3
[[-112.55697632  -69.89800262  -24.33913422  -29.70515442]]
2
[[ -60.21593475  -91.57868958  -26.1308136  -118.18030548]]
2
[[ -83.27181244 -152.40794373 -107.00619507   36.61807251]]
3
[[-198.53543091   95.03269958  195.27111816   49.0929718 ]]
2
[[   3.94197083   70.98095703  611.12384033   69.57880402]]
2
PASS
9/9
