[[ -86.32469177  -38.79636383 -123.88987732  -83.2029953 ]]
1
[[ -85.56130981  -46.10235596 -125.5586319   -76.04296112]]
1
[[ -40.42736816  -96.44363403 -120.50817108  -62.2193718 ]]
0
[[-106.31272888   -9.40209961  -90.20596313 -116.21061707]]
1
[[ -19.69706726  -86.78239441 -152.78607178  -85.28495026]]
0
[[ -14.32709885  -99.48184967  -78.33686829 -114.62774658]]
0
[[-98.1696167  -24.0688858  -47.85594177 -94.90110779]]
1
[[ -45.38867188  -86.37895203 -108.45979309  -85.01656342]]
0
[[ -24.68929291 -114.47799683  -92.91712189  -92.40423584]]
0
[[ -31.74456406  -91.81207275  -39.25153351 -115.71297455]]
0
[[ -95.86971283 -120.39842987  -83.97449493  -33.06583405]]
3
[[ -19.83591461 -105.06149292 -147.82797241 -149.02584839]]
0
[[-125.60050964 -137.14489746  -34.25481033  -17.1327858 ]]
3
[[ -11.6702652   -32.59550476  -84.51187134 -119.95463562]]
0
[[ -30.32288361  -95.24394989 -109.66040039 -177.41671753]]
0
[[-108.44520569  -56.2489624   -97.75809479  -48.16595459]]
3
[[-94.22361755 -59.0117569  -85.31939697 -27.8574028 ]]
3
[[-112.55697632  -69.89800262  -24.33913422  -29.70515442]]
2
[[ -60.21593475  -91.57868958  -26.1308136  -118.18030548]]
2
[[ -83.27181244 -152.40794373 -107.00619507   36.61807251]]
3
[[-198.53543091   95.03269958  195.27111816   49.0929718 ]]
2
[[   3.94197083   70.98095703  611.12384033   69.57880402]]
2
PASS
22/22
