[[ -25.92871857  -81.93456268 -113.13562775 -104.70024872]]
0
[[-13.88458633 -99.69711304 -71.3211441  -97.53889465]]
0
[[ -14.08441544 -122.66711426  -53.45595169 -104.7796936 ]]
0
[[ -15.01377106  -82.82538605  -50.62392807 -148.80740356]]
0
[[ -25.0604248  -173.141922   -106.09152222 -202.61444092]]
0
[[-127.19940186  -31.13475037  -41.11283112 -146.73486328]]
1
[[ -22.74887085 -205.86239624  -86.17626953  -42.18308258]]
0
[[  -8.12432861  -45.45935059 -182.64657593 -314.32730103]]
0
[[-229.32092285 -209.85449219 -167.57810974   -7.56802368]]
3
[[ -12.25535583  -15.08140564 -169.64920044 -148.37695312]]
0
[[ -19.12312317 -111.2603302  -107.22724915 -166.47528076]]
0
[[-108.31825256  -29.01512146  -96.93287659 -122.42960358]]
1
[[-113.68408203  -34.50081253  -93.83945465  -97.16436768]]
1
[[-116.54039001 -126.12522888  -37.86031342 -100.54190826]]
2
[[-124.40774536  -16.6038208   -99.59931183 -172.18757629]]
1
[[-254.63171387  -90.82163239  -12.38129425 -117.1817627 ]]
2
[[ -74.85591888   -5.78022766 -285.81463623 -214.19342041]]
1
[[-198.53543091   95.03269958  195.27111816   49.0929718 ]]
2
[[   3.94197083   70.98095703  611.12384033   69.57880402]]
2
PASS
19/19
