[[ -87.36351013 -103.66946411  -98.76473236  -63.50991058]]
3
[[ -91.65621948  -66.90356445 -114.84435272  -57.85464478]]
3
[[-108.39646912  -56.82212067  -98.10040283  -47.63929749]]
3
[[-94.37538147 -59.65232086 -85.31341553 -27.05118179]]
3
[[-112.83608246  -71.10105133  -24.35616684  -29.90605927]]
2
[[ -60.46268463  -91.81018066  -25.51953888 -118.0219574 ]]
2
[[ -82.92333221 -152.74516296 -105.59597778   39.73609924]]
3
[[-199.4437561    98.5039978   202.5304718    51.30046844]]
2
[[   4.75088501   73.46460724  621.80187988   71.94625854]]
2
PASS
9/9
