[[-109.13511658  -29.64737701  -96.95469666 -123.32054138]]
1
[[-114.65107727  -35.02009583  -93.4450531   -97.43056488]]
1
[[-117.55952454 -128.11904907  -37.07645798 -100.99285889]]
2
[[-126.13568115  -16.96738434  -99.79819489 -173.54452515]]
1
[[-256.99383545  -91.25564575  -12.07170105 -118.1447525 ]]
2
[[ -76.43013      -3.71824646 -287.30853271 -216.22406006]]
1
[[-199.4437561    98.5039978   202.5304718    51.30046844]]
2
[[   4.75088501   73.46460724  621.80187988   71.94625854]]
2
PASS
8/8
