[[ -24.98315811  -82.73423767 -113.09501648 -105.24987793]]
0
[[ -13.44782257 -100.49059296  -71.59797668  -98.04005432]]
0
[[ -13.77793884 -123.36463928  -53.11404037 -105.39199829]]
0
[[ -14.83169556  -84.10060883  -50.20191193 -150.1449585 ]]
0
[[ -24.88516998 -175.02392578 -106.63308716 -203.98635864]]
0
[[-128.25596619  -31.42461395  -41.05566406 -147.82322693]]
1
[[ -22.42152405 -207.74383545  -85.66902924  -41.48918915]]
0
[[  -7.75500488  -46.25029755 -183.14065552 -317.38272095]]
0
[[-235.44160461 -212.40354919 -168.1932373    -7.77406311]]
3
[[ -12.06959534  -16.7861557  -170.73916626 -150.58015442]]
0
[[ -18.86875153 -112.14214325 -107.18237305 -168.02880859]]
0
[[-109.13511658  -29.64737701  -96.95469666 -123.32054138]]
1
[[-114.65107727  -35.02009583  -93.4450531   -97.43056488]]
1
[[-117.55952454 -128.11904907  -37.07645798 -100.99285889]]
2
[[-126.13568115  -16.96738434  -99.79819489 -173.54452515]]
1
[[-256.99383545  -91.25564575  -12.07170105 -118.1447525 ]]
2
[[ -76.43013      -3.71824646 -287.30853271 -216.22406006]]
1
[[-199.4437561    98.5039978   202.5304718    51.30046844]]
2
[[   4.75088501   73.46460724  621.80187988   71.94625854]]
2
PASS
19/19
