[[-236.02557373 -104.66394043  -23.57967377 -214.55905151]]
2
[[ -38.10519791  -84.35597229  -23.71918106 -123.45202637]]
2
[[-18.97566223 -68.87529755 -34.23940277 -84.37708282]]
0
[[ -38.10519791  -84.35597229  -23.71918106 -123.45202637]]
2
[[-18.97566223 -68.87529755 -34.23940277 -84.37708282]]
0
[[ -38.10519791  -84.35597229  -23.71918106 -123.45202637]]
2
[[-18.97566223 -68.87529755 -34.23940277 -84.37708282]]
0
[[ -38.10519791  -84.35597229  -23.71918106 -123.45202637]]
2
[[-18.97566223 -68.87529755 -34.23940277 -84.37708282]]
0
[[ -38.10519791  -84.35597229  -23.71918106 -123.45202637]]
2
[[-18.97566223 -68.87529755 -34.23940277 -84.37708282]]
0
[[ -38.10519791  -84.35597229  -23.71918106 -123.45202637]]
2
[[-18.97566223 -68.87529755 -34.23940277 -84.37708282]]
0
[[ -38.10519791  -84.35597229  -23.71918106 -123.45202637]]
2
[[-18.97566223 -68.87529755 -34.23940277 -84.37708282]]
0
[[ -38.10519791  -84.35597229  -23.71918106 -123.45202637]]
2
[[-18.97566223 -68.87529755 -34.23940277 -84.37708282]]
0
[[ -38.10519791  -84.35597229  -23.71918106 -123.45202637]]
2
[[-18.97566223 -68.87529755 -34.23940277 -84.37708282]]
0
[[ -38.10519791  -84.35597229  -23.71918106 -123.45202637]]
2
[[-18.97566223 -68.87529755 -34.23940277 -84.37708282]]
0
[[ -38.10519791  -84.35597229  -23.71918106 -123.45202637]]
2
[[-18.97566223 -68.87529755 -34.23940277 -84.37708282]]
0
[[ -38.10519791  -84.35597229  -23.71918106 -123.45202637]]
2
[[-18.97566223 -68.87529755 -34.23940277 -84.37708282]]
0
[[ -38.10519791  -84.35597229  -23.71918106 -123.45202637]]
2
[[-18.97566223 -68.87529755 -34.23940277 -84.37708282]]
0
[[ -38.10519791  -84.35597229  -23.71918106 -123.45202637]]
2
[[-18.97566223 -68.87529755 -34.23940277 -84.37708282]]
0
[[ -38.10519791  -84.35597229  -23.71918106 -123.45202637]]
2
[[-18.97566223 -68.87529755 -34.23940277 -84.37708282]]
0
[[ -38.10519791  -84.35597229  -23.71918106 -123.45202637]]
2
[[-18.97566223 -68.87529755 -34.23940277 -84.37708282]]
0
[[ -38.10519791  -84.35597229  -23.71918106 -123.45202637]]
2
[[-18.97566223 -68.87529755 -34.23940277 -84.37708282]]
0
[[ -38.10519791  -84.35597229  -23.71918106 -123.45202637]]
2
[[-18.97566223 -68.87529755 -34.23940277 -84.37708282]]
0
[[ -38.10519791  -84.35597229  -23.71918106 -123.45202637]]
2
[[-18.97566223 -68.87529755 -34.23940277 -84.37708282]]
0
[[ -38.10519791  -84.35597229  -23.71918106 -123.45202637]]
2
[[-18.97566223 -68.87529755 -34.23940277 -84.37708282]]
0
[[ -38.10519791  -84.35597229  -23.71918106 -123.45202637]]
2
[[-18.97566223 -68.87529755 -34.23940277 -84.37708282]]
0
[[ -38.10519791  -84.35597229  -23.71918106 -123.45202637]]
2
[[-18.97566223 -68.87529755 -34.23940277 -84.37708282]]
0
[[ -38.10519791  -84.35597229  -23.71918106 -123.45202637]]
2
[[-18.97566223 -68.87529755 -34.23940277 -84.37708282]]
0
[[ -38.10519791  -84.35597229  -23.71918106 -123.45202637]]
2
[[-18.97566223 -68.87529755 -34.23940277 -84.37708282]]
0
[[ -38.10519791  -84.35597229  -23.71918106 -123.45202637]]
2
[[-18.97566223 -68.87529755 -34.23940277 -84.37708282]]
0
[[ -38.10519791  -84.35597229  -23.71918106 -123.45202637]]
2
[[-18.97566223 -68.87529755 -34.23940277 -84.37708282]]
0
[[ -38.10519791  -84.35597229  -23.71918106 -123.45202637]]
2
[[-18.97566223 -68.87529755 -34.23940277 -84.37708282]]
0
[[ -38.10519791  -84.35597229  -23.71918106 -123.45202637]]
2
[[-18.97566223 -68.87529755 -34.23940277 -84.37708282]]
0
[[ -38.10519791  -84.35597229  -23.71918106 -123.45202637]]
2
[[-18.97566223 -68.87529755 -34.23940277 -84.37708282]]
0
[[ -38.10519791  -84.35597229  -23.71918106 -123.45202637]]
2
[[-18.97566223 -68.87529755 -34.23940277 -84.37708282]]
0
[[ -38.10519791  -84.35597229  -23.71918106 -123.45202637]]
2
[[-18.97566223 -68.87529755 -34.23940277 -84.37708282]]
0
[[ -38.10519791  -84.35597229  -23.71918106 -123.45202637]]
2
[[-18.97566223 -68.87529755 -34.23940277 -84.37708282]]
0
[[ -38.10519791  -84.35597229  -23.71918106 -123.45202637]]
2
[[-18.97566223 -68.87529755 -34.23940277 -84.37708282]]
0
[[ -38.10519791  -84.35597229  -23.71918106 -123.45202637]]
2
[[-18.97566223 -68.87529755 -34.23940277 -84.37708282]]
0
[[ -38.10519791  -84.35597229  -23.71918106 -123.45202637]]
2
[[-18.97566223 -68.87529755 -34.23940277 -84.37708282]]
0
[[ -38.10519791  -84.35597229  -23.71918106 -123.45202637]]
2
[[-18.97566223 -68.87529755 -34.23940277 -84.37708282]]
0
[[ -38.10519791  -84.35597229  -23.71918106 -123.45202637]]
2
[[-18.97566223 -68.87529755 -34.23940277 -84.37708282]]
0
[[ -38.10519791  -84.35597229  -23.71918106 -123.45202637]]
2
[[-18.97566223 -68.87529755 -34.23940277 -84.37708282]]
0
[[ -38.10519791  -84.35597229  -23.71918106 -123.45202637]]
2
[[-18.97566223 -68.87529755 -34.23940277 -84.37708282]]
0
[[ -38.10519791  -84.35597229  -23.71918106 -123.45202637]]
2
[[-18.97566223 -68.87529755 -34.23940277 -84.37708282]]
0
[[ -38.10519791  -84.35597229  -23.71918106 -123.45202637]]
2
[[-18.97566223 -68.87529755 -34.23940277 -84.37708282]]
0
[[ -38.10519791  -84.35597229  -23.71918106 -123.45202637]]
2
[[-18.97566223 -68.87529755 -34.23940277 -84.37708282]]
0
[[ -38.10519791  -84.35597229  -23.71918106 -123.45202637]]
2
[[-18.97566223 -68.87529755 -34.23940277 -84.37708282]]
0
[[ -38.10519791  -84.35597229  -23.71918106 -123.45202637]]
2
[[-18.97566223 -68.87529755 -34.23940277 -84.37708282]]
0
[[ -38.10519791  -84.35597229  -23.71918106 -123.45202637]]
2
[[-18.97566223 -68.87529755 -34.23940277 -84.37708282]]
0
[[ -38.10519791  -84.35597229  -23.71918106 -123.45202637]]
2
[[-18.97566223 -68.87529755 -34.23940277 -84.37708282]]
0
[[ -38.10519791  -84.35597229  -23.71918106 -123.45202637]]
2
[[-18.97566223 -68.87529755 -34.23940277 -84.37708282]]
0
[[ -38.10519791  -84.35597229  -23.71918106 -123.45202637]]
2
[[-18.97566223 -68.87529755 -34.23940277 -84.37708282]]
0
[[ -38.10519791  -84.35597229  -23.71918106 -123.45202637]]
2
[[-18.97566223 -68.87529755 -34.23940277 -84.37708282]]
0
[[ -38.10519791  -84.35597229  -23.71918106 -123.45202637]]
2
[[-18.97566223 -68.87529755 -34.23940277 -84.37708282]]
0
FAIL
2/31
