[[ -88.23068237  -38.6594162  -124.85884857  -86.00406647]]
1
[[ -86.07764435  -47.04058075 -126.24207306  -76.54283905]]
1
[[ -39.63777924  -97.37793732 -120.87545013  -62.21564484]]
0
[[-106.27415466   -9.82552338  -90.69155884 -116.24307251]]
1
[[ -19.18768311  -87.15933228 -153.32130432  -85.99251556]]
0
[[ -14.57926178 -100.66405487  -79.28009033 -115.05699921]]
0
[[-98.20887756 -25.17534637 -48.70682526 -95.36729431]]
1
[[ -44.94377899  -87.43000793 -108.72537231  -85.27729797]]
0
[[ -24.64775085 -115.52043152  -93.09243011  -92.789505  ]]
0
[[ -31.38389969  -92.91757202  -39.16167068 -116.3279953 ]]
0
[[ -96.13006592 -122.04830933  -83.78923035  -32.37925339]]
3
[[ -19.84910583 -105.70386505 -147.80281067 -149.70275879]]
0
[[-126.24793243 -138.62840271  -33.46762085  -16.48303986]]
3
[[ -12.23894501  -34.32003784  -85.38385773 -119.82061768]]
0
[[ -30.56533813  -96.08461761 -109.40174866 -177.90307617]]
0
[[-108.39646912  -56.82212067  -98.10040283  -47.63929749]]
3
[[-94.37538147 -59.65232086 -85.31341553 -27.05118179]]
3
[[-112.83608246  -71.10105133  -24.35616684  -29.90605927]]
2
[[ -60.46268463  -91.81018066  -25.51953888 -118.0219574 ]]
2
[[ -82.92333221 -152.74516296 -105.59597778   39.73609924]]
3
[[-199.4437561    98.5039978   202.5304718    51.30046844]]
2
[[   4.75088501   73.46460724  621.80187988   71.94625854]]
2
PASS
22/22
