[[ -90.56555939  -37.99032211 -125.86962128  -89.45962524]]
1
[[ -86.64352417  -47.76273346 -126.86972046  -77.05113983]]
1
[[ -38.76284409  -98.22145081 -121.13885498  -62.16801071]]
0
[[-106.28634644  -10.02727509  -91.06487274 -116.22570038]]
1
[[ -18.51189423  -87.61851501 -153.84251404  -86.59567261]]
0
[[ -14.71044922 -101.75958252  -80.1439209  -115.57681274]]
0
[[-98.20915985 -26.18255997 -49.3146553  -95.9143219 ]]
1
[[ -44.40898895  -88.46234131 -108.94244385  -85.49053955]]
0
[[ -24.63845444 -116.55862427  -93.2463913   -93.15788269]]
0
[[ -30.88541031  -93.90989685  -38.89346313 -116.85876465]]
0
[[ -96.23004913 -123.61476135  -83.52758026  -31.59218216]]
3
[[ -19.72066498 -106.21472931 -147.8155365  -150.25312805]]
0
[[-126.83341217 -140.19122314  -32.71269226  -15.7010498 ]]
3
[[ -12.7095108   -35.85146713  -86.18600464 -119.68067169]]
0
[[ -30.66175079  -96.9039917  -109.2231369  -178.40979004]]
0
[[-108.22896576  -57.33312225  -98.36737061  -47.01822662]]
3
[[-94.37636566 -60.36372375 -85.27863312 -26.13624954]]
3
[[-113.00619507  -72.28948975  -24.402668    -29.97296143]]
2
[[ -60.60900116  -92.06378174  -24.85296631 -117.84598541]]
2
[[ -82.62306213 -153.08361816 -104.15350342   42.98493958]]
3
[[-200.50344849  101.61830139  209.50953674   53.26027298]]
2
[[   5.50990295   75.56079865  631.53778076   74.0866394 ]]
2
PASS
22/22
