[[-109.83268738  -30.21685028  -97.02741241 -124.13560486]]
1
[[-115.4079895   -35.60366058  -93.17430115  -97.53483582]]
1
[[-118.29695892 -130.00439453  -36.25191498 -101.29551697]]
2
[[-127.7268219   -17.30157471  -99.92507935 -174.86605835]]
1
[[-259.33026123  -91.85922241  -11.85453033 -119.01095581]]
2
[[ -77.64927673   -1.43431091 -288.55389404 -218.00753784]]
1
[[-200.50344849  101.61830139  209.50953674   53.26027298]]
2
[[   5.50990295   75.56079865  631.53778076   74.0866394 ]]
2
PASS
8/8
