[[-236.65020752 -105.70570374  -23.35705566 -215.1484375 ]]
2
[[ -38.4416275   -85.44256592  -23.56432343 -124.21466064]]
2
[[-20.65361786 -71.04104614 -34.41222    -85.34581757]]
0
[[ -38.4416275   -85.44256592  -23.56432343 -124.21466064]]
2
[[-20.65361786 -71.04104614 -34.41222    -85.34581757]]
0
[[ -38.4416275   -85.44256592  -23.56432343 -124.21466064]]
2
[[-20.65361786 -71.04104614 -34.41222    -85.34581757]]
0
[[ -38.4416275   -85.44256592  -23.56432343 -124.21466064]]
2
[[-20.65361786 -71.04104614 -34.41222    -85.34581757]]
0
[[ -38.4416275   -85.44256592  -23.56432343 -124.21466064]]
2
[[-20.65361786 -71.04104614 -34.41222    -85.34581757]]
0
[[ -38.4416275   -85.44256592  -23.56432343 -124.21466064]]
2
[[-20.65361786 -71.04104614 -34.41222    -85.34581757]]
0
[[ -38.4416275   -85.44256592  -23.56432343 -124.21466064]]
2
[[-20.65361786 -71.04104614 -34.41222    -85.34581757]]
0
[[ -38.4416275   -85.44256592  -23.56432343 -124.21466064]]
2
[[-20.65361786 -71.04104614 -34.41222    -85.34581757]]
0
[[ -38.4416275   -85.44256592  -23.56432343 -124.21466064]]
2
[[-20.65361786 -71.04104614 -34.41222    -85.34581757]]
0
[[ -38.4416275   -85.44256592  -23.56432343 -124.21466064]]
2
[[-20.65361786 -71.04104614 -34.41222    -85.34581757]]
0
[[ -38.4416275   -85.44256592  -23.56432343 -124.21466064]]
2
[[-20.65361786 -71.04104614 -34.41222    -85.34581757]]
0
[[ -38.4416275   -85.44256592  -23.56432343 -124.21466064]]
2
[[-20.65361786 -71.04104614 -34.41222    -85.34581757]]
0
[[ -38.4416275   -85.44256592  -23.56432343 -124.21466064]]
2
[[-20.65361786 -71.04104614 -34.41222    -85.34581757]]
0
[[ -38.4416275   -85.44256592  -23.56432343 -124.21466064]]
2
[[-20.65361786 -71.04104614 -34.41222    -85.34581757]]
0
[[ -38.4416275   -85.44256592  -23.56432343 -124.21466064]]
2
[[-20.65361786 -71.04104614 -34.41222    -85.34581757]]
0
[[ -38.4416275   -85.44256592  -23.56432343 -124.21466064]]
2
[[-20.65361786 -71.04104614 -34.41222    -85.34581757]]
0
[[ -38.4416275   -85.44256592  -23.56432343 -124.21466064]]
2
[[-20.65361786 -71.04104614 -34.41222    -85.34581757]]
0
[[ -38.4416275   -85.44256592  -23.56432343 -124.21466064]]
2
[[-20.65361786 -71.04104614 -34.41222    -85.34581757]]
0
[[ -38.4416275   -85.44256592  -23.56432343 -124.21466064]]
2
[[-20.65361786 -71.04104614 -34.41222    -85.34581757]]
0
[[ -38.4416275   -85.44256592  -23.56432343 -124.21466064]]
2
[[-20.65361786 -71.04104614 -34.41222    -85.34581757]]
0
[[ -38.4416275   -85.44256592  -23.56432343 -124.21466064]]
2
[[-20.65361786 -71.04104614 -34.41222    -85.34581757]]
0
[[ -38.4416275   -85.44256592  -23.56432343 -124.21466064]]
2
[[-20.65361786 -71.04104614 -34.41222    -85.34581757]]
0
[[ -38.4416275   -85.44256592  -23.56432343 -124.21466064]]
2
[[-20.65361786 -71.04104614 -34.41222    -85.34581757]]
0
[[ -38.4416275   -85.44256592  -23.56432343 -124.21466064]]
2
[[-20.65361786 -71.04104614 -34.41222    -85.34581757]]
0
[[ -38.4416275   -85.44256592  -23.56432343 -124.21466064]]
2
[[-20.65361786 -71.04104614 -34.41222    -85.34581757]]
0
[[ -38.4416275   -85.44256592  -23.56432343 -124.21466064]]
2
[[-20.65361786 -71.04104614 -34.41222    -85.34581757]]
0
[[ -38.4416275   -85.44256592  -23.56432343 -124.21466064]]
2
[[-20.65361786 -71.04104614 -34.41222    -85.34581757]]
0
[[ -38.4416275   -85.44256592  -23.56432343 -124.21466064]]
2
[[-20.65361786 -71.04104614 -34.41222    -85.34581757]]
0
[[ -38.4416275   -85.44256592  -23.56432343 -124.21466064]]
2
[[-20.65361786 -71.04104614 -34.41222    -85.34581757]]
0
[[ -38.4416275   -85.44256592  -23.56432343 -124.21466064]]
2
[[-20.65361786 -71.04104614 -34.41222    -85.34581757]]
0
[[ -38.4416275   -85.44256592  -23.56432343 -124.21466064]]
2
[[-20.65361786 -71.04104614 -34.41222    -85.34581757]]
0
[[ -38.4416275   -85.44256592  -23.56432343 -124.21466064]]
2
[[-20.65361786 -71.04104614 -34.41222    -85.34581757]]
0
[[ -38.4416275   -85.44256592  -23.56432343 -124.21466064]]
2
[[-20.65361786 -71.04104614 -34.41222    -85.34581757]]
0
[[ -38.4416275   -85.44256592  -23.56432343 -124.21466064]]
2
[[-20.65361786 -71.04104614 -34.41222    -85.34581757]]
0
[[ -38.4416275   -85.44256592  -23.56432343 -124.21466064]]
2
[[-20.65361786 -71.04104614 -34.41222    -85.34581757]]
0
[[ -38.4416275   -85.44256592  -23.56432343 -124.21466064]]
2
[[-20.65361786 -71.04104614 -34.41222    -85.34581757]]
0
[[ -38.4416275   -85.44256592  -23.56432343 -124.21466064]]
2
[[-20.65361786 -71.04104614 -34.41222    -85.34581757]]
0
[[ -38.4416275   -85.44256592  -23.56432343 -124.21466064]]
2
[[-20.65361786 -71.04104614 -34.41222    -85.34581757]]
0
[[ -38.4416275   -85.44256592  -23.56432343 -124.21466064]]
2
[[-20.65361786 -71.04104614 -34.41222    -85.34581757]]
0
[[ -38.4416275   -85.44256592  -23.56432343 -124.21466064]]
2
[[-20.65361786 -71.04104614 -34.41222    -85.34581757]]
0
[[ -38.4416275   -85.44256592  -23.56432343 -124.21466064]]
2
[[-20.65361786 -71.04104614 -34.41222    -85.34581757]]
0
[[ -38.4416275   -85.44256592  -23.56432343 -124.21466064]]
2
[[-20.65361786 -71.04104614 -34.41222    -85.34581757]]
0
[[ -38.4416275   -85.44256592  -23.56432343 -124.21466064]]
2
[[-20.65361786 -71.04104614 -34.41222    -85.34581757]]
0
[[ -38.4416275   -85.44256592  -23.56432343 -124.21466064]]
2
[[-20.65361786 -71.04104614 -34.41222    -85.34581757]]
0
[[ -38.4416275   -85.44256592  -23.56432343 -124.21466064]]
2
[[-20.65361786 -71.04104614 -34.41222    -85.34581757]]
0
[[ -38.4416275   -85.44256592  -23.56432343 -124.21466064]]
2
[[-20.65361786 -71.04104614 -34.41222    -85.34581757]]
0
[[ -38.4416275   -85.44256592  -23.56432343 -124.21466064]]
2
[[-20.65361786 -71.04104614 -34.41222    -85.34581757]]
0
[[ -38.4416275   -85.44256592  -23.56432343 -124.21466064]]
2
[[-20.65361786 -71.04104614 -34.41222    -85.34581757]]
0
[[ -38.4416275   -85.44256592  -23.56432343 -124.21466064]]
2
[[-20.65361786 -71.04104614 -34.41222    -85.34581757]]
0
[[ -38.4416275   -85.44256592  -23.56432343 -124.21466064]]
2
[[-20.65361786 -71.04104614 -34.41222    -85.34581757]]
0
FAIL
2/31
