[[ -24.12979889  -83.46638489 -113.01148224 -105.72399902]]
0
[[ -13.16870499 -101.31920624  -71.91747284  -98.52869415]]
0
[[ -13.29866791 -123.9881897   -52.78224945 -105.91056824]]
0
[[ -14.66350174  -85.35745239  -49.74639893 -151.41513062]]
0
[[ -24.67922974 -176.93063354 -107.11175537 -205.3638916 ]]
0
[[-129.22232056  -31.66633606  -40.8975296  -148.83258057]]
1
[[ -22.08869171 -209.31021118  -85.39167786  -40.81614304]]
0
[[  -7.50816345  -47.14196014 -183.75823975 -320.37646484]]
0
[[-241.22213745 -214.97622681 -168.81216431   -7.99569702]]
3
[[ -11.94379425  -18.57563019 -171.88885498 -152.81742859]]
0
[[ -18.70122528 -113.13217926 -107.15080261 -169.3507843 ]]
0
[[-109.83268738  -30.21685028  -97.02741241 -124.13560486]]
1
[[-115.4079895   -35.60366058  -93.17430115  -97.53483582]]
1
[[-118.29695892 -130.00439453  -36.25191498 -101.29551697]]
2
[[-127.7268219   -17.30157471  -99.92507935 -174.86605835]]
1
[[-259.33026123  -91.85922241  -11.85453033 -119.01095581]]
2
[[ -77.64927673   -1.43431091 -288.55389404 -218.00753784]]
1
[[-200.50344849  101.61830139  209.50953674   53.26027298]]
2
[[   5.50990295   75.56079865  631.53778076   74.0866394 ]]
2
PASS
19/19
