[[ -87.58512115 -104.76636505  -98.46674347  -63.03534317]]
3
[[ -91.85630798  -67.84260559 -115.02598572  -56.65986252]]
3
[[-108.22896576  -57.33312225  -98.36737061  -47.01822662]]
3
[[-94.37636566 -60.36372375 -85.27863312 -26.13624954]]
3
[[-113.00619507  -72.28948975  -24.402668    -29.97296143]]
2
[[ -60.60900116  -92.06378174  -24.85296631 -117.84598541]]
2
[[ -82.62306213 -153.08361816 -104.15350342   42.98493958]]
3
[[-200.50344849  101.61830139  209.50953674   53.26027298]]
2
[[   5.50990295   75.56079865  631.53778076   74.0866394 ]]
2
PASS
9/9
