[[ -87.31687164 -105.39573669  -97.88091278  -62.08662415]]
3
[[ -91.70371246  -68.79985046 -114.65357971  -54.95302582]]
3
[[-107.66825867  -58.00427628  -98.26564789  -46.16359329]]
3
[[-93.92346191 -61.27640533 -85.00164032 -25.09009171]]
3
[[-112.71974182  -73.54013824  -24.47418213  -29.80424118]]
2
[[ -60.50221252  -92.33427429  -23.82754517 -116.85873413]]
2
[[ -82.13402557 -152.95010376 -101.88140869   46.67965698]]
3
[[-200.89579773  104.64849854  216.9283905    55.63957977]]
2
[[   6.71820068   77.6576767   639.70513916   76.23789978]]
2
PASS
9/9
