[[ -81.37516785 -107.52599335 -122.43373871  -81.7923584 ]]
0
[[ -96.25209045 -132.04837036 -131.02288818  -73.97926331]]
3
[[ -17.92989349  -88.0022049  -153.65213013  -86.31394958]]
0
[[ -15.33174896 -102.64381409  -80.79212189 -115.14927673]]
0
[[-97.74549866 -27.48501587 -49.7625351  -95.80290985]]
1
[[ -43.60657501  -89.3376236  -108.60539246  -84.96546936]]
0
[[ -24.81848145 -117.26337433  -93.03910828  -92.78561401]]
0
[[ -30.47974396  -94.7522049   -38.56327057 -116.46392822]]
0
[[ -95.99695587 -124.55757904  -83.01548767  -30.61140442]]
3
[[ -19.6999054  -106.4672699  -147.27986145 -149.75138855]]
0
[[-126.86241913 -141.27127075  -31.94189453  -14.75092316]]
3
[[ -13.27516556  -37.52651978  -86.64173889 -118.6794281 ]]
0
[[ -30.92159271  -97.68022919 -108.60246277 -177.64733887]]
0
[[-107.66825867  -58.00427628  -98.26564789  -46.16359329]]
3
[[-93.92346191 -61.27640533 -85.00164032 -25.09009171]]
3
[[-112.71974182  -73.54013824  -24.47418213  -29.80424118]]
2
[[ -60.50221252  -92.33427429  -23.82754517 -116.85873413]]
2
[[ -82.13402557 -152.95010376 -101.88140869   46.67965698]]
3
[[-200.89579773  104.64849854  216.9283905    55.63957977]]
2
[[   6.71820068   77.6576767   639.70513916   76.23789978]]
2
PASS
20/20
