[[-109.89736176  -30.72646332  -96.81130981 -124.21495056]]
1
[[-115.53440857  -36.17375565  -92.55479431  -96.78440857]]
1
[[-118.56793976 -131.07293701  -35.44049835 -101.00257874]]
2
[[-129.0337677   -17.77416992  -99.55259705 -175.35635376]]
1
[[-260.7583313   -92.33288574  -11.78556824 -119.49891663]]
2
[[ -78.61359406    1.10435486 -288.36782837 -218.8276062 ]]
1
[[-200.89579773  104.64849854  216.9283905    55.63957977]]
2
[[   6.71820068   77.6576767   639.70513916   76.23789978]]
2
PASS
8/8
