[[-236.49272156 -106.3788681   -23.23117828 -214.93501282]]
2
[[ -38.82991791  -86.3838501   -23.36923981 -124.06604004]]
2
[[-22.24094009 -72.92614746 -34.48492432 -85.52236176]]
0
[[ -38.82991791  -86.3838501   -23.36923981 -124.06604004]]
2
[[-22.24094009 -72.92614746 -34.48492432 -85.52236176]]
0
[[ -38.82991791  -86.3838501   -23.36923981 -124.06604004]]
2
[[-22.24094009 -72.92614746 -34.48492432 -85.52236176]]
0
[[ -38.82991791  -86.3838501   -23.36923981 -124.06604004]]
2
[[-22.24094009 -72.92614746 -34.48492432 -85.52236176]]
0
[[ -38.82991791  -86.3838501   -23.36923981 -124.06604004]]
2
[[-22.24094009 -72.92614746 -34.48492432 -85.52236176]]
0
[[ -38.82991791  -86.3838501   -23.36923981 -124.06604004]]
2
[[-22.24094009 -72.92614746 -34.48492432 -85.52236176]]
0
[[ -38.82991791  -86.3838501   -23.36923981 -124.06604004]]
2
[[-22.24094009 -72.92614746 -34.48492432 -85.52236176]]
0
[[ -38.82991791  -86.3838501   -23.36923981 -124.06604004]]
2
[[-22.24094009 -72.92614746 -34.48492432 -85.52236176]]
0
[[ -38.82991791  -86.3838501   -23.36923981 -124.06604004]]
2
[[-22.24094009 -72.92614746 -34.48492432 -85.52236176]]
0
[[ -38.82991791  -86.3838501   -23.36923981 -124.06604004]]
2
[[-22.24094009 -72.92614746 -34.48492432 -85.52236176]]
0
[[ -38.82991791  -86.3838501   -23.36923981 -124.06604004]]
2
[[-22.24094009 -72.92614746 -34.48492432 -85.52236176]]
0
[[ -38.82991791  -86.3838501   -23.36923981 -124.06604004]]
2
[[-22.24094009 -72.92614746 -34.48492432 -85.52236176]]
0
[[ -38.82991791  -86.3838501   -23.36923981 -124.06604004]]
2
[[-22.24094009 -72.92614746 -34.48492432 -85.52236176]]
0
[[ -38.82991791  -86.3838501   -23.36923981 -124.06604004]]
2
[[-22.24094009 -72.92614746 -34.48492432 -85.52236176]]
0
[[ -38.82991791  -86.3838501   -23.36923981 -124.06604004]]
2
[[-22.24094009 -72.92614746 -34.48492432 -85.52236176]]
0
[[ -38.82991791  -86.3838501   -23.36923981 -124.06604004]]
2
[[-22.24094009 -72.92614746 -34.48492432 -85.52236176]]
0
[[ -38.82991791  -86.3838501   -23.36923981 -124.06604004]]
2
[[-22.24094009 -72.92614746 -34.48492432 -85.52236176]]
0
[[ -38.82991791  -86.3838501   -23.36923981 -124.06604004]]
2
[[-22.24094009 -72.92614746 -34.48492432 -85.52236176]]
0
[[ -38.82991791  -86.3838501   -23.36923981 -124.06604004]]
2
[[-22.24094009 -72.92614746 -34.48492432 -85.52236176]]
0
[[ -38.82991791  -86.3838501   -23.36923981 -124.06604004]]
2
[[-22.24094009 -72.92614746 -34.48492432 -85.52236176]]
0
[[ -38.82991791  -86.3838501   -23.36923981 -124.06604004]]
2
[[-22.24094009 -72.92614746 -34.48492432 -85.52236176]]
0
[[ -38.82991791  -86.3838501   -23.36923981 -124.06604004]]
2
[[-22.24094009 -72.92614746 -34.48492432 -85.52236176]]
0
[[ -38.82991791  -86.3838501   -23.36923981 -124.06604004]]
2
[[-22.24094009 -72.92614746 -34.48492432 -85.52236176]]
0
[[ -38.82991791  -86.3838501   -23.36923981 -124.06604004]]
2
[[-22.24094009 -72.92614746 -34.48492432 -85.52236176]]
0
[[ -38.82991791  -86.3838501   -23.36923981 -124.06604004]]
2
[[-22.24094009 -72.92614746 -34.48492432 -85.52236176]]
0
[[ -38.82991791  -86.3838501   -23.36923981 -124.06604004]]
2
[[-22.24094009 -72.92614746 -34.48492432 -85.52236176]]
0
[[ -38.82991791  -86.3838501   -23.36923981 -124.06604004]]
2
[[-22.24094009 -72.92614746 -34.48492432 -85.52236176]]
0
[[ -38.82991791  -86.3838501   -23.36923981 -124.06604004]]
2
[[-22.24094009 -72.92614746 -34.48492432 -85.52236176]]
0
[[ -38.82991791  -86.3838501   -23.36923981 -124.06604004]]
2
[[-22.24094009 -72.92614746 -34.48492432 -85.52236176]]
0
[[ -38.82991791  -86.3838501   -23.36923981 -124.06604004]]
2
[[-22.24094009 -72.92614746 -34.48492432 -85.52236176]]
0
[[ -38.82991791  -86.3838501   -23.36923981 -124.06604004]]
2
[[-22.24094009 -72.92614746 -34.48492432 -85.52236176]]
0
[[ -38.82991791  -86.3838501   -23.36923981 -124.06604004]]
2
[[-22.24094009 -72.92614746 -34.48492432 -85.52236176]]
0
[[ -38.82991791  -86.3838501   -23.36923981 -124.06604004]]
2
[[-22.24094009 -72.92614746 -34.48492432 -85.52236176]]
0
[[ -38.82991791  -86.3838501   -23.36923981 -124.06604004]]
2
[[-22.24094009 -72.92614746 -34.48492432 -85.52236176]]
0
[[ -38.82991791  -86.3838501   -23.36923981 -124.06604004]]
2
[[-22.24094009 -72.92614746 -34.48492432 -85.52236176]]
0
[[ -38.82991791  -86.3838501   -23.36923981 -124.06604004]]
2
[[-22.24094009 -72.92614746 -34.48492432 -85.52236176]]
0
[[ -38.82991791  -86.3838501   -23.36923981 -124.06604004]]
2
[[-22.24094009 -72.92614746 -34.48492432 -85.52236176]]
0
[[ -38.82991791  -86.3838501   -23.36923981 -124.06604004]]
2
[[-22.24094009 -72.92614746 -34.48492432 -85.52236176]]
0
[[ -38.82991791  -86.3838501   -23.36923981 -124.06604004]]
2
[[-22.24094009 -72.92614746 -34.48492432 -85.52236176]]
0
[[ -38.82991791  -86.3838501   -23.36923981 -124.06604004]]
2
[[-22.24094009 -72.92614746 -34.48492432 -85.52236176]]
0
[[ -38.82991791  -86.3838501   -23.36923981 -124.06604004]]
2
[[-22.24094009 -72.92614746 -34.48492432 -85.52236176]]
0
[[ -38.82991791  -86.3838501   -23.36923981 -124.06604004]]
2
[[-22.24094009 -72.92614746 -34.48492432 -85.52236176]]
0
[[ -38.82991791  -86.3838501   -23.36923981 -124.06604004]]
2
[[-22.24094009 -72.92614746 -34.48492432 -85.52236176]]
0
[[ -38.82991791  -86.3838501   -23.36923981 -124.06604004]]
2
[[-22.24094009 -72.92614746 -34.48492432 -85.52236176]]
0
[[ -38.82991791  -86.3838501   -23.36923981 -124.06604004]]
2
[[-22.24094009 -72.92614746 -34.48492432 -85.52236176]]
0
[[ -38.82991791  -86.3838501   -23.36923981 -124.06604004]]
2
[[-22.24094009 -72.92614746 -34.48492432 -85.52236176]]
0
[[ -38.82991791  -86.3838501   -23.36923981 -124.06604004]]
2
[[-22.24094009 -72.92614746 -34.48492432 -85.52236176]]
0
[[ -38.82991791  -86.3838501   -23.36923981 -124.06604004]]
2
[[-22.24094009 -72.92614746 -34.48492432 -85.52236176]]
0
[[ -38.82991791  -86.3838501   -23.36923981 -124.06604004]]
2
[[-22.24094009 -72.92614746 -34.48492432 -85.52236176]]
0
[[ -38.82991791  -86.3838501   -23.36923981 -124.06604004]]
2
[[-22.24094009 -72.92614746 -34.48492432 -85.52236176]]
0
FAIL
2/31
