[[ -23.71945572  -84.1843338  -112.44172668 -105.37241364]]
0
[[ -13.0626564  -102.03410339  -71.88619995  -98.1999588 ]]
0
[[ -13.05906296 -124.31092072  -52.35730362 -105.54489899]]
0
[[ -14.69328308  -86.66412354  -49.25122833 -151.52545166]]
0
[[ -24.56001282 -178.25363159 -107.13317108 -205.61116028]]
0
[[-129.48475647  -32.13631058  -40.45862961 -148.7665863 ]]
1
[[ -21.73397064 -210.02416992  -84.68248749  -39.81082916]]
0
[[  -7.46026611  -48.25686646 -183.73461914 -322.07839966]]
0
[[-245.92694092 -216.8614502  -168.6055603    -7.86302185]]
3
[[ -11.89651489  -20.20954895 -172.01837158 -153.86697388]]
0
[[ -18.68347168 -113.9111557  -106.66421509 -169.55030823]]
0
[[-109.89736176  -30.72646332  -96.81130981 -124.21495056]]
1
[[-115.53440857  -36.17375565  -92.55479431  -96.78440857]]
1
[[-118.56793976 -131.07293701  -35.44049835 -101.00257874]]
2
[[-129.0337677   -17.77416992  -99.55259705 -175.35635376]]
1
[[-260.7583313   -92.33288574  -11.78556824 -119.49891663]]
2
[[ -78.61359406    1.10435486 -288.36782837 -218.8276062 ]]
1
[[-200.89579773  104.64849854  216.9283905    55.63957977]]
2
[[   6.71820068   77.6576767   639.70513916   76.23789978]]
2
PASS
19/19
