[[-236.28564453 -106.67675781  -23.04258728 -214.72761536]]
2
[[ -38.96512604  -86.85630035  -23.12928009 -123.7618103 ]]
2
[[-23.35085297 -74.05207825 -34.40262604 -85.39222717]]
0
[[ -38.96512604  -86.85630035  -23.12928009 -123.7618103 ]]
2
[[-23.35085297 -74.05207825 -34.40262604 -85.39222717]]
0
[[ -38.96512604  -86.85630035  -23.12928009 -123.7618103 ]]
2
[[-23.35085297 -74.05207825 -34.40262604 -85.39222717]]
0
[[ -38.96512604  -86.85630035  -23.12928009 -123.7618103 ]]
2
[[-23.35085297 -74.05207825 -34.40262604 -85.39222717]]
0
[[ -38.96512604  -86.85630035  -23.12928009 -123.7618103 ]]
2
[[-23.35085297 -74.05207825 -34.40262604 -85.39222717]]
0
[[ -38.96512604  -86.85630035  -23.12928009 -123.7618103 ]]
2
[[-23.35085297 -74.05207825 -34.40262604 -85.39222717]]
0
[[ -38.96512604  -86.85630035  -23.12928009 -123.7618103 ]]
2
[[-23.35085297 -74.05207825 -34.40262604 -85.39222717]]
0
[[ -38.96512604  -86.85630035  -23.12928009 -123.7618103 ]]
2
[[-23.35085297 -74.05207825 -34.40262604 -85.39222717]]
0
[[ -38.96512604  -86.85630035  -23.12928009 -123.7618103 ]]
2
[[-23.35085297 -74.05207825 -34.40262604 -85.39222717]]
0
[[ -38.96512604  -86.85630035  -23.12928009 -123.7618103 ]]
2
[[-23.35085297 -74.05207825 -34.40262604 -85.39222717]]
0
[[ -38.96512604  -86.85630035  -23.12928009 -123.7618103 ]]
2
[[-23.35085297 -74.05207825 -34.40262604 -85.39222717]]
0
[[ -38.96512604  -86.85630035  -23.12928009 -123.7618103 ]]
2
[[-23.35085297 -74.05207825 -34.40262604 -85.39222717]]
0
[[ -38.96512604  -86.85630035  -23.12928009 -123.7618103 ]]
2
[[-23.35085297 -74.05207825 -34.40262604 -85.39222717]]
0
[[ -38.96512604  -86.85630035  -23.12928009 -123.7618103 ]]
2
[[-23.35085297 -74.05207825 -34.40262604 -85.39222717]]
0
[[ -38.96512604  -86.85630035  -23.12928009 -123.7618103 ]]
2
[[-23.35085297 -74.05207825 -34.40262604 -85.39222717]]
0
[[ -38.96512604  -86.85630035  -23.12928009 -123.7618103 ]]
2
[[-23.35085297 -74.05207825 -34.40262604 -85.39222717]]
0
[[ -38.96512604  -86.85630035  -23.12928009 -123.7618103 ]]
2
[[-23.35085297 -74.05207825 -34.40262604 -85.39222717]]
0
[[ -38.96512604  -86.85630035  -23.12928009 -123.7618103 ]]
2
[[-23.35085297 -74.05207825 -34.40262604 -85.39222717]]
0
[[ -38.96512604  -86.85630035  -23.12928009 -123.7618103 ]]
2
[[-23.35085297 -74.05207825 -34.40262604 -85.39222717]]
0
[[ -38.96512604  -86.85630035  -23.12928009 -123.7618103 ]]
2
[[-23.35085297 -74.05207825 -34.40262604 -85.39222717]]
0
[[ -38.96512604  -86.85630035  -23.12928009 -123.7618103 ]]
2
[[-23.35085297 -74.05207825 -34.40262604 -85.39222717]]
0
[[ -38.96512604  -86.85630035  -23.12928009 -123.7618103 ]]
2
[[-23.35085297 -74.05207825 -34.40262604 -85.39222717]]
0
[[ -38.96512604  -86.85630035  -23.12928009 -123.7618103 ]]
2
[[-23.35085297 -74.05207825 -34.40262604 -85.39222717]]
0
[[ -38.96512604  -86.85630035  -23.12928009 -123.7618103 ]]
2
[[-23.35085297 -74.05207825 -34.40262604 -85.39222717]]
0
[[ -38.96512604  -86.85630035  -23.12928009 -123.7618103 ]]
2
[[-23.35085297 -74.05207825 -34.40262604 -85.39222717]]
0
[[ -38.96512604  -86.85630035  -23.12928009 -123.7618103 ]]
2
[[-23.35085297 -74.05207825 -34.40262604 -85.39222717]]
0
[[ -38.96512604  -86.85630035  -23.12928009 -123.7618103 ]]
2
[[-23.35085297 -74.05207825 -34.40262604 -85.39222717]]
0
[[ -38.96512604  -86.85630035  -23.12928009 -123.7618103 ]]
2
[[-23.35085297 -74.05207825 -34.40262604 -85.39222717]]
0
[[ -38.96512604  -86.85630035  -23.12928009 -123.7618103 ]]
2
[[-23.35085297 -74.05207825 -34.40262604 -85.39222717]]
0
[[ -38.96512604  -86.85630035  -23.12928009 -123.7618103 ]]
2
[[-23.35085297 -74.05207825 -34.40262604 -85.39222717]]
0
[[ -38.96512604  -86.85630035  -23.12928009 -123.7618103 ]]
2
[[-23.35085297 -74.05207825 -34.40262604 -85.39222717]]
0
[[ -38.96512604  -86.85630035  -23.12928009 -123.7618103 ]]
2
[[-23.35085297 -74.05207825 -34.40262604 -85.39222717]]
0
[[ -38.96512604  -86.85630035  -23.12928009 -123.7618103 ]]
2
[[-23.35085297 -74.05207825 -34.40262604 -85.39222717]]
0
[[ -38.96512604  -86.85630035  -23.12928009 -123.7618103 ]]
2
[[-23.35085297 -74.05207825 -34.40262604 -85.39222717]]
0
[[ -38.96512604  -86.85630035  -23.12928009 -123.7618103 ]]
2
[[-23.35085297 -74.05207825 -34.40262604 -85.39222717]]
0
[[ -38.96512604  -86.85630035  -23.12928009 -123.7618103 ]]
2
[[-23.35085297 -74.05207825 -34.40262604 -85.39222717]]
0
[[ -38.96512604  -86.85630035  -23.12928009 -123.7618103 ]]
2
[[-23.35085297 -74.05207825 -34.40262604 -85.39222717]]
0
[[ -38.96512604  -86.85630035  -23.12928009 -123.7618103 ]]
2
[[-23.35085297 -74.05207825 -34.40262604 -85.39222717]]
0
[[ -38.96512604  -86.85630035  -23.12928009 -123.7618103 ]]
2
[[-23.35085297 -74.05207825 -34.40262604 -85.39222717]]
0
[[ -38.96512604  -86.85630035  -23.12928009 -123.7618103 ]]
2
[[-23.35085297 -74.05207825 -34.40262604 -85.39222717]]
0
[[ -38.96512604  -86.85630035  -23.12928009 -123.7618103 ]]
2
[[-23.35085297 -74.05207825 -34.40262604 -85.39222717]]
0
[[ -38.96512604  -86.85630035  -23.12928009 -123.7618103 ]]
2
[[-23.35085297 -74.05207825 -34.40262604 -85.39222717]]
0
[[ -38.96512604  -86.85630035  -23.12928009 -123.7618103 ]]
2
[[-23.35085297 -74.05207825 -34.40262604 -85.39222717]]
0
[[ -38.96512604  -86.85630035  -23.12928009 -123.7618103 ]]
2
[[-23.35085297 -74.05207825 -34.40262604 -85.39222717]]
0
[[ -38.96512604  -86.85630035  -23.12928009 -123.7618103 ]]
2
[[-23.35085297 -74.05207825 -34.40262604 -85.39222717]]
0
[[ -38.96512604  -86.85630035  -23.12928009 -123.7618103 ]]
2
[[-23.35085297 -74.05207825 -34.40262604 -85.39222717]]
0
[[ -38.96512604  -86.85630035  -23.12928009 -123.7618103 ]]
2
[[-23.35085297 -74.05207825 -34.40262604 -85.39222717]]
0
[[ -38.96512604  -86.85630035  -23.12928009 -123.7618103 ]]
2
[[-23.35085297 -74.05207825 -34.40262604 -85.39222717]]
0
[[ -38.96512604  -86.85630035  -23.12928009 -123.7618103 ]]
2
[[-23.35085297 -74.05207825 -34.40262604 -85.39222717]]
0
[[ -38.96512604  -86.85630035  -23.12928009 -123.7618103 ]]
2
[[-23.35085297 -74.05207825 -34.40262604 -85.39222717]]
0
FAIL
2/31
