[[ -23.41576385  -84.50227356 -111.95930481 -104.83866882]]
0
[[ -12.62701035 -102.074646    -71.67971802  -97.69068146]]
0
[[ -12.61322021 -124.10427856  -51.77893829 -105.04079437]]
0
[[ -14.43130493  -87.47354126  -48.58555222 -151.6282196 ]]
0
[[ -24.31956482 -179.20568848 -107.20301819 -205.61505127]]
0
[[-129.27560425  -32.40964508  -40.01914978 -148.565979  ]]
1
[[ -21.2980423  -210.18103027  -84.19820404  -39.02059937]]
0
[[  -7.36929321  -49.30923462 -183.85313416 -323.69406128]]
0
[[-249.96087646 -217.91223145 -168.52088928   -7.58966064]]
3
[[ -11.71626282  -21.45522308 -171.88768005 -154.43031311]]
0
[[ -18.41808319 -114.08052063 -106.18334198 -169.31170654]]
0
[[-109.47351074  -30.84031677  -96.45040131 -123.9670639 ]]
1
[[-115.12174225  -36.15364075  -92.04203796  -96.01912689]]
1
[[-118.48375702 -131.46408081  -34.79306793 -100.94380951]]
2
[[-130.00524902  -17.95903778  -99.04341125 -175.48651123]]
1
[[-261.88796997  -92.61254883  -11.75035858 -119.79370117]]
2
[[ -79.30819702    4.10821533 -288.15216064 -219.46418762]]
1
[[-201.12680054  107.52763367  223.90245056   57.84534454]]
2
[[   8.22720337   80.13948822  648.4206543    78.59309387]]
2
PASS
19/19
