[[-109.47351074  -30.84031677  -96.45040131 -123.9670639 ]]
1
[[-115.12174225  -36.15364075  -92.04203796  -96.01912689]]
1
[[-118.48375702 -131.46408081  -34.79306793 -100.94380951]]
2
[[-130.00524902  -17.95903778  -99.04341125 -175.48651123]]
1
[[-261.88796997  -92.61254883  -11.75035858 -119.79370117]]
2
[[ -79.30819702    4.10821533 -288.15216064 -219.46418762]]
1
[[-201.12680054  107.52763367  223.90245056   57.84534454]]
2
[[   8.22720337   80.13948822  648.4206543    78.59309387]]
2
PASS
8/8
