[[ -86.73253632 -105.53988647  -97.36034393  -61.11400223]]
3
[[ -91.1463089   -69.4548645  -114.23979187  -53.39564514]]
3
[[-106.711586    -58.29264832  -98.10493469  -45.56172943]]
3
[[-93.09605408 -61.98709869 -84.87162781 -24.22585678]]
3
[[-112.08630371  -74.59555054  -24.66843796  -29.61961365]]
2
[[ -60.12852478  -92.51120758  -22.69857788 -115.82691956]]
2
[[ -81.42758942 -152.46218872  -99.58334351   50.18897247]]
3
[[-201.12680054  107.52763367  223.90245056   57.84534454]]
2
[[   8.22720337   80.13948822  648.4206543    78.59309387]]
2
PASS
9/9
