[[ -80.64370728 -108.17407227 -122.30561829  -80.95896912]]
0
[[ -95.55293274 -132.83853149 -130.91394043  -72.84147644]]
3
[[ -17.14781189  -87.96311951 -153.39445496  -85.96110535]]
0
[[ -15.57754517 -103.03325653  -80.92279816 -114.59313202]]
0
[[-96.94779968 -28.40085602 -50.21563339 -95.51609802]]
1
[[ -42.38607025  -89.65557861 -108.26197815  -84.30867767]]
0
[[ -24.73381042 -117.48944092  -92.7417984   -92.17963409]]
0
[[ -30.01699448  -95.0789566   -38.23935699 -115.89234924]]
0
[[ -95.43608093 -125.03699493  -82.46318054  -29.49083328]]
3
[[ -19.61435699 -106.36465454 -146.43943787 -149.12359619]]
0
[[-126.606987   -141.8270874   -31.24129486  -13.82079315]]
3
[[ -13.48975372  -38.78591919  -86.80441284 -117.70361328]]
0
[[ -30.90895844  -98.00621796 -107.77388    -176.55499268]]
0
[[-106.711586    -58.29264832  -98.10493469  -45.56172943]]
3
[[-93.09605408 -61.98709869 -84.87162781 -24.22585678]]
3
[[-112.08630371  -74.59555054  -24.66843796  -29.61961365]]
2
[[ -60.12852478  -92.51120758  -22.69857788 -115.82691956]]
2
[[ -81.42758942 -152.46218872  -99.58334351   50.18897247]]
3
[[-201.12680054  107.52763367  223.90245056   57.84534454]]
2
[[   8.22720337   80.13948822  648.4206543    78.59309387]]
2
PASS
20/20
