[[-235.77220154 -106.94883728  -22.89678955 -214.30326843]]
2
[[ -39.31163406  -87.11778259  -22.9618454  -123.42780304]]
2
[[-24.67876434 -75.09086609 -34.30818558 -85.32833099]]
0
[[ -39.31163406  -87.11778259  -22.9618454  -123.42780304]]
2
[[-24.67876434 -75.09086609 -34.30818558 -85.32833099]]
0
[[ -39.31163406  -87.11778259  -22.9618454  -123.42780304]]
2
[[-24.67876434 -75.09086609 -34.30818558 -85.32833099]]
0
[[ -39.31163406  -87.11778259  -22.9618454  -123.42780304]]
2
[[-24.67876434 -75.09086609 -34.30818558 -85.32833099]]
0
[[ -39.31163406  -87.11778259  -22.9618454  -123.42780304]]
2
[[-24.67876434 -75.09086609 -34.30818558 -85.32833099]]
0
[[ -39.31163406  -87.11778259  -22.9618454  -123.42780304]]
2
[[-24.67876434 -75.09086609 -34.30818558 -85.32833099]]
0
[[ -39.31163406  -87.11778259  -22.9618454  -123.42780304]]
2
[[-24.67876434 -75.09086609 -34.30818558 -85.32833099]]
0
[[ -39.31163406  -87.11778259  -22.9618454  -123.42780304]]
2
[[-24.67876434 -75.09086609 -34.30818558 -85.32833099]]
0
[[ -39.31163406  -87.11778259  -22.9618454  -123.42780304]]
2
[[-24.67876434 -75.09086609 -34.30818558 -85.32833099]]
0
[[ -39.31163406  -87.11778259  -22.9618454  -123.42780304]]
2
[[-24.67876434 -75.09086609 -34.30818558 -85.32833099]]
0
[[ -39.31163406  -87.11778259  -22.9618454  -123.42780304]]
2
[[-24.67876434 -75.09086609 -34.30818558 -85.32833099]]
0
[[ -39.31163406  -87.11778259  -22.9618454  -123.42780304]]
2
[[-24.67876434 -75.09086609 -34.30818558 -85.32833099]]
0
[[ -39.31163406  -87.11778259  -22.9618454  -123.42780304]]
2
[[-24.67876434 -75.09086609 -34.30818558 -85.32833099]]
0
[[ -39.31163406  -87.11778259  -22.9618454  -123.42780304]]
2
[[-24.67876434 -75.09086609 -34.30818558 -85.32833099]]
0
[[ -39.31163406  -87.11778259  -22.9618454  -123.42780304]]
2
[[-24.67876434 -75.09086609 -34.30818558 -85.32833099]]
0
[[ -39.31163406  -87.11778259  -22.9618454  -123.42780304]]
2
[[-24.67876434 -75.09086609 -34.30818558 -85.32833099]]
0
[[ -39.31163406  -87.11778259  -22.9618454  -123.42780304]]
2
[[-24.67876434 -75.09086609 -34.30818558 -85.32833099]]
0
[[ -39.31163406  -87.11778259  -22.9618454  -123.42780304]]
2
[[-24.67876434 -75.09086609 -34.30818558 -85.32833099]]
0
[[ -39.31163406  -87.11778259  -22.9618454  -123.42780304]]
2
[[-24.67876434 -75.09086609 -34.30818558 -85.32833099]]
0
[[ -39.31163406  -87.11778259  -22.9618454  -123.42780304]]
2
[[-24.67876434 -75.09086609 -34.30818558 -85.32833099]]
0
[[ -39.31163406  -87.11778259  -22.9618454  -123.42780304]]
2
[[-24.67876434 -75.09086609 -34.30818558 -85.32833099]]
0
[[ -39.31163406  -87.11778259  -22.9618454  -123.42780304]]
2
[[-24.67876434 -75.09086609 -34.30818558 -85.32833099]]
0
[[ -39.31163406  -87.11778259  -22.9618454  -123.42780304]]
2
[[-24.67876434 -75.09086609 -34.30818558 -85.32833099]]
0
[[ -39.31163406  -87.11778259  -22.9618454  -123.42780304]]
2
[[-24.67876434 -75.09086609 -34.30818558 -85.32833099]]
0
[[ -39.31163406  -87.11778259  -22.9618454  -123.42780304]]
2
[[-24.67876434 -75.09086609 -34.30818558 -85.32833099]]
0
[[ -39.31163406  -87.11778259  -22.9618454  -123.42780304]]
2
[[-24.67876434 -75.09086609 -34.30818558 -85.32833099]]
0
[[ -39.31163406  -87.11778259  -22.9618454  -123.42780304]]
2
[[-24.67876434 -75.09086609 -34.30818558 -85.32833099]]
0
[[ -39.31163406  -87.11778259  -22.9618454  -123.42780304]]
2
[[-24.67876434 -75.09086609 -34.30818558 -85.32833099]]
0
[[ -39.31163406  -87.11778259  -22.9618454  -123.42780304]]
2
[[-24.67876434 -75.09086609 -34.30818558 -85.32833099]]
0
[[ -39.31163406  -87.11778259  -22.9618454  -123.42780304]]
2
[[-24.67876434 -75.09086609 -34.30818558 -85.32833099]]
0
[[ -39.31163406  -87.11778259  -22.9618454  -123.42780304]]
2
[[-24.67876434 -75.09086609 -34.30818558 -85.32833099]]
0
[[ -39.31163406  -87.11778259  -22.9618454  -123.42780304]]
2
[[-24.67876434 -75.09086609 -34.30818558 -85.32833099]]
0
[[ -39.31163406  -87.11778259  -22.9618454  -123.42780304]]
2
[[-24.67876434 -75.09086609 -34.30818558 -85.32833099]]
0
[[ -39.31163406  -87.11778259  -22.9618454  -123.42780304]]
2
[[-24.67876434 -75.09086609 -34.30818558 -85.32833099]]
0
[[ -39.31163406  -87.11778259  -22.9618454  -123.42780304]]
2
[[-24.67876434 -75.09086609 -34.30818558 -85.32833099]]
0
[[ -39.31163406  -87.11778259  -22.9618454  -123.42780304]]
2
[[-24.67876434 -75.09086609 -34.30818558 -85.32833099]]
0
[[ -39.31163406  -87.11778259  -22.9618454  -123.42780304]]
2
[[-24.67876434 -75.09086609 -34.30818558 -85.32833099]]
0
[[ -39.31163406  -87.11778259  -22.9618454  -123.42780304]]
2
[[-24.67876434 -75.09086609 -34.30818558 -85.32833099]]
0
[[ -39.31163406  -87.11778259  -22.9618454  -123.42780304]]
2
[[-24.67876434 -75.09086609 -34.30818558 -85.32833099]]
0
[[ -39.31163406  -87.11778259  -22.9618454  -123.42780304]]
2
[[-24.67876434 -75.09086609 -34.30818558 -85.32833099]]
0
[[ -39.31163406  -87.11778259  -22.9618454  -123.42780304]]
2
[[-24.67876434 -75.09086609 -34.30818558 -85.32833099]]
0
[[ -39.31163406  -87.11778259  -22.9618454  -123.42780304]]
2
[[-24.67876434 -75.09086609 -34.30818558 -85.32833099]]
0
[[ -39.31163406  -87.11778259  -22.9618454  -123.42780304]]
2
[[-24.67876434 -75.09086609 -34.30818558 -85.32833099]]
0
[[ -39.31163406  -87.11778259  -22.9618454  -123.42780304]]
2
[[-24.67876434 -75.09086609 -34.30818558 -85.32833099]]
0
[[ -39.31163406  -87.11778259  -22.9618454  -123.42780304]]
2
[[-24.67876434 -75.09086609 -34.30818558 -85.32833099]]
0
[[ -39.31163406  -87.11778259  -22.9618454  -123.42780304]]
2
[[-24.67876434 -75.09086609 -34.30818558 -85.32833099]]
0
[[ -39.31163406  -87.11778259  -22.9618454  -123.42780304]]
2
[[-24.67876434 -75.09086609 -34.30818558 -85.32833099]]
0
[[ -39.31163406  -87.11778259  -22.9618454  -123.42780304]]
2
[[-24.67876434 -75.09086609 -34.30818558 -85.32833099]]
0
[[ -39.31163406  -87.11778259  -22.9618454  -123.42780304]]
2
[[-24.67876434 -75.09086609 -34.30818558 -85.32833099]]
0
[[ -39.31163406  -87.11778259  -22.9618454  -123.42780304]]
2
[[-24.67876434 -75.09086609 -34.30818558 -85.32833099]]
0
FAIL
2/31
