[[-109.16046143  -30.81418991  -95.85650635 -123.73634338]]
1
[[-114.82435608  -36.09313583  -91.21675873  -95.46245575]]
1
[[-118.37028503 -131.51446533  -34.09624863 -100.45714569]]
2
[[-130.72496033  -18.04390717  -98.18997955 -175.41889954]]
1
[[-262.55981445  -92.51303864  -11.64191437 -120.15313721]]
2
[[ -79.96416473    7.53233337 -287.26220703 -219.99478149]]
1
[[-201.4927063   110.82223511  231.38882446   60.29655457]]
2
[[   9.84381104   82.91647339  656.54290771   81.02593994]]
2
PASS
8/8
