[[ -23.13675308  -84.63002014 -111.20332336 -104.62667847]]
0
[[ -12.38759613 -101.75035095  -71.36972046  -97.27140808]]
0
[[ -12.99899292 -123.6206131   -51.60690308 -104.47478485]]
0
[[ -14.39533234  -88.14703369  -48.00374985 -151.64105225]]
0
[[ -24.24219513 -179.75546265 -107.03807068 -205.42338562]]
0
[[-128.89689636  -32.70376587  -39.60453415 -148.26409912]]
1
[[ -20.96649933 -210.03160095  -83.39867401  -38.21928406]]
0
[[  -7.32637024  -50.18375397 -183.51766968 -325.27496338]]
0
[[-253.48661804 -218.33714294 -168.04136658   -7.5688324 ]]
3
[[ -11.68492126  -22.59712982 -171.27093506 -154.97576904]]
0
[[ -18.43888092 -113.84783936 -105.32524109 -169.32281494]]
0
[[-109.16046143  -30.81418991  -95.85650635 -123.73634338]]
1
[[-114.82435608  -36.09313583  -91.21675873  -95.46245575]]
1
[[-118.37028503 -131.51446533  -34.09624863 -100.45714569]]
2
[[-130.72496033  -18.04390717  -98.18997955 -175.41889954]]
1
[[-262.55981445  -92.51303864  -11.64191437 -120.15313721]]
2
[[ -79.96416473    7.53233337 -287.26220703 -219.99478149]]
1
[[-201.4927063   110.82223511  231.38882446   60.29655457]]
2
[[   9.84381104   82.91647339  656.54290771   81.02593994]]
2
PASS
19/19
