[[ -80.06908417 -108.60131073 -121.95362854  -80.28164673]]
0
[[ -95.00960541 -133.43078613 -130.61026001  -71.8656311 ]]
3
[[ -16.77265167  -87.69654083 -152.75424194  -85.71469116]]
0
[[ -16.00307083 -102.98464966  -80.89266205 -114.05446625]]
0
[[-96.09440613 -29.22005081 -50.42891693 -95.35617828]]
1
[[ -41.34032822  -89.76876831 -107.74060059  -83.83761597]]
0
[[ -24.7167244  -117.38412476  -92.10678101  -91.76062012]]
0
[[ -29.77042007  -95.13746643  -37.85182571 -115.39107513]]
0
[[ -94.92745209 -125.37486267  -81.70970917  -28.63128662]]
3
[[ -19.77687836 -106.20317078 -145.31962585 -148.44168091]]
0
[[-126.23731995 -142.0544281   -30.64031982  -13.32546997]]
3
[[ -13.98113251  -39.94630051  -86.55151367 -116.59627533]]
0
[[ -31.06775665  -98.18600464 -106.8886795  -175.334198  ]]
0
[[-105.8109436   -58.39391327  -97.84767914  -45.09079742]]
3
[[-92.38290405 -62.43355179 -84.48435211 -23.52216339]]
3
[[-111.57165527  -75.24531555  -24.89616776  -29.46986771]]
2
[[ -60.46657562  -92.83382416  -23.66983032 -115.13731384]]
2
[[ -80.69442749 -151.55725098  -96.91918945   54.07859039]]
3
[[-201.4927063   110.82223511  231.38882446   60.29655457]]
2
[[   9.84381104   82.91647339  656.54290771   81.02593994]]
2
PASS
20/20
