[[ -86.29063416 -105.59022522  -96.65365601  -60.30844879]]
3
[[ -90.7003479   -69.92385101 -113.61766052  -51.94352722]]
3
[[-105.8109436   -58.39391327  -97.84767914  -45.09079742]]
3
[[-92.38290405 -62.43355179 -84.48435211 -23.52216339]]
3
[[-111.57165527  -75.24531555  -24.89616776  -29.46986771]]
2
[[ -60.46657562  -92.83382416  -23.66983032 -115.13731384]]
2
[[ -80.69442749 -151.55725098  -96.91918945   54.07859039]]
3
[[-201.4927063   110.82223511  231.38882446   60.29655457]]
2
[[   9.84381104   82.91647339  656.54290771   81.02593994]]
2
PASS
9/9
