[[ -22.88126373  -84.6771698  -110.28871155 -104.15000916]]
0
[[ -12.07209015 -101.36434937  -70.81245422  -96.44937134]]
0
[[ -13.10516739 -123.07959747  -51.30052948 -103.55297852]]
0
[[ -14.14600372  -88.64665222  -47.27243042 -151.26248169]]
0
[[ -24.08838654 -179.84564209 -106.74346161 -204.74737549]]
0
[[-128.16235352  -32.75741196  -39.14368057 -147.51483154]]
1
[[ -20.51770782 -208.76315308  -82.32344818  -37.45809937]]
0
[[  -7.31112671  -51.01553345 -182.98455811 -326.56707764]]
0
[[-256.12350464 -217.85317993 -167.16764832   -7.33648682]]
3
[[ -11.52523041  -23.40286255 -170.15939331 -154.97706604]]
0
[[ -18.42128754 -113.27635193 -104.22733307 -169.07997131]]
0
[[-108.53561401  -30.61343002  -95.06628418 -123.14865112]]
1
[[-114.12001038  -35.91236877  -90.1987381   -94.63104248]]
1
[[-117.7977066  -131.02140808  -33.37958145  -99.62747192]]
2
[[-130.99024963  -18.14890289  -97.07719421 -174.79214478]]
1
[[-262.64868164  -91.9461441   -11.44662476 -120.11582947]]
2
[[ -80.36956787   11.10145569 -285.93109131 -219.83837891]]
1
[[-201.34909058  114.49632263  238.66990662   62.77508926]]
2
[[  11.75088501   86.23904419  664.90783691   83.74068451]]
2
PASS
19/19
