[[-108.53561401  -30.61343002  -95.06628418 -123.14865112]]
1
[[-114.12001038  -35.91236877  -90.1987381   -94.63104248]]
1
[[-117.7977066  -131.02140808  -33.37958145  -99.62747192]]
2
[[-130.99024963  -18.14890289  -97.07719421 -174.79214478]]
1
[[-262.64868164  -91.9461441   -11.44662476 -120.11582947]]
2
[[ -80.36956787   11.10145569 -285.93109131 -219.83837891]]
1
[[-201.34909058  114.49632263  238.66990662   62.77508926]]
2
[[  11.75088501   86.23904419  664.90783691   83.74068451]]
2
PASS
8/8
