[[ -85.52924347 -105.35045624  -95.91014099  -59.45680237]]
3
[[ -89.91114044  -70.27755737 -112.74385071  -50.22794342]]
3
[[-104.62164307  -58.24742126  -97.40872955  -44.39744186]]
3
[[-91.45220947 -62.7942009  -84.0448761  -22.7707901 ]]
3
[[-110.75921631  -75.66470337  -25.31663895  -29.2124939 ]]
2
[[ -60.53886414  -93.01405334  -24.674263   -114.12535095]]
2
[[ -79.56760406 -150.16464233  -94.27342224   58.15953064]]
3
[[-201.34909058  114.49632263  238.66990662   62.77508926]]
2
[[  11.75088501   86.23904419  664.90783691   83.74068451]]
2
PASS
9/9
