[[ -79.20645142 -108.67873383 -121.32662964  -79.31474304]]
0
[[ -94.17685699 -133.74743652 -130.07315063  -70.57402039]]
3
[[ -16.34887695  -87.25623322 -151.7585144   -85.17741394]]
0
[[ -16.22606659 -102.82350159  -80.51473236 -113.17752838]]
0
[[-94.85600281 -30.00809097 -50.63190842 -94.79022217]]
1
[[ -40.36859512  -89.75791931 -107.04237366  -83.05757141]]
0
[[ -24.71509552 -117.06082916  -91.40205383  -90.98025513]]
0
[[ -29.54541779  -95.00419617  -37.48865128 -114.49121857]]
0
[[ -93.82409668 -125.38347626  -81.00299835  -27.80783844]]
3
[[ -19.83737183 -105.85762024 -143.85522461 -147.50338745]]
0
[[-125.56510925 -142.01626587  -29.98997498  -12.84658051]]
3
[[ -14.44426346  -41.06484985  -86.12854004 -115.09690857]]
0
[[ -31.01582336  -98.3190155  -105.94369507 -173.58621216]]
0
[[-104.62164307  -58.24742126  -97.40872955  -44.39744186]]
3
[[-91.45220947 -62.7942009  -84.0448761  -22.7707901 ]]
3
[[-110.75921631  -75.66470337  -25.31663895  -29.2124939 ]]
2
[[ -60.53886414  -93.01405334  -24.674263   -114.12535095]]
2
[[ -79.56760406 -150.16464233  -94.27342224   58.15953064]]
3
[[-201.34909058  114.49632263  238.66990662   62.77508926]]
2
[[  11.75088501   86.23904419  664.90783691   83.74068451]]
2
PASS
20/20
