[[-234.94410706 -107.15090942  -22.98142242 -213.62301636]]
2
[[ -39.50074768  -87.03559113  -22.73326111 -122.79942322]]
2
[[-25.99570465 -75.95510864 -34.58868408 -85.13134003]]
0
[[ -39.50074768  -87.03559113  -22.73326111 -122.79942322]]
2
[[-25.99570465 -75.95510864 -34.58868408 -85.13134003]]
0
[[ -39.50074768  -87.03559113  -22.73326111 -122.79942322]]
2
[[-25.99570465 -75.95510864 -34.58868408 -85.13134003]]
0
[[ -39.50074768  -87.03559113  -22.73326111 -122.79942322]]
2
[[-25.99570465 -75.95510864 -34.58868408 -85.13134003]]
0
[[ -39.50074768  -87.03559113  -22.73326111 -122.79942322]]
2
[[-25.99570465 -75.95510864 -34.58868408 -85.13134003]]
0
[[ -39.50074768  -87.03559113  -22.73326111 -122.79942322]]
2
[[-25.99570465 -75.95510864 -34.58868408 -85.13134003]]
0
[[ -39.50074768  -87.03559113  -22.73326111 -122.79942322]]
2
[[-25.99570465 -75.95510864 -34.58868408 -85.13134003]]
0
[[ -39.50074768  -87.03559113  -22.73326111 -122.79942322]]
2
[[-25.99570465 -75.95510864 -34.58868408 -85.13134003]]
0
[[ -39.50074768  -87.03559113  -22.73326111 -122.79942322]]
2
[[-25.99570465 -75.95510864 -34.58868408 -85.13134003]]
0
[[ -39.50074768  -87.03559113  -22.73326111 -122.79942322]]
2
[[-25.99570465 -75.95510864 -34.58868408 -85.13134003]]
0
[[ -39.50074768  -87.03559113  -22.73326111 -122.79942322]]
2
[[-25.99570465 -75.95510864 -34.58868408 -85.13134003]]
0
[[ -39.50074768  -87.03559113  -22.73326111 -122.79942322]]
2
[[-25.99570465 -75.95510864 -34.58868408 -85.13134003]]
0
[[ -39.50074768  -87.03559113  -22.73326111 -122.79942322]]
2
[[-25.99570465 -75.95510864 -34.58868408 -85.13134003]]
0
[[ -39.50074768  -87.03559113  -22.73326111 -122.79942322]]
2
[[-25.99570465 -75.95510864 -34.58868408 -85.13134003]]
0
[[ -39.50074768  -87.03559113  -22.73326111 -122.79942322]]
2
[[-25.99570465 -75.95510864 -34.58868408 -85.13134003]]
0
[[ -39.50074768  -87.03559113  -22.73326111 -122.79942322]]
2
[[-25.99570465 -75.95510864 -34.58868408 -85.13134003]]
0
[[ -39.50074768  -87.03559113  -22.73326111 -122.79942322]]
2
[[-25.99570465 -75.95510864 -34.58868408 -85.13134003]]
0
[[ -39.50074768  -87.03559113  -22.73326111 -122.79942322]]
2
[[-25.99570465 -75.95510864 -34.58868408 -85.13134003]]
0
[[ -39.50074768  -87.03559113  -22.73326111 -122.79942322]]
2
[[-25.99570465 -75.95510864 -34.58868408 -85.13134003]]
0
[[ -39.50074768  -87.03559113  -22.73326111 -122.79942322]]
2
[[-25.99570465 -75.95510864 -34.58868408 -85.13134003]]
0
[[ -39.50074768  -87.03559113  -22.73326111 -122.79942322]]
2
[[-25.99570465 -75.95510864 -34.58868408 -85.13134003]]
0
[[ -39.50074768  -87.03559113  -22.73326111 -122.79942322]]
2
[[-25.99570465 -75.95510864 -34.58868408 -85.13134003]]
0
[[ -39.50074768  -87.03559113  -22.73326111 -122.79942322]]
2
[[-25.99570465 -75.95510864 -34.58868408 -85.13134003]]
0
[[ -39.50074768  -87.03559113  -22.73326111 -122.79942322]]
2
[[-25.99570465 -75.95510864 -34.58868408 -85.13134003]]
0
[[ -39.50074768  -87.03559113  -22.73326111 -122.79942322]]
2
[[-25.99570465 -75.95510864 -34.58868408 -85.13134003]]
0
[[ -39.50074768  -87.03559113  -22.73326111 -122.79942322]]
2
[[-25.99570465 -75.95510864 -34.58868408 -85.13134003]]
0
[[ -39.50074768  -87.03559113  -22.73326111 -122.79942322]]
2
[[-25.99570465 -75.95510864 -34.58868408 -85.13134003]]
0
[[ -39.50074768  -87.03559113  -22.73326111 -122.79942322]]
2
[[-25.99570465 -75.95510864 -34.58868408 -85.13134003]]
0
[[ -39.50074768  -87.03559113  -22.73326111 -122.79942322]]
2
[[-25.99570465 -75.95510864 -34.58868408 -85.13134003]]
0
[[ -39.50074768  -87.03559113  -22.73326111 -122.79942322]]
2
[[-25.99570465 -75.95510864 -34.58868408 -85.13134003]]
0
[[ -39.50074768  -87.03559113  -22.73326111 -122.79942322]]
2
[[-25.99570465 -75.95510864 -34.58868408 -85.13134003]]
0
[[ -39.50074768  -87.03559113  -22.73326111 -122.79942322]]
2
[[-25.99570465 -75.95510864 -34.58868408 -85.13134003]]
0
[[ -39.50074768  -87.03559113  -22.73326111 -122.79942322]]
2
[[-25.99570465 -75.95510864 -34.58868408 -85.13134003]]
0
[[ -39.50074768  -87.03559113  -22.73326111 -122.79942322]]
2
[[-25.99570465 -75.95510864 -34.58868408 -85.13134003]]
0
[[ -39.50074768  -87.03559113  -22.73326111 -122.79942322]]
2
[[-25.99570465 -75.95510864 -34.58868408 -85.13134003]]
0
[[ -39.50074768  -87.03559113  -22.73326111 -122.79942322]]
2
[[-25.99570465 -75.95510864 -34.58868408 -85.13134003]]
0
[[ -39.50074768  -87.03559113  -22.73326111 -122.79942322]]
2
[[-25.99570465 -75.95510864 -34.58868408 -85.13134003]]
0
[[ -39.50074768  -87.03559113  -22.73326111 -122.79942322]]
2
[[-25.99570465 -75.95510864 -34.58868408 -85.13134003]]
0
[[ -39.50074768  -87.03559113  -22.73326111 -122.79942322]]
2
[[-25.99570465 -75.95510864 -34.58868408 -85.13134003]]
0
[[ -39.50074768  -87.03559113  -22.73326111 -122.79942322]]
2
[[-25.99570465 -75.95510864 -34.58868408 -85.13134003]]
0
[[ -39.50074768  -87.03559113  -22.73326111 -122.79942322]]
2
[[-25.99570465 -75.95510864 -34.58868408 -85.13134003]]
0
[[ -39.50074768  -87.03559113  -22.73326111 -122.79942322]]
2
[[-25.99570465 -75.95510864 -34.58868408 -85.13134003]]
0
[[ -39.50074768  -87.03559113  -22.73326111 -122.79942322]]
2
[[-25.99570465 -75.95510864 -34.58868408 -85.13134003]]
0
[[ -39.50074768  -87.03559113  -22.73326111 -122.79942322]]
2
[[-25.99570465 -75.95510864 -34.58868408 -85.13134003]]
0
[[ -39.50074768  -87.03559113  -22.73326111 -122.79942322]]
2
[[-25.99570465 -75.95510864 -34.58868408 -85.13134003]]
0
[[ -39.50074768  -87.03559113  -22.73326111 -122.79942322]]
2
[[-25.99570465 -75.95510864 -34.58868408 -85.13134003]]
0
[[ -39.50074768  -87.03559113  -22.73326111 -122.79942322]]
2
[[-25.99570465 -75.95510864 -34.58868408 -85.13134003]]
0
[[ -39.50074768  -87.03559113  -22.73326111 -122.79942322]]
2
[[-25.99570465 -75.95510864 -34.58868408 -85.13134003]]
0
[[ -39.50074768  -87.03559113  -22.73326111 -122.79942322]]
2
[[-25.99570465 -75.95510864 -34.58868408 -85.13134003]]
0
[[ -39.50074768  -87.03559113  -22.73326111 -122.79942322]]
2
[[-25.99570465 -75.95510864 -34.58868408 -85.13134003]]
0
FAIL
2/31
