[[-235.265625   -107.58279419  -23.20866394 -213.97599792]]
2
[[ -39.82824707  -86.76443481  -22.66659546 -123.08545685]]
2
[[-27.5381012  -76.85205078 -35.16083145 -85.63034821]]
0
[[ -39.82824707  -86.76443481  -22.66659546 -123.08545685]]
2
[[-27.5381012  -76.85205078 -35.16083145 -85.63034821]]
0
[[ -39.82824707  -86.76443481  -22.66659546 -123.08545685]]
2
[[-27.5381012  -76.85205078 -35.16083145 -85.63034821]]
0
[[ -39.82824707  -86.76443481  -22.66659546 -123.08545685]]
2
[[-27.5381012  -76.85205078 -35.16083145 -85.63034821]]
0
[[ -39.82824707  -86.76443481  -22.66659546 -123.08545685]]
2
[[-27.5381012  -76.85205078 -35.16083145 -85.63034821]]
0
[[ -39.82824707  -86.76443481  -22.66659546 -123.08545685]]
2
[[-27.5381012  -76.85205078 -35.16083145 -85.63034821]]
0
[[ -39.82824707  -86.76443481  -22.66659546 -123.08545685]]
2
[[-27.5381012  -76.85205078 -35.16083145 -85.63034821]]
0
[[ -39.82824707  -86.76443481  -22.66659546 -123.08545685]]
2
[[-27.5381012  -76.85205078 -35.16083145 -85.63034821]]
0
[[ -39.82824707  -86.76443481  -22.66659546 -123.08545685]]
2
[[-27.5381012  -76.85205078 -35.16083145 -85.63034821]]
0
[[ -39.82824707  -86.76443481  -22.66659546 -123.08545685]]
2
[[-27.5381012  -76.85205078 -35.16083145 -85.63034821]]
0
[[ -39.82824707  -86.76443481  -22.66659546 -123.08545685]]
2
[[-27.5381012  -76.85205078 -35.16083145 -85.63034821]]
0
[[ -39.82824707  -86.76443481  -22.66659546 -123.08545685]]
2
[[-27.5381012  -76.85205078 -35.16083145 -85.63034821]]
0
[[ -39.82824707  -86.76443481  -22.66659546 -123.08545685]]
2
[[-27.5381012  -76.85205078 -35.16083145 -85.63034821]]
0
[[ -39.82824707  -86.76443481  -22.66659546 -123.08545685]]
2
[[-27.5381012  -76.85205078 -35.16083145 -85.63034821]]
0
[[ -39.82824707  -86.76443481  -22.66659546 -123.08545685]]
2
[[-27.5381012  -76.85205078 -35.16083145 -85.63034821]]
0
[[ -39.82824707  -86.76443481  -22.66659546 -123.08545685]]
2
[[-27.5381012  -76.85205078 -35.16083145 -85.63034821]]
0
[[ -39.82824707  -86.76443481  -22.66659546 -123.08545685]]
2
[[-27.5381012  -76.85205078 -35.16083145 -85.63034821]]
0
[[ -39.82824707  -86.76443481  -22.66659546 -123.08545685]]
2
[[-27.5381012  -76.85205078 -35.16083145 -85.63034821]]
0
[[ -39.82824707  -86.76443481  -22.66659546 -123.08545685]]
2
[[-27.5381012  -76.85205078 -35.16083145 -85.63034821]]
0
[[ -39.82824707  -86.76443481  -22.66659546 -123.08545685]]
2
[[-27.5381012  -76.85205078 -35.16083145 -85.63034821]]
0
[[ -39.82824707  -86.76443481  -22.66659546 -123.08545685]]
2
[[-27.5381012  -76.85205078 -35.16083145 -85.63034821]]
0
[[ -39.82824707  -86.76443481  -22.66659546 -123.08545685]]
2
[[-27.5381012  -76.85205078 -35.16083145 -85.63034821]]
0
[[ -39.82824707  -86.76443481  -22.66659546 -123.08545685]]
2
[[-27.5381012  -76.85205078 -35.16083145 -85.63034821]]
0
[[ -39.82824707  -86.76443481  -22.66659546 -123.08545685]]
2
[[-27.5381012  -76.85205078 -35.16083145 -85.63034821]]
0
[[ -39.82824707  -86.76443481  -22.66659546 -123.08545685]]
2
[[-27.5381012  -76.85205078 -35.16083145 -85.63034821]]
0
[[ -39.82824707  -86.76443481  -22.66659546 -123.08545685]]
2
[[-27.5381012  -76.85205078 -35.16083145 -85.63034821]]
0
[[ -39.82824707  -86.76443481  -22.66659546 -123.08545685]]
2
[[-27.5381012  -76.85205078 -35.16083145 -85.63034821]]
0
[[ -39.82824707  -86.76443481  -22.66659546 -123.08545685]]
2
[[-27.5381012  -76.85205078 -35.16083145 -85.63034821]]
0
[[ -39.82824707  -86.76443481  -22.66659546 -123.08545685]]
2
[[-27.5381012  -76.85205078 -35.16083145 -85.63034821]]
0
[[ -39.82824707  -86.76443481  -22.66659546 -123.08545685]]
2
[[-27.5381012  -76.85205078 -35.16083145 -85.63034821]]
0
[[ -39.82824707  -86.76443481  -22.66659546 -123.08545685]]
2
[[-27.5381012  -76.85205078 -35.16083145 -85.63034821]]
0
[[ -39.82824707  -86.76443481  -22.66659546 -123.08545685]]
2
[[-27.5381012  -76.85205078 -35.16083145 -85.63034821]]
0
[[ -39.82824707  -86.76443481  -22.66659546 -123.08545685]]
2
[[-27.5381012  -76.85205078 -35.16083145 -85.63034821]]
0
[[ -39.82824707  -86.76443481  -22.66659546 -123.08545685]]
2
[[-27.5381012  -76.85205078 -35.16083145 -85.63034821]]
0
[[ -39.82824707  -86.76443481  -22.66659546 -123.08545685]]
2
[[-27.5381012  -76.85205078 -35.16083145 -85.63034821]]
0
[[ -39.82824707  -86.76443481  -22.66659546 -123.08545685]]
2
[[-27.5381012  -76.85205078 -35.16083145 -85.63034821]]
0
[[ -39.82824707  -86.76443481  -22.66659546 -123.08545685]]
2
[[-27.5381012  -76.85205078 -35.16083145 -85.63034821]]
0
[[ -39.82824707  -86.76443481  -22.66659546 -123.08545685]]
2
[[-27.5381012  -76.85205078 -35.16083145 -85.63034821]]
0
[[ -39.82824707  -86.76443481  -22.66659546 -123.08545685]]
2
[[-27.5381012  -76.85205078 -35.16083145 -85.63034821]]
0
[[ -39.82824707  -86.76443481  -22.66659546 -123.08545685]]
2
[[-27.5381012  -76.85205078 -35.16083145 -85.63034821]]
0
[[ -39.82824707  -86.76443481  -22.66659546 -123.08545685]]
2
[[-27.5381012  -76.85205078 -35.16083145 -85.63034821]]
0
[[ -39.82824707  -86.76443481  -22.66659546 -123.08545685]]
2
[[-27.5381012  -76.85205078 -35.16083145 -85.63034821]]
0
[[ -39.82824707  -86.76443481  -22.66659546 -123.08545685]]
2
[[-27.5381012  -76.85205078 -35.16083145 -85.63034821]]
0
[[ -39.82824707  -86.76443481  -22.66659546 -123.08545685]]
2
[[-27.5381012  -76.85205078 -35.16083145 -85.63034821]]
0
[[ -39.82824707  -86.76443481  -22.66659546 -123.08545685]]
2
[[-27.5381012  -76.85205078 -35.16083145 -85.63034821]]
0
[[ -39.82824707  -86.76443481  -22.66659546 -123.08545685]]
2
[[-27.5381012  -76.85205078 -35.16083145 -85.63034821]]
0
[[ -39.82824707  -86.76443481  -22.66659546 -123.08545685]]
2
[[-27.5381012  -76.85205078 -35.16083145 -85.63034821]]
0
[[ -39.82824707  -86.76443481  -22.66659546 -123.08545685]]
2
[[-27.5381012  -76.85205078 -35.16083145 -85.63034821]]
0
[[ -39.82824707  -86.76443481  -22.66659546 -123.08545685]]
2
[[-27.5381012  -76.85205078 -35.16083145 -85.63034821]]
0
[[ -39.82824707  -86.76443481  -22.66659546 -123.08545685]]
2
[[-27.5381012  -76.85205078 -35.16083145 -85.63034821]]
0
FAIL
2/31
