[[ -85.38446045 -105.03649139  -95.52565002  -59.15567017]]
3
[[ -89.55078888  -70.23539734 -112.40530396  -49.52719498]]
3
[[-104.13146973  -57.80095673  -97.29031372  -44.03279114]]
3
[[-91.15179443 -62.97803497 -84.00219727 -22.63326645]]
3
[[-110.53757477  -76.1470871   -26.14539337  -29.60105133]]
2
[[ -61.47621155  -93.57391357  -27.18416595 -114.30397034]]
2
[[ -79.18668365 -149.11882019  -92.35398865   61.47956085]]
3
[[-202.06268311  117.81343842  245.64215088   64.79191589]]
2
[[  13.37173462   89.87271118  675.53369141   86.15065002]]
2
PASS
9/9
