[[ -22.79995728  -84.60061646 -109.86422729 -104.45052338]]
0
[[ -12.10469055 -100.82326508  -70.70165253  -96.44262695]]
0
[[ -13.49885559 -122.53013611  -51.38645172 -103.51223755]]
0
[[ -14.25904083  -88.88083649  -46.55751038 -151.88742065]]
0
[[ -24.13471222 -180.09881592 -106.9400177  -204.97009277]]
0
[[-128.1583252   -32.57916641  -38.98266983 -147.6438446 ]]
1
[[ -20.12432098 -208.38937378  -81.85796356  -37.0879364 ]]
0
[[  -7.31866455  -52.09992981 -183.34567261 -329.03161621]]
0
[[-259.68087769 -217.84164429 -167.25117493   -7.35321045]]
3
[[ -11.43338013  -24.16622925 -169.81645203 -155.36585999]]
0
[[ -18.52607727 -113.03979492 -103.9094162  -169.36961365]]
0
[[-108.23814392  -30.47503281  -94.8809433  -123.13381958]]
1
[[-114.0018158   -35.74429321  -89.84262848  -94.48695374]]
1
[[-117.85191345 -131.24084473  -33.09370422  -99.38412476]]
2
[[-131.74359131  -18.14653778  -96.81518555 -175.06272888]]
1
[[-263.64019775  -91.77920532  -11.44284058 -120.57579041]]
2
[[ -80.94300842   14.83953857 -285.77038574 -220.87406921]]
1
[[-202.06268311  117.81343842  245.64215088   64.79191589]]
2
[[  13.37173462   89.87271118  675.53369141   86.15065002]]
2
PASS
19/19
