[[ -78.91688538 -108.60818481 -121.28031921  -79.04051971]]
0
[[ -94.0491333  -133.98098755 -130.0612793   -69.94067383]]
3
[[ -16.2114563   -86.68060303 -151.32217407  -85.32524872]]
0
[[ -16.4823494  -102.66866302  -80.50359344 -113.2543335 ]]
0
[[-94.28726196 -30.22816086 -50.91751862 -94.79233551]]
1
[[ -39.67717361  -89.53970337 -106.751091    -82.90992737]]
0
[[ -24.84852219 -116.71353149  -91.021698    -91.0271759 ]]
0
[[ -29.55851746  -94.71730042  -37.32466888 -114.52137756]]
0
[[ -93.47661591 -125.32992554  -80.68578339  -27.3695755 ]]
3
[[ -19.93958282 -105.73903656 -143.01579285 -147.31771851]]
0
[[-125.64375305 -141.93942261  -29.77005768  -12.76472473]]
3
[[ -14.88846588  -41.77615356  -86.00280762 -114.54219055]]
0
[[ -31.20475769  -98.49967957 -105.50592041 -172.91213989]]
0
[[-104.13146973  -57.80095673  -97.29031372  -44.03279114]]
3
[[-91.15179443 -62.97803497 -84.00219727 -22.63326645]]
3
[[-110.53757477  -76.1470871   -26.14539337  -29.60105133]]
2
[[ -61.47621155  -93.57391357  -27.18416595 -114.30397034]]
2
[[ -79.18668365 -149.11882019  -92.35398865   61.47956085]]
3
[[-202.06268311  117.81343842  245.64215088   64.79191589]]
2
[[  13.37173462   89.87271118  675.53369141   86.15065002]]
2
PASS
20/20
