[[-108.23814392  -30.47503281  -94.8809433  -123.13381958]]
1
[[-114.0018158   -35.74429321  -89.84262848  -94.48695374]]
1
[[-117.85191345 -131.24084473  -33.09370422  -99.38412476]]
2
[[-131.74359131  -18.14653778  -96.81518555 -175.06272888]]
1
[[-263.64019775  -91.77920532  -11.44284058 -120.57579041]]
2
[[ -80.94300842   14.83953857 -285.77038574 -220.87406921]]
1
[[-202.06268311  117.81343842  245.64215088   64.79191589]]
2
[[  13.37173462   89.87271118  675.53369141   86.15065002]]
2
PASS
8/8
