[[ -23.00856018  -84.14045715 -109.18331146 -104.0116272 ]]
0
[[-12.45970535 -99.68674469 -70.48950195 -95.84494781]]
0
[[ -14.51145935 -121.54256439  -51.61745071 -102.91368103]]
0
[[ -14.74375916  -88.69555664  -45.70055389 -151.69619751]]
0
[[ -24.24945068 -179.76385498 -106.49507141 -204.54710388]]
0
[[-128.15045166  -32.42750549  -38.66790771 -147.07844543]]
1
[[ -19.7547226  -207.42080688  -80.97894287  -36.2131958 ]]
0
[[  -7.25813293  -52.89007568 -183.03341675 -330.57171631]]
0
[[-262.90698242 -217.30499268 -166.79258728   -7.18553162]]
3
[[ -11.32030487  -24.66321564 -168.92449951 -155.35073853]]
0
[[ -18.74398804 -112.41282654 -103.23623657 -169.05993652]]
0
[[-108.17389679  -30.01099396  -94.29788208 -122.51261902]]
1
[[-113.81608582  -35.55214691  -89.0878067   -93.94825745]]
1
[[-117.80776978 -130.45257568  -32.63515854  -98.75485992]]
2
[[-132.41453552  -18.17131042  -96.30111694 -175.01654053]]
1
[[-264.24160767  -91.36540985  -11.17363739 -120.66807556]]
2
[[ -81.40158844   18.7877655  -284.8782959  -221.45481873]]
1
[[-202.7038269   121.38027954  252.84675598   67.29515839]]
2
[[  15.04606628   93.96063232  685.54846191   88.77961731]]
2
PASS
19/19
