[[ -98.29928589  -38.3585701  -126.04027557 -107.13371277]]
1
[[ -85.55537415  -51.50046921 -124.05387878  -75.60660553]]
1
[[ -33.4366684   -97.5266571  -117.650383    -58.60803223]]
0
[[-102.15894318  -13.72351074  -90.07404327 -109.19493103]]
1
[[ -16.23751831  -85.86705017 -150.53167725  -84.94814301]]
0
[[ -17.03587723 -102.18972778  -80.42951202 -112.76425171]]
0
[[-93.8875885  -30.20320892 -50.91394043 -94.3197937 ]]
1
[[ -39.09408951  -88.84329987 -106.00028229  -82.2563324 ]]
0
[[ -25.054245   -115.89506531  -90.2298584   -90.68643188]]
0
[[ -29.74650574  -93.96350098  -36.90649796 -113.9037323 ]]
0
[[ -93.25657654 -124.57911682  -80.18378448  -26.80129242]]
3
[[ -20.1044693  -105.14069366 -141.89102173 -146.53373718]]
0
[[-125.78816223 -141.18154907  -29.34162521  -12.40330505]]
3
[[ -15.53207016  -42.270401    -85.46034241 -113.39204407]]
0
[[ -31.68112183  -98.22198486 -104.71730042 -171.3934021 ]]
0
[[-103.70849609  -57.06877899  -96.5977478   -43.37000275]]
3
[[-91.02631378 -62.96975708 -83.80805969 -22.61445618]]
3
[[-110.43061066  -76.52312469  -27.4264679   -30.28264046]]
2
[[ -62.37643433  -93.33469391  -29.34724045 -113.64125061]]
2
[[ -78.77093506 -147.3092804   -89.96621704   65.23802185]]
3
[[-202.7038269   121.38027954  252.84675598   67.29515839]]
2
[[  15.04606628   93.96063232  685.54846191   88.77961731]]
2
PASS
22/22
