[[ -85.4369278  -103.98957825  -94.9126358   -58.70141602]]
3
[[ -89.31916046  -69.87974548 -111.60634613  -48.72193146]]
3
[[-103.70849609  -57.06877899  -96.5977478   -43.37000275]]
3
[[-91.02631378 -62.96975708 -83.80805969 -22.61445618]]
3
[[-110.43061066  -76.52312469  -27.4264679   -30.28264046]]
2
[[ -62.37643433  -93.33469391  -29.34724045 -113.64125061]]
2
[[ -78.77093506 -147.3092804   -89.96621704   65.23802185]]
3
[[-202.7038269   121.38027954  252.84675598   67.29515839]]
2
[[  15.04606628   93.96063232  685.54846191   88.77961731]]
2
PASS
9/9
