[[-108.17389679  -30.01099396  -94.29788208 -122.51261902]]
1
[[-113.81608582  -35.55214691  -89.0878067   -93.94825745]]
1
[[-117.80776978 -130.45257568  -32.63515854  -98.75485992]]
2
[[-132.41453552  -18.17131042  -96.30111694 -175.01654053]]
1
[[-264.24160767  -91.36540985  -11.17363739 -120.66807556]]
2
[[ -81.40158844   18.7877655  -284.8782959  -221.45481873]]
1
[[-202.7038269   121.38027954  252.84675598   67.29515839]]
2
[[  15.04606628   93.96063232  685.54846191   88.77961731]]
2
PASS
8/8
