[[-235.43383789 -107.75161743  -23.42224121 -213.7414856 ]]
2
[[ -40.40812683  -86.14190674  -22.78284454 -122.74189758]]
2
[[-29.69766426 -77.8237915  -36.39975739 -85.77638245]]
0
[[ -40.40812683  -86.14190674  -22.78284454 -122.74189758]]
2
[[-29.69766426 -77.8237915  -36.39975739 -85.77638245]]
0
[[ -40.40812683  -86.14190674  -22.78284454 -122.74189758]]
2
[[-29.69766426 -77.8237915  -36.39975739 -85.77638245]]
0
[[ -40.40812683  -86.14190674  -22.78284454 -122.74189758]]
2
[[-29.69766426 -77.8237915  -36.39975739 -85.77638245]]
0
[[ -40.40812683  -86.14190674  -22.78284454 -122.74189758]]
2
[[-29.69766426 -77.8237915  -36.39975739 -85.77638245]]
0
[[ -40.40812683  -86.14190674  -22.78284454 -122.74189758]]
2
[[-29.69766426 -77.8237915  -36.39975739 -85.77638245]]
0
[[ -40.40812683  -86.14190674  -22.78284454 -122.74189758]]
2
[[-29.69766426 -77.8237915  -36.39975739 -85.77638245]]
0
[[ -40.40812683  -86.14190674  -22.78284454 -122.74189758]]
2
[[-29.69766426 -77.8237915  -36.39975739 -85.77638245]]
0
[[ -40.40812683  -86.14190674  -22.78284454 -122.74189758]]
2
[[-29.69766426 -77.8237915  -36.39975739 -85.77638245]]
0
[[ -40.40812683  -86.14190674  -22.78284454 -122.74189758]]
2
[[-29.69766426 -77.8237915  -36.39975739 -85.77638245]]
0
[[ -40.40812683  -86.14190674  -22.78284454 -122.74189758]]
2
[[-29.69766426 -77.8237915  -36.39975739 -85.77638245]]
0
[[ -40.40812683  -86.14190674  -22.78284454 -122.74189758]]
2
[[-29.69766426 -77.8237915  -36.39975739 -85.77638245]]
0
[[ -40.40812683  -86.14190674  -22.78284454 -122.74189758]]
2
[[-29.69766426 -77.8237915  -36.39975739 -85.77638245]]
0
[[ -40.40812683  -86.14190674  -22.78284454 -122.74189758]]
2
[[-29.69766426 -77.8237915  -36.39975739 -85.77638245]]
0
[[ -40.40812683  -86.14190674  -22.78284454 -122.74189758]]
2
[[-29.69766426 -77.8237915  -36.39975739 -85.77638245]]
0
[[ -40.40812683  -86.14190674  -22.78284454 -122.74189758]]
2
[[-29.69766426 -77.8237915  -36.39975739 -85.77638245]]
0
[[ -40.40812683  -86.14190674  -22.78284454 -122.74189758]]
2
[[-29.69766426 -77.8237915  -36.39975739 -85.77638245]]
0
[[ -40.40812683  -86.14190674  -22.78284454 -122.74189758]]
2
[[-29.69766426 -77.8237915  -36.39975739 -85.77638245]]
0
[[ -40.40812683  -86.14190674  -22.78284454 -122.74189758]]
2
[[-29.69766426 -77.8237915  -36.39975739 -85.77638245]]
0
[[ -40.40812683  -86.14190674  -22.78284454 -122.74189758]]
2
[[-29.69766426 -77.8237915  -36.39975739 -85.77638245]]
0
[[ -40.40812683  -86.14190674  -22.78284454 -122.74189758]]
2
[[-29.69766426 -77.8237915  -36.39975739 -85.77638245]]
0
[[ -40.40812683  -86.14190674  -22.78284454 -122.74189758]]
2
[[-29.69766426 -77.8237915  -36.39975739 -85.77638245]]
0
[[ -40.40812683  -86.14190674  -22.78284454 -122.74189758]]
2
[[-29.69766426 -77.8237915  -36.39975739 -85.77638245]]
0
[[ -40.40812683  -86.14190674  -22.78284454 -122.74189758]]
2
[[-29.69766426 -77.8237915  -36.39975739 -85.77638245]]
0
[[ -40.40812683  -86.14190674  -22.78284454 -122.74189758]]
2
[[-29.69766426 -77.8237915  -36.39975739 -85.77638245]]
0
[[ -40.40812683  -86.14190674  -22.78284454 -122.74189758]]
2
[[-29.69766426 -77.8237915  -36.39975739 -85.77638245]]
0
[[ -40.40812683  -86.14190674  -22.78284454 -122.74189758]]
2
[[-29.69766426 -77.8237915  -36.39975739 -85.77638245]]
0
[[ -40.40812683  -86.14190674  -22.78284454 -122.74189758]]
2
[[-29.69766426 -77.8237915  -36.39975739 -85.77638245]]
0
[[ -40.40812683  -86.14190674  -22.78284454 -122.74189758]]
2
[[-29.69766426 -77.8237915  -36.39975739 -85.77638245]]
0
[[ -40.40812683  -86.14190674  -22.78284454 -122.74189758]]
2
[[-29.69766426 -77.8237915  -36.39975739 -85.77638245]]
0
[[ -40.40812683  -86.14190674  -22.78284454 -122.74189758]]
2
[[-29.69766426 -77.8237915  -36.39975739 -85.77638245]]
0
[[ -40.40812683  -86.14190674  -22.78284454 -122.74189758]]
2
[[-29.69766426 -77.8237915  -36.39975739 -85.77638245]]
0
[[ -40.40812683  -86.14190674  -22.78284454 -122.74189758]]
2
[[-29.69766426 -77.8237915  -36.39975739 -85.77638245]]
0
[[ -40.40812683  -86.14190674  -22.78284454 -122.74189758]]
2
[[-29.69766426 -77.8237915  -36.39975739 -85.77638245]]
0
[[ -40.40812683  -86.14190674  -22.78284454 -122.74189758]]
2
[[-29.69766426 -77.8237915  -36.39975739 -85.77638245]]
0
[[ -40.40812683  -86.14190674  -22.78284454 -122.74189758]]
2
[[-29.69766426 -77.8237915  -36.39975739 -85.77638245]]
0
[[ -40.40812683  -86.14190674  -22.78284454 -122.74189758]]
2
[[-29.69766426 -77.8237915  -36.39975739 -85.77638245]]
0
[[ -40.40812683  -86.14190674  -22.78284454 -122.74189758]]
2
[[-29.69766426 -77.8237915  -36.39975739 -85.77638245]]
0
[[ -40.40812683  -86.14190674  -22.78284454 -122.74189758]]
2
[[-29.69766426 -77.8237915  -36.39975739 -85.77638245]]
0
[[ -40.40812683  -86.14190674  -22.78284454 -122.74189758]]
2
[[-29.69766426 -77.8237915  -36.39975739 -85.77638245]]
0
[[ -40.40812683  -86.14190674  -22.78284454 -122.74189758]]
2
[[-29.69766426 -77.8237915  -36.39975739 -85.77638245]]
0
[[ -40.40812683  -86.14190674  -22.78284454 -122.74189758]]
2
[[-29.69766426 -77.8237915  -36.39975739 -85.77638245]]
0
[[ -40.40812683  -86.14190674  -22.78284454 -122.74189758]]
2
[[-29.69766426 -77.8237915  -36.39975739 -85.77638245]]
0
[[ -40.40812683  -86.14190674  -22.78284454 -122.74189758]]
2
[[-29.69766426 -77.8237915  -36.39975739 -85.77638245]]
0
[[ -40.40812683  -86.14190674  -22.78284454 -122.74189758]]
2
[[-29.69766426 -77.8237915  -36.39975739 -85.77638245]]
0
[[ -40.40812683  -86.14190674  -22.78284454 -122.74189758]]
2
[[-29.69766426 -77.8237915  -36.39975739 -85.77638245]]
0
[[ -40.40812683  -86.14190674  -22.78284454 -122.74189758]]
2
[[-29.69766426 -77.8237915  -36.39975739 -85.77638245]]
0
[[ -40.40812683  -86.14190674  -22.78284454 -122.74189758]]
2
[[-29.69766426 -77.8237915  -36.39975739 -85.77638245]]
0
[[ -40.40812683  -86.14190674  -22.78284454 -122.74189758]]
2
[[-29.69766426 -77.8237915  -36.39975739 -85.77638245]]
0
[[ -40.40812683  -86.14190674  -22.78284454 -122.74189758]]
2
[[-29.69766426 -77.8237915  -36.39975739 -85.77638245]]
0
FAIL
2/31
