[[ -85.10614777 -103.50301361  -94.12565613  -58.44019699]]
3
[[ -88.79862976  -69.81137085 -110.69770813  -48.0446167 ]]
3
[[-102.98976898  -56.55894089  -95.78001404  -42.69554138]]
3
[[-90.5793457  -63.29423141 -83.39125824 -22.65400696]]
3
[[-110.08766174  -77.24153137  -28.61433411  -31.31096649]]
2
[[ -63.30884552  -93.49803925  -31.84859467 -113.29072571]]
2
[[ -78.16577148 -146.13754272  -87.15175629   68.91731262]]
3
[[-203.2719574   124.61225891  260.48822021   69.76918793]]
2
[[  17.05099487   97.81765747  696.38677979   91.51551819]]
2
PASS
9/9
