[[ -99.51065826  -38.76522827 -125.59294128 -110.6180191 ]]
1
[[ -85.18439484  -52.00932693 -122.93807983  -75.59934235]]
1
[[ -32.67951202  -97.04659271 -116.58972168  -58.17035294]]
0
[[-101.58882141  -14.39212036  -89.56394196 -108.1699295 ]]
1
[[ -16.03644562  -85.2434082  -149.47537231  -84.89622498]]
0
[[ -17.52376175 -101.88031769  -80.1262207  -112.58805847]]
0
[[-93.28621674 -30.65422058 -50.993927   -94.16236877]]
1
[[ -38.1763382   -88.49936676 -105.06397247  -81.95455933]]
0
[[ -25.2240181  -115.35610962  -89.29423523  -90.47937012]]
0
[[ -29.72483826  -93.51856995  -36.5095253  -113.39569092]]
0
[[ -92.67835999 -124.45987701  -79.47241974  -26.39587402]]
3
[[ -20.07163239 -104.74289703 -140.4815979  -146.10015869]]
0
[[-125.44285583 -140.93795776  -28.97318268  -12.34107208]]
3
[[ -16.02664185  -43.04890442  -84.79164124 -112.37451172]]
0
[[ -31.80852509  -98.24137878 -103.73838043 -170.20265198]]
0
[[-102.98976898  -56.55894089  -95.78001404  -42.69554138]]
3
[[-90.5793457  -63.29423141 -83.39125824 -22.65400696]]
3
[[-110.08766174  -77.24153137  -28.61433411  -31.31096649]]
2
[[ -63.30884552  -93.49803925  -31.84859467 -113.29072571]]
2
[[ -78.16577148 -146.13754272  -87.15175629   68.91731262]]
3
[[-203.2719574   124.61225891  260.48822021   69.76918793]]
2
[[  17.05099487   97.81765747  696.38677979   91.51551819]]
2
PASS
22/22
