[[-235.25076294 -108.16299438  -23.35567474 -213.26829529]]
2
[[ -40.93422318  -85.93989563  -22.85286331 -122.24536896]]
2
[[-31.65034103 -78.79318237 -37.53372574 -86.12155151]]
0
[[ -40.93422318  -85.93989563  -22.85286331 -122.24536896]]
2
[[-31.65034103 -78.79318237 -37.53372574 -86.12155151]]
0
[[ -40.93422318  -85.93989563  -22.85286331 -122.24536896]]
2
[[-31.65034103 -78.79318237 -37.53372574 -86.12155151]]
0
[[ -40.93422318  -85.93989563  -22.85286331 -122.24536896]]
2
[[-31.65034103 -78.79318237 -37.53372574 -86.12155151]]
0
[[ -40.93422318  -85.93989563  -22.85286331 -122.24536896]]
2
[[-31.65034103 -78.79318237 -37.53372574 -86.12155151]]
0
[[ -40.93422318  -85.93989563  -22.85286331 -122.24536896]]
2
[[-31.65034103 -78.79318237 -37.53372574 -86.12155151]]
0
[[ -40.93422318  -85.93989563  -22.85286331 -122.24536896]]
2
[[-31.65034103 -78.79318237 -37.53372574 -86.12155151]]
0
[[ -40.93422318  -85.93989563  -22.85286331 -122.24536896]]
2
[[-31.65034103 -78.79318237 -37.53372574 -86.12155151]]
0
[[ -40.93422318  -85.93989563  -22.85286331 -122.24536896]]
2
[[-31.65034103 -78.79318237 -37.53372574 -86.12155151]]
0
[[ -40.93422318  -85.93989563  -22.85286331 -122.24536896]]
2
[[-31.65034103 -78.79318237 -37.53372574 -86.12155151]]
0
[[ -40.93422318  -85.93989563  -22.85286331 -122.24536896]]
2
[[-31.65034103 -78.79318237 -37.53372574 -86.12155151]]
0
[[ -40.93422318  -85.93989563  -22.85286331 -122.24536896]]
2
[[-31.65034103 -78.79318237 -37.53372574 -86.12155151]]
0
[[ -40.93422318  -85.93989563  -22.85286331 -122.24536896]]
2
[[-31.65034103 -78.79318237 -37.53372574 -86.12155151]]
0
[[ -40.93422318  -85.93989563  -22.85286331 -122.24536896]]
2
[[-31.65034103 -78.79318237 -37.53372574 -86.12155151]]
0
[[ -40.93422318  -85.93989563  -22.85286331 -122.24536896]]
2
[[-31.65034103 -78.79318237 -37.53372574 -86.12155151]]
0
[[ -40.93422318  -85.93989563  -22.85286331 -122.24536896]]
2
[[-31.65034103 -78.79318237 -37.53372574 -86.12155151]]
0
[[ -40.93422318  -85.93989563  -22.85286331 -122.24536896]]
2
[[-31.65034103 -78.79318237 -37.53372574 -86.12155151]]
0
[[ -40.93422318  -85.93989563  -22.85286331 -122.24536896]]
2
[[-31.65034103 -78.79318237 -37.53372574 -86.12155151]]
0
[[ -40.93422318  -85.93989563  -22.85286331 -122.24536896]]
2
[[-31.65034103 -78.79318237 -37.53372574 -86.12155151]]
0
[[ -40.93422318  -85.93989563  -22.85286331 -122.24536896]]
2
[[-31.65034103 -78.79318237 -37.53372574 -86.12155151]]
0
[[ -40.93422318  -85.93989563  -22.85286331 -122.24536896]]
2
[[-31.65034103 -78.79318237 -37.53372574 -86.12155151]]
0
[[ -40.93422318  -85.93989563  -22.85286331 -122.24536896]]
2
[[-31.65034103 -78.79318237 -37.53372574 -86.12155151]]
0
[[ -40.93422318  -85.93989563  -22.85286331 -122.24536896]]
2
[[-31.65034103 -78.79318237 -37.53372574 -86.12155151]]
0
[[ -40.93422318  -85.93989563  -22.85286331 -122.24536896]]
2
[[-31.65034103 -78.79318237 -37.53372574 -86.12155151]]
0
[[ -40.93422318  -85.93989563  -22.85286331 -122.24536896]]
2
[[-31.65034103 -78.79318237 -37.53372574 -86.12155151]]
0
[[ -40.93422318  -85.93989563  -22.85286331 -122.24536896]]
2
[[-31.65034103 -78.79318237 -37.53372574 -86.12155151]]
0
[[ -40.93422318  -85.93989563  -22.85286331 -122.24536896]]
2
[[-31.65034103 -78.79318237 -37.53372574 -86.12155151]]
0
[[ -40.93422318  -85.93989563  -22.85286331 -122.24536896]]
2
[[-31.65034103 -78.79318237 -37.53372574 -86.12155151]]
0
[[ -40.93422318  -85.93989563  -22.85286331 -122.24536896]]
2
[[-31.65034103 -78.79318237 -37.53372574 -86.12155151]]
0
[[ -40.93422318  -85.93989563  -22.85286331 -122.24536896]]
2
[[-31.65034103 -78.79318237 -37.53372574 -86.12155151]]
0
[[ -40.93422318  -85.93989563  -22.85286331 -122.24536896]]
2
[[-31.65034103 -78.79318237 -37.53372574 -86.12155151]]
0
[[ -40.93422318  -85.93989563  -22.85286331 -122.24536896]]
2
[[-31.65034103 -78.79318237 -37.53372574 -86.12155151]]
0
[[ -40.93422318  -85.93989563  -22.85286331 -122.24536896]]
2
[[-31.65034103 -78.79318237 -37.53372574 -86.12155151]]
0
[[ -40.93422318  -85.93989563  -22.85286331 -122.24536896]]
2
[[-31.65034103 -78.79318237 -37.53372574 -86.12155151]]
0
[[ -40.93422318  -85.93989563  -22.85286331 -122.24536896]]
2
[[-31.65034103 -78.79318237 -37.53372574 -86.12155151]]
0
[[ -40.93422318  -85.93989563  -22.85286331 -122.24536896]]
2
[[-31.65034103 -78.79318237 -37.53372574 -86.12155151]]
0
[[ -40.93422318  -85.93989563  -22.85286331 -122.24536896]]
2
[[-31.65034103 -78.79318237 -37.53372574 -86.12155151]]
0
[[ -40.93422318  -85.93989563  -22.85286331 -122.24536896]]
2
[[-31.65034103 -78.79318237 -37.53372574 -86.12155151]]
0
[[ -40.93422318  -85.93989563  -22.85286331 -122.24536896]]
2
[[-31.65034103 -78.79318237 -37.53372574 -86.12155151]]
0
[[ -40.93422318  -85.93989563  -22.85286331 -122.24536896]]
2
[[-31.65034103 -78.79318237 -37.53372574 -86.12155151]]
0
[[ -40.93422318  -85.93989563  -22.85286331 -122.24536896]]
2
[[-31.65034103 -78.79318237 -37.53372574 -86.12155151]]
0
[[ -40.93422318  -85.93989563  -22.85286331 -122.24536896]]
2
[[-31.65034103 -78.79318237 -37.53372574 -86.12155151]]
0
[[ -40.93422318  -85.93989563  -22.85286331 -122.24536896]]
2
[[-31.65034103 -78.79318237 -37.53372574 -86.12155151]]
0
[[ -40.93422318  -85.93989563  -22.85286331 -122.24536896]]
2
[[-31.65034103 -78.79318237 -37.53372574 -86.12155151]]
0
[[ -40.93422318  -85.93989563  -22.85286331 -122.24536896]]
2
[[-31.65034103 -78.79318237 -37.53372574 -86.12155151]]
0
[[ -40.93422318  -85.93989563  -22.85286331 -122.24536896]]
2
[[-31.65034103 -78.79318237 -37.53372574 -86.12155151]]
0
[[ -40.93422318  -85.93989563  -22.85286331 -122.24536896]]
2
[[-31.65034103 -78.79318237 -37.53372574 -86.12155151]]
0
[[ -40.93422318  -85.93989563  -22.85286331 -122.24536896]]
2
[[-31.65034103 -78.79318237 -37.53372574 -86.12155151]]
0
[[ -40.93422318  -85.93989563  -22.85286331 -122.24536896]]
2
[[-31.65034103 -78.79318237 -37.53372574 -86.12155151]]
0
[[ -40.93422318  -85.93989563  -22.85286331 -122.24536896]]
2
[[-31.65034103 -78.79318237 -37.53372574 -86.12155151]]
0
FAIL
2/31
