[[-108.06184387  -29.92819214  -93.54741669 -122.50875092]]
1
[[-113.49208832  -35.46574783  -88.08357239  -93.73194122]]
1
[[-117.48896027 -130.21951294  -31.83859253  -98.28266907]]
2
[[-132.94308472  -18.33351898  -95.60494995 -174.95680237]]
1
[[-264.95278931  -91.17457581  -10.96429443 -121.19771576]]
2
[[ -81.61714172   22.66369629 -283.75372314 -222.05686951]]
1
[[-203.2719574   124.61225891  260.48822021   69.76918793]]
2
[[  17.05099487   97.81765747  696.38677979   91.51551819]]
2
PASS
8/8
