[[ -22.98009491  -83.94779205 -108.18812561 -103.77353668]]
0
[[-12.70388794 -98.83512878 -70.0945816  -95.43994904]]
0
[[ -15.56486511 -120.81127167  -51.8664093  -102.44172668]]
0
[[ -14.97348785  -89.03688049  -45.1788826  -151.71951294]]
0
[[ -24.23858643 -179.78018188 -105.76899719 -204.25056458]]
0
[[-127.8180542   -32.68960571  -38.34842682 -146.68441772]]
1
[[ -19.26419067 -206.95217896  -79.87097168  -35.4950676 ]]
0
[[  -7.10690308  -53.8181839  -182.50027466 -332.34893799]]
0
[[-265.87982178 -217.26927185 -166.27539062   -7.33332825]]
3
[[ -11.21060181  -25.31755066 -168.02432251 -155.64274597]]
0
[[ -18.73524475 -112.06137848 -102.3286438  -169.03953552]]
0
[[-108.06184387  -29.92819214  -93.54741669 -122.50875092]]
1
[[-113.49208832  -35.46574783  -88.08357239  -93.73194122]]
1
[[-117.48896027 -130.21951294  -31.83859253  -98.28266907]]
2
[[-132.94308472  -18.33351898  -95.60494995 -174.95680237]]
1
[[-264.95278931  -91.17457581  -10.96429443 -121.19771576]]
2
[[ -81.61714172   22.66369629 -283.75372314 -222.05686951]]
1
[[-203.2719574   124.61225891  260.48822021   69.76918793]]
2
[[  17.05099487   97.81765747  696.38677979   91.51551819]]
2
PASS
19/19
