[[ -99.69586182  -39.96991348 -125.00430298 -115.92016602]]
1
[[ -84.10158539  -53.31113434 -121.71599579  -77.16908264]]
1
[[ -31.51748276  -97.25296021 -115.09978485  -59.88350296]]
0
[[-100.46147156  -15.3539505   -88.77231598 -109.16452026]]
1
[[ -15.60533142  -84.76489258 -147.97007751  -86.89743042]]
0
[[ -17.45914841 -101.8462677   -79.24476624 -114.28779602]]
0
[[-92.07470703 -31.23267746 -50.4509964  -96.16178894]]
1
[[ -36.65097046  -88.72835541 -103.80979156  -83.78713989]]
0
[[ -25.04460144 -115.29949951  -88.05114746  -92.07308197]]
0
[[ -29.29508209  -93.37094879  -35.84167862 -114.73542023]]
0
[[ -91.64771271 -125.9046936   -78.1389389   -26.61538696]]
3
[[ -19.77142334 -105.02772522 -138.98091125 -147.68069458]]
0
[[-124.63996887 -141.49154663  -28.38039017  -13.13238525]]
3
[[ -16.06394958  -44.22616959  -83.75566864 -112.195755  ]]
0
[[ -31.78193665  -98.68554688 -102.28126526 -170.78823853]]
0
[[-102.0690918   -56.13926315  -94.41160583  -42.69827652]]
3
[[-89.89769745 -63.50403214 -82.18844604 -23.17972565]]
3
[[-109.45253754  -78.00976562  -28.82138062  -32.18623352]]
2
[[ -63.01961517  -96.15705872  -34.52245331 -115.13245392]]
2
[[ -76.76829529 -145.27001953  -83.69052124   72.26321411]]
3
[[-203.68927002  127.45688629  268.26589966   71.33772278]]
2
[[  19.15408325  100.82684326  707.7220459    93.03393555]]
2
PASS
22/22
