[[ -22.6926918   -84.10257721 -106.8001709  -105.37953186]]
0
[[-12.53540039 -98.33030701 -69.37965393 -96.86502075]]
0
[[ -16.38101196 -120.33422089  -51.4781723  -103.87623596]]
0
[[ -14.97737122  -89.56219482  -44.09499359 -153.37835693]]
0
[[ -24.09609222 -180.2517395  -104.66732025 -205.78085327]]
0
[[-127.40320587  -32.87609863  -37.92254639 -147.97097778]]
1
[[ -18.57924652 -206.8163147   -78.52687836  -35.99228668]]
0
[[  -6.88136292  -54.83027649 -181.97909546 -335.68017578]]
0
[[-268.13250732 -217.42266846 -165.50453186   -7.90899658]]
3
[[ -10.900177    -25.77555847 -167.07780457 -157.57653809]]
0
[[ -18.59873962 -112.17620087 -101.06226349 -170.60728455]]
0
[[-107.91432953  -29.94210052  -92.27017212 -125.01862335]]
1
[[-113.1479187   -35.5070343   -86.59623718  -95.69082642]]
1
[[-116.75924683 -130.38201904  -30.87476349  -99.63052368]]
2
[[-132.71496582  -18.50465393  -94.52555847 -176.14898682]]
1
[[-265.28225708  -90.97993469  -10.32461548 -122.75115204]]
2
[[ -81.38023376   26.77832031 -282.19836426 -224.00732422]]
1
[[-203.68927002  127.45688629  268.26589966   71.33772278]]
2
[[  19.15408325  100.82684326  707.7220459    93.03393555]]
2
PASS
19/19
