[[ -84.23169708 -104.02873993  -92.68405151  -59.7831955 ]]
3
[[ -87.89335632  -70.07460022 -109.6544342   -48.67500687]]
3
[[-102.0690918   -56.13926315  -94.41160583  -42.69827652]]
3
[[-89.89769745 -63.50403214 -82.18844604 -23.17972565]]
3
[[-109.45253754  -78.00976562  -28.82138062  -32.18623352]]
2
[[ -63.01961517  -96.15705872  -34.52245331 -115.13245392]]
2
[[ -76.76829529 -145.27001953  -83.69052124   72.26321411]]
3
[[-203.68927002  127.45688629  268.26589966   71.33772278]]
2
[[  19.15408325  100.82684326  707.7220459    93.03393555]]
2
PASS
9/9
