[[-107.91432953  -29.94210052  -92.27017212 -125.01862335]]
1
[[-113.1479187   -35.5070343   -86.59623718  -95.69082642]]
1
[[-116.75924683 -130.38201904  -30.87476349  -99.63052368]]
2
[[-132.71496582  -18.50465393  -94.52555847 -176.14898682]]
1
[[-265.28225708  -90.97993469  -10.32461548 -122.75115204]]
2
[[ -81.38023376   26.77832031 -282.19836426 -224.00732422]]
1
[[-203.68927002  127.45688629  268.26589966   71.33772278]]
2
[[  19.15408325  100.82684326  707.7220459    93.03393555]]
2
PASS
8/8
