[[-234.71847534 -109.27938843  -23.19012451 -214.5869751 ]]
2
[[ -41.24036407  -86.05305481  -22.87644958 -123.43456268]]
2
[[-32.92549133 -79.90465546 -37.99914551 -88.04454041]]
0
[[ -41.24036407  -86.05305481  -22.87644958 -123.43456268]]
2
[[-32.92549133 -79.90465546 -37.99914551 -88.04454041]]
0
[[ -41.24036407  -86.05305481  -22.87644958 -123.43456268]]
2
[[-32.92549133 -79.90465546 -37.99914551 -88.04454041]]
0
[[ -41.24036407  -86.05305481  -22.87644958 -123.43456268]]
2
[[-32.92549133 -79.90465546 -37.99914551 -88.04454041]]
0
[[ -41.24036407  -86.05305481  -22.87644958 -123.43456268]]
2
[[-32.92549133 -79.90465546 -37.99914551 -88.04454041]]
0
[[ -41.24036407  -86.05305481  -22.87644958 -123.43456268]]
2
[[-32.92549133 -79.90465546 -37.99914551 -88.04454041]]
0
[[ -41.24036407  -86.05305481  -22.87644958 -123.43456268]]
2
[[-32.92549133 -79.90465546 -37.99914551 -88.04454041]]
0
[[ -41.24036407  -86.05305481  -22.87644958 -123.43456268]]
2
[[-32.92549133 -79.90465546 -37.99914551 -88.04454041]]
0
[[ -41.24036407  -86.05305481  -22.87644958 -123.43456268]]
2
[[-32.92549133 -79.90465546 -37.99914551 -88.04454041]]
0
[[ -41.24036407  -86.05305481  -22.87644958 -123.43456268]]
2
[[-32.92549133 -79.90465546 -37.99914551 -88.04454041]]
0
[[ -41.24036407  -86.05305481  -22.87644958 -123.43456268]]
2
[[-32.92549133 -79.90465546 -37.99914551 -88.04454041]]
0
[[ -41.24036407  -86.05305481  -22.87644958 -123.43456268]]
2
[[-32.92549133 -79.90465546 -37.99914551 -88.04454041]]
0
[[ -41.24036407  -86.05305481  -22.87644958 -123.43456268]]
2
[[-32.92549133 -79.90465546 -37.99914551 -88.04454041]]
0
[[ -41.24036407  -86.05305481  -22.87644958 -123.43456268]]
2
[[-32.92549133 -79.90465546 -37.99914551 -88.04454041]]
0
[[ -41.24036407  -86.05305481  -22.87644958 -123.43456268]]
2
[[-32.92549133 -79.90465546 -37.99914551 -88.04454041]]
0
[[ -41.24036407  -86.05305481  -22.87644958 -123.43456268]]
2
[[-32.92549133 -79.90465546 -37.99914551 -88.04454041]]
0
[[ -41.24036407  -86.05305481  -22.87644958 -123.43456268]]
2
[[-32.92549133 -79.90465546 -37.99914551 -88.04454041]]
0
[[ -41.24036407  -86.05305481  -22.87644958 -123.43456268]]
2
[[-32.92549133 -79.90465546 -37.99914551 -88.04454041]]
0
[[ -41.24036407  -86.05305481  -22.87644958 -123.43456268]]
2
[[-32.92549133 -79.90465546 -37.99914551 -88.04454041]]
0
[[ -41.24036407  -86.05305481  -22.87644958 -123.43456268]]
2
[[-32.92549133 -79.90465546 -37.99914551 -88.04454041]]
0
[[ -41.24036407  -86.05305481  -22.87644958 -123.43456268]]
2
[[-32.92549133 -79.90465546 -37.99914551 -88.04454041]]
0
[[ -41.24036407  -86.05305481  -22.87644958 -123.43456268]]
2
[[-32.92549133 -79.90465546 -37.99914551 -88.04454041]]
0
[[ -41.24036407  -86.05305481  -22.87644958 -123.43456268]]
2
[[-32.92549133 -79.90465546 -37.99914551 -88.04454041]]
0
[[ -41.24036407  -86.05305481  -22.87644958 -123.43456268]]
2
[[-32.92549133 -79.90465546 -37.99914551 -88.04454041]]
0
[[ -41.24036407  -86.05305481  -22.87644958 -123.43456268]]
2
[[-32.92549133 -79.90465546 -37.99914551 -88.04454041]]
0
[[ -41.24036407  -86.05305481  -22.87644958 -123.43456268]]
2
[[-32.92549133 -79.90465546 -37.99914551 -88.04454041]]
0
[[ -41.24036407  -86.05305481  -22.87644958 -123.43456268]]
2
[[-32.92549133 -79.90465546 -37.99914551 -88.04454041]]
0
[[ -41.24036407  -86.05305481  -22.87644958 -123.43456268]]
2
[[-32.92549133 -79.90465546 -37.99914551 -88.04454041]]
0
[[ -41.24036407  -86.05305481  -22.87644958 -123.43456268]]
2
[[-32.92549133 -79.90465546 -37.99914551 -88.04454041]]
0
[[ -41.24036407  -86.05305481  -22.87644958 -123.43456268]]
2
[[-32.92549133 -79.90465546 -37.99914551 -88.04454041]]
0
[[ -41.24036407  -86.05305481  -22.87644958 -123.43456268]]
2
[[-32.92549133 -79.90465546 -37.99914551 -88.04454041]]
0
[[ -41.24036407  -86.05305481  -22.87644958 -123.43456268]]
2
[[-32.92549133 -79.90465546 -37.99914551 -88.04454041]]
0
[[ -41.24036407  -86.05305481  -22.87644958 -123.43456268]]
2
[[-32.92549133 -79.90465546 -37.99914551 -88.04454041]]
0
[[ -41.24036407  -86.05305481  -22.87644958 -123.43456268]]
2
[[-32.92549133 -79.90465546 -37.99914551 -88.04454041]]
0
[[ -41.24036407  -86.05305481  -22.87644958 -123.43456268]]
2
[[-32.92549133 -79.90465546 -37.99914551 -88.04454041]]
0
[[ -41.24036407  -86.05305481  -22.87644958 -123.43456268]]
2
[[-32.92549133 -79.90465546 -37.99914551 -88.04454041]]
0
[[ -41.24036407  -86.05305481  -22.87644958 -123.43456268]]
2
[[-32.92549133 -79.90465546 -37.99914551 -88.04454041]]
0
[[ -41.24036407  -86.05305481  -22.87644958 -123.43456268]]
2
[[-32.92549133 -79.90465546 -37.99914551 -88.04454041]]
0
[[ -41.24036407  -86.05305481  -22.87644958 -123.43456268]]
2
[[-32.92549133 -79.90465546 -37.99914551 -88.04454041]]
0
[[ -41.24036407  -86.05305481  -22.87644958 -123.43456268]]
2
[[-32.92549133 -79.90465546 -37.99914551 -88.04454041]]
0
[[ -41.24036407  -86.05305481  -22.87644958 -123.43456268]]
2
[[-32.92549133 -79.90465546 -37.99914551 -88.04454041]]
0
[[ -41.24036407  -86.05305481  -22.87644958 -123.43456268]]
2
[[-32.92549133 -79.90465546 -37.99914551 -88.04454041]]
0
[[ -41.24036407  -86.05305481  -22.87644958 -123.43456268]]
2
[[-32.92549133 -79.90465546 -37.99914551 -88.04454041]]
0
[[ -41.24036407  -86.05305481  -22.87644958 -123.43456268]]
2
[[-32.92549133 -79.90465546 -37.99914551 -88.04454041]]
0
[[ -41.24036407  -86.05305481  -22.87644958 -123.43456268]]
2
[[-32.92549133 -79.90465546 -37.99914551 -88.04454041]]
0
[[ -41.24036407  -86.05305481  -22.87644958 -123.43456268]]
2
[[-32.92549133 -79.90465546 -37.99914551 -88.04454041]]
0
[[ -41.24036407  -86.05305481  -22.87644958 -123.43456268]]
2
[[-32.92549133 -79.90465546 -37.99914551 -88.04454041]]
0
[[ -41.24036407  -86.05305481  -22.87644958 -123.43456268]]
2
[[-32.92549133 -79.90465546 -37.99914551 -88.04454041]]
0
[[ -41.24036407  -86.05305481  -22.87644958 -123.43456268]]
2
[[-32.92549133 -79.90465546 -37.99914551 -88.04454041]]
0
[[ -41.24036407  -86.05305481  -22.87644958 -123.43456268]]
2
[[-32.92549133 -79.90465546 -37.99914551 -88.04454041]]
0
FAIL
2/31
