[[ -76.72290039 -108.52518463 -118.72273254  -83.93714142]]
0
[[ -92.43836212 -135.04187012 -127.73806     -73.33889008]]
3
[[ -15.34880829  -85.19766998 -147.86128235  -90.59275818]]
0
[[ -17.61219025 -102.9118576   -79.11780548 -117.73357391]]
0
[[-91.93672943 -31.84198761 -50.51818085 -99.58021545]]
1
[[ -35.8382988   -89.94536591 -103.63632965  -87.34806824]]
0
[[ -25.19354248 -116.38368988  -87.6756897   -95.43730164]]
0
[[ -29.23625183  -94.12208557  -35.73415756 -118.07290649]]
0
[[ -91.60495758 -128.76968384  -77.48522949  -27.80110168]]
3
[[ -19.54551697 -106.31231689 -138.40724182 -151.30651855]]
0
[[-125.19929504 -143.94000244  -28.28318787  -14.25558472]]
3
[[ -16.31454849  -45.79615021  -83.67002869 -113.76004028]]
0
[[ -31.78339386 -100.18806458 -101.76840973 -173.99707031]]
0
[[-102.2862854   -56.31030655  -93.76828003  -43.08092499]]
3
[[-90.12335968 -64.09771729 -81.91661072 -24.29330444]]
3
[[-109.84083557  -79.61120605  -29.84732437  -33.68373108]]
2
[[ -62.05967712 -102.85308075  -35.40003586 -117.69864655]]
2
[[ -76.13542175 -146.14207458  -81.06933594   75.11073303]]
3
[[-205.26391602  129.73178101  275.90579224   72.13951111]]
2
[[  20.50965881  102.98727417  720.1383667    93.79907227]]
2
PASS
20/20
