[[ -22.48680496  -85.09776306 -106.24755859 -108.88208008]]
0
[[ -12.74386215  -99.17675781  -69.29616547 -100.12348938]]
0
[[ -17.2518158  -121.06493378  -51.36986542 -107.16464233]]
0
[[ -15.20257568  -90.95616913  -43.56481171 -157.15524292]]
0
[[ -24.34511566 -182.27914429 -104.51211548 -209.64974976]]
0
[[-128.1199646   -33.26832581  -38.07398987 -151.31567383]]
1
[[ -18.28069305 -208.82675171  -78.28739929  -37.82638168]]
0
[[  -6.78916931  -56.36215973 -183.17810059 -341.69113159]]
0
[[-272.66143799 -219.38781738 -166.46078491   -8.73153687]]
3
[[ -10.84957886  -26.7215271  -168.07992554 -161.61523438]]
0
[[ -18.81834412 -113.53666687 -100.85999298 -174.35302734]]
0
[[-108.87488556  -30.14086151  -91.7858429  -129.48094177]]
1
[[-114.12955475  -35.56975174  -86.08840179  -99.35166931]]
1
[[-117.1678772  -132.35343933  -30.20643616 -102.76608276]]
2
[[-133.82217407  -18.79090881  -94.63381195 -178.9420166 ]]
1
[[-267.52529907  -91.51307678   -9.94637299 -125.63049316]]
2
[[ -82.16163635   30.93334961 -283.19213867 -228.75418091]]
1
[[-205.26391602  129.73178101  275.90579224   72.13951111]]
2
[[  20.50965881  102.98727417  720.1383667    93.79907227]]
2
PASS
19/19
