[[ -84.22080231 -105.88049316  -91.96502686  -62.1960907 ]]
3
[[ -87.83384705  -71.02644348 -109.66053009  -50.59536743]]
3
[[-102.2862854   -56.31030655  -93.76828003  -43.08092499]]
3
[[-90.12335968 -64.09771729 -81.91661072 -24.29330444]]
3
[[-109.84083557  -79.61120605  -29.84732437  -33.68373108]]
2
[[ -62.05967712 -102.85308075  -35.40003586 -117.69864655]]
2
[[ -76.13542175 -146.14207458  -81.06933594   75.11073303]]
3
[[-205.26391602  129.73178101  275.90579224   72.13951111]]
2
[[  20.50965881  102.98727417  720.1383667    93.79907227]]
2
PASS
9/9
