[[-108.87488556  -30.14086151  -91.7858429  -129.48094177]]
1
[[-114.12955475  -35.56975174  -86.08840179  -99.35166931]]
1
[[-117.1678772  -132.35343933  -30.20643616 -102.76608276]]
2
[[-133.82217407  -18.79090881  -94.63381195 -178.9420166 ]]
1
[[-267.52529907  -91.51307678   -9.94637299 -125.63049316]]
2
[[ -82.16163635   30.93334961 -283.19213867 -228.75418091]]
1
[[-205.26391602  129.73178101  275.90579224   72.13951111]]
2
[[  20.50965881  102.98727417  720.1383667    93.79907227]]
2
PASS
8/8
