[[-235.75813293 -111.32510376  -23.22998047 -218.03627014]]
2
[[ -41.69812775  -87.21340179  -23.20441437 -126.48704529]]
2
[[-34.21896362 -81.74290466 -38.65558243 -91.49186707]]
0
[[ -41.69812775  -87.21340179  -23.20441437 -126.48704529]]
2
[[-34.21896362 -81.74290466 -38.65558243 -91.49186707]]
0
[[ -41.69812775  -87.21340179  -23.20441437 -126.48704529]]
2
[[-34.21896362 -81.74290466 -38.65558243 -91.49186707]]
0
[[ -41.69812775  -87.21340179  -23.20441437 -126.48704529]]
2
[[-34.21896362 -81.74290466 -38.65558243 -91.49186707]]
0
[[ -41.69812775  -87.21340179  -23.20441437 -126.48704529]]
2
[[-34.21896362 -81.74290466 -38.65558243 -91.49186707]]
0
[[ -41.69812775  -87.21340179  -23.20441437 -126.48704529]]
2
[[-34.21896362 -81.74290466 -38.65558243 -91.49186707]]
0
[[ -41.69812775  -87.21340179  -23.20441437 -126.48704529]]
2
[[-34.21896362 -81.74290466 -38.65558243 -91.49186707]]
0
[[ -41.69812775  -87.21340179  -23.20441437 -126.48704529]]
2
[[-34.21896362 -81.74290466 -38.65558243 -91.49186707]]
0
[[ -41.69812775  -87.21340179  -23.20441437 -126.48704529]]
2
[[-34.21896362 -81.74290466 -38.65558243 -91.49186707]]
0
[[ -41.69812775  -87.21340179  -23.20441437 -126.48704529]]
2
[[-34.21896362 -81.74290466 -38.65558243 -91.49186707]]
0
[[ -41.69812775  -87.21340179  -23.20441437 -126.48704529]]
2
[[-34.21896362 -81.74290466 -38.65558243 -91.49186707]]
0
[[ -41.69812775  -87.21340179  -23.20441437 -126.48704529]]
2
[[-34.21896362 -81.74290466 -38.65558243 -91.49186707]]
0
[[ -41.69812775  -87.21340179  -23.20441437 -126.48704529]]
2
[[-34.21896362 -81.74290466 -38.65558243 -91.49186707]]
0
[[ -41.69812775  -87.21340179  -23.20441437 -126.48704529]]
2
[[-34.21896362 -81.74290466 -38.65558243 -91.49186707]]
0
[[ -41.69812775  -87.21340179  -23.20441437 -126.48704529]]
2
[[-34.21896362 -81.74290466 -38.65558243 -91.49186707]]
0
[[ -41.69812775  -87.21340179  -23.20441437 -126.48704529]]
2
[[-34.21896362 -81.74290466 -38.65558243 -91.49186707]]
0
[[ -41.69812775  -87.21340179  -23.20441437 -126.48704529]]
2
[[-34.21896362 -81.74290466 -38.65558243 -91.49186707]]
0
[[ -41.69812775  -87.21340179  -23.20441437 -126.48704529]]
2
[[-34.21896362 -81.74290466 -38.65558243 -91.49186707]]
0
[[ -41.69812775  -87.21340179  -23.20441437 -126.48704529]]
2
[[-34.21896362 -81.74290466 -38.65558243 -91.49186707]]
0
[[ -41.69812775  -87.21340179  -23.20441437 -126.48704529]]
2
[[-34.21896362 -81.74290466 -38.65558243 -91.49186707]]
0
[[ -41.69812775  -87.21340179  -23.20441437 -126.48704529]]
2
[[-34.21896362 -81.74290466 -38.65558243 -91.49186707]]
0
[[ -41.69812775  -87.21340179  -23.20441437 -126.48704529]]
2
[[-34.21896362 -81.74290466 -38.65558243 -91.49186707]]
0
[[ -41.69812775  -87.21340179  -23.20441437 -126.48704529]]
2
[[-34.21896362 -81.74290466 -38.65558243 -91.49186707]]
0
[[ -41.69812775  -87.21340179  -23.20441437 -126.48704529]]
2
[[-34.21896362 -81.74290466 -38.65558243 -91.49186707]]
0
[[ -41.69812775  -87.21340179  -23.20441437 -126.48704529]]
2
[[-34.21896362 -81.74290466 -38.65558243 -91.49186707]]
0
[[ -41.69812775  -87.21340179  -23.20441437 -126.48704529]]
2
[[-34.21896362 -81.74290466 -38.65558243 -91.49186707]]
0
[[ -41.69812775  -87.21340179  -23.20441437 -126.48704529]]
2
[[-34.21896362 -81.74290466 -38.65558243 -91.49186707]]
0
[[ -41.69812775  -87.21340179  -23.20441437 -126.48704529]]
2
[[-34.21896362 -81.74290466 -38.65558243 -91.49186707]]
0
[[ -41.69812775  -87.21340179  -23.20441437 -126.48704529]]
2
[[-34.21896362 -81.74290466 -38.65558243 -91.49186707]]
0
[[ -41.69812775  -87.21340179  -23.20441437 -126.48704529]]
2
[[-34.21896362 -81.74290466 -38.65558243 -91.49186707]]
0
[[ -41.69812775  -87.21340179  -23.20441437 -126.48704529]]
2
[[-34.21896362 -81.74290466 -38.65558243 -91.49186707]]
0
[[ -41.69812775  -87.21340179  -23.20441437 -126.48704529]]
2
[[-34.21896362 -81.74290466 -38.65558243 -91.49186707]]
0
[[ -41.69812775  -87.21340179  -23.20441437 -126.48704529]]
2
[[-34.21896362 -81.74290466 -38.65558243 -91.49186707]]
0
[[ -41.69812775  -87.21340179  -23.20441437 -126.48704529]]
2
[[-34.21896362 -81.74290466 -38.65558243 -91.49186707]]
0
[[ -41.69812775  -87.21340179  -23.20441437 -126.48704529]]
2
[[-34.21896362 -81.74290466 -38.65558243 -91.49186707]]
0
[[ -41.69812775  -87.21340179  -23.20441437 -126.48704529]]
2
[[-34.21896362 -81.74290466 -38.65558243 -91.49186707]]
0
[[ -41.69812775  -87.21340179  -23.20441437 -126.48704529]]
2
[[-34.21896362 -81.74290466 -38.65558243 -91.49186707]]
0
[[ -41.69812775  -87.21340179  -23.20441437 -126.48704529]]
2
[[-34.21896362 -81.74290466 -38.65558243 -91.49186707]]
0
[[ -41.69812775  -87.21340179  -23.20441437 -126.48704529]]
2
[[-34.21896362 -81.74290466 -38.65558243 -91.49186707]]
0
[[ -41.69812775  -87.21340179  -23.20441437 -126.48704529]]
2
[[-34.21896362 -81.74290466 -38.65558243 -91.49186707]]
0
[[ -41.69812775  -87.21340179  -23.20441437 -126.48704529]]
2
[[-34.21896362 -81.74290466 -38.65558243 -91.49186707]]
0
[[ -41.69812775  -87.21340179  -23.20441437 -126.48704529]]
2
[[-34.21896362 -81.74290466 -38.65558243 -91.49186707]]
0
[[ -41.69812775  -87.21340179  -23.20441437 -126.48704529]]
2
[[-34.21896362 -81.74290466 -38.65558243 -91.49186707]]
0
[[ -41.69812775  -87.21340179  -23.20441437 -126.48704529]]
2
[[-34.21896362 -81.74290466 -38.65558243 -91.49186707]]
0
[[ -41.69812775  -87.21340179  -23.20441437 -126.48704529]]
2
[[-34.21896362 -81.74290466 -38.65558243 -91.49186707]]
0
[[ -41.69812775  -87.21340179  -23.20441437 -126.48704529]]
2
[[-34.21896362 -81.74290466 -38.65558243 -91.49186707]]
0
[[ -41.69812775  -87.21340179  -23.20441437 -126.48704529]]
2
[[-34.21896362 -81.74290466 -38.65558243 -91.49186707]]
0
[[ -41.69812775  -87.21340179  -23.20441437 -126.48704529]]
2
[[-34.21896362 -81.74290466 -38.65558243 -91.49186707]]
0
[[ -41.69812775  -87.21340179  -23.20441437 -126.48704529]]
2
[[-34.21896362 -81.74290466 -38.65558243 -91.49186707]]
0
[[ -41.69812775  -87.21340179  -23.20441437 -126.48704529]]
2
[[-34.21896362 -81.74290466 -38.65558243 -91.49186707]]
0
FAIL
2/31
