[[-109.93058777  -30.46281052  -91.36772919 -134.37738037]]
1
[[-115.32699585  -35.83735275  -85.99713135 -103.05723572]]
1
[[-117.51622009 -134.49212646  -29.83946991 -106.7441864 ]]
2
[[-135.28070068  -18.89496613  -94.82757568 -181.71200562]]
1
[[-270.59799194  -92.25645447   -9.57765198 -128.92405701]]
2
[[ -83.54468536   35.10679626 -284.97088623 -234.72396851]]
1
[[-207.07600403  131.58859253  283.38317871   73.04949188]]
2
[[  21.2918396   104.83428955  732.51367188   94.2729187 ]]
2
PASS
8/8
