[[ -84.477211   -108.20063782  -91.29595184  -64.65943909]]
3
[[ -87.78780365  -72.36717224 -109.75380707  -53.03131104]]
3
[[-102.60592651  -56.97582245  -93.35408783  -43.63608932]]
3
[[-90.69152832 -64.87238312 -81.75308228 -25.62826538]]
3
[[-110.59129333  -81.27856445  -31.66191864  -35.32670593]]
2
[[ -61.17185974 -112.08415222  -35.15014267 -120.07785797]]
2
[[ -76.16721344 -147.55389404  -78.37840271   78.03384399]]
3
[[-207.07600403  131.58859253  283.38317871   73.04949188]]
2
[[  21.2918396   104.83428955  732.51367188   94.2729187 ]]
2
PASS
9/9
