[[-237.3633728  -113.68577576  -22.95154572 -222.0610199 ]]
2
[[ -42.10170364  -88.79199219  -23.41022491 -130.04006958]]
2
[[-35.42418671 -83.88498688 -39.21556091 -95.27424622]]
0
[[ -42.10170364  -88.79199219  -23.41022491 -130.04006958]]
2
[[-35.42418671 -83.88498688 -39.21556091 -95.27424622]]
0
[[ -42.10170364  -88.79199219  -23.41022491 -130.04006958]]
2
[[-35.42418671 -83.88498688 -39.21556091 -95.27424622]]
0
[[ -42.10170364  -88.79199219  -23.41022491 -130.04006958]]
2
[[-35.42418671 -83.88498688 -39.21556091 -95.27424622]]
0
[[ -42.10170364  -88.79199219  -23.41022491 -130.04006958]]
2
[[-35.42418671 -83.88498688 -39.21556091 -95.27424622]]
0
[[ -42.10170364  -88.79199219  -23.41022491 -130.04006958]]
2
[[-35.42418671 -83.88498688 -39.21556091 -95.27424622]]
0
[[ -42.10170364  -88.79199219  -23.41022491 -130.04006958]]
2
[[-35.42418671 -83.88498688 -39.21556091 -95.27424622]]
0
[[ -42.10170364  -88.79199219  -23.41022491 -130.04006958]]
2
[[-35.42418671 -83.88498688 -39.21556091 -95.27424622]]
0
[[ -42.10170364  -88.79199219  -23.41022491 -130.04006958]]
2
[[-35.42418671 -83.88498688 -39.21556091 -95.27424622]]
0
[[ -42.10170364  -88.79199219  -23.41022491 -130.04006958]]
2
[[-35.42418671 -83.88498688 -39.21556091 -95.27424622]]
0
[[ -42.10170364  -88.79199219  -23.41022491 -130.04006958]]
2
[[-35.42418671 -83.88498688 -39.21556091 -95.27424622]]
0
[[ -42.10170364  -88.79199219  -23.41022491 -130.04006958]]
2
[[-35.42418671 -83.88498688 -39.21556091 -95.27424622]]
0
[[ -42.10170364  -88.79199219  -23.41022491 -130.04006958]]
2
[[-35.42418671 -83.88498688 -39.21556091 -95.27424622]]
0
[[ -42.10170364  -88.79199219  -23.41022491 -130.04006958]]
2
[[-35.42418671 -83.88498688 -39.21556091 -95.27424622]]
0
[[ -42.10170364  -88.79199219  -23.41022491 -130.04006958]]
2
[[-35.42418671 -83.88498688 -39.21556091 -95.27424622]]
0
[[ -42.10170364  -88.79199219  -23.41022491 -130.04006958]]
2
[[-35.42418671 -83.88498688 -39.21556091 -95.27424622]]
0
[[ -42.10170364  -88.79199219  -23.41022491 -130.04006958]]
2
[[-35.42418671 -83.88498688 -39.21556091 -95.27424622]]
0
[[ -42.10170364  -88.79199219  -23.41022491 -130.04006958]]
2
[[-35.42418671 -83.88498688 -39.21556091 -95.27424622]]
0
[[ -42.10170364  -88.79199219  -23.41022491 -130.04006958]]
2
[[-35.42418671 -83.88498688 -39.21556091 -95.27424622]]
0
[[ -42.10170364  -88.79199219  -23.41022491 -130.04006958]]
2
[[-35.42418671 -83.88498688 -39.21556091 -95.27424622]]
0
[[ -42.10170364  -88.79199219  -23.41022491 -130.04006958]]
2
[[-35.42418671 -83.88498688 -39.21556091 -95.27424622]]
0
[[ -42.10170364  -88.79199219  -23.41022491 -130.04006958]]
2
[[-35.42418671 -83.88498688 -39.21556091 -95.27424622]]
0
[[ -42.10170364  -88.79199219  -23.41022491 -130.04006958]]
2
[[-35.42418671 -83.88498688 -39.21556091 -95.27424622]]
0
[[ -42.10170364  -88.79199219  -23.41022491 -130.04006958]]
2
[[-35.42418671 -83.88498688 -39.21556091 -95.27424622]]
0
[[ -42.10170364  -88.79199219  -23.41022491 -130.04006958]]
2
[[-35.42418671 -83.88498688 -39.21556091 -95.27424622]]
0
[[ -42.10170364  -88.79199219  -23.41022491 -130.04006958]]
2
[[-35.42418671 -83.88498688 -39.21556091 -95.27424622]]
0
[[ -42.10170364  -88.79199219  -23.41022491 -130.04006958]]
2
[[-35.42418671 -83.88498688 -39.21556091 -95.27424622]]
0
[[ -42.10170364  -88.79199219  -23.41022491 -130.04006958]]
2
[[-35.42418671 -83.88498688 -39.21556091 -95.27424622]]
0
[[ -42.10170364  -88.79199219  -23.41022491 -130.04006958]]
2
[[-35.42418671 -83.88498688 -39.21556091 -95.27424622]]
0
[[ -42.10170364  -88.79199219  -23.41022491 -130.04006958]]
2
[[-35.42418671 -83.88498688 -39.21556091 -95.27424622]]
0
[[ -42.10170364  -88.79199219  -23.41022491 -130.04006958]]
2
[[-35.42418671 -83.88498688 -39.21556091 -95.27424622]]
0
[[ -42.10170364  -88.79199219  -23.41022491 -130.04006958]]
2
[[-35.42418671 -83.88498688 -39.21556091 -95.27424622]]
0
[[ -42.10170364  -88.79199219  -23.41022491 -130.04006958]]
2
[[-35.42418671 -83.88498688 -39.21556091 -95.27424622]]
0
[[ -42.10170364  -88.79199219  -23.41022491 -130.04006958]]
2
[[-35.42418671 -83.88498688 -39.21556091 -95.27424622]]
0
[[ -42.10170364  -88.79199219  -23.41022491 -130.04006958]]
2
[[-35.42418671 -83.88498688 -39.21556091 -95.27424622]]
0
[[ -42.10170364  -88.79199219  -23.41022491 -130.04006958]]
2
[[-35.42418671 -83.88498688 -39.21556091 -95.27424622]]
0
[[ -42.10170364  -88.79199219  -23.41022491 -130.04006958]]
2
[[-35.42418671 -83.88498688 -39.21556091 -95.27424622]]
0
[[ -42.10170364  -88.79199219  -23.41022491 -130.04006958]]
2
[[-35.42418671 -83.88498688 -39.21556091 -95.27424622]]
0
[[ -42.10170364  -88.79199219  -23.41022491 -130.04006958]]
2
[[-35.42418671 -83.88498688 -39.21556091 -95.27424622]]
0
[[ -42.10170364  -88.79199219  -23.41022491 -130.04006958]]
2
[[-35.42418671 -83.88498688 -39.21556091 -95.27424622]]
0
[[ -42.10170364  -88.79199219  -23.41022491 -130.04006958]]
2
[[-35.42418671 -83.88498688 -39.21556091 -95.27424622]]
0
[[ -42.10170364  -88.79199219  -23.41022491 -130.04006958]]
2
[[-35.42418671 -83.88498688 -39.21556091 -95.27424622]]
0
[[ -42.10170364  -88.79199219  -23.41022491 -130.04006958]]
2
[[-35.42418671 -83.88498688 -39.21556091 -95.27424622]]
0
[[ -42.10170364  -88.79199219  -23.41022491 -130.04006958]]
2
[[-35.42418671 -83.88498688 -39.21556091 -95.27424622]]
0
[[ -42.10170364  -88.79199219  -23.41022491 -130.04006958]]
2
[[-35.42418671 -83.88498688 -39.21556091 -95.27424622]]
0
[[ -42.10170364  -88.79199219  -23.41022491 -130.04006958]]
2
[[-35.42418671 -83.88498688 -39.21556091 -95.27424622]]
0
[[ -42.10170364  -88.79199219  -23.41022491 -130.04006958]]
2
[[-35.42418671 -83.88498688 -39.21556091 -95.27424622]]
0
[[ -42.10170364  -88.79199219  -23.41022491 -130.04006958]]
2
[[-35.42418671 -83.88498688 -39.21556091 -95.27424622]]
0
[[ -42.10170364  -88.79199219  -23.41022491 -130.04006958]]
2
[[-35.42418671 -83.88498688 -39.21556091 -95.27424622]]
0
[[ -42.10170364  -88.79199219  -23.41022491 -130.04006958]]
2
[[-35.42418671 -83.88498688 -39.21556091 -95.27424622]]
0
FAIL
2/31
