[[ -21.8232193   -86.28388977 -105.70632935 -112.71391296]]
0
[[ -12.54817581 -100.41884613  -68.87891388 -103.80940247]]
0
[[ -18.2011795  -122.06878662  -51.86927032 -110.77082825]]
0
[[ -15.38430023  -92.76564789  -42.90416718 -161.39146423]]
0
[[ -24.59922791 -184.87911987 -104.36828613 -214.17106628]]
0
[[-129.04232788  -33.76618958  -38.37589264 -154.88949585]]
1
[[ -17.93596649 -211.79541016  -78.17354584  -39.89105988]]
0
[[  -6.69404602  -58.0196991  -184.44598389 -348.26446533]]
0
[[-278.40386963 -222.23243713 -168.04760742   -9.80926514]]
3
[[ -10.8396225   -27.89607239 -169.40808105 -166.12202454]]
0
[[ -19.10212708 -115.55010223 -100.74385071 -178.6288147 ]]
0
[[-109.93058777  -30.46281052  -91.36772919 -134.37738037]]
1
[[-115.32699585  -35.83735275  -85.99713135 -103.05723572]]
1
[[-117.51622009 -134.49212646  -29.83946991 -106.7441864 ]]
2
[[-135.28070068  -18.89496613  -94.82757568 -181.71200562]]
1
[[-270.59799194  -92.25645447   -9.57765198 -128.92405701]]
2
[[ -83.54468536   35.10679626 -284.97088623 -234.72396851]]
1
[[-207.07600403  131.58859253  283.38317871   73.04949188]]
2
[[  21.2918396   104.83428955  732.51367188   94.2729187 ]]
2
PASS
19/19
