[[ -76.41127014 -109.9118042  -118.76597595  -88.23110962]]
0
[[ -92.34604645 -136.8760376  -127.90948486  -77.03670502]]
3
[[ -14.92544556  -85.99563599 -148.26751709  -94.70806885]]
0
[[ -17.71649551 -104.70554352  -79.30497742 -121.62290192]]
0
[[ -92.3762207   -32.4271698   -50.22319412 -103.20654297]]
1
[[ -35.07433319  -91.47409058 -103.5761261   -91.23135376]]
0
[[ -25.08931351 -118.05577087  -87.352005    -99.13847351]]
0
[[ -28.80290985  -95.24005127  -35.22793579 -121.82853699]]
0
[[ -91.76182556 -132.13449097  -76.88782501  -29.25238419]]
3
[[ -19.13275909 -108.17673492 -137.82748413 -155.53343201]]
0
[[-126.08797455 -147.45114136  -28.27380371  -15.49790955]]
3
[[ -16.40370178  -47.25402451  -83.59585571 -115.99433899]]
0
[[ -31.40883636 -102.08738708 -101.23258972 -178.13378906]]
0
[[-102.60592651  -56.97582245  -93.35408783  -43.63608932]]
3
[[-90.69152832 -64.87238312 -81.75308228 -25.62826538]]
3
[[-110.59129333  -81.27856445  -31.66191864  -35.32670593]]
2
[[ -61.17185974 -112.08415222  -35.15014267 -120.07785797]]
2
[[ -76.16721344 -147.55389404  -78.37840271   78.03384399]]
3
[[-207.07600403  131.58859253  283.38317871   73.04949188]]
2
[[  21.2918396   104.83428955  732.51367188   94.2729187 ]]
2
PASS
20/20
