[[ -21.23866653  -87.37489319 -105.90516663 -116.4341507 ]]
0
[[ -12.36232758 -101.73135376  -68.71063232 -107.51023102]]
0
[[ -18.68333435 -123.28848267  -52.1065979  -114.65452576]]
0
[[ -15.3795166   -94.38784027  -42.53540421 -165.83868408]]
0
[[ -24.90652466 -187.51460266 -104.8910141  -218.78149414]]
0
[[-130.41157532  -34.14121246  -38.82804108 -158.59848022]]
1
[[ -17.35137177 -214.27529907  -78.37260437  -41.75761414]]
0
[[  -6.66139221  -59.46048737 -186.39685059 -354.64587402]]
0
[[-284.56451416 -225.09973145 -170.38171387  -10.60838318]]
3
[[ -10.94488525  -28.95788574 -171.32629395 -170.50183105]]
0
[[ -19.35811615 -117.4772644  -101.38124084 -183.25491333]]
0
[[-111.39985657  -30.46790695  -91.63943481 -138.98019409]]
1
[[-116.92835999  -35.94234848  -86.45532227 -106.80721283]]
1
[[-118.28705597 -137.25149536  -29.53940582 -110.61494446]]
2
[[-136.72367859  -19.08820343  -95.76742554 -184.94711304]]
1
[[-273.91149902  -92.95677185   -8.85936737 -132.06455994]]
2
[[ -85.14240265   39.24591064 -287.57327271 -240.37277222]]
1
[[-209.02783203  134.02420044  291.23892212   74.36035156]]
2
[[  21.93713379  106.37405396  744.45117188   94.88949585]]
2
PASS
19/19
