[[-111.39985657  -30.46790695  -91.63943481 -138.98019409]]
1
[[-116.92835999  -35.94234848  -86.45532227 -106.80721283]]
1
[[-118.28705597 -137.25149536  -29.53940582 -110.61494446]]
2
[[-136.72367859  -19.08820343  -95.76742554 -184.94711304]]
1
[[-273.91149902  -92.95677185   -8.85936737 -132.06455994]]
2
[[ -85.14240265   39.24591064 -287.57327271 -240.37277222]]
1
[[-209.02783203  134.02420044  291.23892212   74.36035156]]
2
[[  21.93713379  106.37405396  744.45117188   94.88949585]]
2
PASS
8/8
