[[-239.52346802 -115.99699402  -23.00454712 -226.57614136]]
2
[[ -42.57262802  -90.40444183  -23.72032547 -133.82891846]]
2
[[-36.66773987 -86.1602478  -39.87102509 -98.97975922]]
0
[[ -42.57262802  -90.40444183  -23.72032547 -133.82891846]]
2
[[-36.66773987 -86.1602478  -39.87102509 -98.97975922]]
0
[[ -42.57262802  -90.40444183  -23.72032547 -133.82891846]]
2
[[-36.66773987 -86.1602478  -39.87102509 -98.97975922]]
0
[[ -42.57262802  -90.40444183  -23.72032547 -133.82891846]]
2
[[-36.66773987 -86.1602478  -39.87102509 -98.97975922]]
0
[[ -42.57262802  -90.40444183  -23.72032547 -133.82891846]]
2
[[-36.66773987 -86.1602478  -39.87102509 -98.97975922]]
0
[[ -42.57262802  -90.40444183  -23.72032547 -133.82891846]]
2
[[-36.66773987 -86.1602478  -39.87102509 -98.97975922]]
0
[[ -42.57262802  -90.40444183  -23.72032547 -133.82891846]]
2
[[-36.66773987 -86.1602478  -39.87102509 -98.97975922]]
0
[[ -42.57262802  -90.40444183  -23.72032547 -133.82891846]]
2
[[-36.66773987 -86.1602478  -39.87102509 -98.97975922]]
0
[[ -42.57262802  -90.40444183  -23.72032547 -133.82891846]]
2
[[-36.66773987 -86.1602478  -39.87102509 -98.97975922]]
0
[[ -42.57262802  -90.40444183  -23.72032547 -133.82891846]]
2
[[-36.66773987 -86.1602478  -39.87102509 -98.97975922]]
0
[[ -42.57262802  -90.40444183  -23.72032547 -133.82891846]]
2
[[-36.66773987 -86.1602478  -39.87102509 -98.97975922]]
0
[[ -42.57262802  -90.40444183  -23.72032547 -133.82891846]]
2
[[-36.66773987 -86.1602478  -39.87102509 -98.97975922]]
0
[[ -42.57262802  -90.40444183  -23.72032547 -133.82891846]]
2
[[-36.66773987 -86.1602478  -39.87102509 -98.97975922]]
0
[[ -42.57262802  -90.40444183  -23.72032547 -133.82891846]]
2
[[-36.66773987 -86.1602478  -39.87102509 -98.97975922]]
0
[[ -42.57262802  -90.40444183  -23.72032547 -133.82891846]]
2
[[-36.66773987 -86.1602478  -39.87102509 -98.97975922]]
0
[[ -42.57262802  -90.40444183  -23.72032547 -133.82891846]]
2
[[-36.66773987 -86.1602478  -39.87102509 -98.97975922]]
0
[[ -42.57262802  -90.40444183  -23.72032547 -133.82891846]]
2
[[-36.66773987 -86.1602478  -39.87102509 -98.97975922]]
0
[[ -42.57262802  -90.40444183  -23.72032547 -133.82891846]]
2
[[-36.66773987 -86.1602478  -39.87102509 -98.97975922]]
0
[[ -42.57262802  -90.40444183  -23.72032547 -133.82891846]]
2
[[-36.66773987 -86.1602478  -39.87102509 -98.97975922]]
0
[[ -42.57262802  -90.40444183  -23.72032547 -133.82891846]]
2
[[-36.66773987 -86.1602478  -39.87102509 -98.97975922]]
0
[[ -42.57262802  -90.40444183  -23.72032547 -133.82891846]]
2
[[-36.66773987 -86.1602478  -39.87102509 -98.97975922]]
0
[[ -42.57262802  -90.40444183  -23.72032547 -133.82891846]]
2
[[-36.66773987 -86.1602478  -39.87102509 -98.97975922]]
0
[[ -42.57262802  -90.40444183  -23.72032547 -133.82891846]]
2
[[-36.66773987 -86.1602478  -39.87102509 -98.97975922]]
0
[[ -42.57262802  -90.40444183  -23.72032547 -133.82891846]]
2
[[-36.66773987 -86.1602478  -39.87102509 -98.97975922]]
0
[[ -42.57262802  -90.40444183  -23.72032547 -133.82891846]]
2
[[-36.66773987 -86.1602478  -39.87102509 -98.97975922]]
0
[[ -42.57262802  -90.40444183  -23.72032547 -133.82891846]]
2
[[-36.66773987 -86.1602478  -39.87102509 -98.97975922]]
0
[[ -42.57262802  -90.40444183  -23.72032547 -133.82891846]]
2
[[-36.66773987 -86.1602478  -39.87102509 -98.97975922]]
0
[[ -42.57262802  -90.40444183  -23.72032547 -133.82891846]]
2
[[-36.66773987 -86.1602478  -39.87102509 -98.97975922]]
0
[[ -42.57262802  -90.40444183  -23.72032547 -133.82891846]]
2
[[-36.66773987 -86.1602478  -39.87102509 -98.97975922]]
0
[[ -42.57262802  -90.40444183  -23.72032547 -133.82891846]]
2
[[-36.66773987 -86.1602478  -39.87102509 -98.97975922]]
0
[[ -42.57262802  -90.40444183  -23.72032547 -133.82891846]]
2
[[-36.66773987 -86.1602478  -39.87102509 -98.97975922]]
0
[[ -42.57262802  -90.40444183  -23.72032547 -133.82891846]]
2
[[-36.66773987 -86.1602478  -39.87102509 -98.97975922]]
0
[[ -42.57262802  -90.40444183  -23.72032547 -133.82891846]]
2
[[-36.66773987 -86.1602478  -39.87102509 -98.97975922]]
0
[[ -42.57262802  -90.40444183  -23.72032547 -133.82891846]]
2
[[-36.66773987 -86.1602478  -39.87102509 -98.97975922]]
0
[[ -42.57262802  -90.40444183  -23.72032547 -133.82891846]]
2
[[-36.66773987 -86.1602478  -39.87102509 -98.97975922]]
0
[[ -42.57262802  -90.40444183  -23.72032547 -133.82891846]]
2
[[-36.66773987 -86.1602478  -39.87102509 -98.97975922]]
0
[[ -42.57262802  -90.40444183  -23.72032547 -133.82891846]]
2
[[-36.66773987 -86.1602478  -39.87102509 -98.97975922]]
0
[[ -42.57262802  -90.40444183  -23.72032547 -133.82891846]]
2
[[-36.66773987 -86.1602478  -39.87102509 -98.97975922]]
0
[[ -42.57262802  -90.40444183  -23.72032547 -133.82891846]]
2
[[-36.66773987 -86.1602478  -39.87102509 -98.97975922]]
0
[[ -42.57262802  -90.40444183  -23.72032547 -133.82891846]]
2
[[-36.66773987 -86.1602478  -39.87102509 -98.97975922]]
0
[[ -42.57262802  -90.40444183  -23.72032547 -133.82891846]]
2
[[-36.66773987 -86.1602478  -39.87102509 -98.97975922]]
0
[[ -42.57262802  -90.40444183  -23.72032547 -133.82891846]]
2
[[-36.66773987 -86.1602478  -39.87102509 -98.97975922]]
0
[[ -42.57262802  -90.40444183  -23.72032547 -133.82891846]]
2
[[-36.66773987 -86.1602478  -39.87102509 -98.97975922]]
0
[[ -42.57262802  -90.40444183  -23.72032547 -133.82891846]]
2
[[-36.66773987 -86.1602478  -39.87102509 -98.97975922]]
0
[[ -42.57262802  -90.40444183  -23.72032547 -133.82891846]]
2
[[-36.66773987 -86.1602478  -39.87102509 -98.97975922]]
0
[[ -42.57262802  -90.40444183  -23.72032547 -133.82891846]]
2
[[-36.66773987 -86.1602478  -39.87102509 -98.97975922]]
0
[[ -42.57262802  -90.40444183  -23.72032547 -133.82891846]]
2
[[-36.66773987 -86.1602478  -39.87102509 -98.97975922]]
0
[[ -42.57262802  -90.40444183  -23.72032547 -133.82891846]]
2
[[-36.66773987 -86.1602478  -39.87102509 -98.97975922]]
0
[[ -42.57262802  -90.40444183  -23.72032547 -133.82891846]]
2
[[-36.66773987 -86.1602478  -39.87102509 -98.97975922]]
0
[[ -42.57262802  -90.40444183  -23.72032547 -133.82891846]]
2
[[-36.66773987 -86.1602478  -39.87102509 -98.97975922]]
0
FAIL
2/31
