[[ -76.60553741 -111.43281555 -119.79634857  -92.202034  ]]
0
[[ -92.84107208 -138.96632385 -129.04533386  -80.3011322 ]]
3
[[ -14.41638947  -86.94508362 -150.18139648  -98.50839233]]
0
[[ -17.76393127 -106.56916809  -79.88674927 -125.68789673]]
0
[[ -93.27697754  -33.06043243  -50.17887878 -106.84263611]]
1
[[ -34.525383    -92.8649292  -104.47795105  -94.95528412]]
0
[[ -24.86023712 -119.82710266  -87.39902496 -102.85992432]]
0
[[ -28.56859207  -96.40492249  -35.00199127 -125.72963715]]
0
[[ -92.48035431 -134.91503906  -77.18482208  -30.60585022]]
3
[[ -18.90936279 -110.06853485 -138.01043701 -159.67108154]]
0
[[-127.51248169 -150.64859009  -28.12658691  -16.46340179]]
3
[[ -16.54442215  -48.53776932  -84.28851318 -118.62438965]]
0
[[ -31.06330109 -103.87319183 -101.49956512 -182.73519897]]
0
[[-103.39294434  -57.32555389  -93.80660248  -44.27943039]]
3
[[-91.66644287 -65.43682098 -82.50492859 -26.92156982]]
3
[[-111.73947144  -83.05419922  -33.65437317  -36.7922821 ]]
2
[[ -60.75066376 -122.43500519  -34.91287994 -123.00606537]]
2
[[ -76.08179474 -149.09963989  -76.72110748   80.97644043]]
3
[[-209.02783203  134.02420044  291.23892212   74.36035156]]
2
[[  21.93713379  106.37405396  744.45117188   94.88949585]]
2
PASS
20/20
