[[ -85.03495789 -110.13682556  -91.57621765  -67.1388092 ]]
3
[[ -88.31047058  -73.53154755 -110.73156738  -55.17406464]]
3
[[-103.39294434  -57.32555389  -93.80660248  -44.27943039]]
3
[[-91.66644287 -65.43682098 -82.50492859 -26.92156982]]
3
[[-111.73947144  -83.05419922  -33.65437317  -36.7922821 ]]
2
[[ -60.75066376 -122.43500519  -34.91287994 -123.00606537]]
2
[[ -76.08179474 -149.09963989  -76.72110748   80.97644043]]
3
[[-209.02783203  134.02420044  291.23892212   74.36035156]]
2
[[  21.93713379  106.37405396  744.45117188   94.88949585]]
2
PASS
9/9
