[[-113.49267578  -30.34990692  -92.06336975 -144.43081665]]
1
[[-119.18727112  -35.81079102  -87.05338287 -111.67819214]]
1
[[-119.87840271 -139.30314636  -29.47403717 -115.84170532]]
2
[[-138.28567505  -18.75812531  -96.9024353  -188.77139282]]
1
[[-277.65643311  -93.53120422   -8.32493591 -135.94021606]]
2
[[ -87.05918121   43.42578125 -290.72583008 -246.44715881]]
1
[[-211.47741699  136.96740723  299.47210693   75.58970642]]
2
[[  22.63923645  108.38873291  756.43133545   94.76683044]]
2
PASS
8/8
