[[ -77.36585999 -112.60706329 -121.22535706  -97.51734924]]
0
[[ -93.78964233 -140.60256958 -130.52593994  -84.7529068 ]]
3
[[ -14.03321075  -87.83419037 -152.8678894  -103.47119141]]
0
[[ -17.56080627 -108.17515564  -80.55773926 -131.08102417]]
0
[[ -94.66298676  -33.64149475  -50.31721497 -111.58905029]]
1
[[ -34.30115891  -94.06996155 -105.76739502  -99.72024536]]
0
[[ -24.63683319 -121.50045776  -87.42807007 -107.77649689]]
0
[[ -28.56381989  -97.3664093   -34.62757874 -130.96420288]]
0
[[ -93.4799881  -137.59365845  -77.77410889  -32.77510452]]
3
[[ -18.7181015  -111.72821045 -138.86602783 -165.0501709 ]]
0
[[-129.86239624 -153.58880615  -27.68601227  -17.55153656]]
3
[[ -16.77127838  -49.60174179  -85.20050812 -122.03835297]]
0
[[ -31.10410309 -105.64546204 -102.11694336 -188.1031189 ]]
0
[[-104.75737     -57.27872467  -94.29998779  -44.65350342]]
3
[[-93.19313049 -65.57252502 -83.29169464 -28.17494965]]
3
[[-113.67957306  -84.49786377  -35.88857269  -39.5185318 ]]
2
[[ -60.53240204 -132.32672119  -34.23241425 -127.02879333]]
2
[[ -76.35456848 -150.30709839  -75.41707611   84.28387451]]
3
[[-211.47741699  136.96740723  299.47210693   75.58970642]]
2
[[  22.63923645  108.38873291  756.43133545   94.76683044]]
2
PASS
20/20
