[[-242.60652161 -118.00076294  -23.05525208 -232.39508057]]
2
[[ -43.46762466  -91.95491028  -24.08613968 -138.97351074]]
2
[[ -38.02995682  -88.35978699  -40.49215317 -103.53894043]]
0
[[ -43.46762466  -91.95491028  -24.08613968 -138.97351074]]
2
[[ -38.02995682  -88.35978699  -40.49215317 -103.53894043]]
0
[[ -43.46762466  -91.95491028  -24.08613968 -138.97351074]]
2
[[ -38.02995682  -88.35978699  -40.49215317 -103.53894043]]
0
[[ -43.46762466  -91.95491028  -24.08613968 -138.97351074]]
2
[[ -38.02995682  -88.35978699  -40.49215317 -103.53894043]]
0
[[ -43.46762466  -91.95491028  -24.08613968 -138.97351074]]
2
[[ -38.02995682  -88.35978699  -40.49215317 -103.53894043]]
0
[[ -43.46762466  -91.95491028  -24.08613968 -138.97351074]]
2
[[ -38.02995682  -88.35978699  -40.49215317 -103.53894043]]
0
[[ -43.46762466  -91.95491028  -24.08613968 -138.97351074]]
2
[[ -38.02995682  -88.35978699  -40.49215317 -103.53894043]]
0
[[ -43.46762466  -91.95491028  -24.08613968 -138.97351074]]
2
[[ -38.02995682  -88.35978699  -40.49215317 -103.53894043]]
0
[[ -43.46762466  -91.95491028  -24.08613968 -138.97351074]]
2
[[ -38.02995682  -88.35978699  -40.49215317 -103.53894043]]
0
[[ -43.46762466  -91.95491028  -24.08613968 -138.97351074]]
2
[[ -38.02995682  -88.35978699  -40.49215317 -103.53894043]]
0
[[ -43.46762466  -91.95491028  -24.08613968 -138.97351074]]
2
[[ -38.02995682  -88.35978699  -40.49215317 -103.53894043]]
0
[[ -43.46762466  -91.95491028  -24.08613968 -138.97351074]]
2
[[ -38.02995682  -88.35978699  -40.49215317 -103.53894043]]
0
[[ -43.46762466  -91.95491028  -24.08613968 -138.97351074]]
2
[[ -38.02995682  -88.35978699  -40.49215317 -103.53894043]]
0
[[ -43.46762466  -91.95491028  -24.08613968 -138.97351074]]
2
[[ -38.02995682  -88.35978699  -40.49215317 -103.53894043]]
0
[[ -43.46762466  -91.95491028  -24.08613968 -138.97351074]]
2
[[ -38.02995682  -88.35978699  -40.49215317 -103.53894043]]
0
[[ -43.46762466  -91.95491028  -24.08613968 -138.97351074]]
2
[[ -38.02995682  -88.35978699  -40.49215317 -103.53894043]]
0
[[ -43.46762466  -91.95491028  -24.08613968 -138.97351074]]
2
[[ -38.02995682  -88.35978699  -40.49215317 -103.53894043]]
0
[[ -43.46762466  -91.95491028  -24.08613968 -138.97351074]]
2
[[ -38.02995682  -88.35978699  -40.49215317 -103.53894043]]
0
[[ -43.46762466  -91.95491028  -24.08613968 -138.97351074]]
2
[[ -38.02995682  -88.35978699  -40.49215317 -103.53894043]]
0
[[ -43.46762466  -91.95491028  -24.08613968 -138.97351074]]
2
[[ -38.02995682  -88.35978699  -40.49215317 -103.53894043]]
0
[[ -43.46762466  -91.95491028  -24.08613968 -138.97351074]]
2
[[ -38.02995682  -88.35978699  -40.49215317 -103.53894043]]
0
[[ -43.46762466  -91.95491028  -24.08613968 -138.97351074]]
2
[[ -38.02995682  -88.35978699  -40.49215317 -103.53894043]]
0
[[ -43.46762466  -91.95491028  -24.08613968 -138.97351074]]
2
[[ -38.02995682  -88.35978699  -40.49215317 -103.53894043]]
0
[[ -43.46762466  -91.95491028  -24.08613968 -138.97351074]]
2
[[ -38.02995682  -88.35978699  -40.49215317 -103.53894043]]
0
[[ -43.46762466  -91.95491028  -24.08613968 -138.97351074]]
2
[[ -38.02995682  -88.35978699  -40.49215317 -103.53894043]]
0
[[ -43.46762466  -91.95491028  -24.08613968 -138.97351074]]
2
[[ -38.02995682  -88.35978699  -40.49215317 -103.53894043]]
0
[[ -43.46762466  -91.95491028  -24.08613968 -138.97351074]]
2
[[ -38.02995682  -88.35978699  -40.49215317 -103.53894043]]
0
[[ -43.46762466  -91.95491028  -24.08613968 -138.97351074]]
2
[[ -38.02995682  -88.35978699  -40.49215317 -103.53894043]]
0
[[ -43.46762466  -91.95491028  -24.08613968 -138.97351074]]
2
[[ -38.02995682  -88.35978699  -40.49215317 -103.53894043]]
0
[[ -43.46762466  -91.95491028  -24.08613968 -138.97351074]]
2
[[ -38.02995682  -88.35978699  -40.49215317 -103.53894043]]
0
[[ -43.46762466  -91.95491028  -24.08613968 -138.97351074]]
2
[[ -38.02995682  -88.35978699  -40.49215317 -103.53894043]]
0
[[ -43.46762466  -91.95491028  -24.08613968 -138.97351074]]
2
[[ -38.02995682  -88.35978699  -40.49215317 -103.53894043]]
0
[[ -43.46762466  -91.95491028  -24.08613968 -138.97351074]]
2
[[ -38.02995682  -88.35978699  -40.49215317 -103.53894043]]
0
[[ -43.46762466  -91.95491028  -24.08613968 -138.97351074]]
2
[[ -38.02995682  -88.35978699  -40.49215317 -103.53894043]]
0
[[ -43.46762466  -91.95491028  -24.08613968 -138.97351074]]
2
[[ -38.02995682  -88.35978699  -40.49215317 -103.53894043]]
0
[[ -43.46762466  -91.95491028  -24.08613968 -138.97351074]]
2
[[ -38.02995682  -88.35978699  -40.49215317 -103.53894043]]
0
[[ -43.46762466  -91.95491028  -24.08613968 -138.97351074]]
2
[[ -38.02995682  -88.35978699  -40.49215317 -103.53894043]]
0
[[ -43.46762466  -91.95491028  -24.08613968 -138.97351074]]
2
[[ -38.02995682  -88.35978699  -40.49215317 -103.53894043]]
0
[[ -43.46762466  -91.95491028  -24.08613968 -138.97351074]]
2
[[ -38.02995682  -88.35978699  -40.49215317 -103.53894043]]
0
[[ -43.46762466  -91.95491028  -24.08613968 -138.97351074]]
2
[[ -38.02995682  -88.35978699  -40.49215317 -103.53894043]]
0
[[ -43.46762466  -91.95491028  -24.08613968 -138.97351074]]
2
[[ -38.02995682  -88.35978699  -40.49215317 -103.53894043]]
0
[[ -43.46762466  -91.95491028  -24.08613968 -138.97351074]]
2
[[ -38.02995682  -88.35978699  -40.49215317 -103.53894043]]
0
[[ -43.46762466  -91.95491028  -24.08613968 -138.97351074]]
2
[[ -38.02995682  -88.35978699  -40.49215317 -103.53894043]]
0
[[ -43.46762466  -91.95491028  -24.08613968 -138.97351074]]
2
[[ -38.02995682  -88.35978699  -40.49215317 -103.53894043]]
0
[[ -43.46762466  -91.95491028  -24.08613968 -138.97351074]]
2
[[ -38.02995682  -88.35978699  -40.49215317 -103.53894043]]
0
[[ -43.46762466  -91.95491028  -24.08613968 -138.97351074]]
2
[[ -38.02995682  -88.35978699  -40.49215317 -103.53894043]]
0
[[ -43.46762466  -91.95491028  -24.08613968 -138.97351074]]
2
[[ -38.02995682  -88.35978699  -40.49215317 -103.53894043]]
0
[[ -43.46762466  -91.95491028  -24.08613968 -138.97351074]]
2
[[ -38.02995682  -88.35978699  -40.49215317 -103.53894043]]
0
[[ -43.46762466  -91.95491028  -24.08613968 -138.97351074]]
2
[[ -38.02995682  -88.35978699  -40.49215317 -103.53894043]]
0
[[ -43.46762466  -91.95491028  -24.08613968 -138.97351074]]
2
[[ -38.02995682  -88.35978699  -40.49215317 -103.53894043]]
0
FAIL
2/31
