[[ -85.96112061 -111.11786652  -92.57695007  -71.2891922 ]]
3
[[ -89.42081451  -74.50848389 -112.14568329  -57.86404037]]
3
[[-104.75737     -57.27872467  -94.29998779  -44.65350342]]
3
[[-93.19313049 -65.57252502 -83.29169464 -28.17494965]]
3
[[-113.67957306  -84.49786377  -35.88857269  -39.5185318 ]]
2
[[ -60.53240204 -132.32672119  -34.23241425 -127.02879333]]
2
[[ -76.35456848 -150.30709839  -75.41707611   84.28387451]]
3
[[-211.47741699  136.96740723  299.47210693   75.58970642]]
2
[[  22.63923645  108.38873291  756.43133545   94.76683044]]
2
PASS
9/9
