[[ -20.73879242  -88.15969086 -106.53972626 -120.98561859]]
0
[[ -12.43720245 -102.93037415  -68.75358582 -112.29797363]]
0
[[ -19.0483551  -124.44882965  -52.01486969 -119.78528595]]
0
[[ -15.7137146   -95.76890564  -42.49967194 -171.2040863 ]]
0
[[ -25.39141846 -190.48258972 -105.847229   -224.64059448]]
0
[[-132.45367432  -34.43982697  -39.42790985 -163.35346985]]
1
[[ -17.26116943 -216.72564697  -79.01023865  -44.43868256]]
0
[[  -6.50183105  -60.67489624 -188.77819824 -361.99200439]]
0
[[-290.6494751  -228.03645325 -172.99739075  -11.32817078]]
3
[[ -11.29949951  -30.09126282 -173.6277771  -175.49000549]]
0
[[ -19.72322845 -119.28058624 -102.38542938 -188.73460388]]
0
[[-113.49267578  -30.34990692  -92.06336975 -144.43081665]]
1
[[-119.18727112  -35.81079102  -87.05338287 -111.67819214]]
1
[[-119.87840271 -139.30314636  -29.47403717 -115.84170532]]
2
[[-138.28567505  -18.75812531  -96.9024353  -188.77139282]]
1
[[-277.65643311  -93.53120422   -8.32493591 -135.94021606]]
2
[[ -87.05918121   43.42578125 -290.72583008 -246.44715881]]
1
[[-211.47741699  136.96740723  299.47210693   75.58970642]]
2
[[  22.63923645  108.38873291  756.43133545   94.76683044]]
2
PASS
19/19
