[[  4.51036480e+07   1.14043904e+08   2.17041568e+08   1.72061728e+08]]
2
[[  2.52188256e+08   1.21852192e+08   1.71119632e+08   1.83861088e+08]]
0
[[  4.51036480e+07   1.14043904e+08   2.17041568e+08   1.72061728e+08]]
2
[[  2.52188256e+08   1.21852192e+08   1.71119632e+08   1.83861088e+08]]
0
[[  4.51036480e+07   1.14043904e+08   2.17041568e+08   1.72061728e+08]]
2
[[  2.52188256e+08   1.21852192e+08   1.71119632e+08   1.83861088e+08]]
0
[[  4.51036480e+07   1.14043904e+08   2.17041568e+08   1.72061728e+08]]
2
[[  2.52188256e+08   1.21852192e+08   1.71119632e+08   1.83861088e+08]]
0
[[  4.51036480e+07   1.14043904e+08   2.17041568e+08   1.72061728e+08]]
2
[[  2.52188256e+08   1.21852192e+08   1.71119632e+08   1.83861088e+08]]
0
[[  4.51036480e+07   1.14043904e+08   2.17041568e+08   1.72061728e+08]]
2
[[  2.52188256e+08   1.21852192e+08   1.71119632e+08   1.83861088e+08]]
0
[[  4.51036480e+07   1.14043904e+08   2.17041568e+08   1.72061728e+08]]
2
[[  2.52188256e+08   1.21852192e+08   1.71119632e+08   1.83861088e+08]]
0
[[  4.51036480e+07   1.14043904e+08   2.17041568e+08   1.72061728e+08]]
2
[[  2.52188256e+08   1.21852192e+08   1.71119632e+08   1.83861088e+08]]
0
[[  4.51036480e+07   1.14043904e+08   2.17041568e+08   1.72061728e+08]]
2
[[  2.52188256e+08   1.21852192e+08   1.71119632e+08   1.83861088e+08]]
0
[[  4.51036480e+07   1.14043904e+08   2.17041568e+08   1.72061728e+08]]
2
[[  2.52188256e+08   1.21852192e+08   1.71119632e+08   1.83861088e+08]]
0
[[  4.51036480e+07   1.14043904e+08   2.17041568e+08   1.72061728e+08]]
2
[[  2.52188256e+08   1.21852192e+08   1.71119632e+08   1.83861088e+08]]
0
[[  4.51036480e+07   1.14043904e+08   2.17041568e+08   1.72061728e+08]]
2
[[  2.52188256e+08   1.21852192e+08   1.71119632e+08   1.83861088e+08]]
0
[[  4.51036480e+07   1.14043904e+08   2.17041568e+08   1.72061728e+08]]
2
[[  2.52188256e+08   1.21852192e+08   1.71119632e+08   1.83861088e+08]]
0
[[  4.51036480e+07   1.14043904e+08   2.17041568e+08   1.72061728e+08]]
2
[[  2.52188256e+08   1.21852192e+08   1.71119632e+08   1.83861088e+08]]
0
[[  4.51036480e+07   1.14043904e+08   2.17041568e+08   1.72061728e+08]]
2
[[  2.52188256e+08   1.21852192e+08   1.71119632e+08   1.83861088e+08]]
0
[[  4.51036480e+07   1.14043904e+08   2.17041568e+08   1.72061728e+08]]
2
[[  2.52188256e+08   1.21852192e+08   1.71119632e+08   1.83861088e+08]]
0
[[  4.51036480e+07   1.14043904e+08   2.17041568e+08   1.72061728e+08]]
2
[[  2.52188256e+08   1.21852192e+08   1.71119632e+08   1.83861088e+08]]
0
[[  4.51036480e+07   1.14043904e+08   2.17041568e+08   1.72061728e+08]]
2
[[  2.52188256e+08   1.21852192e+08   1.71119632e+08   1.83861088e+08]]
0
[[  4.51036480e+07   1.14043904e+08   2.17041568e+08   1.72061728e+08]]
2
[[  2.52188256e+08   1.21852192e+08   1.71119632e+08   1.83861088e+08]]
0
[[  4.51036480e+07   1.14043904e+08   2.17041568e+08   1.72061728e+08]]
2
[[  2.52188256e+08   1.21852192e+08   1.71119632e+08   1.83861088e+08]]
0
[[  4.51036480e+07   1.14043904e+08   2.17041568e+08   1.72061728e+08]]
2
[[  2.52188256e+08   1.21852192e+08   1.71119632e+08   1.83861088e+08]]
0
[[  4.51036480e+07   1.14043904e+08   2.17041568e+08   1.72061728e+08]]
2
[[  2.52188256e+08   1.21852192e+08   1.71119632e+08   1.83861088e+08]]
0
[[  4.51036480e+07   1.14043904e+08   2.17041568e+08   1.72061728e+08]]
2
[[  2.52188256e+08   1.21852192e+08   1.71119632e+08   1.83861088e+08]]
0
[[  4.51036480e+07   1.14043904e+08   2.17041568e+08   1.72061728e+08]]
2
[[  2.52188256e+08   1.21852192e+08   1.71119632e+08   1.83861088e+08]]
0
[[  4.51036480e+07   1.14043904e+08   2.17041568e+08   1.72061728e+08]]
2
[[  2.52188256e+08   1.21852192e+08   1.71119632e+08   1.83861088e+08]]
0
[[  4.51036480e+07   1.14043904e+08   2.17041568e+08   1.72061728e+08]]
2
[[  2.52188256e+08   1.21852192e+08   1.71119632e+08   1.83861088e+08]]
0
[[  4.51036480e+07   1.14043904e+08   2.17041568e+08   1.72061728e+08]]
2
[[  2.52188256e+08   1.21852192e+08   1.71119632e+08   1.83861088e+08]]
0
[[  4.51036480e+07   1.14043904e+08   2.17041568e+08   1.72061728e+08]]
2
[[  2.52188256e+08   1.21852192e+08   1.71119632e+08   1.83861088e+08]]
0
[[  4.51036480e+07   1.14043904e+08   2.17041568e+08   1.72061728e+08]]
2
[[  2.52188256e+08   1.21852192e+08   1.71119632e+08   1.83861088e+08]]
0
[[  4.51036480e+07   1.14043904e+08   2.17041568e+08   1.72061728e+08]]
2
[[  2.52188256e+08   1.21852192e+08   1.71119632e+08   1.83861088e+08]]
0
[[  4.51036480e+07   1.14043904e+08   2.17041568e+08   1.72061728e+08]]
2
[[  2.52188256e+08   1.21852192e+08   1.71119632e+08   1.83861088e+08]]
0
[[  4.51036480e+07   1.14043904e+08   2.17041568e+08   1.72061728e+08]]
2
[[  2.52188256e+08   1.21852192e+08   1.71119632e+08   1.83861088e+08]]
0
[[  4.51036480e+07   1.14043904e+08   2.17041568e+08   1.72061728e+08]]
2
[[  2.52188256e+08   1.21852192e+08   1.71119632e+08   1.83861088e+08]]
0
[[  4.51036480e+07   1.14043904e+08   2.17041568e+08   1.72061728e+08]]
2
[[  2.52188256e+08   1.21852192e+08   1.71119632e+08   1.83861088e+08]]
0
[[  4.51036480e+07   1.14043904e+08   2.17041568e+08   1.72061728e+08]]
2
[[  2.52188256e+08   1.21852192e+08   1.71119632e+08   1.83861088e+08]]
0
[[  4.51036480e+07   1.14043904e+08   2.17041568e+08   1.72061728e+08]]
2
[[  2.52188256e+08   1.21852192e+08   1.71119632e+08   1.83861088e+08]]
0
[[  4.51036480e+07   1.14043904e+08   2.17041568e+08   1.72061728e+08]]
2
[[  2.52188256e+08   1.21852192e+08   1.71119632e+08   1.83861088e+08]]
0
[[  4.51036480e+07   1.14043904e+08   2.17041568e+08   1.72061728e+08]]
2
[[  2.52188256e+08   1.21852192e+08   1.71119632e+08   1.83861088e+08]]
0
[[  4.51036480e+07   1.14043904e+08   2.17041568e+08   1.72061728e+08]]
2
[[  2.52188256e+08   1.21852192e+08   1.71119632e+08   1.83861088e+08]]
0
[[  4.51036480e+07   1.14043904e+08   2.17041568e+08   1.72061728e+08]]
2
[[  2.52188256e+08   1.21852192e+08   1.71119632e+08   1.83861088e+08]]
0
[[  4.51036480e+07   1.14043904e+08   2.17041568e+08   1.72061728e+08]]
2
[[  2.52188256e+08   1.21852192e+08   1.71119632e+08   1.83861088e+08]]
0
[[  4.51036480e+07   1.14043904e+08   2.17041568e+08   1.72061728e+08]]
2
[[  2.52188256e+08   1.21852192e+08   1.71119632e+08   1.83861088e+08]]
0
[[  4.51036480e+07   1.14043904e+08   2.17041568e+08   1.72061728e+08]]
2
[[  2.52188256e+08   1.21852192e+08   1.71119632e+08   1.83861088e+08]]
0
[[  4.51036480e+07   1.14043904e+08   2.17041568e+08   1.72061728e+08]]
2
[[  2.52188256e+08   1.21852192e+08   1.71119632e+08   1.83861088e+08]]
0
[[  4.51036480e+07   1.14043904e+08   2.17041568e+08   1.72061728e+08]]
2
[[  2.52188256e+08   1.21852192e+08   1.71119632e+08   1.83861088e+08]]
0
[[  4.51036480e+07   1.14043904e+08   2.17041568e+08   1.72061728e+08]]
2
[[  2.52188256e+08   1.21852192e+08   1.71119632e+08   1.83861088e+08]]
0
[[  4.51036480e+07   1.14043904e+08   2.17041568e+08   1.72061728e+08]]
2
[[  2.52188256e+08   1.21852192e+08   1.71119632e+08   1.83861088e+08]]
0
[[  4.51036480e+07   1.14043904e+08   2.17041568e+08   1.72061728e+08]]
2
[[  2.52188256e+08   1.21852192e+08   1.71119632e+08   1.83861088e+08]]
0
[[  4.51036480e+07   1.14043904e+08   2.17041568e+08   1.72061728e+08]]
2
[[  2.52188256e+08   1.21852192e+08   1.71119632e+08   1.83861088e+08]]
0
[[  4.51036480e+07   1.14043904e+08   2.17041568e+08   1.72061728e+08]]
2
[[  2.52188256e+08   1.21852192e+08   1.71119632e+08   1.83861088e+08]]
0
[[  4.51036480e+07   1.14043904e+08   2.17041568e+08   1.72061728e+08]]
2
FAIL
1/4
