[[  2.37778656e+08   1.24292400e+08   1.90840512e+08   1.57296448e+08]]
0
[[  1.22274016e+08   6.46969760e+07   2.27788512e+08   1.59034624e+08]]
2
[[  2.37778656e+08   1.24292400e+08   1.90840512e+08   1.57296448e+08]]
0
[[  1.22274016e+08   6.46969760e+07   2.27788512e+08   1.59034624e+08]]
2
[[  2.37778656e+08   1.24292400e+08   1.90840512e+08   1.57296448e+08]]
0
[[  1.22274016e+08   6.46969760e+07   2.27788512e+08   1.59034624e+08]]
2
[[  2.37778656e+08   1.24292400e+08   1.90840512e+08   1.57296448e+08]]
0
[[  1.22274016e+08   6.46969760e+07   2.27788512e+08   1.59034624e+08]]
2
[[  2.37778656e+08   1.24292400e+08   1.90840512e+08   1.57296448e+08]]
0
[[  1.22274016e+08   6.46969760e+07   2.27788512e+08   1.59034624e+08]]
2
[[  2.37778656e+08   1.24292400e+08   1.90840512e+08   1.57296448e+08]]
0
[[  1.22274016e+08   6.46969760e+07   2.27788512e+08   1.59034624e+08]]
2
[[  2.37778656e+08   1.24292400e+08   1.90840512e+08   1.57296448e+08]]
0
[[  1.22274016e+08   6.46969760e+07   2.27788512e+08   1.59034624e+08]]
2
[[  2.37778656e+08   1.24292400e+08   1.90840512e+08   1.57296448e+08]]
0
[[  1.22274016e+08   6.46969760e+07   2.27788512e+08   1.59034624e+08]]
2
[[  2.37778656e+08   1.24292400e+08   1.90840512e+08   1.57296448e+08]]
0
[[  1.22274016e+08   6.46969760e+07   2.27788512e+08   1.59034624e+08]]
2
[[  2.37778656e+08   1.24292400e+08   1.90840512e+08   1.57296448e+08]]
0
[[  1.22274016e+08   6.46969760e+07   2.27788512e+08   1.59034624e+08]]
2
[[  2.37778656e+08   1.24292400e+08   1.90840512e+08   1.57296448e+08]]
0
[[  1.22274016e+08   6.46969760e+07   2.27788512e+08   1.59034624e+08]]
2
[[  2.37778656e+08   1.24292400e+08   1.90840512e+08   1.57296448e+08]]
0
[[  1.22274016e+08   6.46969760e+07   2.27788512e+08   1.59034624e+08]]
2
[[  2.37778656e+08   1.24292400e+08   1.90840512e+08   1.57296448e+08]]
0
[[  1.22274016e+08   6.46969760e+07   2.27788512e+08   1.59034624e+08]]
2
[[  2.37778656e+08   1.24292400e+08   1.90840512e+08   1.57296448e+08]]
0
[[  1.22274016e+08   6.46969760e+07   2.27788512e+08   1.59034624e+08]]
2
[[  2.37778656e+08   1.24292400e+08   1.90840512e+08   1.57296448e+08]]
0
[[  1.22274016e+08   6.46969760e+07   2.27788512e+08   1.59034624e+08]]
2
[[  2.37778656e+08   1.24292400e+08   1.90840512e+08   1.57296448e+08]]
0
[[  1.22274016e+08   6.46969760e+07   2.27788512e+08   1.59034624e+08]]
2
[[  2.37778656e+08   1.24292400e+08   1.90840512e+08   1.57296448e+08]]
0
[[  1.22274016e+08   6.46969760e+07   2.27788512e+08   1.59034624e+08]]
2
[[  2.37778656e+08   1.24292400e+08   1.90840512e+08   1.57296448e+08]]
0
[[  1.22274016e+08   6.46969760e+07   2.27788512e+08   1.59034624e+08]]
2
[[  2.37778656e+08   1.24292400e+08   1.90840512e+08   1.57296448e+08]]
0
[[  1.22274016e+08   6.46969760e+07   2.27788512e+08   1.59034624e+08]]
2
[[  2.37778656e+08   1.24292400e+08   1.90840512e+08   1.57296448e+08]]
0
[[  1.22274016e+08   6.46969760e+07   2.27788512e+08   1.59034624e+08]]
2
[[  2.37778656e+08   1.24292400e+08   1.90840512e+08   1.57296448e+08]]
0
[[  1.22274016e+08   6.46969760e+07   2.27788512e+08   1.59034624e+08]]
2
[[  2.37778656e+08   1.24292400e+08   1.90840512e+08   1.57296448e+08]]
0
[[  1.22274016e+08   6.46969760e+07   2.27788512e+08   1.59034624e+08]]
2
[[  2.37778656e+08   1.24292400e+08   1.90840512e+08   1.57296448e+08]]
0
[[  1.22274016e+08   6.46969760e+07   2.27788512e+08   1.59034624e+08]]
2
[[  2.37778656e+08   1.24292400e+08   1.90840512e+08   1.57296448e+08]]
0
[[  1.22274016e+08   6.46969760e+07   2.27788512e+08   1.59034624e+08]]
2
[[  2.37778656e+08   1.24292400e+08   1.90840512e+08   1.57296448e+08]]
0
[[  1.22274016e+08   6.46969760e+07   2.27788512e+08   1.59034624e+08]]
2
[[  2.37778656e+08   1.24292400e+08   1.90840512e+08   1.57296448e+08]]
0
[[  1.22274016e+08   6.46969760e+07   2.27788512e+08   1.59034624e+08]]
2
[[  2.37778656e+08   1.24292400e+08   1.90840512e+08   1.57296448e+08]]
0
[[  1.22274016e+08   6.46969760e+07   2.27788512e+08   1.59034624e+08]]
2
[[  2.37778656e+08   1.24292400e+08   1.90840512e+08   1.57296448e+08]]
0
[[  1.22274016e+08   6.46969760e+07   2.27788512e+08   1.59034624e+08]]
2
[[  2.37778656e+08   1.24292400e+08   1.90840512e+08   1.57296448e+08]]
0
[[  1.22274016e+08   6.46969760e+07   2.27788512e+08   1.59034624e+08]]
2
[[  2.37778656e+08   1.24292400e+08   1.90840512e+08   1.57296448e+08]]
0
[[  1.22274016e+08   6.46969760e+07   2.27788512e+08   1.59034624e+08]]
2
[[  2.37778656e+08   1.24292400e+08   1.90840512e+08   1.57296448e+08]]
0
[[  1.22274016e+08   6.46969760e+07   2.27788512e+08   1.59034624e+08]]
2
[[  2.37778656e+08   1.24292400e+08   1.90840512e+08   1.57296448e+08]]
0
[[  1.22274016e+08   6.46969760e+07   2.27788512e+08   1.59034624e+08]]
2
[[  2.37778656e+08   1.24292400e+08   1.90840512e+08   1.57296448e+08]]
0
[[  1.22274016e+08   6.46969760e+07   2.27788512e+08   1.59034624e+08]]
2
[[  2.37778656e+08   1.24292400e+08   1.90840512e+08   1.57296448e+08]]
0
[[  1.22274016e+08   6.46969760e+07   2.27788512e+08   1.59034624e+08]]
2
[[  2.37778656e+08   1.24292400e+08   1.90840512e+08   1.57296448e+08]]
0
[[  1.22274016e+08   6.46969760e+07   2.27788512e+08   1.59034624e+08]]
2
[[  2.37778656e+08   1.24292400e+08   1.90840512e+08   1.57296448e+08]]
0
[[  1.22274016e+08   6.46969760e+07   2.27788512e+08   1.59034624e+08]]
2
[[  2.37778656e+08   1.24292400e+08   1.90840512e+08   1.57296448e+08]]
0
[[  1.22274016e+08   6.46969760e+07   2.27788512e+08   1.59034624e+08]]
2
[[  2.37778656e+08   1.24292400e+08   1.90840512e+08   1.57296448e+08]]
0
[[  1.22274016e+08   6.46969760e+07   2.27788512e+08   1.59034624e+08]]
2
[[  2.37778656e+08   1.24292400e+08   1.90840512e+08   1.57296448e+08]]
0
[[  1.22274016e+08   6.46969760e+07   2.27788512e+08   1.59034624e+08]]
2
[[  2.37778656e+08   1.24292400e+08   1.90840512e+08   1.57296448e+08]]
0
[[  1.22274016e+08   6.46969760e+07   2.27788512e+08   1.59034624e+08]]
2
[[  2.37778656e+08   1.24292400e+08   1.90840512e+08   1.57296448e+08]]
0
[[  1.22274016e+08   6.46969760e+07   2.27788512e+08   1.59034624e+08]]
2
[[  2.37778656e+08   1.24292400e+08   1.90840512e+08   1.57296448e+08]]
0
[[  1.22274016e+08   6.46969760e+07   2.27788512e+08   1.59034624e+08]]
2
[[  2.37778656e+08   1.24292400e+08   1.90840512e+08   1.57296448e+08]]
0
[[  1.22274016e+08   6.46969760e+07   2.27788512e+08   1.59034624e+08]]
2
[[  2.37778656e+08   1.24292400e+08   1.90840512e+08   1.57296448e+08]]
0
[[  1.22274016e+08   6.46969760e+07   2.27788512e+08   1.59034624e+08]]
2
[[  2.37778656e+08   1.24292400e+08   1.90840512e+08   1.57296448e+08]]
0
[[  1.22274016e+08   6.46969760e+07   2.27788512e+08   1.59034624e+08]]
2
[[  2.37778656e+08   1.24292400e+08   1.90840512e+08   1.57296448e+08]]
0
[[  1.22274016e+08   6.46969760e+07   2.27788512e+08   1.59034624e+08]]
2
[[  2.37778656e+08   1.24292400e+08   1.90840512e+08   1.57296448e+08]]
0
[[  1.22274016e+08   6.46969760e+07   2.27788512e+08   1.59034624e+08]]
2
[[  2.37778656e+08   1.24292400e+08   1.90840512e+08   1.57296448e+08]]
0
[[  1.22274016e+08   6.46969760e+07   2.27788512e+08   1.59034624e+08]]
2
[[  2.37778656e+08   1.24292400e+08   1.90840512e+08   1.57296448e+08]]
0
[[  1.22274016e+08   6.46969760e+07   2.27788512e+08   1.59034624e+08]]
2
[[  2.37778656e+08   1.24292400e+08   1.90840512e+08   1.57296448e+08]]
0
[[  1.22274016e+08   6.46969760e+07   2.27788512e+08   1.59034624e+08]]
2
[[  2.37778656e+08   1.24292400e+08   1.90840512e+08   1.57296448e+08]]
0
FAIL
0/1
