[[  1.94290368e+08   6.07136160e+07   1.37847744e+08   1.58585824e+08]]
0
[[  1.93408000e+08   7.04340480e+07   1.74803136e+08   1.69066464e+08]]
0
[[  1.66009664e+08   1.17527888e+08   1.90324752e+08   1.44513472e+08]]
2
[[  1.93408000e+08   7.04340480e+07   1.74803136e+08   1.69066464e+08]]
0
[[  1.66009664e+08   1.17527888e+08   1.90324752e+08   1.44513472e+08]]
2
[[  1.93408000e+08   7.04340480e+07   1.74803136e+08   1.69066464e+08]]
0
[[  1.66009664e+08   1.17527888e+08   1.90324752e+08   1.44513472e+08]]
2
[[  1.93408000e+08   7.04340480e+07   1.74803136e+08   1.69066464e+08]]
0
[[  1.66009664e+08   1.17527888e+08   1.90324752e+08   1.44513472e+08]]
2
[[  1.93408000e+08   7.04340480e+07   1.74803136e+08   1.69066464e+08]]
0
[[  1.66009664e+08   1.17527888e+08   1.90324752e+08   1.44513472e+08]]
2
[[  1.93408000e+08   7.04340480e+07   1.74803136e+08   1.69066464e+08]]
0
[[  1.66009664e+08   1.17527888e+08   1.90324752e+08   1.44513472e+08]]
2
[[  1.93408000e+08   7.04340480e+07   1.74803136e+08   1.69066464e+08]]
0
[[  1.66009664e+08   1.17527888e+08   1.90324752e+08   1.44513472e+08]]
2
[[  1.93408000e+08   7.04340480e+07   1.74803136e+08   1.69066464e+08]]
0
[[  1.66009664e+08   1.17527888e+08   1.90324752e+08   1.44513472e+08]]
2
[[  1.93408000e+08   7.04340480e+07   1.74803136e+08   1.69066464e+08]]
0
[[  1.66009664e+08   1.17527888e+08   1.90324752e+08   1.44513472e+08]]
2
[[  1.93408000e+08   7.04340480e+07   1.74803136e+08   1.69066464e+08]]
0
[[  1.66009664e+08   1.17527888e+08   1.90324752e+08   1.44513472e+08]]
2
[[  1.93408000e+08   7.04340480e+07   1.74803136e+08   1.69066464e+08]]
0
[[  1.66009664e+08   1.17527888e+08   1.90324752e+08   1.44513472e+08]]
2
[[  1.93408000e+08   7.04340480e+07   1.74803136e+08   1.69066464e+08]]
0
[[  1.66009664e+08   1.17527888e+08   1.90324752e+08   1.44513472e+08]]
2
[[  1.93408000e+08   7.04340480e+07   1.74803136e+08   1.69066464e+08]]
0
[[  1.66009664e+08   1.17527888e+08   1.90324752e+08   1.44513472e+08]]
2
[[  1.93408000e+08   7.04340480e+07   1.74803136e+08   1.69066464e+08]]
0
[[  1.66009664e+08   1.17527888e+08   1.90324752e+08   1.44513472e+08]]
2
[[  1.93408000e+08   7.04340480e+07   1.74803136e+08   1.69066464e+08]]
0
[[  1.66009664e+08   1.17527888e+08   1.90324752e+08   1.44513472e+08]]
2
[[  1.93408000e+08   7.04340480e+07   1.74803136e+08   1.69066464e+08]]
0
[[  1.66009664e+08   1.17527888e+08   1.90324752e+08   1.44513472e+08]]
2
[[  1.93408000e+08   7.04340480e+07   1.74803136e+08   1.69066464e+08]]
0
[[  1.66009664e+08   1.17527888e+08   1.90324752e+08   1.44513472e+08]]
2
[[  1.93408000e+08   7.04340480e+07   1.74803136e+08   1.69066464e+08]]
0
[[  1.66009664e+08   1.17527888e+08   1.90324752e+08   1.44513472e+08]]
2
[[  1.93408000e+08   7.04340480e+07   1.74803136e+08   1.69066464e+08]]
0
[[  1.66009664e+08   1.17527888e+08   1.90324752e+08   1.44513472e+08]]
2
[[  1.93408000e+08   7.04340480e+07   1.74803136e+08   1.69066464e+08]]
0
[[  1.66009664e+08   1.17527888e+08   1.90324752e+08   1.44513472e+08]]
2
[[  1.93408000e+08   7.04340480e+07   1.74803136e+08   1.69066464e+08]]
0
[[  1.66009664e+08   1.17527888e+08   1.90324752e+08   1.44513472e+08]]
2
[[  1.93408000e+08   7.04340480e+07   1.74803136e+08   1.69066464e+08]]
0
[[  1.66009664e+08   1.17527888e+08   1.90324752e+08   1.44513472e+08]]
2
[[  1.93408000e+08   7.04340480e+07   1.74803136e+08   1.69066464e+08]]
0
[[  1.66009664e+08   1.17527888e+08   1.90324752e+08   1.44513472e+08]]
2
[[  1.93408000e+08   7.04340480e+07   1.74803136e+08   1.69066464e+08]]
0
[[  1.66009664e+08   1.17527888e+08   1.90324752e+08   1.44513472e+08]]
2
[[  1.93408000e+08   7.04340480e+07   1.74803136e+08   1.69066464e+08]]
0
[[  1.66009664e+08   1.17527888e+08   1.90324752e+08   1.44513472e+08]]
2
[[  1.93408000e+08   7.04340480e+07   1.74803136e+08   1.69066464e+08]]
0
[[  1.66009664e+08   1.17527888e+08   1.90324752e+08   1.44513472e+08]]
2
[[  1.93408000e+08   7.04340480e+07   1.74803136e+08   1.69066464e+08]]
0
[[  1.66009664e+08   1.17527888e+08   1.90324752e+08   1.44513472e+08]]
2
[[  1.93408000e+08   7.04340480e+07   1.74803136e+08   1.69066464e+08]]
0
[[  1.66009664e+08   1.17527888e+08   1.90324752e+08   1.44513472e+08]]
2
[[  1.93408000e+08   7.04340480e+07   1.74803136e+08   1.69066464e+08]]
0
[[  1.66009664e+08   1.17527888e+08   1.90324752e+08   1.44513472e+08]]
2
[[  1.93408000e+08   7.04340480e+07   1.74803136e+08   1.69066464e+08]]
0
[[  1.66009664e+08   1.17527888e+08   1.90324752e+08   1.44513472e+08]]
2
[[  1.93408000e+08   7.04340480e+07   1.74803136e+08   1.69066464e+08]]
0
[[  1.66009664e+08   1.17527888e+08   1.90324752e+08   1.44513472e+08]]
2
[[  1.93408000e+08   7.04340480e+07   1.74803136e+08   1.69066464e+08]]
0
[[  1.66009664e+08   1.17527888e+08   1.90324752e+08   1.44513472e+08]]
2
[[  1.93408000e+08   7.04340480e+07   1.74803136e+08   1.69066464e+08]]
0
[[  1.66009664e+08   1.17527888e+08   1.90324752e+08   1.44513472e+08]]
2
[[  1.93408000e+08   7.04340480e+07   1.74803136e+08   1.69066464e+08]]
0
[[  1.66009664e+08   1.17527888e+08   1.90324752e+08   1.44513472e+08]]
2
[[  1.93408000e+08   7.04340480e+07   1.74803136e+08   1.69066464e+08]]
0
[[  1.66009664e+08   1.17527888e+08   1.90324752e+08   1.44513472e+08]]
2
[[  1.93408000e+08   7.04340480e+07   1.74803136e+08   1.69066464e+08]]
0
[[  1.66009664e+08   1.17527888e+08   1.90324752e+08   1.44513472e+08]]
2
[[  1.93408000e+08   7.04340480e+07   1.74803136e+08   1.69066464e+08]]
0
[[  1.66009664e+08   1.17527888e+08   1.90324752e+08   1.44513472e+08]]
2
[[  1.93408000e+08   7.04340480e+07   1.74803136e+08   1.69066464e+08]]
0
[[  1.66009664e+08   1.17527888e+08   1.90324752e+08   1.44513472e+08]]
2
[[  1.93408000e+08   7.04340480e+07   1.74803136e+08   1.69066464e+08]]
0
[[  1.66009664e+08   1.17527888e+08   1.90324752e+08   1.44513472e+08]]
2
[[  1.93408000e+08   7.04340480e+07   1.74803136e+08   1.69066464e+08]]
0
[[  1.66009664e+08   1.17527888e+08   1.90324752e+08   1.44513472e+08]]
2
[[  1.93408000e+08   7.04340480e+07   1.74803136e+08   1.69066464e+08]]
0
[[  1.66009664e+08   1.17527888e+08   1.90324752e+08   1.44513472e+08]]
2
[[  1.93408000e+08   7.04340480e+07   1.74803136e+08   1.69066464e+08]]
0
[[  1.66009664e+08   1.17527888e+08   1.90324752e+08   1.44513472e+08]]
2
[[  1.93408000e+08   7.04340480e+07   1.74803136e+08   1.69066464e+08]]
0
[[  1.66009664e+08   1.17527888e+08   1.90324752e+08   1.44513472e+08]]
2
[[  1.93408000e+08   7.04340480e+07   1.74803136e+08   1.69066464e+08]]
0
[[  1.66009664e+08   1.17527888e+08   1.90324752e+08   1.44513472e+08]]
2
[[  1.93408000e+08   7.04340480e+07   1.74803136e+08   1.69066464e+08]]
0
[[  1.66009664e+08   1.17527888e+08   1.90324752e+08   1.44513472e+08]]
2
[[  1.93408000e+08   7.04340480e+07   1.74803136e+08   1.69066464e+08]]
0
[[  1.66009664e+08   1.17527888e+08   1.90324752e+08   1.44513472e+08]]
2
[[  1.93408000e+08   7.04340480e+07   1.74803136e+08   1.69066464e+08]]
0
[[  1.66009664e+08   1.17527888e+08   1.90324752e+08   1.44513472e+08]]
2
[[  1.93408000e+08   7.04340480e+07   1.74803136e+08   1.69066464e+08]]
0
[[  1.66009664e+08   1.17527888e+08   1.90324752e+08   1.44513472e+08]]
2
[[  1.93408000e+08   7.04340480e+07   1.74803136e+08   1.69066464e+08]]
0
[[  1.66009664e+08   1.17527888e+08   1.90324752e+08   1.44513472e+08]]
2
[[  1.93408000e+08   7.04340480e+07   1.74803136e+08   1.69066464e+08]]
0
[[  1.66009664e+08   1.17527888e+08   1.90324752e+08   1.44513472e+08]]
2
FAIL
2/19
