[[  1.88764160e+08   6.67394000e+07   1.62660576e+08   1.62631360e+08]]
0
[[  1.47198752e+08   9.73478320e+07   1.67135040e+08   1.50177696e+08]]
2
[[  1.88764160e+08   6.67394000e+07   1.62660576e+08   1.62631360e+08]]
0
[[  1.47198752e+08   9.73478320e+07   1.67135040e+08   1.50177696e+08]]
2
[[  1.88764160e+08   6.67394000e+07   1.62660576e+08   1.62631360e+08]]
0
[[  1.47198752e+08   9.73478320e+07   1.67135040e+08   1.50177696e+08]]
2
[[  1.88764160e+08   6.67394000e+07   1.62660576e+08   1.62631360e+08]]
0
[[  1.47198752e+08   9.73478320e+07   1.67135040e+08   1.50177696e+08]]
2
[[  1.88764160e+08   6.67394000e+07   1.62660576e+08   1.62631360e+08]]
0
[[  1.47198752e+08   9.73478320e+07   1.67135040e+08   1.50177696e+08]]
2
[[  1.88764160e+08   6.67394000e+07   1.62660576e+08   1.62631360e+08]]
0
[[  1.47198752e+08   9.73478320e+07   1.67135040e+08   1.50177696e+08]]
2
[[  1.88764160e+08   6.67394000e+07   1.62660576e+08   1.62631360e+08]]
0
[[  1.47198752e+08   9.73478320e+07   1.67135040e+08   1.50177696e+08]]
2
[[  1.88764160e+08   6.67394000e+07   1.62660576e+08   1.62631360e+08]]
0
[[  1.47198752e+08   9.73478320e+07   1.67135040e+08   1.50177696e+08]]
2
[[  1.88764160e+08   6.67394000e+07   1.62660576e+08   1.62631360e+08]]
0
[[  1.47198752e+08   9.73478320e+07   1.67135040e+08   1.50177696e+08]]
2
[[  1.88764160e+08   6.67394000e+07   1.62660576e+08   1.62631360e+08]]
0
[[  1.47198752e+08   9.73478320e+07   1.67135040e+08   1.50177696e+08]]
2
[[  1.88764160e+08   6.67394000e+07   1.62660576e+08   1.62631360e+08]]
0
[[  1.47198752e+08   9.73478320e+07   1.67135040e+08   1.50177696e+08]]
2
[[  1.88764160e+08   6.67394000e+07   1.62660576e+08   1.62631360e+08]]
0
[[  1.47198752e+08   9.73478320e+07   1.67135040e+08   1.50177696e+08]]
2
[[  1.88764160e+08   6.67394000e+07   1.62660576e+08   1.62631360e+08]]
0
[[  1.47198752e+08   9.73478320e+07   1.67135040e+08   1.50177696e+08]]
2
[[  1.88764160e+08   6.67394000e+07   1.62660576e+08   1.62631360e+08]]
0
[[  1.47198752e+08   9.73478320e+07   1.67135040e+08   1.50177696e+08]]
2
[[  1.88764160e+08   6.67394000e+07   1.62660576e+08   1.62631360e+08]]
0
[[  1.47198752e+08   9.73478320e+07   1.67135040e+08   1.50177696e+08]]
2
[[  1.88764160e+08   6.67394000e+07   1.62660576e+08   1.62631360e+08]]
0
[[  1.47198752e+08   9.73478320e+07   1.67135040e+08   1.50177696e+08]]
2
[[  1.88764160e+08   6.67394000e+07   1.62660576e+08   1.62631360e+08]]
0
[[  1.47198752e+08   9.73478320e+07   1.67135040e+08   1.50177696e+08]]
2
[[  1.88764160e+08   6.67394000e+07   1.62660576e+08   1.62631360e+08]]
0
[[  1.47198752e+08   9.73478320e+07   1.67135040e+08   1.50177696e+08]]
2
[[  1.88764160e+08   6.67394000e+07   1.62660576e+08   1.62631360e+08]]
0
[[  1.47198752e+08   9.73478320e+07   1.67135040e+08   1.50177696e+08]]
2
[[  1.88764160e+08   6.67394000e+07   1.62660576e+08   1.62631360e+08]]
0
[[  1.47198752e+08   9.73478320e+07   1.67135040e+08   1.50177696e+08]]
2
[[  1.88764160e+08   6.67394000e+07   1.62660576e+08   1.62631360e+08]]
0
[[  1.47198752e+08   9.73478320e+07   1.67135040e+08   1.50177696e+08]]
2
[[  1.88764160e+08   6.67394000e+07   1.62660576e+08   1.62631360e+08]]
0
[[  1.47198752e+08   9.73478320e+07   1.67135040e+08   1.50177696e+08]]
2
[[  1.88764160e+08   6.67394000e+07   1.62660576e+08   1.62631360e+08]]
0
[[  1.47198752e+08   9.73478320e+07   1.67135040e+08   1.50177696e+08]]
2
[[  1.88764160e+08   6.67394000e+07   1.62660576e+08   1.62631360e+08]]
0
[[  1.47198752e+08   9.73478320e+07   1.67135040e+08   1.50177696e+08]]
2
[[  1.88764160e+08   6.67394000e+07   1.62660576e+08   1.62631360e+08]]
0
[[  1.47198752e+08   9.73478320e+07   1.67135040e+08   1.50177696e+08]]
2
[[  1.88764160e+08   6.67394000e+07   1.62660576e+08   1.62631360e+08]]
0
[[  1.47198752e+08   9.73478320e+07   1.67135040e+08   1.50177696e+08]]
2
[[  1.88764160e+08   6.67394000e+07   1.62660576e+08   1.62631360e+08]]
0
[[  1.47198752e+08   9.73478320e+07   1.67135040e+08   1.50177696e+08]]
2
[[  1.88764160e+08   6.67394000e+07   1.62660576e+08   1.62631360e+08]]
0
[[  1.47198752e+08   9.73478320e+07   1.67135040e+08   1.50177696e+08]]
2
[[  1.88764160e+08   6.67394000e+07   1.62660576e+08   1.62631360e+08]]
0
[[  1.47198752e+08   9.73478320e+07   1.67135040e+08   1.50177696e+08]]
2
[[  1.88764160e+08   6.67394000e+07   1.62660576e+08   1.62631360e+08]]
0
[[  1.47198752e+08   9.73478320e+07   1.67135040e+08   1.50177696e+08]]
2
[[  1.88764160e+08   6.67394000e+07   1.62660576e+08   1.62631360e+08]]
0
[[  1.47198752e+08   9.73478320e+07   1.67135040e+08   1.50177696e+08]]
2
[[  1.88764160e+08   6.67394000e+07   1.62660576e+08   1.62631360e+08]]
0
[[  1.47198752e+08   9.73478320e+07   1.67135040e+08   1.50177696e+08]]
2
[[  1.88764160e+08   6.67394000e+07   1.62660576e+08   1.62631360e+08]]
0
[[  1.47198752e+08   9.73478320e+07   1.67135040e+08   1.50177696e+08]]
2
[[  1.88764160e+08   6.67394000e+07   1.62660576e+08   1.62631360e+08]]
0
[[  1.47198752e+08   9.73478320e+07   1.67135040e+08   1.50177696e+08]]
2
[[  1.88764160e+08   6.67394000e+07   1.62660576e+08   1.62631360e+08]]
0
[[  1.47198752e+08   9.73478320e+07   1.67135040e+08   1.50177696e+08]]
2
[[  1.88764160e+08   6.67394000e+07   1.62660576e+08   1.62631360e+08]]
0
[[  1.47198752e+08   9.73478320e+07   1.67135040e+08   1.50177696e+08]]
2
[[  1.88764160e+08   6.67394000e+07   1.62660576e+08   1.62631360e+08]]
0
[[  1.47198752e+08   9.73478320e+07   1.67135040e+08   1.50177696e+08]]
2
[[  1.88764160e+08   6.67394000e+07   1.62660576e+08   1.62631360e+08]]
0
[[  1.47198752e+08   9.73478320e+07   1.67135040e+08   1.50177696e+08]]
2
[[  1.88764160e+08   6.67394000e+07   1.62660576e+08   1.62631360e+08]]
0
[[  1.47198752e+08   9.73478320e+07   1.67135040e+08   1.50177696e+08]]
2
[[  1.88764160e+08   6.67394000e+07   1.62660576e+08   1.62631360e+08]]
0
[[  1.47198752e+08   9.73478320e+07   1.67135040e+08   1.50177696e+08]]
2
[[  1.88764160e+08   6.67394000e+07   1.62660576e+08   1.62631360e+08]]
0
[[  1.47198752e+08   9.73478320e+07   1.67135040e+08   1.50177696e+08]]
2
[[  1.88764160e+08   6.67394000e+07   1.62660576e+08   1.62631360e+08]]
0
[[  1.47198752e+08   9.73478320e+07   1.67135040e+08   1.50177696e+08]]
2
[[  1.88764160e+08   6.67394000e+07   1.62660576e+08   1.62631360e+08]]
0
[[  1.47198752e+08   9.73478320e+07   1.67135040e+08   1.50177696e+08]]
2
[[  1.88764160e+08   6.67394000e+07   1.62660576e+08   1.62631360e+08]]
0
[[  1.47198752e+08   9.73478320e+07   1.67135040e+08   1.50177696e+08]]
2
[[  1.88764160e+08   6.67394000e+07   1.62660576e+08   1.62631360e+08]]
0
[[  1.47198752e+08   9.73478320e+07   1.67135040e+08   1.50177696e+08]]
2
[[  1.88764160e+08   6.67394000e+07   1.62660576e+08   1.62631360e+08]]
0
[[  1.47198752e+08   9.73478320e+07   1.67135040e+08   1.50177696e+08]]
2
[[  1.88764160e+08   6.67394000e+07   1.62660576e+08   1.62631360e+08]]
0
[[  1.47198752e+08   9.73478320e+07   1.67135040e+08   1.50177696e+08]]
2
[[  1.88764160e+08   6.67394000e+07   1.62660576e+08   1.62631360e+08]]
0
[[  1.47198752e+08   9.73478320e+07   1.67135040e+08   1.50177696e+08]]
2
[[  1.88764160e+08   6.67394000e+07   1.62660576e+08   1.62631360e+08]]
0
[[  1.47198752e+08   9.73478320e+07   1.67135040e+08   1.50177696e+08]]
2
[[  1.88764160e+08   6.67394000e+07   1.62660576e+08   1.62631360e+08]]
0
[[  1.47198752e+08   9.73478320e+07   1.67135040e+08   1.50177696e+08]]
2
[[  1.88764160e+08   6.67394000e+07   1.62660576e+08   1.62631360e+08]]
0
FAIL
1/20
