[[-5.18084669 -6.64313459 -3.82458735 -8.87192535]]
2
[[-2.74601078 -7.73072577 -3.06276417 -9.13909149]]
0
[[-5.18084669 -6.64313459 -3.82458735 -8.87192535]]
2
[[-2.74601078 -7.73072577 -3.06276417 -9.13909149]]
0
[[-5.18084669 -6.64313459 -3.82458735 -8.87192535]]
2
[[-2.74601078 -7.73072577 -3.06276417 -9.13909149]]
0
[[-5.18084669 -6.64313459 -3.82458735 -8.87192535]]
2
[[-2.74601078 -7.73072577 -3.06276417 -9.13909149]]
0
[[-5.18084669 -6.64313459 -3.82458735 -8.87192535]]
2
[[-2.74601078 -7.73072577 -3.06276417 -9.13909149]]
0
[[-5.18084669 -6.64313459 -3.82458735 -8.87192535]]
2
[[-2.74601078 -7.73072577 -3.06276417 -9.13909149]]
0
[[-5.18084669 -6.64313459 -3.82458735 -8.87192535]]
2
[[-2.74601078 -7.73072577 -3.06276417 -9.13909149]]
0
[[-5.18084669 -6.64313459 -3.82458735 -8.87192535]]
2
[[-2.74601078 -7.73072577 -3.06276417 -9.13909149]]
0
[[-5.18084669 -6.64313459 -3.82458735 -8.87192535]]
2
[[-2.74601078 -7.73072577 -3.06276417 -9.13909149]]
0
[[-5.18084669 -6.64313459 -3.82458735 -8.87192535]]
2
[[-2.74601078 -7.73072577 -3.06276417 -9.13909149]]
0
[[-5.18084669 -6.64313459 -3.82458735 -8.87192535]]
2
[[-2.74601078 -7.73072577 -3.06276417 -9.13909149]]
0
[[-5.18084669 -6.64313459 -3.82458735 -8.87192535]]
2
[[-2.74601078 -7.73072577 -3.06276417 -9.13909149]]
0
[[-5.18084669 -6.64313459 -3.82458735 -8.87192535]]
2
[[-2.74601078 -7.73072577 -3.06276417 -9.13909149]]
0
[[-5.18084669 -6.64313459 -3.82458735 -8.87192535]]
2
[[-2.74601078 -7.73072577 -3.06276417 -9.13909149]]
0
[[-5.18084669 -6.64313459 -3.82458735 -8.87192535]]
2
[[-2.74601078 -7.73072577 -3.06276417 -9.13909149]]
0
[[-5.18084669 -6.64313459 -3.82458735 -8.87192535]]
2
[[-2.74601078 -7.73072577 -3.06276417 -9.13909149]]
0
[[-5.18084669 -6.64313459 -3.82458735 -8.87192535]]
2
[[-2.74601078 -7.73072577 -3.06276417 -9.13909149]]
0
[[-5.18084669 -6.64313459 -3.82458735 -8.87192535]]
2
[[-2.74601078 -7.73072577 -3.06276417 -9.13909149]]
0
[[-5.18084669 -6.64313459 -3.82458735 -8.87192535]]
2
[[-2.74601078 -7.73072577 -3.06276417 -9.13909149]]
0
[[-5.18084669 -6.64313459 -3.82458735 -8.87192535]]
2
[[-2.74601078 -7.73072577 -3.06276417 -9.13909149]]
0
[[-5.18084669 -6.64313459 -3.82458735 -8.87192535]]
2
[[-2.74601078 -7.73072577 -3.06276417 -9.13909149]]
0
[[-5.18084669 -6.64313459 -3.82458735 -8.87192535]]
2
[[-2.74601078 -7.73072577 -3.06276417 -9.13909149]]
0
[[-5.18084669 -6.64313459 -3.82458735 -8.87192535]]
2
[[-2.74601078 -7.73072577 -3.06276417 -9.13909149]]
0
[[-5.18084669 -6.64313459 -3.82458735 -8.87192535]]
2
[[-2.74601078 -7.73072577 -3.06276417 -9.13909149]]
0
[[-5.18084669 -6.64313459 -3.82458735 -8.87192535]]
2
[[-2.74601078 -7.73072577 -3.06276417 -9.13909149]]
0
[[-5.18084669 -6.64313459 -3.82458735 -8.87192535]]
2
[[-2.74601078 -7.73072577 -3.06276417 -9.13909149]]
0
[[-5.18084669 -6.64313459 -3.82458735 -8.87192535]]
2
[[-2.74601078 -7.73072577 -3.06276417 -9.13909149]]
0
[[-5.18084669 -6.64313459 -3.82458735 -8.87192535]]
2
[[-2.74601078 -7.73072577 -3.06276417 -9.13909149]]
0
[[-5.18084669 -6.64313459 -3.82458735 -8.87192535]]
2
[[-2.74601078 -7.73072577 -3.06276417 -9.13909149]]
0
[[-5.18084669 -6.64313459 -3.82458735 -8.87192535]]
2
[[-2.74601078 -7.73072577 -3.06276417 -9.13909149]]
0
[[-5.18084669 -6.64313459 -3.82458735 -8.87192535]]
2
[[-2.74601078 -7.73072577 -3.06276417 -9.13909149]]
0
[[-5.18084669 -6.64313459 -3.82458735 -8.87192535]]
2
[[-2.74601078 -7.73072577 -3.06276417 -9.13909149]]
0
[[-5.18084669 -6.64313459 -3.82458735 -8.87192535]]
2
[[-2.74601078 -7.73072577 -3.06276417 -9.13909149]]
0
[[-5.18084669 -6.64313459 -3.82458735 -8.87192535]]
2
[[-2.74601078 -7.73072577 -3.06276417 -9.13909149]]
0
[[-5.18084669 -6.64313459 -3.82458735 -8.87192535]]
2
[[-2.74601078 -7.73072577 -3.06276417 -9.13909149]]
0
[[-5.18084669 -6.64313459 -3.82458735 -8.87192535]]
2
[[-2.74601078 -7.73072577 -3.06276417 -9.13909149]]
0
[[-5.18084669 -6.64313459 -3.82458735 -8.87192535]]
2
[[-2.74601078 -7.73072577 -3.06276417 -9.13909149]]
0
[[-5.18084669 -6.64313459 -3.82458735 -8.87192535]]
2
[[-2.74601078 -7.73072577 -3.06276417 -9.13909149]]
0
[[-5.18084669 -6.64313459 -3.82458735 -8.87192535]]
2
[[-2.74601078 -7.73072577 -3.06276417 -9.13909149]]
0
[[-5.18084669 -6.64313459 -3.82458735 -8.87192535]]
2
[[-2.74601078 -7.73072577 -3.06276417 -9.13909149]]
0
[[-5.18084669 -6.64313459 -3.82458735 -8.87192535]]
2
[[-2.74601078 -7.73072577 -3.06276417 -9.13909149]]
0
[[-5.18084669 -6.64313459 -3.82458735 -8.87192535]]
2
[[-2.74601078 -7.73072577 -3.06276417 -9.13909149]]
0
[[-5.18084669 -6.64313459 -3.82458735 -8.87192535]]
2
[[-2.74601078 -7.73072577 -3.06276417 -9.13909149]]
0
[[-5.18084669 -6.64313459 -3.82458735 -8.87192535]]
2
[[-2.74601078 -7.73072577 -3.06276417 -9.13909149]]
0
[[-5.18084669 -6.64313459 -3.82458735 -8.87192535]]
2
[[-2.74601078 -7.73072577 -3.06276417 -9.13909149]]
0
[[-5.18084669 -6.64313459 -3.82458735 -8.87192535]]
2
[[-2.74601078 -7.73072577 -3.06276417 -9.13909149]]
0
[[-5.18084669 -6.64313459 -3.82458735 -8.87192535]]
2
[[-2.74601078 -7.73072577 -3.06276417 -9.13909149]]
0
[[-5.18084669 -6.64313459 -3.82458735 -8.87192535]]
2
[[-2.74601078 -7.73072577 -3.06276417 -9.13909149]]
0
[[-5.18084669 -6.64313459 -3.82458735 -8.87192535]]
2
[[-2.74601078 -7.73072577 -3.06276417 -9.13909149]]
0
[[-5.18084669 -6.64313459 -3.82458735 -8.87192535]]
2
[[-2.74601078 -7.73072577 -3.06276417 -9.13909149]]
0
[[-5.18084669 -6.64313459 -3.82458735 -8.87192535]]
2
FAIL
0/5
