[[ -5.28503847  -0.51895726 -13.47585678  -6.18763351]]
1
[[ -5.69210386  -0.37974799 -14.87176991  -5.90963364]]
1
[[ -7.87852049  -7.34498835 -13.78667736  -6.24962807]]
3
[[ -5.69210386  -0.37974799 -14.87176991  -5.90963364]]
1
[[ -7.87852049  -7.34498835 -13.78667736  -6.24962807]]
3
[[ -5.69210386  -0.37974799 -14.87176991  -5.90963364]]
1
[[ -7.87852049  -7.34498835 -13.78667736  -6.24962807]]
3
[[ -5.69210386  -0.37974799 -14.87176991  -5.90963364]]
1
[[ -7.87852049  -7.34498835 -13.78667736  -6.24962807]]
3
[[ -5.69210386  -0.37974799 -14.87176991  -5.90963364]]
1
[[ -7.87852049  -7.34498835 -13.78667736  -6.24962807]]
3
[[ -5.69210386  -0.37974799 -14.87176991  -5.90963364]]
1
[[ -7.87852049  -7.34498835 -13.78667736  -6.24962807]]
3
[[ -5.69210386  -0.37974799 -14.87176991  -5.90963364]]
1
[[ -7.87852049  -7.34498835 -13.78667736  -6.24962807]]
3
[[ -5.69210386  -0.37974799 -14.87176991  -5.90963364]]
1
[[ -7.87852049  -7.34498835 -13.78667736  -6.24962807]]
3
[[ -5.69210386  -0.37974799 -14.87176991  -5.90963364]]
1
[[ -7.87852049  -7.34498835 -13.78667736  -6.24962807]]
3
[[ -5.69210386  -0.37974799 -14.87176991  -5.90963364]]
1
[[ -7.87852049  -7.34498835 -13.78667736  -6.24962807]]
3
[[ -5.69210386  -0.37974799 -14.87176991  -5.90963364]]
1
[[ -7.87852049  -7.34498835 -13.78667736  -6.24962807]]
3
[[ -5.69210386  -0.37974799 -14.87176991  -5.90963364]]
1
[[ -7.87852049  -7.34498835 -13.78667736  -6.24962807]]
3
[[ -5.69210386  -0.37974799 -14.87176991  -5.90963364]]
1
[[ -7.87852049  -7.34498835 -13.78667736  -6.24962807]]
3
[[ -5.69210386  -0.37974799 -14.87176991  -5.90963364]]
1
[[ -7.87852049  -7.34498835 -13.78667736  -6.24962807]]
3
[[ -5.69210386  -0.37974799 -14.87176991  -5.90963364]]
1
[[ -7.87852049  -7.34498835 -13.78667736  -6.24962807]]
3
[[ -5.69210386  -0.37974799 -14.87176991  -5.90963364]]
1
[[ -7.87852049  -7.34498835 -13.78667736  -6.24962807]]
3
[[ -5.69210386  -0.37974799 -14.87176991  -5.90963364]]
1
[[ -7.87852049  -7.34498835 -13.78667736  -6.24962807]]
3
[[ -5.69210386  -0.37974799 -14.87176991  -5.90963364]]
1
[[ -7.87852049  -7.34498835 -13.78667736  -6.24962807]]
3
[[ -5.69210386  -0.37974799 -14.87176991  -5.90963364]]
1
[[ -7.87852049  -7.34498835 -13.78667736  -6.24962807]]
3
[[ -5.69210386  -0.37974799 -14.87176991  -5.90963364]]
1
[[ -7.87852049  -7.34498835 -13.78667736  -6.24962807]]
3
[[ -5.69210386  -0.37974799 -14.87176991  -5.90963364]]
1
[[ -7.87852049  -7.34498835 -13.78667736  -6.24962807]]
3
[[ -5.69210386  -0.37974799 -14.87176991  -5.90963364]]
1
[[ -7.87852049  -7.34498835 -13.78667736  -6.24962807]]
3
[[ -5.69210386  -0.37974799 -14.87176991  -5.90963364]]
1
[[ -7.87852049  -7.34498835 -13.78667736  -6.24962807]]
3
[[ -5.69210386  -0.37974799 -14.87176991  -5.90963364]]
1
[[ -7.87852049  -7.34498835 -13.78667736  -6.24962807]]
3
[[ -5.69210386  -0.37974799 -14.87176991  -5.90963364]]
1
[[ -7.87852049  -7.34498835 -13.78667736  -6.24962807]]
3
[[ -5.69210386  -0.37974799 -14.87176991  -5.90963364]]
1
[[ -7.87852049  -7.34498835 -13.78667736  -6.24962807]]
3
[[ -5.69210386  -0.37974799 -14.87176991  -5.90963364]]
1
[[ -7.87852049  -7.34498835 -13.78667736  -6.24962807]]
3
[[ -5.69210386  -0.37974799 -14.87176991  -5.90963364]]
1
[[ -7.87852049  -7.34498835 -13.78667736  -6.24962807]]
3
[[ -5.69210386  -0.37974799 -14.87176991  -5.90963364]]
1
[[ -7.87852049  -7.34498835 -13.78667736  -6.24962807]]
3
[[ -5.69210386  -0.37974799 -14.87176991  -5.90963364]]
1
[[ -7.87852049  -7.34498835 -13.78667736  -6.24962807]]
3
[[ -5.69210386  -0.37974799 -14.87176991  -5.90963364]]
1
[[ -7.87852049  -7.34498835 -13.78667736  -6.24962807]]
3
[[ -5.69210386  -0.37974799 -14.87176991  -5.90963364]]
1
[[ -7.87852049  -7.34498835 -13.78667736  -6.24962807]]
3
[[ -5.69210386  -0.37974799 -14.87176991  -5.90963364]]
1
[[ -7.87852049  -7.34498835 -13.78667736  -6.24962807]]
3
[[ -5.69210386  -0.37974799 -14.87176991  -5.90963364]]
1
[[ -7.87852049  -7.34498835 -13.78667736  -6.24962807]]
3
[[ -5.69210386  -0.37974799 -14.87176991  -5.90963364]]
1
[[ -7.87852049  -7.34498835 -13.78667736  -6.24962807]]
3
[[ -5.69210386  -0.37974799 -14.87176991  -5.90963364]]
1
[[ -7.87852049  -7.34498835 -13.78667736  -6.24962807]]
3
[[ -5.69210386  -0.37974799 -14.87176991  -5.90963364]]
1
[[ -7.87852049  -7.34498835 -13.78667736  -6.24962807]]
3
[[ -5.69210386  -0.37974799 -14.87176991  -5.90963364]]
1
[[ -7.87852049  -7.34498835 -13.78667736  -6.24962807]]
3
[[ -5.69210386  -0.37974799 -14.87176991  -5.90963364]]
1
[[ -7.87852049  -7.34498835 -13.78667736  -6.24962807]]
3
[[ -5.69210386  -0.37974799 -14.87176991  -5.90963364]]
1
[[ -7.87852049  -7.34498835 -13.78667736  -6.24962807]]
3
[[ -5.69210386  -0.37974799 -14.87176991  -5.90963364]]
1
[[ -7.87852049  -7.34498835 -13.78667736  -6.24962807]]
3
[[ -5.69210386  -0.37974799 -14.87176991  -5.90963364]]
1
[[ -7.87852049  -7.34498835 -13.78667736  -6.24962807]]
3
[[ -5.69210386  -0.37974799 -14.87176991  -5.90963364]]
1
[[ -7.87852049  -7.34498835 -13.78667736  -6.24962807]]
3
[[ -5.69210386  -0.37974799 -14.87176991  -5.90963364]]
1
[[ -7.87852049  -7.34498835 -13.78667736  -6.24962807]]
3
[[ -5.69210386  -0.37974799 -14.87176991  -5.90963364]]
1
[[ -7.87852049  -7.34498835 -13.78667736  -6.24962807]]
3
[[ -5.69210386  -0.37974799 -14.87176991  -5.90963364]]
1
[[ -7.87852049  -7.34498835 -13.78667736  -6.24962807]]
3
[[ -5.69210386  -0.37974799 -14.87176991  -5.90963364]]
1
[[ -7.87852049  -7.34498835 -13.78667736  -6.24962807]]
3
[[ -5.69210386  -0.37974799 -14.87176991  -5.90963364]]
1
[[ -7.87852049  -7.34498835 -13.78667736  -6.24962807]]
3
[[ -5.69210386  -0.37974799 -14.87176991  -5.90963364]]
1
[[ -7.87852049  -7.34498835 -13.78667736  -6.24962807]]
3
[[ -5.69210386  -0.37974799 -14.87176991  -5.90963364]]
1
[[ -7.87852049  -7.34498835 -13.78667736  -6.24962807]]
3
FAIL
0/8
