[[ -3.71024346  -9.66744137  -6.35613489 -11.31914806]]
0
[[-11.71546841 -16.14391708  -4.62356043 -13.34302807]]
2
[[ -3.71024346  -9.66744137  -6.35613489 -11.31914806]]
0
[[-11.71546841 -16.14391708  -4.62356043 -13.34302807]]
2
[[ -3.71024346  -9.66744137  -6.35613489 -11.31914806]]
0
[[-11.71546841 -16.14391708  -4.62356043 -13.34302807]]
2
[[ -3.71024346  -9.66744137  -6.35613489 -11.31914806]]
0
[[-11.71546841 -16.14391708  -4.62356043 -13.34302807]]
2
[[ -3.71024346  -9.66744137  -6.35613489 -11.31914806]]
0
[[-11.71546841 -16.14391708  -4.62356043 -13.34302807]]
2
[[ -3.71024346  -9.66744137  -6.35613489 -11.31914806]]
0
[[-11.71546841 -16.14391708  -4.62356043 -13.34302807]]
2
[[ -3.71024346  -9.66744137  -6.35613489 -11.31914806]]
0
[[-11.71546841 -16.14391708  -4.62356043 -13.34302807]]
2
[[ -3.71024346  -9.66744137  -6.35613489 -11.31914806]]
0
[[-11.71546841 -16.14391708  -4.62356043 -13.34302807]]
2
[[ -3.71024346  -9.66744137  -6.35613489 -11.31914806]]
0
[[-11.71546841 -16.14391708  -4.62356043 -13.34302807]]
2
[[ -3.71024346  -9.66744137  -6.35613489 -11.31914806]]
0
[[-11.71546841 -16.14391708  -4.62356043 -13.34302807]]
2
[[ -3.71024346  -9.66744137  -6.35613489 -11.31914806]]
0
[[-11.71546841 -16.14391708  -4.62356043 -13.34302807]]
2
[[ -3.71024346  -9.66744137  -6.35613489 -11.31914806]]
0
[[-11.71546841 -16.14391708  -4.62356043 -13.34302807]]
2
[[ -3.71024346  -9.66744137  -6.35613489 -11.31914806]]
0
[[-11.71546841 -16.14391708  -4.62356043 -13.34302807]]
2
[[ -3.71024346  -9.66744137  -6.35613489 -11.31914806]]
0
[[-11.71546841 -16.14391708  -4.62356043 -13.34302807]]
2
[[ -3.71024346  -9.66744137  -6.35613489 -11.31914806]]
0
[[-11.71546841 -16.14391708  -4.62356043 -13.34302807]]
2
[[ -3.71024346  -9.66744137  -6.35613489 -11.31914806]]
0
[[-11.71546841 -16.14391708  -4.62356043 -13.34302807]]
2
[[ -3.71024346  -9.66744137  -6.35613489 -11.31914806]]
0
[[-11.71546841 -16.14391708  -4.62356043 -13.34302807]]
2
[[ -3.71024346  -9.66744137  -6.35613489 -11.31914806]]
0
[[-11.71546841 -16.14391708  -4.62356043 -13.34302807]]
2
[[ -3.71024346  -9.66744137  -6.35613489 -11.31914806]]
0
[[-11.71546841 -16.14391708  -4.62356043 -13.34302807]]
2
[[ -3.71024346  -9.66744137  -6.35613489 -11.31914806]]
0
[[-11.71546841 -16.14391708  -4.62356043 -13.34302807]]
2
[[ -3.71024346  -9.66744137  -6.35613489 -11.31914806]]
0
[[-11.71546841 -16.14391708  -4.62356043 -13.34302807]]
2
[[ -3.71024346  -9.66744137  -6.35613489 -11.31914806]]
0
[[-11.71546841 -16.14391708  -4.62356043 -13.34302807]]
2
[[ -3.71024346  -9.66744137  -6.35613489 -11.31914806]]
0
[[-11.71546841 -16.14391708  -4.62356043 -13.34302807]]
2
[[ -3.71024346  -9.66744137  -6.35613489 -11.31914806]]
0
[[-11.71546841 -16.14391708  -4.62356043 -13.34302807]]
2
[[ -3.71024346  -9.66744137  -6.35613489 -11.31914806]]
0
[[-11.71546841 -16.14391708  -4.62356043 -13.34302807]]
2
[[ -3.71024346  -9.66744137  -6.35613489 -11.31914806]]
0
[[-11.71546841 -16.14391708  -4.62356043 -13.34302807]]
2
[[ -3.71024346  -9.66744137  -6.35613489 -11.31914806]]
0
[[-11.71546841 -16.14391708  -4.62356043 -13.34302807]]
2
[[ -3.71024346  -9.66744137  -6.35613489 -11.31914806]]
0
[[-11.71546841 -16.14391708  -4.62356043 -13.34302807]]
2
[[ -3.71024346  -9.66744137  -6.35613489 -11.31914806]]
0
[[-11.71546841 -16.14391708  -4.62356043 -13.34302807]]
2
[[ -3.71024346  -9.66744137  -6.35613489 -11.31914806]]
0
[[-11.71546841 -16.14391708  -4.62356043 -13.34302807]]
2
[[ -3.71024346  -9.66744137  -6.35613489 -11.31914806]]
0
[[-11.71546841 -16.14391708  -4.62356043 -13.34302807]]
2
[[ -3.71024346  -9.66744137  -6.35613489 -11.31914806]]
0
[[-11.71546841 -16.14391708  -4.62356043 -13.34302807]]
2
[[ -3.71024346  -9.66744137  -6.35613489 -11.31914806]]
0
[[-11.71546841 -16.14391708  -4.62356043 -13.34302807]]
2
[[ -3.71024346  -9.66744137  -6.35613489 -11.31914806]]
0
[[-11.71546841 -16.14391708  -4.62356043 -13.34302807]]
2
[[ -3.71024346  -9.66744137  -6.35613489 -11.31914806]]
0
[[-11.71546841 -16.14391708  -4.62356043 -13.34302807]]
2
[[ -3.71024346  -9.66744137  -6.35613489 -11.31914806]]
0
[[-11.71546841 -16.14391708  -4.62356043 -13.34302807]]
2
[[ -3.71024346  -9.66744137  -6.35613489 -11.31914806]]
0
[[-11.71546841 -16.14391708  -4.62356043 -13.34302807]]
2
[[ -3.71024346  -9.66744137  -6.35613489 -11.31914806]]
0
[[-11.71546841 -16.14391708  -4.62356043 -13.34302807]]
2
[[ -3.71024346  -9.66744137  -6.35613489 -11.31914806]]
0
[[-11.71546841 -16.14391708  -4.62356043 -13.34302807]]
2
[[ -3.71024346  -9.66744137  -6.35613489 -11.31914806]]
0
[[-11.71546841 -16.14391708  -4.62356043 -13.34302807]]
2
[[ -3.71024346  -9.66744137  -6.35613489 -11.31914806]]
0
[[-11.71546841 -16.14391708  -4.62356043 -13.34302807]]
2
[[ -3.71024346  -9.66744137  -6.35613489 -11.31914806]]
0
[[-11.71546841 -16.14391708  -4.62356043 -13.34302807]]
2
[[ -3.71024346  -9.66744137  -6.35613489 -11.31914806]]
0
[[-11.71546841 -16.14391708  -4.62356043 -13.34302807]]
2
[[ -3.71024346  -9.66744137  -6.35613489 -11.31914806]]
0
[[-11.71546841 -16.14391708  -4.62356043 -13.34302807]]
2
[[ -3.71024346  -9.66744137  -6.35613489 -11.31914806]]
0
[[-11.71546841 -16.14391708  -4.62356043 -13.34302807]]
2
[[ -3.71024346  -9.66744137  -6.35613489 -11.31914806]]
0
[[-11.71546841 -16.14391708  -4.62356043 -13.34302807]]
2
[[ -3.71024346  -9.66744137  -6.35613489 -11.31914806]]
0
[[-11.71546841 -16.14391708  -4.62356043 -13.34302807]]
2
[[ -3.71024346  -9.66744137  -6.35613489 -11.31914806]]
0
[[-11.71546841 -16.14391708  -4.62356043 -13.34302807]]
2
[[ -3.71024346  -9.66744137  -6.35613489 -11.31914806]]
0
[[-11.71546841 -16.14391708  -4.62356043 -13.34302807]]
2
[[ -3.71024346  -9.66744137  -6.35613489 -11.31914806]]
0
[[-11.71546841 -16.14391708  -4.62356043 -13.34302807]]
2
[[ -3.71024346  -9.66744137  -6.35613489 -11.31914806]]
0
FAIL
1/2
