[[ -3.13367295  -8.2695303   -2.86919141 -11.21132946]]
2
[[-0.6819455  -6.21700382 -1.26818419 -9.98467827]]
0
[[ -3.13367295  -8.2695303   -2.86919141 -11.21132946]]
2
[[-0.6819455  -6.21700382 -1.26818419 -9.98467827]]
0
[[ -3.13367295  -8.2695303   -2.86919141 -11.21132946]]
2
[[-0.6819455  -6.21700382 -1.26818419 -9.98467827]]
0
[[ -3.13367295  -8.2695303   -2.86919141 -11.21132946]]
2
[[-0.6819455  -6.21700382 -1.26818419 -9.98467827]]
0
[[ -3.13367295  -8.2695303   -2.86919141 -11.21132946]]
2
[[-0.6819455  -6.21700382 -1.26818419 -9.98467827]]
0
[[ -3.13367295  -8.2695303   -2.86919141 -11.21132946]]
2
[[-0.6819455  -6.21700382 -1.26818419 -9.98467827]]
0
[[ -3.13367295  -8.2695303   -2.86919141 -11.21132946]]
2
[[-0.6819455  -6.21700382 -1.26818419 -9.98467827]]
0
[[ -3.13367295  -8.2695303   -2.86919141 -11.21132946]]
2
[[-0.6819455  -6.21700382 -1.26818419 -9.98467827]]
0
[[ -3.13367295  -8.2695303   -2.86919141 -11.21132946]]
2
[[-0.6819455  -6.21700382 -1.26818419 -9.98467827]]
0
[[ -3.13367295  -8.2695303   -2.86919141 -11.21132946]]
2
[[-0.6819455  -6.21700382 -1.26818419 -9.98467827]]
0
[[ -3.13367295  -8.2695303   -2.86919141 -11.21132946]]
2
[[-0.6819455  -6.21700382 -1.26818419 -9.98467827]]
0
[[ -3.13367295  -8.2695303   -2.86919141 -11.21132946]]
2
[[-0.6819455  -6.21700382 -1.26818419 -9.98467827]]
0
[[ -3.13367295  -8.2695303   -2.86919141 -11.21132946]]
2
[[-0.6819455  -6.21700382 -1.26818419 -9.98467827]]
0
[[ -3.13367295  -8.2695303   -2.86919141 -11.21132946]]
2
[[-0.6819455  -6.21700382 -1.26818419 -9.98467827]]
0
[[ -3.13367295  -8.2695303   -2.86919141 -11.21132946]]
2
[[-0.6819455  -6.21700382 -1.26818419 -9.98467827]]
0
[[ -3.13367295  -8.2695303   -2.86919141 -11.21132946]]
2
[[-0.6819455  -6.21700382 -1.26818419 -9.98467827]]
0
[[ -3.13367295  -8.2695303   -2.86919141 -11.21132946]]
2
[[-0.6819455  -6.21700382 -1.26818419 -9.98467827]]
0
[[ -3.13367295  -8.2695303   -2.86919141 -11.21132946]]
2
[[-0.6819455  -6.21700382 -1.26818419 -9.98467827]]
0
[[ -3.13367295  -8.2695303   -2.86919141 -11.21132946]]
2
[[-0.6819455  -6.21700382 -1.26818419 -9.98467827]]
0
[[ -3.13367295  -8.2695303   -2.86919141 -11.21132946]]
2
[[-0.6819455  -6.21700382 -1.26818419 -9.98467827]]
0
[[ -3.13367295  -8.2695303   -2.86919141 -11.21132946]]
2
[[-0.6819455  -6.21700382 -1.26818419 -9.98467827]]
0
[[ -3.13367295  -8.2695303   -2.86919141 -11.21132946]]
2
[[-0.6819455  -6.21700382 -1.26818419 -9.98467827]]
0
[[ -3.13367295  -8.2695303   -2.86919141 -11.21132946]]
2
[[-0.6819455  -6.21700382 -1.26818419 -9.98467827]]
0
[[ -3.13367295  -8.2695303   -2.86919141 -11.21132946]]
2
[[-0.6819455  -6.21700382 -1.26818419 -9.98467827]]
0
[[ -3.13367295  -8.2695303   -2.86919141 -11.21132946]]
2
[[-0.6819455  -6.21700382 -1.26818419 -9.98467827]]
0
[[ -3.13367295  -8.2695303   -2.86919141 -11.21132946]]
2
[[-0.6819455  -6.21700382 -1.26818419 -9.98467827]]
0
[[ -3.13367295  -8.2695303   -2.86919141 -11.21132946]]
2
[[-0.6819455  -6.21700382 -1.26818419 -9.98467827]]
0
[[ -3.13367295  -8.2695303   -2.86919141 -11.21132946]]
2
[[-0.6819455  -6.21700382 -1.26818419 -9.98467827]]
0
[[ -3.13367295  -8.2695303   -2.86919141 -11.21132946]]
2
[[-0.6819455  -6.21700382 -1.26818419 -9.98467827]]
0
[[ -3.13367295  -8.2695303   -2.86919141 -11.21132946]]
2
[[-0.6819455  -6.21700382 -1.26818419 -9.98467827]]
0
[[ -3.13367295  -8.2695303   -2.86919141 -11.21132946]]
2
[[-0.6819455  -6.21700382 -1.26818419 -9.98467827]]
0
[[ -3.13367295  -8.2695303   -2.86919141 -11.21132946]]
2
[[-0.6819455  -6.21700382 -1.26818419 -9.98467827]]
0
[[ -3.13367295  -8.2695303   -2.86919141 -11.21132946]]
2
[[-0.6819455  -6.21700382 -1.26818419 -9.98467827]]
0
[[ -3.13367295  -8.2695303   -2.86919141 -11.21132946]]
2
[[-0.6819455  -6.21700382 -1.26818419 -9.98467827]]
0
[[ -3.13367295  -8.2695303   -2.86919141 -11.21132946]]
2
[[-0.6819455  -6.21700382 -1.26818419 -9.98467827]]
0
[[ -3.13367295  -8.2695303   -2.86919141 -11.21132946]]
2
[[-0.6819455  -6.21700382 -1.26818419 -9.98467827]]
0
[[ -3.13367295  -8.2695303   -2.86919141 -11.21132946]]
2
[[-0.6819455  -6.21700382 -1.26818419 -9.98467827]]
0
[[ -3.13367295  -8.2695303   -2.86919141 -11.21132946]]
2
[[-0.6819455  -6.21700382 -1.26818419 -9.98467827]]
0
[[ -3.13367295  -8.2695303   -2.86919141 -11.21132946]]
2
[[-0.6819455  -6.21700382 -1.26818419 -9.98467827]]
0
[[ -3.13367295  -8.2695303   -2.86919141 -11.21132946]]
2
[[-0.6819455  -6.21700382 -1.26818419 -9.98467827]]
0
[[ -3.13367295  -8.2695303   -2.86919141 -11.21132946]]
2
[[-0.6819455  -6.21700382 -1.26818419 -9.98467827]]
0
[[ -3.13367295  -8.2695303   -2.86919141 -11.21132946]]
2
[[-0.6819455  -6.21700382 -1.26818419 -9.98467827]]
0
[[ -3.13367295  -8.2695303   -2.86919141 -11.21132946]]
2
[[-0.6819455  -6.21700382 -1.26818419 -9.98467827]]
0
[[ -3.13367295  -8.2695303   -2.86919141 -11.21132946]]
2
[[-0.6819455  -6.21700382 -1.26818419 -9.98467827]]
0
[[ -3.13367295  -8.2695303   -2.86919141 -11.21132946]]
2
[[-0.6819455  -6.21700382 -1.26818419 -9.98467827]]
0
[[ -3.13367295  -8.2695303   -2.86919141 -11.21132946]]
2
[[-0.6819455  -6.21700382 -1.26818419 -9.98467827]]
0
[[ -3.13367295  -8.2695303   -2.86919141 -11.21132946]]
2
[[-0.6819455  -6.21700382 -1.26818419 -9.98467827]]
0
[[ -3.13367295  -8.2695303   -2.86919141 -11.21132946]]
2
[[-0.6819455  -6.21700382 -1.26818419 -9.98467827]]
0
[[ -3.13367295  -8.2695303   -2.86919141 -11.21132946]]
2
[[-0.6819455  -6.21700382 -1.26818419 -9.98467827]]
0
[[ -3.13367295  -8.2695303   -2.86919141 -11.21132946]]
2
[[-0.6819455  -6.21700382 -1.26818419 -9.98467827]]
0
[[ -3.13367295  -8.2695303   -2.86919141 -11.21132946]]
2
FAIL
0/5
