[[ -5.51729345  -0.45097721 -13.67882633  -5.7294383 ]]
1
[[ -5.92405081  -0.29421273 -15.08012867  -5.43424463]]
1
[[ -8.11818027  -7.25666904 -13.9923048   -5.78699446]]
3
[[ -5.92405081  -0.29421273 -15.08012867  -5.43424463]]
1
[[ -8.11818027  -7.25666904 -13.9923048   -5.78699446]]
3
[[ -5.92405081  -0.29421273 -15.08012867  -5.43424463]]
1
[[ -8.11818027  -7.25666904 -13.9923048   -5.78699446]]
3
[[ -5.92405081  -0.29421273 -15.08012867  -5.43424463]]
1
[[ -8.11818027  -7.25666904 -13.9923048   -5.78699446]]
3
[[ -5.92405081  -0.29421273 -15.08012867  -5.43424463]]
1
[[ -8.11818027  -7.25666904 -13.9923048   -5.78699446]]
3
[[ -5.92405081  -0.29421273 -15.08012867  -5.43424463]]
1
[[ -8.11818027  -7.25666904 -13.9923048   -5.78699446]]
3
[[ -5.92405081  -0.29421273 -15.08012867  -5.43424463]]
1
[[ -8.11818027  -7.25666904 -13.9923048   -5.78699446]]
3
[[ -5.92405081  -0.29421273 -15.08012867  -5.43424463]]
1
[[ -8.11818027  -7.25666904 -13.9923048   -5.78699446]]
3
[[ -5.92405081  -0.29421273 -15.08012867  -5.43424463]]
1
[[ -8.11818027  -7.25666904 -13.9923048   -5.78699446]]
3
[[ -5.92405081  -0.29421273 -15.08012867  -5.43424463]]
1
[[ -8.11818027  -7.25666904 -13.9923048   -5.78699446]]
3
[[ -5.92405081  -0.29421273 -15.08012867  -5.43424463]]
1
[[ -8.11818027  -7.25666904 -13.9923048   -5.78699446]]
3
[[ -5.92405081  -0.29421273 -15.08012867  -5.43424463]]
1
[[ -8.11818027  -7.25666904 -13.9923048   -5.78699446]]
3
[[ -5.92405081  -0.29421273 -15.08012867  -5.43424463]]
1
[[ -8.11818027  -7.25666904 -13.9923048   -5.78699446]]
3
[[ -5.92405081  -0.29421273 -15.08012867  -5.43424463]]
1
[[ -8.11818027  -7.25666904 -13.9923048   -5.78699446]]
3
[[ -5.92405081  -0.29421273 -15.08012867  -5.43424463]]
1
[[ -8.11818027  -7.25666904 -13.9923048   -5.78699446]]
3
[[ -5.92405081  -0.29421273 -15.08012867  -5.43424463]]
1
[[ -8.11818027  -7.25666904 -13.9923048   -5.78699446]]
3
[[ -5.92405081  -0.29421273 -15.08012867  -5.43424463]]
1
[[ -8.11818027  -7.25666904 -13.9923048   -5.78699446]]
3
[[ -5.92405081  -0.29421273 -15.08012867  -5.43424463]]
1
[[ -8.11818027  -7.25666904 -13.9923048   -5.78699446]]
3
[[ -5.92405081  -0.29421273 -15.08012867  -5.43424463]]
1
[[ -8.11818027  -7.25666904 -13.9923048   -5.78699446]]
3
[[ -5.92405081  -0.29421273 -15.08012867  -5.43424463]]
1
[[ -8.11818027  -7.25666904 -13.9923048   -5.78699446]]
3
[[ -5.92405081  -0.29421273 -15.08012867  -5.43424463]]
1
[[ -8.11818027  -7.25666904 -13.9923048   -5.78699446]]
3
[[ -5.92405081  -0.29421273 -15.08012867  -5.43424463]]
1
[[ -8.11818027  -7.25666904 -13.9923048   -5.78699446]]
3
[[ -5.92405081  -0.29421273 -15.08012867  -5.43424463]]
1
[[ -8.11818027  -7.25666904 -13.9923048   -5.78699446]]
3
[[ -5.92405081  -0.29421273 -15.08012867  -5.43424463]]
1
[[ -8.11818027  -7.25666904 -13.9923048   -5.78699446]]
3
[[ -5.92405081  -0.29421273 -15.08012867  -5.43424463]]
1
[[ -8.11818027  -7.25666904 -13.9923048   -5.78699446]]
3
[[ -5.92405081  -0.29421273 -15.08012867  -5.43424463]]
1
[[ -8.11818027  -7.25666904 -13.9923048   -5.78699446]]
3
[[ -5.92405081  -0.29421273 -15.08012867  -5.43424463]]
1
[[ -8.11818027  -7.25666904 -13.9923048   -5.78699446]]
3
[[ -5.92405081  -0.29421273 -15.08012867  -5.43424463]]
1
[[ -8.11818027  -7.25666904 -13.9923048   -5.78699446]]
3
[[ -5.92405081  -0.29421273 -15.08012867  -5.43424463]]
1
[[ -8.11818027  -7.25666904 -13.9923048   -5.78699446]]
3
[[ -5.92405081  -0.29421273 -15.08012867  -5.43424463]]
1
[[ -8.11818027  -7.25666904 -13.9923048   -5.78699446]]
3
[[ -5.92405081  -0.29421273 -15.08012867  -5.43424463]]
1
[[ -8.11818027  -7.25666904 -13.9923048   -5.78699446]]
3
[[ -5.92405081  -0.29421273 -15.08012867  -5.43424463]]
1
[[ -8.11818027  -7.25666904 -13.9923048   -5.78699446]]
3
[[ -5.92405081  -0.29421273 -15.08012867  -5.43424463]]
1
[[ -8.11818027  -7.25666904 -13.9923048   -5.78699446]]
3
[[ -5.92405081  -0.29421273 -15.08012867  -5.43424463]]
1
[[ -8.11818027  -7.25666904 -13.9923048   -5.78699446]]
3
[[ -5.92405081  -0.29421273 -15.08012867  -5.43424463]]
1
[[ -8.11818027  -7.25666904 -13.9923048   -5.78699446]]
3
[[ -5.92405081  -0.29421273 -15.08012867  -5.43424463]]
1
[[ -8.11818027  -7.25666904 -13.9923048   -5.78699446]]
3
[[ -5.92405081  -0.29421273 -15.08012867  -5.43424463]]
1
[[ -8.11818027  -7.25666904 -13.9923048   -5.78699446]]
3
[[ -5.92405081  -0.29421273 -15.08012867  -5.43424463]]
1
[[ -8.11818027  -7.25666904 -13.9923048   -5.78699446]]
3
[[ -5.92405081  -0.29421273 -15.08012867  -5.43424463]]
1
[[ -8.11818027  -7.25666904 -13.9923048   -5.78699446]]
3
[[ -5.92405081  -0.29421273 -15.08012867  -5.43424463]]
1
[[ -8.11818027  -7.25666904 -13.9923048   -5.78699446]]
3
[[ -5.92405081  -0.29421273 -15.08012867  -5.43424463]]
1
[[ -8.11818027  -7.25666904 -13.9923048   -5.78699446]]
3
[[ -5.92405081  -0.29421273 -15.08012867  -5.43424463]]
1
[[ -8.11818027  -7.25666904 -13.9923048   -5.78699446]]
3
[[ -5.92405081  -0.29421273 -15.08012867  -5.43424463]]
1
[[ -8.11818027  -7.25666904 -13.9923048   -5.78699446]]
3
[[ -5.92405081  -0.29421273 -15.08012867  -5.43424463]]
1
[[ -8.11818027  -7.25666904 -13.9923048   -5.78699446]]
3
[[ -5.92405081  -0.29421273 -15.08012867  -5.43424463]]
1
[[ -8.11818027  -7.25666904 -13.9923048   -5.78699446]]
3
[[ -5.92405081  -0.29421273 -15.08012867  -5.43424463]]
1
[[ -8.11818027  -7.25666904 -13.9923048   -5.78699446]]
3
[[ -5.92405081  -0.29421273 -15.08012867  -5.43424463]]
1
[[ -8.11818027  -7.25666904 -13.9923048   -5.78699446]]
3
[[ -5.92405081  -0.29421273 -15.08012867  -5.43424463]]
1
[[ -8.11818027  -7.25666904 -13.9923048   -5.78699446]]
3
[[ -5.92405081  -0.29421273 -15.08012867  -5.43424463]]
1
[[ -8.11818027  -7.25666904 -13.9923048   -5.78699446]]
3
[[ -5.92405081  -0.29421273 -15.08012867  -5.43424463]]
1
[[ -8.11818027  -7.25666904 -13.9923048   -5.78699446]]
3
FAIL
0/8
