[[-5.38275671 -6.54584932 -4.06124878 -8.3880291 ]]
2
[[-2.96032047 -7.63452482 -3.28739429 -8.68143272]]
0
[[-5.38275671 -6.54584932 -4.06124878 -8.3880291 ]]
2
[[-2.96032047 -7.63452482 -3.28739429 -8.68143272]]
0
[[-5.38275671 -6.54584932 -4.06124878 -8.3880291 ]]
2
[[-2.96032047 -7.63452482 -3.28739429 -8.68143272]]
0
[[-5.38275671 -6.54584932 -4.06124878 -8.3880291 ]]
2
[[-2.96032047 -7.63452482 -3.28739429 -8.68143272]]
0
[[-5.38275671 -6.54584932 -4.06124878 -8.3880291 ]]
2
[[-2.96032047 -7.63452482 -3.28739429 -8.68143272]]
0
[[-5.38275671 -6.54584932 -4.06124878 -8.3880291 ]]
2
[[-2.96032047 -7.63452482 -3.28739429 -8.68143272]]
0
[[-5.38275671 -6.54584932 -4.06124878 -8.3880291 ]]
2
[[-2.96032047 -7.63452482 -3.28739429 -8.68143272]]
0
[[-5.38275671 -6.54584932 -4.06124878 -8.3880291 ]]
2
[[-2.96032047 -7.63452482 -3.28739429 -8.68143272]]
0
[[-5.38275671 -6.54584932 -4.06124878 -8.3880291 ]]
2
[[-2.96032047 -7.63452482 -3.28739429 -8.68143272]]
0
[[-5.38275671 -6.54584932 -4.06124878 -8.3880291 ]]
2
[[-2.96032047 -7.63452482 -3.28739429 -8.68143272]]
0
[[-5.38275671 -6.54584932 -4.06124878 -8.3880291 ]]
2
[[-2.96032047 -7.63452482 -3.28739429 -8.68143272]]
0
[[-5.38275671 -6.54584932 -4.06124878 -8.3880291 ]]
2
[[-2.96032047 -7.63452482 -3.28739429 -8.68143272]]
0
[[-5.38275671 -6.54584932 -4.06124878 -8.3880291 ]]
2
[[-2.96032047 -7.63452482 -3.28739429 -8.68143272]]
0
[[-5.38275671 -6.54584932 -4.06124878 -8.3880291 ]]
2
[[-2.96032047 -7.63452482 -3.28739429 -8.68143272]]
0
[[-5.38275671 -6.54584932 -4.06124878 -8.3880291 ]]
2
[[-2.96032047 -7.63452482 -3.28739429 -8.68143272]]
0
[[-5.38275671 -6.54584932 -4.06124878 -8.3880291 ]]
2
[[-2.96032047 -7.63452482 -3.28739429 -8.68143272]]
0
[[-5.38275671 -6.54584932 -4.06124878 -8.3880291 ]]
2
[[-2.96032047 -7.63452482 -3.28739429 -8.68143272]]
0
[[-5.38275671 -6.54584932 -4.06124878 -8.3880291 ]]
2
[[-2.96032047 -7.63452482 -3.28739429 -8.68143272]]
0
[[-5.38275671 -6.54584932 -4.06124878 -8.3880291 ]]
2
[[-2.96032047 -7.63452482 -3.28739429 -8.68143272]]
0
[[-5.38275671 -6.54584932 -4.06124878 -8.3880291 ]]
2
[[-2.96032047 -7.63452482 -3.28739429 -8.68143272]]
0
[[-5.38275671 -6.54584932 -4.06124878 -8.3880291 ]]
2
[[-2.96032047 -7.63452482 -3.28739429 -8.68143272]]
0
[[-5.38275671 -6.54584932 -4.06124878 -8.3880291 ]]
2
[[-2.96032047 -7.63452482 -3.28739429 -8.68143272]]
0
[[-5.38275671 -6.54584932 -4.06124878 -8.3880291 ]]
2
[[-2.96032047 -7.63452482 -3.28739429 -8.68143272]]
0
[[-5.38275671 -6.54584932 -4.06124878 -8.3880291 ]]
2
[[-2.96032047 -7.63452482 -3.28739429 -8.68143272]]
0
[[-5.38275671 -6.54584932 -4.06124878 -8.3880291 ]]
2
[[-2.96032047 -7.63452482 -3.28739429 -8.68143272]]
0
[[-5.38275671 -6.54584932 -4.06124878 -8.3880291 ]]
2
[[-2.96032047 -7.63452482 -3.28739429 -8.68143272]]
0
[[-5.38275671 -6.54584932 -4.06124878 -8.3880291 ]]
2
[[-2.96032047 -7.63452482 -3.28739429 -8.68143272]]
0
[[-5.38275671 -6.54584932 -4.06124878 -8.3880291 ]]
2
[[-2.96032047 -7.63452482 -3.28739429 -8.68143272]]
0
[[-5.38275671 -6.54584932 -4.06124878 -8.3880291 ]]
2
[[-2.96032047 -7.63452482 -3.28739429 -8.68143272]]
0
[[-5.38275671 -6.54584932 -4.06124878 -8.3880291 ]]
2
[[-2.96032047 -7.63452482 -3.28739429 -8.68143272]]
0
[[-5.38275671 -6.54584932 -4.06124878 -8.3880291 ]]
2
[[-2.96032047 -7.63452482 -3.28739429 -8.68143272]]
0
[[-5.38275671 -6.54584932 -4.06124878 -8.3880291 ]]
2
[[-2.96032047 -7.63452482 -3.28739429 -8.68143272]]
0
[[-5.38275671 -6.54584932 -4.06124878 -8.3880291 ]]
2
[[-2.96032047 -7.63452482 -3.28739429 -8.68143272]]
0
[[-5.38275671 -6.54584932 -4.06124878 -8.3880291 ]]
2
[[-2.96032047 -7.63452482 -3.28739429 -8.68143272]]
0
[[-5.38275671 -6.54584932 -4.06124878 -8.3880291 ]]
2
[[-2.96032047 -7.63452482 -3.28739429 -8.68143272]]
0
[[-5.38275671 -6.54584932 -4.06124878 -8.3880291 ]]
2
[[-2.96032047 -7.63452482 -3.28739429 -8.68143272]]
0
[[-5.38275671 -6.54584932 -4.06124878 -8.3880291 ]]
2
[[-2.96032047 -7.63452482 -3.28739429 -8.68143272]]
0
[[-5.38275671 -6.54584932 -4.06124878 -8.3880291 ]]
2
[[-2.96032047 -7.63452482 -3.28739429 -8.68143272]]
0
[[-5.38275671 -6.54584932 -4.06124878 -8.3880291 ]]
2
[[-2.96032047 -7.63452482 -3.28739429 -8.68143272]]
0
[[-5.38275671 -6.54584932 -4.06124878 -8.3880291 ]]
2
[[-2.96032047 -7.63452482 -3.28739429 -8.68143272]]
0
[[-5.38275671 -6.54584932 -4.06124878 -8.3880291 ]]
2
[[-2.96032047 -7.63452482 -3.28739429 -8.68143272]]
0
[[-5.38275671 -6.54584932 -4.06124878 -8.3880291 ]]
2
[[-2.96032047 -7.63452482 -3.28739429 -8.68143272]]
0
[[-5.38275671 -6.54584932 -4.06124878 -8.3880291 ]]
2
[[-2.96032047 -7.63452482 -3.28739429 -8.68143272]]
0
[[-5.38275671 -6.54584932 -4.06124878 -8.3880291 ]]
2
[[-2.96032047 -7.63452482 -3.28739429 -8.68143272]]
0
[[-5.38275671 -6.54584932 -4.06124878 -8.3880291 ]]
2
[[-2.96032047 -7.63452482 -3.28739429 -8.68143272]]
0
[[-5.38275671 -6.54584932 -4.06124878 -8.3880291 ]]
2
[[-2.96032047 -7.63452482 -3.28739429 -8.68143272]]
0
[[-5.38275671 -6.54584932 -4.06124878 -8.3880291 ]]
2
[[-2.96032047 -7.63452482 -3.28739429 -8.68143272]]
0
[[-5.38275671 -6.54584932 -4.06124878 -8.3880291 ]]
2
[[-2.96032047 -7.63452482 -3.28739429 -8.68143272]]
0
[[-5.38275671 -6.54584932 -4.06124878 -8.3880291 ]]
2
[[-2.96032047 -7.63452482 -3.28739429 -8.68143272]]
0
[[-5.38275671 -6.54584932 -4.06124878 -8.3880291 ]]
2
[[-2.96032047 -7.63452482 -3.28739429 -8.68143272]]
0
[[-5.38275671 -6.54584932 -4.06124878 -8.3880291 ]]
2
FAIL
0/5
