[[ -5.43474913  -0.48029974 -13.36526299  -5.78286982]]
1
[[ -5.82878065  -0.3108719  -14.75886917  -5.47821474]]
1
[[ -8.01859283  -7.28433228 -13.66578674  -5.83381701]]
3
[[ -5.82878065  -0.3108719  -14.75886917  -5.47821474]]
1
[[ -8.01859283  -7.28433228 -13.66578674  -5.83381701]]
3
[[ -5.82878065  -0.3108719  -14.75886917  -5.47821474]]
1
[[ -8.01859283  -7.28433228 -13.66578674  -5.83381701]]
3
[[ -5.82878065  -0.3108719  -14.75886917  -5.47821474]]
1
[[ -8.01859283  -7.28433228 -13.66578674  -5.83381701]]
3
[[ -5.82878065  -0.3108719  -14.75886917  -5.47821474]]
1
[[ -8.01859283  -7.28433228 -13.66578674  -5.83381701]]
3
[[ -5.82878065  -0.3108719  -14.75886917  -5.47821474]]
1
[[ -8.01859283  -7.28433228 -13.66578674  -5.83381701]]
3
[[ -5.82878065  -0.3108719  -14.75886917  -5.47821474]]
1
[[ -8.01859283  -7.28433228 -13.66578674  -5.83381701]]
3
[[ -5.82878065  -0.3108719  -14.75886917  -5.47821474]]
1
[[ -8.01859283  -7.28433228 -13.66578674  -5.83381701]]
3
[[ -5.82878065  -0.3108719  -14.75886917  -5.47821474]]
1
[[ -8.01859283  -7.28433228 -13.66578674  -5.83381701]]
3
[[ -5.82878065  -0.3108719  -14.75886917  -5.47821474]]
1
[[ -8.01859283  -7.28433228 -13.66578674  -5.83381701]]
3
[[ -5.82878065  -0.3108719  -14.75886917  -5.47821474]]
1
[[ -8.01859283  -7.28433228 -13.66578674  -5.83381701]]
3
[[ -5.82878065  -0.3108719  -14.75886917  -5.47821474]]
1
[[ -8.01859283  -7.28433228 -13.66578674  -5.83381701]]
3
[[ -5.82878065  -0.3108719  -14.75886917  -5.47821474]]
1
[[ -8.01859283  -7.28433228 -13.66578674  -5.83381701]]
3
[[ -5.82878065  -0.3108719  -14.75886917  -5.47821474]]
1
[[ -8.01859283  -7.28433228 -13.66578674  -5.83381701]]
3
[[ -5.82878065  -0.3108719  -14.75886917  -5.47821474]]
1
[[ -8.01859283  -7.28433228 -13.66578674  -5.83381701]]
3
[[ -5.82878065  -0.3108719  -14.75886917  -5.47821474]]
1
[[ -8.01859283  -7.28433228 -13.66578674  -5.83381701]]
3
[[ -5.82878065  -0.3108719  -14.75886917  -5.47821474]]
1
[[ -8.01859283  -7.28433228 -13.66578674  -5.83381701]]
3
[[ -5.82878065  -0.3108719  -14.75886917  -5.47821474]]
1
[[ -8.01859283  -7.28433228 -13.66578674  -5.83381701]]
3
[[ -5.82878065  -0.3108719  -14.75886917  -5.47821474]]
1
[[ -8.01859283  -7.28433228 -13.66578674  -5.83381701]]
3
[[ -5.82878065  -0.3108719  -14.75886917  -5.47821474]]
1
[[ -8.01859283  -7.28433228 -13.66578674  -5.83381701]]
3
[[ -5.82878065  -0.3108719  -14.75886917  -5.47821474]]
1
[[ -8.01859283  -7.28433228 -13.66578674  -5.83381701]]
3
[[ -5.82878065  -0.3108719  -14.75886917  -5.47821474]]
1
[[ -8.01859283  -7.28433228 -13.66578674  -5.83381701]]
3
[[ -5.82878065  -0.3108719  -14.75886917  -5.47821474]]
1
[[ -8.01859283  -7.28433228 -13.66578674  -5.83381701]]
3
[[ -5.82878065  -0.3108719  -14.75886917  -5.47821474]]
1
[[ -8.01859283  -7.28433228 -13.66578674  -5.83381701]]
3
[[ -5.82878065  -0.3108719  -14.75886917  -5.47821474]]
1
[[ -8.01859283  -7.28433228 -13.66578674  -5.83381701]]
3
[[ -5.82878065  -0.3108719  -14.75886917  -5.47821474]]
1
[[ -8.01859283  -7.28433228 -13.66578674  -5.83381701]]
3
[[ -5.82878065  -0.3108719  -14.75886917  -5.47821474]]
1
[[ -8.01859283  -7.28433228 -13.66578674  -5.83381701]]
3
[[ -5.82878065  -0.3108719  -14.75886917  -5.47821474]]
1
[[ -8.01859283  -7.28433228 -13.66578674  -5.83381701]]
3
[[ -5.82878065  -0.3108719  -14.75886917  -5.47821474]]
1
[[ -8.01859283  -7.28433228 -13.66578674  -5.83381701]]
3
[[ -5.82878065  -0.3108719  -14.75886917  -5.47821474]]
1
[[ -8.01859283  -7.28433228 -13.66578674  -5.83381701]]
3
[[ -5.82878065  -0.3108719  -14.75886917  -5.47821474]]
1
[[ -8.01859283  -7.28433228 -13.66578674  -5.83381701]]
3
[[ -5.82878065  -0.3108719  -14.75886917  -5.47821474]]
1
[[ -8.01859283  -7.28433228 -13.66578674  -5.83381701]]
3
[[ -5.82878065  -0.3108719  -14.75886917  -5.47821474]]
1
[[ -8.01859283  -7.28433228 -13.66578674  -5.83381701]]
3
[[ -5.82878065  -0.3108719  -14.75886917  -5.47821474]]
1
[[ -8.01859283  -7.28433228 -13.66578674  -5.83381701]]
3
[[ -5.82878065  -0.3108719  -14.75886917  -5.47821474]]
1
[[ -8.01859283  -7.28433228 -13.66578674  -5.83381701]]
3
[[ -5.82878065  -0.3108719  -14.75886917  -5.47821474]]
1
[[ -8.01859283  -7.28433228 -13.66578674  -5.83381701]]
3
[[ -5.82878065  -0.3108719  -14.75886917  -5.47821474]]
1
[[ -8.01859283  -7.28433228 -13.66578674  -5.83381701]]
3
[[ -5.82878065  -0.3108719  -14.75886917  -5.47821474]]
1
[[ -8.01859283  -7.28433228 -13.66578674  -5.83381701]]
3
[[ -5.82878065  -0.3108719  -14.75886917  -5.47821474]]
1
[[ -8.01859283  -7.28433228 -13.66578674  -5.83381701]]
3
[[ -5.82878065  -0.3108719  -14.75886917  -5.47821474]]
1
[[ -8.01859283  -7.28433228 -13.66578674  -5.83381701]]
3
[[ -5.82878065  -0.3108719  -14.75886917  -5.47821474]]
1
[[ -8.01859283  -7.28433228 -13.66578674  -5.83381701]]
3
[[ -5.82878065  -0.3108719  -14.75886917  -5.47821474]]
1
[[ -8.01859283  -7.28433228 -13.66578674  -5.83381701]]
3
[[ -5.82878065  -0.3108719  -14.75886917  -5.47821474]]
1
[[ -8.01859283  -7.28433228 -13.66578674  -5.83381701]]
3
[[ -5.82878065  -0.3108719  -14.75886917  -5.47821474]]
1
[[ -8.01859283  -7.28433228 -13.66578674  -5.83381701]]
3
[[ -5.82878065  -0.3108719  -14.75886917  -5.47821474]]
1
[[ -8.01859283  -7.28433228 -13.66578674  -5.83381701]]
3
[[ -5.82878065  -0.3108719  -14.75886917  -5.47821474]]
1
[[ -8.01859283  -7.28433228 -13.66578674  -5.83381701]]
3
[[ -5.82878065  -0.3108719  -14.75886917  -5.47821474]]
1
[[ -8.01859283  -7.28433228 -13.66578674  -5.83381701]]
3
[[ -5.82878065  -0.3108719  -14.75886917  -5.47821474]]
1
[[ -8.01859283  -7.28433228 -13.66578674  -5.83381701]]
3
[[ -5.82878065  -0.3108719  -14.75886917  -5.47821474]]
1
[[ -8.01859283  -7.28433228 -13.66578674  -5.83381701]]
3
[[ -5.82878065  -0.3108719  -14.75886917  -5.47821474]]
1
[[ -8.01859283  -7.28433228 -13.66578674  -5.83381701]]
3
FAIL
0/8
