[[-5.27429056 -6.52593565 -3.71070981 -8.37523937]]
2
[[-2.86200881 -7.61627531 -2.95877743 -8.68134785]]
0
[[-5.27429056 -6.52593565 -3.71070981 -8.37523937]]
2
[[-2.86200881 -7.61627531 -2.95877743 -8.68134785]]
0
[[-5.27429056 -6.52593565 -3.71070981 -8.37523937]]
2
[[-2.86200881 -7.61627531 -2.95877743 -8.68134785]]
0
[[-5.27429056 -6.52593565 -3.71070981 -8.37523937]]
2
[[-2.86200881 -7.61627531 -2.95877743 -8.68134785]]
0
[[-5.27429056 -6.52593565 -3.71070981 -8.37523937]]
2
[[-2.86200881 -7.61627531 -2.95877743 -8.68134785]]
0
[[-5.27429056 -6.52593565 -3.71070981 -8.37523937]]
2
[[-2.86200881 -7.61627531 -2.95877743 -8.68134785]]
0
[[-5.27429056 -6.52593565 -3.71070981 -8.37523937]]
2
[[-2.86200881 -7.61627531 -2.95877743 -8.68134785]]
0
[[-5.27429056 -6.52593565 -3.71070981 -8.37523937]]
2
[[-2.86200881 -7.61627531 -2.95877743 -8.68134785]]
0
[[-5.27429056 -6.52593565 -3.71070981 -8.37523937]]
2
[[-2.86200881 -7.61627531 -2.95877743 -8.68134785]]
0
[[-5.27429056 -6.52593565 -3.71070981 -8.37523937]]
2
[[-2.86200881 -7.61627531 -2.95877743 -8.68134785]]
0
[[-5.27429056 -6.52593565 -3.71070981 -8.37523937]]
2
[[-2.86200881 -7.61627531 -2.95877743 -8.68134785]]
0
[[-5.27429056 -6.52593565 -3.71070981 -8.37523937]]
2
[[-2.86200881 -7.61627531 -2.95877743 -8.68134785]]
0
[[-5.27429056 -6.52593565 -3.71070981 -8.37523937]]
2
[[-2.86200881 -7.61627531 -2.95877743 -8.68134785]]
0
[[-5.27429056 -6.52593565 -3.71070981 -8.37523937]]
2
[[-2.86200881 -7.61627531 -2.95877743 -8.68134785]]
0
[[-5.27429056 -6.52593565 -3.71070981 -8.37523937]]
2
[[-2.86200881 -7.61627531 -2.95877743 -8.68134785]]
0
[[-5.27429056 -6.52593565 -3.71070981 -8.37523937]]
2
[[-2.86200881 -7.61627531 -2.95877743 -8.68134785]]
0
[[-5.27429056 -6.52593565 -3.71070981 -8.37523937]]
2
[[-2.86200881 -7.61627531 -2.95877743 -8.68134785]]
0
[[-5.27429056 -6.52593565 -3.71070981 -8.37523937]]
2
[[-2.86200881 -7.61627531 -2.95877743 -8.68134785]]
0
[[-5.27429056 -6.52593565 -3.71070981 -8.37523937]]
2
[[-2.86200881 -7.61627531 -2.95877743 -8.68134785]]
0
[[-5.27429056 -6.52593565 -3.71070981 -8.37523937]]
2
[[-2.86200881 -7.61627531 -2.95877743 -8.68134785]]
0
[[-5.27429056 -6.52593565 -3.71070981 -8.37523937]]
2
[[-2.86200881 -7.61627531 -2.95877743 -8.68134785]]
0
[[-5.27429056 -6.52593565 -3.71070981 -8.37523937]]
2
[[-2.86200881 -7.61627531 -2.95877743 -8.68134785]]
0
[[-5.27429056 -6.52593565 -3.71070981 -8.37523937]]
2
[[-2.86200881 -7.61627531 -2.95877743 -8.68134785]]
0
[[-5.27429056 -6.52593565 -3.71070981 -8.37523937]]
2
[[-2.86200881 -7.61627531 -2.95877743 -8.68134785]]
0
[[-5.27429056 -6.52593565 -3.71070981 -8.37523937]]
2
[[-2.86200881 -7.61627531 -2.95877743 -8.68134785]]
0
[[-5.27429056 -6.52593565 -3.71070981 -8.37523937]]
2
[[-2.86200881 -7.61627531 -2.95877743 -8.68134785]]
0
[[-5.27429056 -6.52593565 -3.71070981 -8.37523937]]
2
[[-2.86200881 -7.61627531 -2.95877743 -8.68134785]]
0
[[-5.27429056 -6.52593565 -3.71070981 -8.37523937]]
2
[[-2.86200881 -7.61627531 -2.95877743 -8.68134785]]
0
[[-5.27429056 -6.52593565 -3.71070981 -8.37523937]]
2
[[-2.86200881 -7.61627531 -2.95877743 -8.68134785]]
0
[[-5.27429056 -6.52593565 -3.71070981 -8.37523937]]
2
[[-2.86200881 -7.61627531 -2.95877743 -8.68134785]]
0
[[-5.27429056 -6.52593565 -3.71070981 -8.37523937]]
2
[[-2.86200881 -7.61627531 -2.95877743 -8.68134785]]
0
[[-5.27429056 -6.52593565 -3.71070981 -8.37523937]]
2
[[-2.86200881 -7.61627531 -2.95877743 -8.68134785]]
0
[[-5.27429056 -6.52593565 -3.71070981 -8.37523937]]
2
[[-2.86200881 -7.61627531 -2.95877743 -8.68134785]]
0
[[-5.27429056 -6.52593565 -3.71070981 -8.37523937]]
2
[[-2.86200881 -7.61627531 -2.95877743 -8.68134785]]
0
[[-5.27429056 -6.52593565 -3.71070981 -8.37523937]]
2
[[-2.86200881 -7.61627531 -2.95877743 -8.68134785]]
0
[[-5.27429056 -6.52593565 -3.71070981 -8.37523937]]
2
[[-2.86200881 -7.61627531 -2.95877743 -8.68134785]]
0
[[-5.27429056 -6.52593565 -3.71070981 -8.37523937]]
2
[[-2.86200881 -7.61627531 -2.95877743 -8.68134785]]
0
[[-5.27429056 -6.52593565 -3.71070981 -8.37523937]]
2
[[-2.86200881 -7.61627531 -2.95877743 -8.68134785]]
0
[[-5.27429056 -6.52593565 -3.71070981 -8.37523937]]
2
[[-2.86200881 -7.61627531 -2.95877743 -8.68134785]]
0
[[-5.27429056 -6.52593565 -3.71070981 -8.37523937]]
2
[[-2.86200881 -7.61627531 -2.95877743 -8.68134785]]
0
[[-5.27429056 -6.52593565 -3.71070981 -8.37523937]]
2
[[-2.86200881 -7.61627531 -2.95877743 -8.68134785]]
0
[[-5.27429056 -6.52593565 -3.71070981 -8.37523937]]
2
[[-2.86200881 -7.61627531 -2.95877743 -8.68134785]]
0
[[-5.27429056 -6.52593565 -3.71070981 -8.37523937]]
2
[[-2.86200881 -7.61627531 -2.95877743 -8.68134785]]
0
[[-5.27429056 -6.52593565 -3.71070981 -8.37523937]]
2
[[-2.86200881 -7.61627531 -2.95877743 -8.68134785]]
0
[[-5.27429056 -6.52593565 -3.71070981 -8.37523937]]
2
[[-2.86200881 -7.61627531 -2.95877743 -8.68134785]]
0
[[-5.27429056 -6.52593565 -3.71070981 -8.37523937]]
2
[[-2.86200881 -7.61627531 -2.95877743 -8.68134785]]
0
[[-5.27429056 -6.52593565 -3.71070981 -8.37523937]]
2
[[-2.86200881 -7.61627531 -2.95877743 -8.68134785]]
0
[[-5.27429056 -6.52593565 -3.71070981 -8.37523937]]
2
[[-2.86200881 -7.61627531 -2.95877743 -8.68134785]]
0
[[-5.27429056 -6.52593565 -3.71070981 -8.37523937]]
2
[[-2.86200881 -7.61627531 -2.95877743 -8.68134785]]
0
[[-5.27429056 -6.52593565 -3.71070981 -8.37523937]]
2
[[-2.86200881 -7.61627531 -2.95877743 -8.68134785]]
0
[[-5.27429056 -6.52593565 -3.71070981 -8.37523937]]
2
FAIL
0/5
