[[ -5.38101864  -0.21848954 -13.53985596  -5.39557934]]
1
[[ -5.74360466  -0.03753556 -14.94268608  -5.06742477]]
1
[[ -7.95293427  -6.98480511 -13.84573746  -5.42794323]]
3
[[ -5.74360466  -0.03753556 -14.94268608  -5.06742477]]
1
[[ -7.95293427  -6.98480511 -13.84573746  -5.42794323]]
3
[[ -5.74360466  -0.03753556 -14.94268608  -5.06742477]]
1
[[ -7.95293427  -6.98480511 -13.84573746  -5.42794323]]
3
[[ -5.74360466  -0.03753556 -14.94268608  -5.06742477]]
1
[[ -7.95293427  -6.98480511 -13.84573746  -5.42794323]]
3
[[ -5.74360466  -0.03753556 -14.94268608  -5.06742477]]
1
[[ -7.95293427  -6.98480511 -13.84573746  -5.42794323]]
3
[[ -5.74360466  -0.03753556 -14.94268608  -5.06742477]]
1
[[ -7.95293427  -6.98480511 -13.84573746  -5.42794323]]
3
[[ -5.74360466  -0.03753556 -14.94268608  -5.06742477]]
1
[[ -7.95293427  -6.98480511 -13.84573746  -5.42794323]]
3
[[ -5.74360466  -0.03753556 -14.94268608  -5.06742477]]
1
[[ -7.95293427  -6.98480511 -13.84573746  -5.42794323]]
3
[[ -5.74360466  -0.03753556 -14.94268608  -5.06742477]]
1
[[ -7.95293427  -6.98480511 -13.84573746  -5.42794323]]
3
[[ -5.74360466  -0.03753556 -14.94268608  -5.06742477]]
1
[[ -7.95293427  -6.98480511 -13.84573746  -5.42794323]]
3
[[ -5.74360466  -0.03753556 -14.94268608  -5.06742477]]
1
[[ -7.95293427  -6.98480511 -13.84573746  -5.42794323]]
3
[[ -5.74360466  -0.03753556 -14.94268608  -5.06742477]]
1
[[ -7.95293427  -6.98480511 -13.84573746  -5.42794323]]
3
[[ -5.74360466  -0.03753556 -14.94268608  -5.06742477]]
1
[[ -7.95293427  -6.98480511 -13.84573746  -5.42794323]]
3
[[ -5.74360466  -0.03753556 -14.94268608  -5.06742477]]
1
[[ -7.95293427  -6.98480511 -13.84573746  -5.42794323]]
3
[[ -5.74360466  -0.03753556 -14.94268608  -5.06742477]]
1
[[ -7.95293427  -6.98480511 -13.84573746  -5.42794323]]
3
[[ -5.74360466  -0.03753556 -14.94268608  -5.06742477]]
1
[[ -7.95293427  -6.98480511 -13.84573746  -5.42794323]]
3
[[ -5.74360466  -0.03753556 -14.94268608  -5.06742477]]
1
[[ -7.95293427  -6.98480511 -13.84573746  -5.42794323]]
3
[[ -5.74360466  -0.03753556 -14.94268608  -5.06742477]]
1
[[ -7.95293427  -6.98480511 -13.84573746  -5.42794323]]
3
[[ -5.74360466  -0.03753556 -14.94268608  -5.06742477]]
1
[[ -7.95293427  -6.98480511 -13.84573746  -5.42794323]]
3
[[ -5.74360466  -0.03753556 -14.94268608  -5.06742477]]
1
[[ -7.95293427  -6.98480511 -13.84573746  -5.42794323]]
3
[[ -5.74360466  -0.03753556 -14.94268608  -5.06742477]]
1
[[ -7.95293427  -6.98480511 -13.84573746  -5.42794323]]
3
[[ -5.74360466  -0.03753556 -14.94268608  -5.06742477]]
1
[[ -7.95293427  -6.98480511 -13.84573746  -5.42794323]]
3
[[ -5.74360466  -0.03753556 -14.94268608  -5.06742477]]
1
[[ -7.95293427  -6.98480511 -13.84573746  -5.42794323]]
3
[[ -5.74360466  -0.03753556 -14.94268608  -5.06742477]]
1
[[ -7.95293427  -6.98480511 -13.84573746  -5.42794323]]
3
[[ -5.74360466  -0.03753556 -14.94268608  -5.06742477]]
1
[[ -7.95293427  -6.98480511 -13.84573746  -5.42794323]]
3
[[ -5.74360466  -0.03753556 -14.94268608  -5.06742477]]
1
[[ -7.95293427  -6.98480511 -13.84573746  -5.42794323]]
3
[[ -5.74360466  -0.03753556 -14.94268608  -5.06742477]]
1
[[ -7.95293427  -6.98480511 -13.84573746  -5.42794323]]
3
[[ -5.74360466  -0.03753556 -14.94268608  -5.06742477]]
1
[[ -7.95293427  -6.98480511 -13.84573746  -5.42794323]]
3
[[ -5.74360466  -0.03753556 -14.94268608  -5.06742477]]
1
[[ -7.95293427  -6.98480511 -13.84573746  -5.42794323]]
3
[[ -5.74360466  -0.03753556 -14.94268608  -5.06742477]]
1
[[ -7.95293427  -6.98480511 -13.84573746  -5.42794323]]
3
[[ -5.74360466  -0.03753556 -14.94268608  -5.06742477]]
1
[[ -7.95293427  -6.98480511 -13.84573746  -5.42794323]]
3
[[ -5.74360466  -0.03753556 -14.94268608  -5.06742477]]
1
[[ -7.95293427  -6.98480511 -13.84573746  -5.42794323]]
3
[[ -5.74360466  -0.03753556 -14.94268608  -5.06742477]]
1
[[ -7.95293427  -6.98480511 -13.84573746  -5.42794323]]
3
[[ -5.74360466  -0.03753556 -14.94268608  -5.06742477]]
1
[[ -7.95293427  -6.98480511 -13.84573746  -5.42794323]]
3
[[ -5.74360466  -0.03753556 -14.94268608  -5.06742477]]
1
[[ -7.95293427  -6.98480511 -13.84573746  -5.42794323]]
3
[[ -5.74360466  -0.03753556 -14.94268608  -5.06742477]]
1
[[ -7.95293427  -6.98480511 -13.84573746  -5.42794323]]
3
[[ -5.74360466  -0.03753556 -14.94268608  -5.06742477]]
1
[[ -7.95293427  -6.98480511 -13.84573746  -5.42794323]]
3
[[ -5.74360466  -0.03753556 -14.94268608  -5.06742477]]
1
[[ -7.95293427  -6.98480511 -13.84573746  -5.42794323]]
3
[[ -5.74360466  -0.03753556 -14.94268608  -5.06742477]]
1
[[ -7.95293427  -6.98480511 -13.84573746  -5.42794323]]
3
[[ -5.74360466  -0.03753556 -14.94268608  -5.06742477]]
1
[[ -7.95293427  -6.98480511 -13.84573746  -5.42794323]]
3
[[ -5.74360466  -0.03753556 -14.94268608  -5.06742477]]
1
[[ -7.95293427  -6.98480511 -13.84573746  -5.42794323]]
3
[[ -5.74360466  -0.03753556 -14.94268608  -5.06742477]]
1
[[ -7.95293427  -6.98480511 -13.84573746  -5.42794323]]
3
[[ -5.74360466  -0.03753556 -14.94268608  -5.06742477]]
1
[[ -7.95293427  -6.98480511 -13.84573746  -5.42794323]]
3
[[ -5.74360466  -0.03753556 -14.94268608  -5.06742477]]
1
[[ -7.95293427  -6.98480511 -13.84573746  -5.42794323]]
3
[[ -5.74360466  -0.03753556 -14.94268608  -5.06742477]]
1
[[ -7.95293427  -6.98480511 -13.84573746  -5.42794323]]
3
[[ -5.74360466  -0.03753556 -14.94268608  -5.06742477]]
1
[[ -7.95293427  -6.98480511 -13.84573746  -5.42794323]]
3
[[ -5.74360466  -0.03753556 -14.94268608  -5.06742477]]
1
[[ -7.95293427  -6.98480511 -13.84573746  -5.42794323]]
3
[[ -5.74360466  -0.03753556 -14.94268608  -5.06742477]]
1
[[ -7.95293427  -6.98480511 -13.84573746  -5.42794323]]
3
[[ -5.74360466  -0.03753556 -14.94268608  -5.06742477]]
1
[[ -7.95293427  -6.98480511 -13.84573746  -5.42794323]]
3
[[ -5.74360466  -0.03753556 -14.94268608  -5.06742477]]
1
[[ -7.95293427  -6.98480511 -13.84573746  -5.42794323]]
3
FAIL
0/8
