[[-5.1430788  -6.18860626 -3.90775418 -7.9153347 ]]
2
[[-2.73642516 -7.27391243 -3.1466887  -8.21880341]]
0
[[-5.1430788  -6.18860626 -3.90775418 -7.9153347 ]]
2
[[-2.73642516 -7.27391243 -3.1466887  -8.21880341]]
0
[[-5.1430788  -6.18860626 -3.90775418 -7.9153347 ]]
2
[[-2.73642516 -7.27391243 -3.1466887  -8.21880341]]
0
[[-5.1430788  -6.18860626 -3.90775418 -7.9153347 ]]
2
[[-2.73642516 -7.27391243 -3.1466887  -8.21880341]]
0
[[-5.1430788  -6.18860626 -3.90775418 -7.9153347 ]]
2
[[-2.73642516 -7.27391243 -3.1466887  -8.21880341]]
0
[[-5.1430788  -6.18860626 -3.90775418 -7.9153347 ]]
2
[[-2.73642516 -7.27391243 -3.1466887  -8.21880341]]
0
[[-5.1430788  -6.18860626 -3.90775418 -7.9153347 ]]
2
[[-2.73642516 -7.27391243 -3.1466887  -8.21880341]]
0
[[-5.1430788  -6.18860626 -3.90775418 -7.9153347 ]]
2
[[-2.73642516 -7.27391243 -3.1466887  -8.21880341]]
0
[[-5.1430788  -6.18860626 -3.90775418 -7.9153347 ]]
2
[[-2.73642516 -7.27391243 -3.1466887  -8.21880341]]
0
[[-5.1430788  -6.18860626 -3.90775418 -7.9153347 ]]
2
[[-2.73642516 -7.27391243 -3.1466887  -8.21880341]]
0
[[-5.1430788  -6.18860626 -3.90775418 -7.9153347 ]]
2
[[-2.73642516 -7.27391243 -3.1466887  -8.21880341]]
0
[[-5.1430788  -6.18860626 -3.90775418 -7.9153347 ]]
2
[[-2.73642516 -7.27391243 -3.1466887  -8.21880341]]
0
[[-5.1430788  -6.18860626 -3.90775418 -7.9153347 ]]
2
[[-2.73642516 -7.27391243 -3.1466887  -8.21880341]]
0
[[-5.1430788  -6.18860626 -3.90775418 -7.9153347 ]]
2
[[-2.73642516 -7.27391243 -3.1466887  -8.21880341]]
0
[[-5.1430788  -6.18860626 -3.90775418 -7.9153347 ]]
2
[[-2.73642516 -7.27391243 -3.1466887  -8.21880341]]
0
[[-5.1430788  -6.18860626 -3.90775418 -7.9153347 ]]
2
[[-2.73642516 -7.27391243 -3.1466887  -8.21880341]]
0
[[-5.1430788  -6.18860626 -3.90775418 -7.9153347 ]]
2
[[-2.73642516 -7.27391243 -3.1466887  -8.21880341]]
0
[[-5.1430788  -6.18860626 -3.90775418 -7.9153347 ]]
2
[[-2.73642516 -7.27391243 -3.1466887  -8.21880341]]
0
[[-5.1430788  -6.18860626 -3.90775418 -7.9153347 ]]
2
[[-2.73642516 -7.27391243 -3.1466887  -8.21880341]]
0
[[-5.1430788  -6.18860626 -3.90775418 -7.9153347 ]]
2
[[-2.73642516 -7.27391243 -3.1466887  -8.21880341]]
0
[[-5.1430788  -6.18860626 -3.90775418 -7.9153347 ]]
2
[[-2.73642516 -7.27391243 -3.1466887  -8.21880341]]
0
[[-5.1430788  -6.18860626 -3.90775418 -7.9153347 ]]
2
[[-2.73642516 -7.27391243 -3.1466887  -8.21880341]]
0
[[-5.1430788  -6.18860626 -3.90775418 -7.9153347 ]]
2
[[-2.73642516 -7.27391243 -3.1466887  -8.21880341]]
0
[[-5.1430788  -6.18860626 -3.90775418 -7.9153347 ]]
2
[[-2.73642516 -7.27391243 -3.1466887  -8.21880341]]
0
[[-5.1430788  -6.18860626 -3.90775418 -7.9153347 ]]
2
[[-2.73642516 -7.27391243 -3.1466887  -8.21880341]]
0
[[-5.1430788  -6.18860626 -3.90775418 -7.9153347 ]]
2
[[-2.73642516 -7.27391243 -3.1466887  -8.21880341]]
0
[[-5.1430788  -6.18860626 -3.90775418 -7.9153347 ]]
2
[[-2.73642516 -7.27391243 -3.1466887  -8.21880341]]
0
[[-5.1430788  -6.18860626 -3.90775418 -7.9153347 ]]
2
[[-2.73642516 -7.27391243 -3.1466887  -8.21880341]]
0
[[-5.1430788  -6.18860626 -3.90775418 -7.9153347 ]]
2
[[-2.73642516 -7.27391243 -3.1466887  -8.21880341]]
0
[[-5.1430788  -6.18860626 -3.90775418 -7.9153347 ]]
2
[[-2.73642516 -7.27391243 -3.1466887  -8.21880341]]
0
[[-5.1430788  -6.18860626 -3.90775418 -7.9153347 ]]
2
[[-2.73642516 -7.27391243 -3.1466887  -8.21880341]]
0
[[-5.1430788  -6.18860626 -3.90775418 -7.9153347 ]]
2
[[-2.73642516 -7.27391243 -3.1466887  -8.21880341]]
0
[[-5.1430788  -6.18860626 -3.90775418 -7.9153347 ]]
2
[[-2.73642516 -7.27391243 -3.1466887  -8.21880341]]
0
[[-5.1430788  -6.18860626 -3.90775418 -7.9153347 ]]
2
[[-2.73642516 -7.27391243 -3.1466887  -8.21880341]]
0
[[-5.1430788  -6.18860626 -3.90775418 -7.9153347 ]]
2
[[-2.73642516 -7.27391243 -3.1466887  -8.21880341]]
0
[[-5.1430788  -6.18860626 -3.90775418 -7.9153347 ]]
2
[[-2.73642516 -7.27391243 -3.1466887  -8.21880341]]
0
[[-5.1430788  -6.18860626 -3.90775418 -7.9153347 ]]
2
[[-2.73642516 -7.27391243 -3.1466887  -8.21880341]]
0
[[-5.1430788  -6.18860626 -3.90775418 -7.9153347 ]]
2
[[-2.73642516 -7.27391243 -3.1466887  -8.21880341]]
0
[[-5.1430788  -6.18860626 -3.90775418 -7.9153347 ]]
2
[[-2.73642516 -7.27391243 -3.1466887  -8.21880341]]
0
[[-5.1430788  -6.18860626 -3.90775418 -7.9153347 ]]
2
[[-2.73642516 -7.27391243 -3.1466887  -8.21880341]]
0
[[-5.1430788  -6.18860626 -3.90775418 -7.9153347 ]]
2
[[-2.73642516 -7.27391243 -3.1466887  -8.21880341]]
0
[[-5.1430788  -6.18860626 -3.90775418 -7.9153347 ]]
2
[[-2.73642516 -7.27391243 -3.1466887  -8.21880341]]
0
[[-5.1430788  -6.18860626 -3.90775418 -7.9153347 ]]
2
[[-2.73642516 -7.27391243 -3.1466887  -8.21880341]]
0
[[-5.1430788  -6.18860626 -3.90775418 -7.9153347 ]]
2
[[-2.73642516 -7.27391243 -3.1466887  -8.21880341]]
0
[[-5.1430788  -6.18860626 -3.90775418 -7.9153347 ]]
2
[[-2.73642516 -7.27391243 -3.1466887  -8.21880341]]
0
[[-5.1430788  -6.18860626 -3.90775418 -7.9153347 ]]
2
[[-2.73642516 -7.27391243 -3.1466887  -8.21880341]]
0
[[-5.1430788  -6.18860626 -3.90775418 -7.9153347 ]]
2
[[-2.73642516 -7.27391243 -3.1466887  -8.21880341]]
0
[[-5.1430788  -6.18860626 -3.90775418 -7.9153347 ]]
2
[[-2.73642516 -7.27391243 -3.1466887  -8.21880341]]
0
[[-5.1430788  -6.18860626 -3.90775418 -7.9153347 ]]
2
[[-2.73642516 -7.27391243 -3.1466887  -8.21880341]]
0
[[-5.1430788  -6.18860626 -3.90775418 -7.9153347 ]]
2
[[-2.73642516 -7.27391243 -3.1466887  -8.21880341]]
0
[[-5.1430788  -6.18860626 -3.90775418 -7.9153347 ]]
2
FAIL
0/5
