[[ -5.34345579e+00  -4.36028838e-03  -1.36154480e+01  -5.97307348e+00]]
1
[[ -5.69421148   0.20650473 -15.01965141  -5.65897131]]
1
[[ -7.90741491  -6.76384592 -13.91610718  -6.00897169]]
3
[[ -5.69421148   0.20650473 -15.01965141  -5.65897131]]
1
[[ -7.90741491  -6.76384592 -13.91610718  -6.00897169]]
3
[[ -5.69421148   0.20650473 -15.01965141  -5.65897131]]
1
[[ -7.90741491  -6.76384592 -13.91610718  -6.00897169]]
3
[[ -5.69421148   0.20650473 -15.01965141  -5.65897131]]
1
[[ -7.90741491  -6.76384592 -13.91610718  -6.00897169]]
3
[[ -5.69421148   0.20650473 -15.01965141  -5.65897131]]
1
[[ -7.90741491  -6.76384592 -13.91610718  -6.00897169]]
3
[[ -5.69421148   0.20650473 -15.01965141  -5.65897131]]
1
[[ -7.90741491  -6.76384592 -13.91610718  -6.00897169]]
3
[[ -5.69421148   0.20650473 -15.01965141  -5.65897131]]
1
[[ -7.90741491  -6.76384592 -13.91610718  -6.00897169]]
3
[[ -5.69421148   0.20650473 -15.01965141  -5.65897131]]
1
[[ -7.90741491  -6.76384592 -13.91610718  -6.00897169]]
3
[[ -5.69421148   0.20650473 -15.01965141  -5.65897131]]
1
[[ -7.90741491  -6.76384592 -13.91610718  -6.00897169]]
3
[[ -5.69421148   0.20650473 -15.01965141  -5.65897131]]
1
[[ -7.90741491  -6.76384592 -13.91610718  -6.00897169]]
3
[[ -5.69421148   0.20650473 -15.01965141  -5.65897131]]
1
[[ -7.90741491  -6.76384592 -13.91610718  -6.00897169]]
3
[[ -5.69421148   0.20650473 -15.01965141  -5.65897131]]
1
[[ -7.90741491  -6.76384592 -13.91610718  -6.00897169]]
3
[[ -5.69421148   0.20650473 -15.01965141  -5.65897131]]
1
[[ -7.90741491  -6.76384592 -13.91610718  -6.00897169]]
3
[[ -5.69421148   0.20650473 -15.01965141  -5.65897131]]
1
[[ -7.90741491  -6.76384592 -13.91610718  -6.00897169]]
3
[[ -5.69421148   0.20650473 -15.01965141  -5.65897131]]
1
[[ -7.90741491  -6.76384592 -13.91610718  -6.00897169]]
3
[[ -5.69421148   0.20650473 -15.01965141  -5.65897131]]
1
[[ -7.90741491  -6.76384592 -13.91610718  -6.00897169]]
3
[[ -5.69421148   0.20650473 -15.01965141  -5.65897131]]
1
[[ -7.90741491  -6.76384592 -13.91610718  -6.00897169]]
3
[[ -5.69421148   0.20650473 -15.01965141  -5.65897131]]
1
[[ -7.90741491  -6.76384592 -13.91610718  -6.00897169]]
3
[[ -5.69421148   0.20650473 -15.01965141  -5.65897131]]
1
[[ -7.90741491  -6.76384592 -13.91610718  -6.00897169]]
3
[[ -5.69421148   0.20650473 -15.01965141  -5.65897131]]
1
[[ -7.90741491  -6.76384592 -13.91610718  -6.00897169]]
3
[[ -5.69421148   0.20650473 -15.01965141  -5.65897131]]
1
[[ -7.90741491  -6.76384592 -13.91610718  -6.00897169]]
3
[[ -5.69421148   0.20650473 -15.01965141  -5.65897131]]
1
[[ -7.90741491  -6.76384592 -13.91610718  -6.00897169]]
3
[[ -5.69421148   0.20650473 -15.01965141  -5.65897131]]
1
[[ -7.90741491  -6.76384592 -13.91610718  -6.00897169]]
3
[[ -5.69421148   0.20650473 -15.01965141  -5.65897131]]
1
[[ -7.90741491  -6.76384592 -13.91610718  -6.00897169]]
3
[[ -5.69421148   0.20650473 -15.01965141  -5.65897131]]
1
[[ -7.90741491  -6.76384592 -13.91610718  -6.00897169]]
3
[[ -5.69421148   0.20650473 -15.01965141  -5.65897131]]
1
[[ -7.90741491  -6.76384592 -13.91610718  -6.00897169]]
3
[[ -5.69421148   0.20650473 -15.01965141  -5.65897131]]
1
[[ -7.90741491  -6.76384592 -13.91610718  -6.00897169]]
3
[[ -5.69421148   0.20650473 -15.01965141  -5.65897131]]
1
[[ -7.90741491  -6.76384592 -13.91610718  -6.00897169]]
3
[[ -5.69421148   0.20650473 -15.01965141  -5.65897131]]
1
[[ -7.90741491  -6.76384592 -13.91610718  -6.00897169]]
3
[[ -5.69421148   0.20650473 -15.01965141  -5.65897131]]
1
[[ -7.90741491  -6.76384592 -13.91610718  -6.00897169]]
3
[[ -5.69421148   0.20650473 -15.01965141  -5.65897131]]
1
[[ -7.90741491  -6.76384592 -13.91610718  -6.00897169]]
3
[[ -5.69421148   0.20650473 -15.01965141  -5.65897131]]
1
[[ -7.90741491  -6.76384592 -13.91610718  -6.00897169]]
3
[[ -5.69421148   0.20650473 -15.01965141  -5.65897131]]
1
[[ -7.90741491  -6.76384592 -13.91610718  -6.00897169]]
3
[[ -5.69421148   0.20650473 -15.01965141  -5.65897131]]
1
[[ -7.90741491  -6.76384592 -13.91610718  -6.00897169]]
3
[[ -5.69421148   0.20650473 -15.01965141  -5.65897131]]
1
[[ -7.90741491  -6.76384592 -13.91610718  -6.00897169]]
3
[[ -5.69421148   0.20650473 -15.01965141  -5.65897131]]
1
[[ -7.90741491  -6.76384592 -13.91610718  -6.00897169]]
3
[[ -5.69421148   0.20650473 -15.01965141  -5.65897131]]
1
[[ -7.90741491  -6.76384592 -13.91610718  -6.00897169]]
3
[[ -5.69421148   0.20650473 -15.01965141  -5.65897131]]
1
[[ -7.90741491  -6.76384592 -13.91610718  -6.00897169]]
3
[[ -5.69421148   0.20650473 -15.01965141  -5.65897131]]
1
[[ -7.90741491  -6.76384592 -13.91610718  -6.00897169]]
3
[[ -5.69421148   0.20650473 -15.01965141  -5.65897131]]
1
[[ -7.90741491  -6.76384592 -13.91610718  -6.00897169]]
3
[[ -5.69421148   0.20650473 -15.01965141  -5.65897131]]
1
[[ -7.90741491  -6.76384592 -13.91610718  -6.00897169]]
3
[[ -5.69421148   0.20650473 -15.01965141  -5.65897131]]
1
[[ -7.90741491  -6.76384592 -13.91610718  -6.00897169]]
3
[[ -5.69421148   0.20650473 -15.01965141  -5.65897131]]
1
[[ -7.90741491  -6.76384592 -13.91610718  -6.00897169]]
3
[[ -5.69421148   0.20650473 -15.01965141  -5.65897131]]
1
[[ -7.90741491  -6.76384592 -13.91610718  -6.00897169]]
3
[[ -5.69421148   0.20650473 -15.01965141  -5.65897131]]
1
[[ -7.90741491  -6.76384592 -13.91610718  -6.00897169]]
3
[[ -5.69421148   0.20650473 -15.01965141  -5.65897131]]
1
[[ -7.90741491  -6.76384592 -13.91610718  -6.00897169]]
3
[[ -5.69421148   0.20650473 -15.01965141  -5.65897131]]
1
[[ -7.90741491  -6.76384592 -13.91610718  -6.00897169]]
3
[[ -5.69421148   0.20650473 -15.01965141  -5.65897131]]
1
[[ -7.90741491  -6.76384592 -13.91610718  -6.00897169]]
3
[[ -5.69421148   0.20650473 -15.01965141  -5.65897131]]
1
[[ -7.90741491  -6.76384592 -13.91610718  -6.00897169]]
3
[[ -5.69421148   0.20650473 -15.01965141  -5.65897131]]
1
[[ -7.90741491  -6.76384592 -13.91610718  -6.00897169]]
3
FAIL
0/8
