[[-5.09477854 -5.92641211 -3.99973297 -8.52136421]]
2
[[-2.68840456 -7.01908159 -3.22714162 -8.818964  ]]
0
[[-5.09477854 -5.92641211 -3.99973297 -8.52136421]]
2
[[-2.68840456 -7.01908159 -3.22714162 -8.818964  ]]
0
[[-5.09477854 -5.92641211 -3.99973297 -8.52136421]]
2
[[-2.68840456 -7.01908159 -3.22714162 -8.818964  ]]
0
[[-5.09477854 -5.92641211 -3.99973297 -8.52136421]]
2
[[-2.68840456 -7.01908159 -3.22714162 -8.818964  ]]
0
[[-5.09477854 -5.92641211 -3.99973297 -8.52136421]]
2
[[-2.68840456 -7.01908159 -3.22714162 -8.818964  ]]
0
[[-5.09477854 -5.92641211 -3.99973297 -8.52136421]]
2
[[-2.68840456 -7.01908159 -3.22714162 -8.818964  ]]
0
[[-5.09477854 -5.92641211 -3.99973297 -8.52136421]]
2
[[-2.68840456 -7.01908159 -3.22714162 -8.818964  ]]
0
[[-5.09477854 -5.92641211 -3.99973297 -8.52136421]]
2
[[-2.68840456 -7.01908159 -3.22714162 -8.818964  ]]
0
[[-5.09477854 -5.92641211 -3.99973297 -8.52136421]]
2
[[-2.68840456 -7.01908159 -3.22714162 -8.818964  ]]
0
[[-5.09477854 -5.92641211 -3.99973297 -8.52136421]]
2
[[-2.68840456 -7.01908159 -3.22714162 -8.818964  ]]
0
[[-5.09477854 -5.92641211 -3.99973297 -8.52136421]]
2
[[-2.68840456 -7.01908159 -3.22714162 -8.818964  ]]
0
[[-5.09477854 -5.92641211 -3.99973297 -8.52136421]]
2
[[-2.68840456 -7.01908159 -3.22714162 -8.818964  ]]
0
[[-5.09477854 -5.92641211 -3.99973297 -8.52136421]]
2
[[-2.68840456 -7.01908159 -3.22714162 -8.818964  ]]
0
[[-5.09477854 -5.92641211 -3.99973297 -8.52136421]]
2
[[-2.68840456 -7.01908159 -3.22714162 -8.818964  ]]
0
[[-5.09477854 -5.92641211 -3.99973297 -8.52136421]]
2
[[-2.68840456 -7.01908159 -3.22714162 -8.818964  ]]
0
[[-5.09477854 -5.92641211 -3.99973297 -8.52136421]]
2
[[-2.68840456 -7.01908159 -3.22714162 -8.818964  ]]
0
[[-5.09477854 -5.92641211 -3.99973297 -8.52136421]]
2
[[-2.68840456 -7.01908159 -3.22714162 -8.818964  ]]
0
[[-5.09477854 -5.92641211 -3.99973297 -8.52136421]]
2
[[-2.68840456 -7.01908159 -3.22714162 -8.818964  ]]
0
[[-5.09477854 -5.92641211 -3.99973297 -8.52136421]]
2
[[-2.68840456 -7.01908159 -3.22714162 -8.818964  ]]
0
[[-5.09477854 -5.92641211 -3.99973297 -8.52136421]]
2
[[-2.68840456 -7.01908159 -3.22714162 -8.818964  ]]
0
[[-5.09477854 -5.92641211 -3.99973297 -8.52136421]]
2
[[-2.68840456 -7.01908159 -3.22714162 -8.818964  ]]
0
[[-5.09477854 -5.92641211 -3.99973297 -8.52136421]]
2
[[-2.68840456 -7.01908159 -3.22714162 -8.818964  ]]
0
[[-5.09477854 -5.92641211 -3.99973297 -8.52136421]]
2
[[-2.68840456 -7.01908159 -3.22714162 -8.818964  ]]
0
[[-5.09477854 -5.92641211 -3.99973297 -8.52136421]]
2
[[-2.68840456 -7.01908159 -3.22714162 -8.818964  ]]
0
[[-5.09477854 -5.92641211 -3.99973297 -8.52136421]]
2
[[-2.68840456 -7.01908159 -3.22714162 -8.818964  ]]
0
[[-5.09477854 -5.92641211 -3.99973297 -8.52136421]]
2
[[-2.68840456 -7.01908159 -3.22714162 -8.818964  ]]
0
[[-5.09477854 -5.92641211 -3.99973297 -8.52136421]]
2
[[-2.68840456 -7.01908159 -3.22714162 -8.818964  ]]
0
[[-5.09477854 -5.92641211 -3.99973297 -8.52136421]]
2
[[-2.68840456 -7.01908159 -3.22714162 -8.818964  ]]
0
[[-5.09477854 -5.92641211 -3.99973297 -8.52136421]]
2
[[-2.68840456 -7.01908159 -3.22714162 -8.818964  ]]
0
[[-5.09477854 -5.92641211 -3.99973297 -8.52136421]]
2
[[-2.68840456 -7.01908159 -3.22714162 -8.818964  ]]
0
[[-5.09477854 -5.92641211 -3.99973297 -8.52136421]]
2
[[-2.68840456 -7.01908159 -3.22714162 -8.818964  ]]
0
[[-5.09477854 -5.92641211 -3.99973297 -8.52136421]]
2
[[-2.68840456 -7.01908159 -3.22714162 -8.818964  ]]
0
[[-5.09477854 -5.92641211 -3.99973297 -8.52136421]]
2
[[-2.68840456 -7.01908159 -3.22714162 -8.818964  ]]
0
[[-5.09477854 -5.92641211 -3.99973297 -8.52136421]]
2
[[-2.68840456 -7.01908159 -3.22714162 -8.818964  ]]
0
[[-5.09477854 -5.92641211 -3.99973297 -8.52136421]]
2
[[-2.68840456 -7.01908159 -3.22714162 -8.818964  ]]
0
[[-5.09477854 -5.92641211 -3.99973297 -8.52136421]]
2
[[-2.68840456 -7.01908159 -3.22714162 -8.818964  ]]
0
[[-5.09477854 -5.92641211 -3.99973297 -8.52136421]]
2
[[-2.68840456 -7.01908159 -3.22714162 -8.818964  ]]
0
[[-5.09477854 -5.92641211 -3.99973297 -8.52136421]]
2
[[-2.68840456 -7.01908159 -3.22714162 -8.818964  ]]
0
[[-5.09477854 -5.92641211 -3.99973297 -8.52136421]]
2
[[-2.68840456 -7.01908159 -3.22714162 -8.818964  ]]
0
[[-5.09477854 -5.92641211 -3.99973297 -8.52136421]]
2
[[-2.68840456 -7.01908159 -3.22714162 -8.818964  ]]
0
[[-5.09477854 -5.92641211 -3.99973297 -8.52136421]]
2
[[-2.68840456 -7.01908159 -3.22714162 -8.818964  ]]
0
[[-5.09477854 -5.92641211 -3.99973297 -8.52136421]]
2
[[-2.68840456 -7.01908159 -3.22714162 -8.818964  ]]
0
[[-5.09477854 -5.92641211 -3.99973297 -8.52136421]]
2
[[-2.68840456 -7.01908159 -3.22714162 -8.818964  ]]
0
[[-5.09477854 -5.92641211 -3.99973297 -8.52136421]]
2
[[-2.68840456 -7.01908159 -3.22714162 -8.818964  ]]
0
[[-5.09477854 -5.92641211 -3.99973297 -8.52136421]]
2
[[-2.68840456 -7.01908159 -3.22714162 -8.818964  ]]
0
[[-5.09477854 -5.92641211 -3.99973297 -8.52136421]]
2
[[-2.68840456 -7.01908159 -3.22714162 -8.818964  ]]
0
[[-5.09477854 -5.92641211 -3.99973297 -8.52136421]]
2
[[-2.68840456 -7.01908159 -3.22714162 -8.818964  ]]
0
[[-5.09477854 -5.92641211 -3.99973297 -8.52136421]]
2
[[-2.68840456 -7.01908159 -3.22714162 -8.818964  ]]
0
[[-5.09477854 -5.92641211 -3.99973297 -8.52136421]]
2
[[-2.68840456 -7.01908159 -3.22714162 -8.818964  ]]
0
[[-5.09477854 -5.92641211 -3.99973297 -8.52136421]]
2
[[-2.68840456 -7.01908159 -3.22714162 -8.818964  ]]
0
[[-5.09477854 -5.92641211 -3.99973297 -8.52136421]]
2
FAIL
0/5
