[[ -4.92967081  -0.30908489 -13.54872608  -6.06286621]]
1
[[ -5.27925348  -0.08347129 -14.95664501  -5.74234295]]
1
[[ -7.47437716  -7.05306721 -13.84331989  -6.08376026]]
3
[[ -5.27925348  -0.08347129 -14.95664501  -5.74234295]]
1
[[ -7.47437716  -7.05306721 -13.84331989  -6.08376026]]
3
[[ -5.27925348  -0.08347129 -14.95664501  -5.74234295]]
1
[[ -7.47437716  -7.05306721 -13.84331989  -6.08376026]]
3
[[ -5.27925348  -0.08347129 -14.95664501  -5.74234295]]
1
[[ -7.47437716  -7.05306721 -13.84331989  -6.08376026]]
3
[[ -5.27925348  -0.08347129 -14.95664501  -5.74234295]]
1
[[ -7.47437716  -7.05306721 -13.84331989  -6.08376026]]
3
[[ -5.27925348  -0.08347129 -14.95664501  -5.74234295]]
1
[[ -7.47437716  -7.05306721 -13.84331989  -6.08376026]]
3
[[ -5.27925348  -0.08347129 -14.95664501  -5.74234295]]
1
[[ -7.47437716  -7.05306721 -13.84331989  -6.08376026]]
3
[[ -5.27925348  -0.08347129 -14.95664501  -5.74234295]]
1
[[ -7.47437716  -7.05306721 -13.84331989  -6.08376026]]
3
[[ -5.27925348  -0.08347129 -14.95664501  -5.74234295]]
1
[[ -7.47437716  -7.05306721 -13.84331989  -6.08376026]]
3
[[ -5.27925348  -0.08347129 -14.95664501  -5.74234295]]
1
[[ -7.47437716  -7.05306721 -13.84331989  -6.08376026]]
3
[[ -5.27925348  -0.08347129 -14.95664501  -5.74234295]]
1
[[ -7.47437716  -7.05306721 -13.84331989  -6.08376026]]
3
[[ -5.27925348  -0.08347129 -14.95664501  -5.74234295]]
1
[[ -7.47437716  -7.05306721 -13.84331989  -6.08376026]]
3
[[ -5.27925348  -0.08347129 -14.95664501  -5.74234295]]
1
[[ -7.47437716  -7.05306721 -13.84331989  -6.08376026]]
3
[[ -5.27925348  -0.08347129 -14.95664501  -5.74234295]]
1
[[ -7.47437716  -7.05306721 -13.84331989  -6.08376026]]
3
[[ -5.27925348  -0.08347129 -14.95664501  -5.74234295]]
1
[[ -7.47437716  -7.05306721 -13.84331989  -6.08376026]]
3
[[ -5.27925348  -0.08347129 -14.95664501  -5.74234295]]
1
[[ -7.47437716  -7.05306721 -13.84331989  -6.08376026]]
3
[[ -5.27925348  -0.08347129 -14.95664501  -5.74234295]]
1
[[ -7.47437716  -7.05306721 -13.84331989  -6.08376026]]
3
[[ -5.27925348  -0.08347129 -14.95664501  -5.74234295]]
1
[[ -7.47437716  -7.05306721 -13.84331989  -6.08376026]]
3
[[ -5.27925348  -0.08347129 -14.95664501  -5.74234295]]
1
[[ -7.47437716  -7.05306721 -13.84331989  -6.08376026]]
3
[[ -5.27925348  -0.08347129 -14.95664501  -5.74234295]]
1
[[ -7.47437716  -7.05306721 -13.84331989  -6.08376026]]
3
[[ -5.27925348  -0.08347129 -14.95664501  -5.74234295]]
1
[[ -7.47437716  -7.05306721 -13.84331989  -6.08376026]]
3
[[ -5.27925348  -0.08347129 -14.95664501  -5.74234295]]
1
[[ -7.47437716  -7.05306721 -13.84331989  -6.08376026]]
3
[[ -5.27925348  -0.08347129 -14.95664501  -5.74234295]]
1
[[ -7.47437716  -7.05306721 -13.84331989  -6.08376026]]
3
[[ -5.27925348  -0.08347129 -14.95664501  -5.74234295]]
1
[[ -7.47437716  -7.05306721 -13.84331989  -6.08376026]]
3
[[ -5.27925348  -0.08347129 -14.95664501  -5.74234295]]
1
[[ -7.47437716  -7.05306721 -13.84331989  -6.08376026]]
3
[[ -5.27925348  -0.08347129 -14.95664501  -5.74234295]]
1
[[ -7.47437716  -7.05306721 -13.84331989  -6.08376026]]
3
[[ -5.27925348  -0.08347129 -14.95664501  -5.74234295]]
1
[[ -7.47437716  -7.05306721 -13.84331989  -6.08376026]]
3
[[ -5.27925348  -0.08347129 -14.95664501  -5.74234295]]
1
[[ -7.47437716  -7.05306721 -13.84331989  -6.08376026]]
3
[[ -5.27925348  -0.08347129 -14.95664501  -5.74234295]]
1
[[ -7.47437716  -7.05306721 -13.84331989  -6.08376026]]
3
[[ -5.27925348  -0.08347129 -14.95664501  -5.74234295]]
1
[[ -7.47437716  -7.05306721 -13.84331989  -6.08376026]]
3
[[ -5.27925348  -0.08347129 -14.95664501  -5.74234295]]
1
[[ -7.47437716  -7.05306721 -13.84331989  -6.08376026]]
3
[[ -5.27925348  -0.08347129 -14.95664501  -5.74234295]]
1
[[ -7.47437716  -7.05306721 -13.84331989  -6.08376026]]
3
[[ -5.27925348  -0.08347129 -14.95664501  -5.74234295]]
1
[[ -7.47437716  -7.05306721 -13.84331989  -6.08376026]]
3
[[ -5.27925348  -0.08347129 -14.95664501  -5.74234295]]
1
[[ -7.47437716  -7.05306721 -13.84331989  -6.08376026]]
3
[[ -5.27925348  -0.08347129 -14.95664501  -5.74234295]]
1
[[ -7.47437716  -7.05306721 -13.84331989  -6.08376026]]
3
[[ -5.27925348  -0.08347129 -14.95664501  -5.74234295]]
1
[[ -7.47437716  -7.05306721 -13.84331989  -6.08376026]]
3
[[ -5.27925348  -0.08347129 -14.95664501  -5.74234295]]
1
[[ -7.47437716  -7.05306721 -13.84331989  -6.08376026]]
3
[[ -5.27925348  -0.08347129 -14.95664501  -5.74234295]]
1
[[ -7.47437716  -7.05306721 -13.84331989  -6.08376026]]
3
[[ -5.27925348  -0.08347129 -14.95664501  -5.74234295]]
1
[[ -7.47437716  -7.05306721 -13.84331989  -6.08376026]]
3
[[ -5.27925348  -0.08347129 -14.95664501  -5.74234295]]
1
[[ -7.47437716  -7.05306721 -13.84331989  -6.08376026]]
3
[[ -5.27925348  -0.08347129 -14.95664501  -5.74234295]]
1
[[ -7.47437716  -7.05306721 -13.84331989  -6.08376026]]
3
[[ -5.27925348  -0.08347129 -14.95664501  -5.74234295]]
1
[[ -7.47437716  -7.05306721 -13.84331989  -6.08376026]]
3
[[ -5.27925348  -0.08347129 -14.95664501  -5.74234295]]
1
[[ -7.47437716  -7.05306721 -13.84331989  -6.08376026]]
3
[[ -5.27925348  -0.08347129 -14.95664501  -5.74234295]]
1
[[ -7.47437716  -7.05306721 -13.84331989  -6.08376026]]
3
[[ -5.27925348  -0.08347129 -14.95664501  -5.74234295]]
1
[[ -7.47437716  -7.05306721 -13.84331989  -6.08376026]]
3
[[ -5.27925348  -0.08347129 -14.95664501  -5.74234295]]
1
[[ -7.47437716  -7.05306721 -13.84331989  -6.08376026]]
3
[[ -5.27925348  -0.08347129 -14.95664501  -5.74234295]]
1
[[ -7.47437716  -7.05306721 -13.84331989  -6.08376026]]
3
[[ -5.27925348  -0.08347129 -14.95664501  -5.74234295]]
1
[[ -7.47437716  -7.05306721 -13.84331989  -6.08376026]]
3
[[ -5.27925348  -0.08347129 -14.95664501  -5.74234295]]
1
[[ -7.47437716  -7.05306721 -13.84331989  -6.08376026]]
3
[[ -5.27925348  -0.08347129 -14.95664501  -5.74234295]]
1
[[ -7.47437716  -7.05306721 -13.84331989  -6.08376026]]
3
FAIL
0/8
