[[-4.90586805 -9.29524231 -4.93844461 -9.08530712]]
0
[[-14.29906654 -17.33333015  -1.33479834  -9.23615551]]
2
[[-4.90586805 -9.29524231 -4.93844461 -9.08530712]]
0
[[-14.29906654 -17.33333015  -1.33479834  -9.23615551]]
2
[[-4.90586805 -9.29524231 -4.93844461 -9.08530712]]
0
[[-14.29906654 -17.33333015  -1.33479834  -9.23615551]]
2
[[-4.90586805 -9.29524231 -4.93844461 -9.08530712]]
0
[[-14.29906654 -17.33333015  -1.33479834  -9.23615551]]
2
[[-4.90586805 -9.29524231 -4.93844461 -9.08530712]]
0
[[-14.29906654 -17.33333015  -1.33479834  -9.23615551]]
2
[[-4.90586805 -9.29524231 -4.93844461 -9.08530712]]
0
[[-14.29906654 -17.33333015  -1.33479834  -9.23615551]]
2
[[-4.90586805 -9.29524231 -4.93844461 -9.08530712]]
0
[[-14.29906654 -17.33333015  -1.33479834  -9.23615551]]
2
[[-4.90586805 -9.29524231 -4.93844461 -9.08530712]]
0
[[-14.29906654 -17.33333015  -1.33479834  -9.23615551]]
2
[[-4.90586805 -9.29524231 -4.93844461 -9.08530712]]
0
[[-14.29906654 -17.33333015  -1.33479834  -9.23615551]]
2
[[-4.90586805 -9.29524231 -4.93844461 -9.08530712]]
0
[[-14.29906654 -17.33333015  -1.33479834  -9.23615551]]
2
[[-4.90586805 -9.29524231 -4.93844461 -9.08530712]]
0
[[-14.29906654 -17.33333015  -1.33479834  -9.23615551]]
2
[[-4.90586805 -9.29524231 -4.93844461 -9.08530712]]
0
[[-14.29906654 -17.33333015  -1.33479834  -9.23615551]]
2
[[-4.90586805 -9.29524231 -4.93844461 -9.08530712]]
0
[[-14.29906654 -17.33333015  -1.33479834  -9.23615551]]
2
[[-4.90586805 -9.29524231 -4.93844461 -9.08530712]]
0
[[-14.29906654 -17.33333015  -1.33479834  -9.23615551]]
2
[[-4.90586805 -9.29524231 -4.93844461 -9.08530712]]
0
[[-14.29906654 -17.33333015  -1.33479834  -9.23615551]]
2
[[-4.90586805 -9.29524231 -4.93844461 -9.08530712]]
0
[[-14.29906654 -17.33333015  -1.33479834  -9.23615551]]
2
[[-4.90586805 -9.29524231 -4.93844461 -9.08530712]]
0
[[-14.29906654 -17.33333015  -1.33479834  -9.23615551]]
2
[[-4.90586805 -9.29524231 -4.93844461 -9.08530712]]
0
[[-14.29906654 -17.33333015  -1.33479834  -9.23615551]]
2
[[-4.90586805 -9.29524231 -4.93844461 -9.08530712]]
0
[[-14.29906654 -17.33333015  -1.33479834  -9.23615551]]
2
[[-4.90586805 -9.29524231 -4.93844461 -9.08530712]]
0
[[-14.29906654 -17.33333015  -1.33479834  -9.23615551]]
2
[[-4.90586805 -9.29524231 -4.93844461 -9.08530712]]
0
[[-14.29906654 -17.33333015  -1.33479834  -9.23615551]]
2
[[-4.90586805 -9.29524231 -4.93844461 -9.08530712]]
0
[[-14.29906654 -17.33333015  -1.33479834  -9.23615551]]
2
[[-4.90586805 -9.29524231 -4.93844461 -9.08530712]]
0
[[-14.29906654 -17.33333015  -1.33479834  -9.23615551]]
2
[[-4.90586805 -9.29524231 -4.93844461 -9.08530712]]
0
[[-14.29906654 -17.33333015  -1.33479834  -9.23615551]]
2
[[-4.90586805 -9.29524231 -4.93844461 -9.08530712]]
0
[[-14.29906654 -17.33333015  -1.33479834  -9.23615551]]
2
[[-4.90586805 -9.29524231 -4.93844461 -9.08530712]]
0
[[-14.29906654 -17.33333015  -1.33479834  -9.23615551]]
2
[[-4.90586805 -9.29524231 -4.93844461 -9.08530712]]
0
[[-14.29906654 -17.33333015  -1.33479834  -9.23615551]]
2
[[-4.90586805 -9.29524231 -4.93844461 -9.08530712]]
0
[[-14.29906654 -17.33333015  -1.33479834  -9.23615551]]
2
[[-4.90586805 -9.29524231 -4.93844461 -9.08530712]]
0
[[-14.29906654 -17.33333015  -1.33479834  -9.23615551]]
2
[[-4.90586805 -9.29524231 -4.93844461 -9.08530712]]
0
[[-14.29906654 -17.33333015  -1.33479834  -9.23615551]]
2
[[-4.90586805 -9.29524231 -4.93844461 -9.08530712]]
0
[[-14.29906654 -17.33333015  -1.33479834  -9.23615551]]
2
[[-4.90586805 -9.29524231 -4.93844461 -9.08530712]]
0
[[-14.29906654 -17.33333015  -1.33479834  -9.23615551]]
2
[[-4.90586805 -9.29524231 -4.93844461 -9.08530712]]
0
[[-14.29906654 -17.33333015  -1.33479834  -9.23615551]]
2
[[-4.90586805 -9.29524231 -4.93844461 -9.08530712]]
0
[[-14.29906654 -17.33333015  -1.33479834  -9.23615551]]
2
[[-4.90586805 -9.29524231 -4.93844461 -9.08530712]]
0
[[-14.29906654 -17.33333015  -1.33479834  -9.23615551]]
2
[[-4.90586805 -9.29524231 -4.93844461 -9.08530712]]
0
[[-14.29906654 -17.33333015  -1.33479834  -9.23615551]]
2
[[-4.90586805 -9.29524231 -4.93844461 -9.08530712]]
0
[[-14.29906654 -17.33333015  -1.33479834  -9.23615551]]
2
[[-4.90586805 -9.29524231 -4.93844461 -9.08530712]]
0
[[-14.29906654 -17.33333015  -1.33479834  -9.23615551]]
2
[[-4.90586805 -9.29524231 -4.93844461 -9.08530712]]
0
[[-14.29906654 -17.33333015  -1.33479834  -9.23615551]]
2
[[-4.90586805 -9.29524231 -4.93844461 -9.08530712]]
0
[[-14.29906654 -17.33333015  -1.33479834  -9.23615551]]
2
[[-4.90586805 -9.29524231 -4.93844461 -9.08530712]]
0
[[-14.29906654 -17.33333015  -1.33479834  -9.23615551]]
2
[[-4.90586805 -9.29524231 -4.93844461 -9.08530712]]
0
[[-14.29906654 -17.33333015  -1.33479834  -9.23615551]]
2
[[-4.90586805 -9.29524231 -4.93844461 -9.08530712]]
0
[[-14.29906654 -17.33333015  -1.33479834  -9.23615551]]
2
[[-4.90586805 -9.29524231 -4.93844461 -9.08530712]]
0
[[-14.29906654 -17.33333015  -1.33479834  -9.23615551]]
2
[[-4.90586805 -9.29524231 -4.93844461 -9.08530712]]
0
[[-14.29906654 -17.33333015  -1.33479834  -9.23615551]]
2
[[-4.90586805 -9.29524231 -4.93844461 -9.08530712]]
0
[[-14.29906654 -17.33333015  -1.33479834  -9.23615551]]
2
[[-4.90586805 -9.29524231 -4.93844461 -9.08530712]]
0
[[-14.29906654 -17.33333015  -1.33479834  -9.23615551]]
2
[[-4.90586805 -9.29524231 -4.93844461 -9.08530712]]
0
[[-14.29906654 -17.33333015  -1.33479834  -9.23615551]]
2
[[-4.90586805 -9.29524231 -4.93844461 -9.08530712]]
0
[[-14.29906654 -17.33333015  -1.33479834  -9.23615551]]
2
[[-4.90586805 -9.29524231 -4.93844461 -9.08530712]]
0
[[-14.29906654 -17.33333015  -1.33479834  -9.23615551]]
2
[[-4.90586805 -9.29524231 -4.93844461 -9.08530712]]
0
FAIL
1/2
