[[-4.65376806 -6.16787577 -3.9610045  -8.60846806]]
2
[[-2.24563503 -7.27784538 -3.17851353 -8.92274761]]
0
[[-4.65376806 -6.16787577 -3.9610045  -8.60846806]]
2
[[-2.24563503 -7.27784538 -3.17851353 -8.92274761]]
0
[[-4.65376806 -6.16787577 -3.9610045  -8.60846806]]
2
[[-2.24563503 -7.27784538 -3.17851353 -8.92274761]]
0
[[-4.65376806 -6.16787577 -3.9610045  -8.60846806]]
2
[[-2.24563503 -7.27784538 -3.17851353 -8.92274761]]
0
[[-4.65376806 -6.16787577 -3.9610045  -8.60846806]]
2
[[-2.24563503 -7.27784538 -3.17851353 -8.92274761]]
0
[[-4.65376806 -6.16787577 -3.9610045  -8.60846806]]
2
[[-2.24563503 -7.27784538 -3.17851353 -8.92274761]]
0
[[-4.65376806 -6.16787577 -3.9610045  -8.60846806]]
2
[[-2.24563503 -7.27784538 -3.17851353 -8.92274761]]
0
[[-4.65376806 -6.16787577 -3.9610045  -8.60846806]]
2
[[-2.24563503 -7.27784538 -3.17851353 -8.92274761]]
0
[[-4.65376806 -6.16787577 -3.9610045  -8.60846806]]
2
[[-2.24563503 -7.27784538 -3.17851353 -8.92274761]]
0
[[-4.65376806 -6.16787577 -3.9610045  -8.60846806]]
2
[[-2.24563503 -7.27784538 -3.17851353 -8.92274761]]
0
[[-4.65376806 -6.16787577 -3.9610045  -8.60846806]]
2
[[-2.24563503 -7.27784538 -3.17851353 -8.92274761]]
0
[[-4.65376806 -6.16787577 -3.9610045  -8.60846806]]
2
[[-2.24563503 -7.27784538 -3.17851353 -8.92274761]]
0
[[-4.65376806 -6.16787577 -3.9610045  -8.60846806]]
2
[[-2.24563503 -7.27784538 -3.17851353 -8.92274761]]
0
[[-4.65376806 -6.16787577 -3.9610045  -8.60846806]]
2
[[-2.24563503 -7.27784538 -3.17851353 -8.92274761]]
0
[[-4.65376806 -6.16787577 -3.9610045  -8.60846806]]
2
[[-2.24563503 -7.27784538 -3.17851353 -8.92274761]]
0
[[-4.65376806 -6.16787577 -3.9610045  -8.60846806]]
2
[[-2.24563503 -7.27784538 -3.17851353 -8.92274761]]
0
[[-4.65376806 -6.16787577 -3.9610045  -8.60846806]]
2
[[-2.24563503 -7.27784538 -3.17851353 -8.92274761]]
0
[[-4.65376806 -6.16787577 -3.9610045  -8.60846806]]
2
[[-2.24563503 -7.27784538 -3.17851353 -8.92274761]]
0
[[-4.65376806 -6.16787577 -3.9610045  -8.60846806]]
2
[[-2.24563503 -7.27784538 -3.17851353 -8.92274761]]
0
[[-4.65376806 -6.16787577 -3.9610045  -8.60846806]]
2
[[-2.24563503 -7.27784538 -3.17851353 -8.92274761]]
0
[[-4.65376806 -6.16787577 -3.9610045  -8.60846806]]
2
[[-2.24563503 -7.27784538 -3.17851353 -8.92274761]]
0
[[-4.65376806 -6.16787577 -3.9610045  -8.60846806]]
2
[[-2.24563503 -7.27784538 -3.17851353 -8.92274761]]
0
[[-4.65376806 -6.16787577 -3.9610045  -8.60846806]]
2
[[-2.24563503 -7.27784538 -3.17851353 -8.92274761]]
0
[[-4.65376806 -6.16787577 -3.9610045  -8.60846806]]
2
[[-2.24563503 -7.27784538 -3.17851353 -8.92274761]]
0
[[-4.65376806 -6.16787577 -3.9610045  -8.60846806]]
2
[[-2.24563503 -7.27784538 -3.17851353 -8.92274761]]
0
[[-4.65376806 -6.16787577 -3.9610045  -8.60846806]]
2
[[-2.24563503 -7.27784538 -3.17851353 -8.92274761]]
0
[[-4.65376806 -6.16787577 -3.9610045  -8.60846806]]
2
[[-2.24563503 -7.27784538 -3.17851353 -8.92274761]]
0
[[-4.65376806 -6.16787577 -3.9610045  -8.60846806]]
2
[[-2.24563503 -7.27784538 -3.17851353 -8.92274761]]
0
[[-4.65376806 -6.16787577 -3.9610045  -8.60846806]]
2
[[-2.24563503 -7.27784538 -3.17851353 -8.92274761]]
0
[[-4.65376806 -6.16787577 -3.9610045  -8.60846806]]
2
[[-2.24563503 -7.27784538 -3.17851353 -8.92274761]]
0
[[-4.65376806 -6.16787577 -3.9610045  -8.60846806]]
2
[[-2.24563503 -7.27784538 -3.17851353 -8.92274761]]
0
[[-4.65376806 -6.16787577 -3.9610045  -8.60846806]]
2
[[-2.24563503 -7.27784538 -3.17851353 -8.92274761]]
0
[[-4.65376806 -6.16787577 -3.9610045  -8.60846806]]
2
[[-2.24563503 -7.27784538 -3.17851353 -8.92274761]]
0
[[-4.65376806 -6.16787577 -3.9610045  -8.60846806]]
2
[[-2.24563503 -7.27784538 -3.17851353 -8.92274761]]
0
[[-4.65376806 -6.16787577 -3.9610045  -8.60846806]]
2
[[-2.24563503 -7.27784538 -3.17851353 -8.92274761]]
0
[[-4.65376806 -6.16787577 -3.9610045  -8.60846806]]
2
[[-2.24563503 -7.27784538 -3.17851353 -8.92274761]]
0
[[-4.65376806 -6.16787577 -3.9610045  -8.60846806]]
2
[[-2.24563503 -7.27784538 -3.17851353 -8.92274761]]
0
[[-4.65376806 -6.16787577 -3.9610045  -8.60846806]]
2
[[-2.24563503 -7.27784538 -3.17851353 -8.92274761]]
0
[[-4.65376806 -6.16787577 -3.9610045  -8.60846806]]
2
[[-2.24563503 -7.27784538 -3.17851353 -8.92274761]]
0
[[-4.65376806 -6.16787577 -3.9610045  -8.60846806]]
2
[[-2.24563503 -7.27784538 -3.17851353 -8.92274761]]
0
[[-4.65376806 -6.16787577 -3.9610045  -8.60846806]]
2
[[-2.24563503 -7.27784538 -3.17851353 -8.92274761]]
0
[[-4.65376806 -6.16787577 -3.9610045  -8.60846806]]
2
[[-2.24563503 -7.27784538 -3.17851353 -8.92274761]]
0
[[-4.65376806 -6.16787577 -3.9610045  -8.60846806]]
2
[[-2.24563503 -7.27784538 -3.17851353 -8.92274761]]
0
[[-4.65376806 -6.16787577 -3.9610045  -8.60846806]]
2
[[-2.24563503 -7.27784538 -3.17851353 -8.92274761]]
0
[[-4.65376806 -6.16787577 -3.9610045  -8.60846806]]
2
[[-2.24563503 -7.27784538 -3.17851353 -8.92274761]]
0
[[-4.65376806 -6.16787577 -3.9610045  -8.60846806]]
2
[[-2.24563503 -7.27784538 -3.17851353 -8.92274761]]
0
[[-4.65376806 -6.16787577 -3.9610045  -8.60846806]]
2
[[-2.24563503 -7.27784538 -3.17851353 -8.92274761]]
0
[[-4.65376806 -6.16787577 -3.9610045  -8.60846806]]
2
[[-2.24563503 -7.27784538 -3.17851353 -8.92274761]]
0
[[-4.65376806 -6.16787577 -3.9610045  -8.60846806]]
2
[[-2.24563503 -7.27784538 -3.17851353 -8.92274761]]
0
[[-4.65376806 -6.16787577 -3.9610045  -8.60846806]]
2
[[-2.24563503 -7.27784538 -3.17851353 -8.92274761]]
0
[[-4.65376806 -6.16787577 -3.9610045  -8.60846806]]
2
FAIL
0/5
