[[-5.13471174 -5.85443687 -3.6716361  -8.63754463]]
2
[[-2.74980617 -6.9955411  -2.88024044 -8.95946217]]
0
[[-5.13471174 -5.85443687 -3.6716361  -8.63754463]]
2
[[-2.74980617 -6.9955411  -2.88024044 -8.95946217]]
0
[[-5.13471174 -5.85443687 -3.6716361  -8.63754463]]
2
[[-2.74980617 -6.9955411  -2.88024044 -8.95946217]]
0
[[-5.13471174 -5.85443687 -3.6716361  -8.63754463]]
2
[[-2.74980617 -6.9955411  -2.88024044 -8.95946217]]
0
[[-5.13471174 -5.85443687 -3.6716361  -8.63754463]]
2
[[-2.74980617 -6.9955411  -2.88024044 -8.95946217]]
0
[[-5.13471174 -5.85443687 -3.6716361  -8.63754463]]
2
[[-2.74980617 -6.9955411  -2.88024044 -8.95946217]]
0
[[-5.13471174 -5.85443687 -3.6716361  -8.63754463]]
2
[[-2.74980617 -6.9955411  -2.88024044 -8.95946217]]
0
[[-5.13471174 -5.85443687 -3.6716361  -8.63754463]]
2
[[-2.74980617 -6.9955411  -2.88024044 -8.95946217]]
0
[[-5.13471174 -5.85443687 -3.6716361  -8.63754463]]
2
[[-2.74980617 -6.9955411  -2.88024044 -8.95946217]]
0
[[-5.13471174 -5.85443687 -3.6716361  -8.63754463]]
2
[[-2.74980617 -6.9955411  -2.88024044 -8.95946217]]
0
[[-5.13471174 -5.85443687 -3.6716361  -8.63754463]]
2
[[-2.74980617 -6.9955411  -2.88024044 -8.95946217]]
0
[[-5.13471174 -5.85443687 -3.6716361  -8.63754463]]
2
[[-2.74980617 -6.9955411  -2.88024044 -8.95946217]]
0
[[-5.13471174 -5.85443687 -3.6716361  -8.63754463]]
2
[[-2.74980617 -6.9955411  -2.88024044 -8.95946217]]
0
[[-5.13471174 -5.85443687 -3.6716361  -8.63754463]]
2
[[-2.74980617 -6.9955411  -2.88024044 -8.95946217]]
0
[[-5.13471174 -5.85443687 -3.6716361  -8.63754463]]
2
[[-2.74980617 -6.9955411  -2.88024044 -8.95946217]]
0
[[-5.13471174 -5.85443687 -3.6716361  -8.63754463]]
2
[[-2.74980617 -6.9955411  -2.88024044 -8.95946217]]
0
[[-5.13471174 -5.85443687 -3.6716361  -8.63754463]]
2
[[-2.74980617 -6.9955411  -2.88024044 -8.95946217]]
0
[[-5.13471174 -5.85443687 -3.6716361  -8.63754463]]
2
[[-2.74980617 -6.9955411  -2.88024044 -8.95946217]]
0
[[-5.13471174 -5.85443687 -3.6716361  -8.63754463]]
2
[[-2.74980617 -6.9955411  -2.88024044 -8.95946217]]
0
[[-5.13471174 -5.85443687 -3.6716361  -8.63754463]]
2
[[-2.74980617 -6.9955411  -2.88024044 -8.95946217]]
0
[[-5.13471174 -5.85443687 -3.6716361  -8.63754463]]
2
[[-2.74980617 -6.9955411  -2.88024044 -8.95946217]]
0
[[-5.13471174 -5.85443687 -3.6716361  -8.63754463]]
2
[[-2.74980617 -6.9955411  -2.88024044 -8.95946217]]
0
[[-5.13471174 -5.85443687 -3.6716361  -8.63754463]]
2
[[-2.74980617 -6.9955411  -2.88024044 -8.95946217]]
0
[[-5.13471174 -5.85443687 -3.6716361  -8.63754463]]
2
[[-2.74980617 -6.9955411  -2.88024044 -8.95946217]]
0
[[-5.13471174 -5.85443687 -3.6716361  -8.63754463]]
2
[[-2.74980617 -6.9955411  -2.88024044 -8.95946217]]
0
[[-5.13471174 -5.85443687 -3.6716361  -8.63754463]]
2
[[-2.74980617 -6.9955411  -2.88024044 -8.95946217]]
0
[[-5.13471174 -5.85443687 -3.6716361  -8.63754463]]
2
[[-2.74980617 -6.9955411  -2.88024044 -8.95946217]]
0
[[-5.13471174 -5.85443687 -3.6716361  -8.63754463]]
2
[[-2.74980617 -6.9955411  -2.88024044 -8.95946217]]
0
[[-5.13471174 -5.85443687 -3.6716361  -8.63754463]]
2
[[-2.74980617 -6.9955411  -2.88024044 -8.95946217]]
0
[[-5.13471174 -5.85443687 -3.6716361  -8.63754463]]
2
[[-2.74980617 -6.9955411  -2.88024044 -8.95946217]]
0
[[-5.13471174 -5.85443687 -3.6716361  -8.63754463]]
2
[[-2.74980617 -6.9955411  -2.88024044 -8.95946217]]
0
[[-5.13471174 -5.85443687 -3.6716361  -8.63754463]]
2
[[-2.74980617 -6.9955411  -2.88024044 -8.95946217]]
0
[[-5.13471174 -5.85443687 -3.6716361  -8.63754463]]
2
[[-2.74980617 -6.9955411  -2.88024044 -8.95946217]]
0
[[-5.13471174 -5.85443687 -3.6716361  -8.63754463]]
2
[[-2.74980617 -6.9955411  -2.88024044 -8.95946217]]
0
[[-5.13471174 -5.85443687 -3.6716361  -8.63754463]]
2
[[-2.74980617 -6.9955411  -2.88024044 -8.95946217]]
0
[[-5.13471174 -5.85443687 -3.6716361  -8.63754463]]
2
[[-2.74980617 -6.9955411  -2.88024044 -8.95946217]]
0
[[-5.13471174 -5.85443687 -3.6716361  -8.63754463]]
2
[[-2.74980617 -6.9955411  -2.88024044 -8.95946217]]
0
[[-5.13471174 -5.85443687 -3.6716361  -8.63754463]]
2
[[-2.74980617 -6.9955411  -2.88024044 -8.95946217]]
0
[[-5.13471174 -5.85443687 -3.6716361  -8.63754463]]
2
[[-2.74980617 -6.9955411  -2.88024044 -8.95946217]]
0
[[-5.13471174 -5.85443687 -3.6716361  -8.63754463]]
2
[[-2.74980617 -6.9955411  -2.88024044 -8.95946217]]
0
[[-5.13471174 -5.85443687 -3.6716361  -8.63754463]]
2
[[-2.74980617 -6.9955411  -2.88024044 -8.95946217]]
0
[[-5.13471174 -5.85443687 -3.6716361  -8.63754463]]
2
[[-2.74980617 -6.9955411  -2.88024044 -8.95946217]]
0
[[-5.13471174 -5.85443687 -3.6716361  -8.63754463]]
2
[[-2.74980617 -6.9955411  -2.88024044 -8.95946217]]
0
[[-5.13471174 -5.85443687 -3.6716361  -8.63754463]]
2
[[-2.74980617 -6.9955411  -2.88024044 -8.95946217]]
0
[[-5.13471174 -5.85443687 -3.6716361  -8.63754463]]
2
[[-2.74980617 -6.9955411  -2.88024044 -8.95946217]]
0
[[-5.13471174 -5.85443687 -3.6716361  -8.63754463]]
2
[[-2.74980617 -6.9955411  -2.88024044 -8.95946217]]
0
[[-5.13471174 -5.85443687 -3.6716361  -8.63754463]]
2
[[-2.74980617 -6.9955411  -2.88024044 -8.95946217]]
0
[[-5.13471174 -5.85443687 -3.6716361  -8.63754463]]
2
[[-2.74980617 -6.9955411  -2.88024044 -8.95946217]]
0
[[-5.13471174 -5.85443687 -3.6716361  -8.63754463]]
2
[[-2.74980617 -6.9955411  -2.88024044 -8.95946217]]
0
[[-5.13471174 -5.85443687 -3.6716361  -8.63754463]]
2
[[-2.74980617 -6.9955411  -2.88024044 -8.95946217]]
0
[[-5.13471174 -5.85443687 -3.6716361  -8.63754463]]
2
FAIL
0/5
