[[ -5.45090723  -0.04086523 -13.25903606  -6.09822655]]
1
[[ -5.79643011   0.19992466 -14.65923977  -5.77927876]]
1
[[ -7.9980464   -6.76764011 -13.5435524   -6.11344624]]
3
[[ -5.79643011   0.19992466 -14.65923977  -5.77927876]]
1
[[ -7.9980464   -6.76764011 -13.5435524   -6.11344624]]
3
[[ -5.79643011   0.19992466 -14.65923977  -5.77927876]]
1
[[ -7.9980464   -6.76764011 -13.5435524   -6.11344624]]
3
[[ -5.79643011   0.19992466 -14.65923977  -5.77927876]]
1
[[ -7.9980464   -6.76764011 -13.5435524   -6.11344624]]
3
[[ -5.79643011   0.19992466 -14.65923977  -5.77927876]]
1
[[ -7.9980464   -6.76764011 -13.5435524   -6.11344624]]
3
[[ -5.79643011   0.19992466 -14.65923977  -5.77927876]]
1
[[ -7.9980464   -6.76764011 -13.5435524   -6.11344624]]
3
[[ -5.79643011   0.19992466 -14.65923977  -5.77927876]]
1
[[ -7.9980464   -6.76764011 -13.5435524   -6.11344624]]
3
[[ -5.79643011   0.19992466 -14.65923977  -5.77927876]]
1
[[ -7.9980464   -6.76764011 -13.5435524   -6.11344624]]
3
[[ -5.79643011   0.19992466 -14.65923977  -5.77927876]]
1
[[ -7.9980464   -6.76764011 -13.5435524   -6.11344624]]
3
[[ -5.79643011   0.19992466 -14.65923977  -5.77927876]]
1
[[ -7.9980464   -6.76764011 -13.5435524   -6.11344624]]
3
[[ -5.79643011   0.19992466 -14.65923977  -5.77927876]]
1
[[ -7.9980464   -6.76764011 -13.5435524   -6.11344624]]
3
[[ -5.79643011   0.19992466 -14.65923977  -5.77927876]]
1
[[ -7.9980464   -6.76764011 -13.5435524   -6.11344624]]
3
[[ -5.79643011   0.19992466 -14.65923977  -5.77927876]]
1
[[ -7.9980464   -6.76764011 -13.5435524   -6.11344624]]
3
[[ -5.79643011   0.19992466 -14.65923977  -5.77927876]]
1
[[ -7.9980464   -6.76764011 -13.5435524   -6.11344624]]
3
[[ -5.79643011   0.19992466 -14.65923977  -5.77927876]]
1
[[ -7.9980464   -6.76764011 -13.5435524   -6.11344624]]
3
[[ -5.79643011   0.19992466 -14.65923977  -5.77927876]]
1
[[ -7.9980464   -6.76764011 -13.5435524   -6.11344624]]
3
[[ -5.79643011   0.19992466 -14.65923977  -5.77927876]]
1
[[ -7.9980464   -6.76764011 -13.5435524   -6.11344624]]
3
[[ -5.79643011   0.19992466 -14.65923977  -5.77927876]]
1
[[ -7.9980464   -6.76764011 -13.5435524   -6.11344624]]
3
[[ -5.79643011   0.19992466 -14.65923977  -5.77927876]]
1
[[ -7.9980464   -6.76764011 -13.5435524   -6.11344624]]
3
[[ -5.79643011   0.19992466 -14.65923977  -5.77927876]]
1
[[ -7.9980464   -6.76764011 -13.5435524   -6.11344624]]
3
[[ -5.79643011   0.19992466 -14.65923977  -5.77927876]]
1
[[ -7.9980464   -6.76764011 -13.5435524   -6.11344624]]
3
[[ -5.79643011   0.19992466 -14.65923977  -5.77927876]]
1
[[ -7.9980464   -6.76764011 -13.5435524   -6.11344624]]
3
[[ -5.79643011   0.19992466 -14.65923977  -5.77927876]]
1
[[ -7.9980464   -6.76764011 -13.5435524   -6.11344624]]
3
[[ -5.79643011   0.19992466 -14.65923977  -5.77927876]]
1
[[ -7.9980464   -6.76764011 -13.5435524   -6.11344624]]
3
[[ -5.79643011   0.19992466 -14.65923977  -5.77927876]]
1
[[ -7.9980464   -6.76764011 -13.5435524   -6.11344624]]
3
[[ -5.79643011   0.19992466 -14.65923977  -5.77927876]]
1
[[ -7.9980464   -6.76764011 -13.5435524   -6.11344624]]
3
[[ -5.79643011   0.19992466 -14.65923977  -5.77927876]]
1
[[ -7.9980464   -6.76764011 -13.5435524   -6.11344624]]
3
[[ -5.79643011   0.19992466 -14.65923977  -5.77927876]]
1
[[ -7.9980464   -6.76764011 -13.5435524   -6.11344624]]
3
[[ -5.79643011   0.19992466 -14.65923977  -5.77927876]]
1
[[ -7.9980464   -6.76764011 -13.5435524   -6.11344624]]
3
[[ -5.79643011   0.19992466 -14.65923977  -5.77927876]]
1
[[ -7.9980464   -6.76764011 -13.5435524   -6.11344624]]
3
[[ -5.79643011   0.19992466 -14.65923977  -5.77927876]]
1
[[ -7.9980464   -6.76764011 -13.5435524   -6.11344624]]
3
[[ -5.79643011   0.19992466 -14.65923977  -5.77927876]]
1
[[ -7.9980464   -6.76764011 -13.5435524   -6.11344624]]
3
[[ -5.79643011   0.19992466 -14.65923977  -5.77927876]]
1
[[ -7.9980464   -6.76764011 -13.5435524   -6.11344624]]
3
[[ -5.79643011   0.19992466 -14.65923977  -5.77927876]]
1
[[ -7.9980464   -6.76764011 -13.5435524   -6.11344624]]
3
[[ -5.79643011   0.19992466 -14.65923977  -5.77927876]]
1
[[ -7.9980464   -6.76764011 -13.5435524   -6.11344624]]
3
[[ -5.79643011   0.19992466 -14.65923977  -5.77927876]]
1
[[ -7.9980464   -6.76764011 -13.5435524   -6.11344624]]
3
[[ -5.79643011   0.19992466 -14.65923977  -5.77927876]]
1
[[ -7.9980464   -6.76764011 -13.5435524   -6.11344624]]
3
[[ -5.79643011   0.19992466 -14.65923977  -5.77927876]]
1
[[ -7.9980464   -6.76764011 -13.5435524   -6.11344624]]
3
[[ -5.79643011   0.19992466 -14.65923977  -5.77927876]]
1
[[ -7.9980464   -6.76764011 -13.5435524   -6.11344624]]
3
[[ -5.79643011   0.19992466 -14.65923977  -5.77927876]]
1
[[ -7.9980464   -6.76764011 -13.5435524   -6.11344624]]
3
[[ -5.79643011   0.19992466 -14.65923977  -5.77927876]]
1
[[ -7.9980464   -6.76764011 -13.5435524   -6.11344624]]
3
[[ -5.79643011   0.19992466 -14.65923977  -5.77927876]]
1
[[ -7.9980464   -6.76764011 -13.5435524   -6.11344624]]
3
[[ -5.79643011   0.19992466 -14.65923977  -5.77927876]]
1
[[ -7.9980464   -6.76764011 -13.5435524   -6.11344624]]
3
[[ -5.79643011   0.19992466 -14.65923977  -5.77927876]]
1
[[ -7.9980464   -6.76764011 -13.5435524   -6.11344624]]
3
[[ -5.79643011   0.19992466 -14.65923977  -5.77927876]]
1
[[ -7.9980464   -6.76764011 -13.5435524   -6.11344624]]
3
[[ -5.79643011   0.19992466 -14.65923977  -5.77927876]]
1
[[ -7.9980464   -6.76764011 -13.5435524   -6.11344624]]
3
[[ -5.79643011   0.19992466 -14.65923977  -5.77927876]]
1
[[ -7.9980464   -6.76764011 -13.5435524   -6.11344624]]
3
[[ -5.79643011   0.19992466 -14.65923977  -5.77927876]]
1
[[ -7.9980464   -6.76764011 -13.5435524   -6.11344624]]
3
[[ -5.79643011   0.19992466 -14.65923977  -5.77927876]]
1
[[ -7.9980464   -6.76764011 -13.5435524   -6.11344624]]
3
[[ -5.79643011   0.19992466 -14.65923977  -5.77927876]]
1
[[ -7.9980464   -6.76764011 -13.5435524   -6.11344624]]
3
FAIL
0/8
