[[ -5.26983643  -0.36894235 -13.43786144  -6.0451355 ]]
1
[[ -5.6190033   -0.13642797 -14.84317112  -5.71165085]]
1
[[ -7.80478287  -7.08079147 -13.7263689   -6.05135536]]
3
[[ -5.6190033   -0.13642797 -14.84317112  -5.71165085]]
1
[[ -7.80478287  -7.08079147 -13.7263689   -6.05135536]]
3
[[ -5.6190033   -0.13642797 -14.84317112  -5.71165085]]
1
[[ -7.80478287  -7.08079147 -13.7263689   -6.05135536]]
3
[[ -5.6190033   -0.13642797 -14.84317112  -5.71165085]]
1
[[ -7.80478287  -7.08079147 -13.7263689   -6.05135536]]
3
[[ -5.6190033   -0.13642797 -14.84317112  -5.71165085]]
1
[[ -7.80478287  -7.08079147 -13.7263689   -6.05135536]]
3
[[ -5.6190033   -0.13642797 -14.84317112  -5.71165085]]
1
[[ -7.80478287  -7.08079147 -13.7263689   -6.05135536]]
3
[[ -5.6190033   -0.13642797 -14.84317112  -5.71165085]]
1
[[ -7.80478287  -7.08079147 -13.7263689   -6.05135536]]
3
[[ -5.6190033   -0.13642797 -14.84317112  -5.71165085]]
1
[[ -7.80478287  -7.08079147 -13.7263689   -6.05135536]]
3
[[ -5.6190033   -0.13642797 -14.84317112  -5.71165085]]
1
[[ -7.80478287  -7.08079147 -13.7263689   -6.05135536]]
3
[[ -5.6190033   -0.13642797 -14.84317112  -5.71165085]]
1
[[ -7.80478287  -7.08079147 -13.7263689   -6.05135536]]
3
[[ -5.6190033   -0.13642797 -14.84317112  -5.71165085]]
1
[[ -7.80478287  -7.08079147 -13.7263689   -6.05135536]]
3
[[ -5.6190033   -0.13642797 -14.84317112  -5.71165085]]
1
[[ -7.80478287  -7.08079147 -13.7263689   -6.05135536]]
3
[[ -5.6190033   -0.13642797 -14.84317112  -5.71165085]]
1
[[ -7.80478287  -7.08079147 -13.7263689   -6.05135536]]
3
[[ -5.6190033   -0.13642797 -14.84317112  -5.71165085]]
1
[[ -7.80478287  -7.08079147 -13.7263689   -6.05135536]]
3
[[ -5.6190033   -0.13642797 -14.84317112  -5.71165085]]
1
[[ -7.80478287  -7.08079147 -13.7263689   -6.05135536]]
3
[[ -5.6190033   -0.13642797 -14.84317112  -5.71165085]]
1
[[ -7.80478287  -7.08079147 -13.7263689   -6.05135536]]
3
[[ -5.6190033   -0.13642797 -14.84317112  -5.71165085]]
1
[[ -7.80478287  -7.08079147 -13.7263689   -6.05135536]]
3
[[ -5.6190033   -0.13642797 -14.84317112  -5.71165085]]
1
[[ -7.80478287  -7.08079147 -13.7263689   -6.05135536]]
3
[[ -5.6190033   -0.13642797 -14.84317112  -5.71165085]]
1
[[ -7.80478287  -7.08079147 -13.7263689   -6.05135536]]
3
[[ -5.6190033   -0.13642797 -14.84317112  -5.71165085]]
1
[[ -7.80478287  -7.08079147 -13.7263689   -6.05135536]]
3
[[ -5.6190033   -0.13642797 -14.84317112  -5.71165085]]
1
[[ -7.80478287  -7.08079147 -13.7263689   -6.05135536]]
3
[[ -5.6190033   -0.13642797 -14.84317112  -5.71165085]]
1
[[ -7.80478287  -7.08079147 -13.7263689   -6.05135536]]
3
[[ -5.6190033   -0.13642797 -14.84317112  -5.71165085]]
1
[[ -7.80478287  -7.08079147 -13.7263689   -6.05135536]]
3
[[ -5.6190033   -0.13642797 -14.84317112  -5.71165085]]
1
[[ -7.80478287  -7.08079147 -13.7263689   -6.05135536]]
3
[[ -5.6190033   -0.13642797 -14.84317112  -5.71165085]]
1
[[ -7.80478287  -7.08079147 -13.7263689   -6.05135536]]
3
[[ -5.6190033   -0.13642797 -14.84317112  -5.71165085]]
1
[[ -7.80478287  -7.08079147 -13.7263689   -6.05135536]]
3
[[ -5.6190033   -0.13642797 -14.84317112  -5.71165085]]
1
[[ -7.80478287  -7.08079147 -13.7263689   -6.05135536]]
3
[[ -5.6190033   -0.13642797 -14.84317112  -5.71165085]]
1
[[ -7.80478287  -7.08079147 -13.7263689   -6.05135536]]
3
[[ -5.6190033   -0.13642797 -14.84317112  -5.71165085]]
1
[[ -7.80478287  -7.08079147 -13.7263689   -6.05135536]]
3
[[ -5.6190033   -0.13642797 -14.84317112  -5.71165085]]
1
[[ -7.80478287  -7.08079147 -13.7263689   -6.05135536]]
3
[[ -5.6190033   -0.13642797 -14.84317112  -5.71165085]]
1
[[ -7.80478287  -7.08079147 -13.7263689   -6.05135536]]
3
[[ -5.6190033   -0.13642797 -14.84317112  -5.71165085]]
1
[[ -7.80478287  -7.08079147 -13.7263689   -6.05135536]]
3
[[ -5.6190033   -0.13642797 -14.84317112  -5.71165085]]
1
[[ -7.80478287  -7.08079147 -13.7263689   -6.05135536]]
3
[[ -5.6190033   -0.13642797 -14.84317112  -5.71165085]]
1
[[ -7.80478287  -7.08079147 -13.7263689   -6.05135536]]
3
[[ -5.6190033   -0.13642797 -14.84317112  -5.71165085]]
1
[[ -7.80478287  -7.08079147 -13.7263689   -6.05135536]]
3
[[ -5.6190033   -0.13642797 -14.84317112  -5.71165085]]
1
[[ -7.80478287  -7.08079147 -13.7263689   -6.05135536]]
3
[[ -5.6190033   -0.13642797 -14.84317112  -5.71165085]]
1
[[ -7.80478287  -7.08079147 -13.7263689   -6.05135536]]
3
[[ -5.6190033   -0.13642797 -14.84317112  -5.71165085]]
1
[[ -7.80478287  -7.08079147 -13.7263689   -6.05135536]]
3
[[ -5.6190033   -0.13642797 -14.84317112  -5.71165085]]
1
[[ -7.80478287  -7.08079147 -13.7263689   -6.05135536]]
3
[[ -5.6190033   -0.13642797 -14.84317112  -5.71165085]]
1
[[ -7.80478287  -7.08079147 -13.7263689   -6.05135536]]
3
[[ -5.6190033   -0.13642797 -14.84317112  -5.71165085]]
1
[[ -7.80478287  -7.08079147 -13.7263689   -6.05135536]]
3
[[ -5.6190033   -0.13642797 -14.84317112  -5.71165085]]
1
[[ -7.80478287  -7.08079147 -13.7263689   -6.05135536]]
3
[[ -5.6190033   -0.13642797 -14.84317112  -5.71165085]]
1
[[ -7.80478287  -7.08079147 -13.7263689   -6.05135536]]
3
[[ -5.6190033   -0.13642797 -14.84317112  -5.71165085]]
1
[[ -7.80478287  -7.08079147 -13.7263689   -6.05135536]]
3
[[ -5.6190033   -0.13642797 -14.84317112  -5.71165085]]
1
[[ -7.80478287  -7.08079147 -13.7263689   -6.05135536]]
3
[[ -5.6190033   -0.13642797 -14.84317112  -5.71165085]]
1
[[ -7.80478287  -7.08079147 -13.7263689   -6.05135536]]
3
[[ -5.6190033   -0.13642797 -14.84317112  -5.71165085]]
1
[[ -7.80478287  -7.08079147 -13.7263689   -6.05135536]]
3
[[ -5.6190033   -0.13642797 -14.84317112  -5.71165085]]
1
[[ -7.80478287  -7.08079147 -13.7263689   -6.05135536]]
3
[[ -5.6190033   -0.13642797 -14.84317112  -5.71165085]]
1
[[ -7.80478287  -7.08079147 -13.7263689   -6.05135536]]
3
[[ -5.6190033   -0.13642797 -14.84317112  -5.71165085]]
1
[[ -7.80478287  -7.08079147 -13.7263689   -6.05135536]]
3
FAIL
0/8
