[[-4.95424747 -6.18361759 -3.86054015 -8.53780937]]
2
[[-2.58893871 -7.34743977 -3.05569243 -8.87077332]]
0
[[-4.95424747 -6.18361759 -3.86054015 -8.53780937]]
2
[[-2.58893871 -7.34743977 -3.05569243 -8.87077332]]
0
[[-4.95424747 -6.18361759 -3.86054015 -8.53780937]]
2
[[-2.58893871 -7.34743977 -3.05569243 -8.87077332]]
0
[[-4.95424747 -6.18361759 -3.86054015 -8.53780937]]
2
[[-2.58893871 -7.34743977 -3.05569243 -8.87077332]]
0
[[-4.95424747 -6.18361759 -3.86054015 -8.53780937]]
2
[[-2.58893871 -7.34743977 -3.05569243 -8.87077332]]
0
[[-4.95424747 -6.18361759 -3.86054015 -8.53780937]]
2
[[-2.58893871 -7.34743977 -3.05569243 -8.87077332]]
0
[[-4.95424747 -6.18361759 -3.86054015 -8.53780937]]
2
[[-2.58893871 -7.34743977 -3.05569243 -8.87077332]]
0
[[-4.95424747 -6.18361759 -3.86054015 -8.53780937]]
2
[[-2.58893871 -7.34743977 -3.05569243 -8.87077332]]
0
[[-4.95424747 -6.18361759 -3.86054015 -8.53780937]]
2
[[-2.58893871 -7.34743977 -3.05569243 -8.87077332]]
0
[[-4.95424747 -6.18361759 -3.86054015 -8.53780937]]
2
[[-2.58893871 -7.34743977 -3.05569243 -8.87077332]]
0
[[-4.95424747 -6.18361759 -3.86054015 -8.53780937]]
2
[[-2.58893871 -7.34743977 -3.05569243 -8.87077332]]
0
[[-4.95424747 -6.18361759 -3.86054015 -8.53780937]]
2
[[-2.58893871 -7.34743977 -3.05569243 -8.87077332]]
0
[[-4.95424747 -6.18361759 -3.86054015 -8.53780937]]
2
[[-2.58893871 -7.34743977 -3.05569243 -8.87077332]]
0
[[-4.95424747 -6.18361759 -3.86054015 -8.53780937]]
2
[[-2.58893871 -7.34743977 -3.05569243 -8.87077332]]
0
[[-4.95424747 -6.18361759 -3.86054015 -8.53780937]]
2
[[-2.58893871 -7.34743977 -3.05569243 -8.87077332]]
0
[[-4.95424747 -6.18361759 -3.86054015 -8.53780937]]
2
[[-2.58893871 -7.34743977 -3.05569243 -8.87077332]]
0
[[-4.95424747 -6.18361759 -3.86054015 -8.53780937]]
2
[[-2.58893871 -7.34743977 -3.05569243 -8.87077332]]
0
[[-4.95424747 -6.18361759 -3.86054015 -8.53780937]]
2
[[-2.58893871 -7.34743977 -3.05569243 -8.87077332]]
0
[[-4.95424747 -6.18361759 -3.86054015 -8.53780937]]
2
[[-2.58893871 -7.34743977 -3.05569243 -8.87077332]]
0
[[-4.95424747 -6.18361759 -3.86054015 -8.53780937]]
2
[[-2.58893871 -7.34743977 -3.05569243 -8.87077332]]
0
[[-4.95424747 -6.18361759 -3.86054015 -8.53780937]]
2
[[-2.58893871 -7.34743977 -3.05569243 -8.87077332]]
0
[[-4.95424747 -6.18361759 -3.86054015 -8.53780937]]
2
[[-2.58893871 -7.34743977 -3.05569243 -8.87077332]]
0
[[-4.95424747 -6.18361759 -3.86054015 -8.53780937]]
2
[[-2.58893871 -7.34743977 -3.05569243 -8.87077332]]
0
[[-4.95424747 -6.18361759 -3.86054015 -8.53780937]]
2
[[-2.58893871 -7.34743977 -3.05569243 -8.87077332]]
0
[[-4.95424747 -6.18361759 -3.86054015 -8.53780937]]
2
[[-2.58893871 -7.34743977 -3.05569243 -8.87077332]]
0
[[-4.95424747 -6.18361759 -3.86054015 -8.53780937]]
2
[[-2.58893871 -7.34743977 -3.05569243 -8.87077332]]
0
[[-4.95424747 -6.18361759 -3.86054015 -8.53780937]]
2
[[-2.58893871 -7.34743977 -3.05569243 -8.87077332]]
0
[[-4.95424747 -6.18361759 -3.86054015 -8.53780937]]
2
[[-2.58893871 -7.34743977 -3.05569243 -8.87077332]]
0
[[-4.95424747 -6.18361759 -3.86054015 -8.53780937]]
2
[[-2.58893871 -7.34743977 -3.05569243 -8.87077332]]
0
[[-4.95424747 -6.18361759 -3.86054015 -8.53780937]]
2
[[-2.58893871 -7.34743977 -3.05569243 -8.87077332]]
0
[[-4.95424747 -6.18361759 -3.86054015 -8.53780937]]
2
[[-2.58893871 -7.34743977 -3.05569243 -8.87077332]]
0
[[-4.95424747 -6.18361759 -3.86054015 -8.53780937]]
2
[[-2.58893871 -7.34743977 -3.05569243 -8.87077332]]
0
[[-4.95424747 -6.18361759 -3.86054015 -8.53780937]]
2
[[-2.58893871 -7.34743977 -3.05569243 -8.87077332]]
0
[[-4.95424747 -6.18361759 -3.86054015 -8.53780937]]
2
[[-2.58893871 -7.34743977 -3.05569243 -8.87077332]]
0
[[-4.95424747 -6.18361759 -3.86054015 -8.53780937]]
2
[[-2.58893871 -7.34743977 -3.05569243 -8.87077332]]
0
[[-4.95424747 -6.18361759 -3.86054015 -8.53780937]]
2
[[-2.58893871 -7.34743977 -3.05569243 -8.87077332]]
0
[[-4.95424747 -6.18361759 -3.86054015 -8.53780937]]
2
[[-2.58893871 -7.34743977 -3.05569243 -8.87077332]]
0
[[-4.95424747 -6.18361759 -3.86054015 -8.53780937]]
2
[[-2.58893871 -7.34743977 -3.05569243 -8.87077332]]
0
[[-4.95424747 -6.18361759 -3.86054015 -8.53780937]]
2
[[-2.58893871 -7.34743977 -3.05569243 -8.87077332]]
0
[[-4.95424747 -6.18361759 -3.86054015 -8.53780937]]
2
[[-2.58893871 -7.34743977 -3.05569243 -8.87077332]]
0
[[-4.95424747 -6.18361759 -3.86054015 -8.53780937]]
2
[[-2.58893871 -7.34743977 -3.05569243 -8.87077332]]
0
[[-4.95424747 -6.18361759 -3.86054015 -8.53780937]]
2
[[-2.58893871 -7.34743977 -3.05569243 -8.87077332]]
0
[[-4.95424747 -6.18361759 -3.86054015 -8.53780937]]
2
[[-2.58893871 -7.34743977 -3.05569243 -8.87077332]]
0
[[-4.95424747 -6.18361759 -3.86054015 -8.53780937]]
2
[[-2.58893871 -7.34743977 -3.05569243 -8.87077332]]
0
[[-4.95424747 -6.18361759 -3.86054015 -8.53780937]]
2
[[-2.58893871 -7.34743977 -3.05569243 -8.87077332]]
0
[[-4.95424747 -6.18361759 -3.86054015 -8.53780937]]
2
[[-2.58893871 -7.34743977 -3.05569243 -8.87077332]]
0
[[-4.95424747 -6.18361759 -3.86054015 -8.53780937]]
2
[[-2.58893871 -7.34743977 -3.05569243 -8.87077332]]
0
[[-4.95424747 -6.18361759 -3.86054015 -8.53780937]]
2
[[-2.58893871 -7.34743977 -3.05569243 -8.87077332]]
0
[[-4.95424747 -6.18361759 -3.86054015 -8.53780937]]
2
[[-2.58893871 -7.34743977 -3.05569243 -8.87077332]]
0
[[-4.95424747 -6.18361759 -3.86054015 -8.53780937]]
2
[[-2.58893871 -7.34743977 -3.05569243 -8.87077332]]
0
[[-4.95424747 -6.18361759 -3.86054015 -8.53780937]]
2
FAIL
0/5
