[[-5.03157949 -5.97456741 -3.94537902 -8.55784225]]
2
[[-2.68689775 -7.16505909 -3.12184024 -8.89654541]]
0
[[-5.03157949 -5.97456741 -3.94537902 -8.55784225]]
2
[[-2.68689775 -7.16505909 -3.12184024 -8.89654541]]
0
[[-5.03157949 -5.97456741 -3.94537902 -8.55784225]]
2
[[-2.68689775 -7.16505909 -3.12184024 -8.89654541]]
0
[[-5.03157949 -5.97456741 -3.94537902 -8.55784225]]
2
[[-2.68689775 -7.16505909 -3.12184024 -8.89654541]]
0
[[-5.03157949 -5.97456741 -3.94537902 -8.55784225]]
2
[[-2.68689775 -7.16505909 -3.12184024 -8.89654541]]
0
[[-5.03157949 -5.97456741 -3.94537902 -8.55784225]]
2
[[-2.68689775 -7.16505909 -3.12184024 -8.89654541]]
0
[[-5.03157949 -5.97456741 -3.94537902 -8.55784225]]
2
[[-2.68689775 -7.16505909 -3.12184024 -8.89654541]]
0
[[-5.03157949 -5.97456741 -3.94537902 -8.55784225]]
2
[[-2.68689775 -7.16505909 -3.12184024 -8.89654541]]
0
[[-5.03157949 -5.97456741 -3.94537902 -8.55784225]]
2
[[-2.68689775 -7.16505909 -3.12184024 -8.89654541]]
0
[[-5.03157949 -5.97456741 -3.94537902 -8.55784225]]
2
[[-2.68689775 -7.16505909 -3.12184024 -8.89654541]]
0
[[-5.03157949 -5.97456741 -3.94537902 -8.55784225]]
2
[[-2.68689775 -7.16505909 -3.12184024 -8.89654541]]
0
[[-5.03157949 -5.97456741 -3.94537902 -8.55784225]]
2
[[-2.68689775 -7.16505909 -3.12184024 -8.89654541]]
0
[[-5.03157949 -5.97456741 -3.94537902 -8.55784225]]
2
[[-2.68689775 -7.16505909 -3.12184024 -8.89654541]]
0
[[-5.03157949 -5.97456741 -3.94537902 -8.55784225]]
2
[[-2.68689775 -7.16505909 -3.12184024 -8.89654541]]
0
[[-5.03157949 -5.97456741 -3.94537902 -8.55784225]]
2
[[-2.68689775 -7.16505909 -3.12184024 -8.89654541]]
0
[[-5.03157949 -5.97456741 -3.94537902 -8.55784225]]
2
[[-2.68689775 -7.16505909 -3.12184024 -8.89654541]]
0
[[-5.03157949 -5.97456741 -3.94537902 -8.55784225]]
2
[[-2.68689775 -7.16505909 -3.12184024 -8.89654541]]
0
[[-5.03157949 -5.97456741 -3.94537902 -8.55784225]]
2
[[-2.68689775 -7.16505909 -3.12184024 -8.89654541]]
0
[[-5.03157949 -5.97456741 -3.94537902 -8.55784225]]
2
[[-2.68689775 -7.16505909 -3.12184024 -8.89654541]]
0
[[-5.03157949 -5.97456741 -3.94537902 -8.55784225]]
2
[[-2.68689775 -7.16505909 -3.12184024 -8.89654541]]
0
[[-5.03157949 -5.97456741 -3.94537902 -8.55784225]]
2
[[-2.68689775 -7.16505909 -3.12184024 -8.89654541]]
0
[[-5.03157949 -5.97456741 -3.94537902 -8.55784225]]
2
[[-2.68689775 -7.16505909 -3.12184024 -8.89654541]]
0
[[-5.03157949 -5.97456741 -3.94537902 -8.55784225]]
2
[[-2.68689775 -7.16505909 -3.12184024 -8.89654541]]
0
[[-5.03157949 -5.97456741 -3.94537902 -8.55784225]]
2
[[-2.68689775 -7.16505909 -3.12184024 -8.89654541]]
0
[[-5.03157949 -5.97456741 -3.94537902 -8.55784225]]
2
[[-2.68689775 -7.16505909 -3.12184024 -8.89654541]]
0
[[-5.03157949 -5.97456741 -3.94537902 -8.55784225]]
2
[[-2.68689775 -7.16505909 -3.12184024 -8.89654541]]
0
[[-5.03157949 -5.97456741 -3.94537902 -8.55784225]]
2
[[-2.68689775 -7.16505909 -3.12184024 -8.89654541]]
0
[[-5.03157949 -5.97456741 -3.94537902 -8.55784225]]
2
[[-2.68689775 -7.16505909 -3.12184024 -8.89654541]]
0
[[-5.03157949 -5.97456741 -3.94537902 -8.55784225]]
2
[[-2.68689775 -7.16505909 -3.12184024 -8.89654541]]
0
[[-5.03157949 -5.97456741 -3.94537902 -8.55784225]]
2
[[-2.68689775 -7.16505909 -3.12184024 -8.89654541]]
0
[[-5.03157949 -5.97456741 -3.94537902 -8.55784225]]
2
[[-2.68689775 -7.16505909 -3.12184024 -8.89654541]]
0
[[-5.03157949 -5.97456741 -3.94537902 -8.55784225]]
2
[[-2.68689775 -7.16505909 -3.12184024 -8.89654541]]
0
[[-5.03157949 -5.97456741 -3.94537902 -8.55784225]]
2
[[-2.68689775 -7.16505909 -3.12184024 -8.89654541]]
0
[[-5.03157949 -5.97456741 -3.94537902 -8.55784225]]
2
[[-2.68689775 -7.16505909 -3.12184024 -8.89654541]]
0
[[-5.03157949 -5.97456741 -3.94537902 -8.55784225]]
2
[[-2.68689775 -7.16505909 -3.12184024 -8.89654541]]
0
[[-5.03157949 -5.97456741 -3.94537902 -8.55784225]]
2
[[-2.68689775 -7.16505909 -3.12184024 -8.89654541]]
0
[[-5.03157949 -5.97456741 -3.94537902 -8.55784225]]
2
[[-2.68689775 -7.16505909 -3.12184024 -8.89654541]]
0
[[-5.03157949 -5.97456741 -3.94537902 -8.55784225]]
2
[[-2.68689775 -7.16505909 -3.12184024 -8.89654541]]
0
[[-5.03157949 -5.97456741 -3.94537902 -8.55784225]]
2
[[-2.68689775 -7.16505909 -3.12184024 -8.89654541]]
0
[[-5.03157949 -5.97456741 -3.94537902 -8.55784225]]
2
[[-2.68689775 -7.16505909 -3.12184024 -8.89654541]]
0
[[-5.03157949 -5.97456741 -3.94537902 -8.55784225]]
2
[[-2.68689775 -7.16505909 -3.12184024 -8.89654541]]
0
[[-5.03157949 -5.97456741 -3.94537902 -8.55784225]]
2
[[-2.68689775 -7.16505909 -3.12184024 -8.89654541]]
0
[[-5.03157949 -5.97456741 -3.94537902 -8.55784225]]
2
[[-2.68689775 -7.16505909 -3.12184024 -8.89654541]]
0
[[-5.03157949 -5.97456741 -3.94537902 -8.55784225]]
2
[[-2.68689775 -7.16505909 -3.12184024 -8.89654541]]
0
[[-5.03157949 -5.97456741 -3.94537902 -8.55784225]]
2
[[-2.68689775 -7.16505909 -3.12184024 -8.89654541]]
0
[[-5.03157949 -5.97456741 -3.94537902 -8.55784225]]
2
[[-2.68689775 -7.16505909 -3.12184024 -8.89654541]]
0
[[-5.03157949 -5.97456741 -3.94537902 -8.55784225]]
2
[[-2.68689775 -7.16505909 -3.12184024 -8.89654541]]
0
[[-5.03157949 -5.97456741 -3.94537902 -8.55784225]]
2
[[-2.68689775 -7.16505909 -3.12184024 -8.89654541]]
0
[[-5.03157949 -5.97456741 -3.94537902 -8.55784225]]
2
[[-2.68689775 -7.16505909 -3.12184024 -8.89654541]]
0
[[-5.03157949 -5.97456741 -3.94537902 -8.55784225]]
2
[[-2.68689775 -7.16505909 -3.12184024 -8.89654541]]
0
[[-5.03157949 -5.97456741 -3.94537902 -8.55784225]]
2
FAIL
0/5
