[[ -5.42437029  -0.19675529 -13.5147171   -6.08230114]]
1
[[ -5.76334524   0.04188263 -14.92380047  -5.74259758]]
1
[[ -7.96768522  -6.88190365 -13.79067516  -6.08874989]]
3
[[ -5.76334524   0.04188263 -14.92380047  -5.74259758]]
1
[[ -7.96768522  -6.88190365 -13.79067516  -6.08874989]]
3
[[ -5.76334524   0.04188263 -14.92380047  -5.74259758]]
1
[[ -7.96768522  -6.88190365 -13.79067516  -6.08874989]]
3
[[ -5.76334524   0.04188263 -14.92380047  -5.74259758]]
1
[[ -7.96768522  -6.88190365 -13.79067516  -6.08874989]]
3
[[ -5.76334524   0.04188263 -14.92380047  -5.74259758]]
1
[[ -7.96768522  -6.88190365 -13.79067516  -6.08874989]]
3
[[ -5.76334524   0.04188263 -14.92380047  -5.74259758]]
1
[[ -7.96768522  -6.88190365 -13.79067516  -6.08874989]]
3
[[ -5.76334524   0.04188263 -14.92380047  -5.74259758]]
1
[[ -7.96768522  -6.88190365 -13.79067516  -6.08874989]]
3
[[ -5.76334524   0.04188263 -14.92380047  -5.74259758]]
1
[[ -7.96768522  -6.88190365 -13.79067516  -6.08874989]]
3
[[ -5.76334524   0.04188263 -14.92380047  -5.74259758]]
1
[[ -7.96768522  -6.88190365 -13.79067516  -6.08874989]]
3
[[ -5.76334524   0.04188263 -14.92380047  -5.74259758]]
1
[[ -7.96768522  -6.88190365 -13.79067516  -6.08874989]]
3
[[ -5.76334524   0.04188263 -14.92380047  -5.74259758]]
1
[[ -7.96768522  -6.88190365 -13.79067516  -6.08874989]]
3
[[ -5.76334524   0.04188263 -14.92380047  -5.74259758]]
1
[[ -7.96768522  -6.88190365 -13.79067516  -6.08874989]]
3
[[ -5.76334524   0.04188263 -14.92380047  -5.74259758]]
1
[[ -7.96768522  -6.88190365 -13.79067516  -6.08874989]]
3
[[ -5.76334524   0.04188263 -14.92380047  -5.74259758]]
1
[[ -7.96768522  -6.88190365 -13.79067516  -6.08874989]]
3
[[ -5.76334524   0.04188263 -14.92380047  -5.74259758]]
1
[[ -7.96768522  -6.88190365 -13.79067516  -6.08874989]]
3
[[ -5.76334524   0.04188263 -14.92380047  -5.74259758]]
1
[[ -7.96768522  -6.88190365 -13.79067516  -6.08874989]]
3
[[ -5.76334524   0.04188263 -14.92380047  -5.74259758]]
1
[[ -7.96768522  -6.88190365 -13.79067516  -6.08874989]]
3
[[ -5.76334524   0.04188263 -14.92380047  -5.74259758]]
1
[[ -7.96768522  -6.88190365 -13.79067516  -6.08874989]]
3
[[ -5.76334524   0.04188263 -14.92380047  -5.74259758]]
1
[[ -7.96768522  -6.88190365 -13.79067516  -6.08874989]]
3
[[ -5.76334524   0.04188263 -14.92380047  -5.74259758]]
1
[[ -7.96768522  -6.88190365 -13.79067516  -6.08874989]]
3
[[ -5.76334524   0.04188263 -14.92380047  -5.74259758]]
1
[[ -7.96768522  -6.88190365 -13.79067516  -6.08874989]]
3
[[ -5.76334524   0.04188263 -14.92380047  -5.74259758]]
1
[[ -7.96768522  -6.88190365 -13.79067516  -6.08874989]]
3
[[ -5.76334524   0.04188263 -14.92380047  -5.74259758]]
1
[[ -7.96768522  -6.88190365 -13.79067516  -6.08874989]]
3
[[ -5.76334524   0.04188263 -14.92380047  -5.74259758]]
1
[[ -7.96768522  -6.88190365 -13.79067516  -6.08874989]]
3
[[ -5.76334524   0.04188263 -14.92380047  -5.74259758]]
1
[[ -7.96768522  -6.88190365 -13.79067516  -6.08874989]]
3
[[ -5.76334524   0.04188263 -14.92380047  -5.74259758]]
1
[[ -7.96768522  -6.88190365 -13.79067516  -6.08874989]]
3
[[ -5.76334524   0.04188263 -14.92380047  -5.74259758]]
1
[[ -7.96768522  -6.88190365 -13.79067516  -6.08874989]]
3
[[ -5.76334524   0.04188263 -14.92380047  -5.74259758]]
1
[[ -7.96768522  -6.88190365 -13.79067516  -6.08874989]]
3
[[ -5.76334524   0.04188263 -14.92380047  -5.74259758]]
1
[[ -7.96768522  -6.88190365 -13.79067516  -6.08874989]]
3
[[ -5.76334524   0.04188263 -14.92380047  -5.74259758]]
1
[[ -7.96768522  -6.88190365 -13.79067516  -6.08874989]]
3
[[ -5.76334524   0.04188263 -14.92380047  -5.74259758]]
1
[[ -7.96768522  -6.88190365 -13.79067516  -6.08874989]]
3
[[ -5.76334524   0.04188263 -14.92380047  -5.74259758]]
1
[[ -7.96768522  -6.88190365 -13.79067516  -6.08874989]]
3
[[ -5.76334524   0.04188263 -14.92380047  -5.74259758]]
1
[[ -7.96768522  -6.88190365 -13.79067516  -6.08874989]]
3
[[ -5.76334524   0.04188263 -14.92380047  -5.74259758]]
1
[[ -7.96768522  -6.88190365 -13.79067516  -6.08874989]]
3
[[ -5.76334524   0.04188263 -14.92380047  -5.74259758]]
1
[[ -7.96768522  -6.88190365 -13.79067516  -6.08874989]]
3
[[ -5.76334524   0.04188263 -14.92380047  -5.74259758]]
1
[[ -7.96768522  -6.88190365 -13.79067516  -6.08874989]]
3
[[ -5.76334524   0.04188263 -14.92380047  -5.74259758]]
1
[[ -7.96768522  -6.88190365 -13.79067516  -6.08874989]]
3
[[ -5.76334524   0.04188263 -14.92380047  -5.74259758]]
1
[[ -7.96768522  -6.88190365 -13.79067516  -6.08874989]]
3
[[ -5.76334524   0.04188263 -14.92380047  -5.74259758]]
1
[[ -7.96768522  -6.88190365 -13.79067516  -6.08874989]]
3
[[ -5.76334524   0.04188263 -14.92380047  -5.74259758]]
1
[[ -7.96768522  -6.88190365 -13.79067516  -6.08874989]]
3
[[ -5.76334524   0.04188263 -14.92380047  -5.74259758]]
1
[[ -7.96768522  -6.88190365 -13.79067516  -6.08874989]]
3
[[ -5.76334524   0.04188263 -14.92380047  -5.74259758]]
1
[[ -7.96768522  -6.88190365 -13.79067516  -6.08874989]]
3
[[ -5.76334524   0.04188263 -14.92380047  -5.74259758]]
1
[[ -7.96768522  -6.88190365 -13.79067516  -6.08874989]]
3
[[ -5.76334524   0.04188263 -14.92380047  -5.74259758]]
1
[[ -7.96768522  -6.88190365 -13.79067516  -6.08874989]]
3
[[ -5.76334524   0.04188263 -14.92380047  -5.74259758]]
1
[[ -7.96768522  -6.88190365 -13.79067516  -6.08874989]]
3
[[ -5.76334524   0.04188263 -14.92380047  -5.74259758]]
1
[[ -7.96768522  -6.88190365 -13.79067516  -6.08874989]]
3
[[ -5.76334524   0.04188263 -14.92380047  -5.74259758]]
1
[[ -7.96768522  -6.88190365 -13.79067516  -6.08874989]]
3
[[ -5.76334524   0.04188263 -14.92380047  -5.74259758]]
1
[[ -7.96768522  -6.88190365 -13.79067516  -6.08874989]]
3
[[ -5.76334524   0.04188263 -14.92380047  -5.74259758]]
1
[[ -7.96768522  -6.88190365 -13.79067516  -6.08874989]]
3
[[ -5.76334524   0.04188263 -14.92380047  -5.74259758]]
1
[[ -7.96768522  -6.88190365 -13.79067516  -6.08874989]]
3
FAIL
0/8
