[[-4.58648729 -5.82218742 -3.85807419 -8.41467667]]
2
[[-2.26566172 -7.03075171 -3.03835249 -8.76397228]]
0
[[-4.58648729 -5.82218742 -3.85807419 -8.41467667]]
2
[[-2.26566172 -7.03075171 -3.03835249 -8.76397228]]
0
[[-4.58648729 -5.82218742 -3.85807419 -8.41467667]]
2
[[-2.26566172 -7.03075171 -3.03835249 -8.76397228]]
0
[[-4.58648729 -5.82218742 -3.85807419 -8.41467667]]
2
[[-2.26566172 -7.03075171 -3.03835249 -8.76397228]]
0
[[-4.58648729 -5.82218742 -3.85807419 -8.41467667]]
2
[[-2.26566172 -7.03075171 -3.03835249 -8.76397228]]
0
[[-4.58648729 -5.82218742 -3.85807419 -8.41467667]]
2
[[-2.26566172 -7.03075171 -3.03835249 -8.76397228]]
0
[[-4.58648729 -5.82218742 -3.85807419 -8.41467667]]
2
[[-2.26566172 -7.03075171 -3.03835249 -8.76397228]]
0
[[-4.58648729 -5.82218742 -3.85807419 -8.41467667]]
2
[[-2.26566172 -7.03075171 -3.03835249 -8.76397228]]
0
[[-4.58648729 -5.82218742 -3.85807419 -8.41467667]]
2
[[-2.26566172 -7.03075171 -3.03835249 -8.76397228]]
0
[[-4.58648729 -5.82218742 -3.85807419 -8.41467667]]
2
[[-2.26566172 -7.03075171 -3.03835249 -8.76397228]]
0
[[-4.58648729 -5.82218742 -3.85807419 -8.41467667]]
2
[[-2.26566172 -7.03075171 -3.03835249 -8.76397228]]
0
[[-4.58648729 -5.82218742 -3.85807419 -8.41467667]]
2
[[-2.26566172 -7.03075171 -3.03835249 -8.76397228]]
0
[[-4.58648729 -5.82218742 -3.85807419 -8.41467667]]
2
[[-2.26566172 -7.03075171 -3.03835249 -8.76397228]]
0
[[-4.58648729 -5.82218742 -3.85807419 -8.41467667]]
2
[[-2.26566172 -7.03075171 -3.03835249 -8.76397228]]
0
[[-4.58648729 -5.82218742 -3.85807419 -8.41467667]]
2
[[-2.26566172 -7.03075171 -3.03835249 -8.76397228]]
0
[[-4.58648729 -5.82218742 -3.85807419 -8.41467667]]
2
[[-2.26566172 -7.03075171 -3.03835249 -8.76397228]]
0
[[-4.58648729 -5.82218742 -3.85807419 -8.41467667]]
2
[[-2.26566172 -7.03075171 -3.03835249 -8.76397228]]
0
[[-4.58648729 -5.82218742 -3.85807419 -8.41467667]]
2
[[-2.26566172 -7.03075171 -3.03835249 -8.76397228]]
0
[[-4.58648729 -5.82218742 -3.85807419 -8.41467667]]
2
[[-2.26566172 -7.03075171 -3.03835249 -8.76397228]]
0
[[-4.58648729 -5.82218742 -3.85807419 -8.41467667]]
2
[[-2.26566172 -7.03075171 -3.03835249 -8.76397228]]
0
[[-4.58648729 -5.82218742 -3.85807419 -8.41467667]]
2
[[-2.26566172 -7.03075171 -3.03835249 -8.76397228]]
0
[[-4.58648729 -5.82218742 -3.85807419 -8.41467667]]
2
[[-2.26566172 -7.03075171 -3.03835249 -8.76397228]]
0
[[-4.58648729 -5.82218742 -3.85807419 -8.41467667]]
2
[[-2.26566172 -7.03075171 -3.03835249 -8.76397228]]
0
[[-4.58648729 -5.82218742 -3.85807419 -8.41467667]]
2
[[-2.26566172 -7.03075171 -3.03835249 -8.76397228]]
0
[[-4.58648729 -5.82218742 -3.85807419 -8.41467667]]
2
[[-2.26566172 -7.03075171 -3.03835249 -8.76397228]]
0
[[-4.58648729 -5.82218742 -3.85807419 -8.41467667]]
2
[[-2.26566172 -7.03075171 -3.03835249 -8.76397228]]
0
[[-4.58648729 -5.82218742 -3.85807419 -8.41467667]]
2
[[-2.26566172 -7.03075171 -3.03835249 -8.76397228]]
0
[[-4.58648729 -5.82218742 -3.85807419 -8.41467667]]
2
[[-2.26566172 -7.03075171 -3.03835249 -8.76397228]]
0
[[-4.58648729 -5.82218742 -3.85807419 -8.41467667]]
2
[[-2.26566172 -7.03075171 -3.03835249 -8.76397228]]
0
[[-4.58648729 -5.82218742 -3.85807419 -8.41467667]]
2
[[-2.26566172 -7.03075171 -3.03835249 -8.76397228]]
0
[[-4.58648729 -5.82218742 -3.85807419 -8.41467667]]
2
[[-2.26566172 -7.03075171 -3.03835249 -8.76397228]]
0
[[-4.58648729 -5.82218742 -3.85807419 -8.41467667]]
2
[[-2.26566172 -7.03075171 -3.03835249 -8.76397228]]
0
[[-4.58648729 -5.82218742 -3.85807419 -8.41467667]]
2
[[-2.26566172 -7.03075171 -3.03835249 -8.76397228]]
0
[[-4.58648729 -5.82218742 -3.85807419 -8.41467667]]
2
[[-2.26566172 -7.03075171 -3.03835249 -8.76397228]]
0
[[-4.58648729 -5.82218742 -3.85807419 -8.41467667]]
2
[[-2.26566172 -7.03075171 -3.03835249 -8.76397228]]
0
[[-4.58648729 -5.82218742 -3.85807419 -8.41467667]]
2
[[-2.26566172 -7.03075171 -3.03835249 -8.76397228]]
0
[[-4.58648729 -5.82218742 -3.85807419 -8.41467667]]
2
[[-2.26566172 -7.03075171 -3.03835249 -8.76397228]]
0
[[-4.58648729 -5.82218742 -3.85807419 -8.41467667]]
2
[[-2.26566172 -7.03075171 -3.03835249 -8.76397228]]
0
[[-4.58648729 -5.82218742 -3.85807419 -8.41467667]]
2
[[-2.26566172 -7.03075171 -3.03835249 -8.76397228]]
0
[[-4.58648729 -5.82218742 -3.85807419 -8.41467667]]
2
[[-2.26566172 -7.03075171 -3.03835249 -8.76397228]]
0
[[-4.58648729 -5.82218742 -3.85807419 -8.41467667]]
2
[[-2.26566172 -7.03075171 -3.03835249 -8.76397228]]
0
[[-4.58648729 -5.82218742 -3.85807419 -8.41467667]]
2
[[-2.26566172 -7.03075171 -3.03835249 -8.76397228]]
0
[[-4.58648729 -5.82218742 -3.85807419 -8.41467667]]
2
[[-2.26566172 -7.03075171 -3.03835249 -8.76397228]]
0
[[-4.58648729 -5.82218742 -3.85807419 -8.41467667]]
2
[[-2.26566172 -7.03075171 -3.03835249 -8.76397228]]
0
[[-4.58648729 -5.82218742 -3.85807419 -8.41467667]]
2
[[-2.26566172 -7.03075171 -3.03835249 -8.76397228]]
0
[[-4.58648729 -5.82218742 -3.85807419 -8.41467667]]
2
[[-2.26566172 -7.03075171 -3.03835249 -8.76397228]]
0
[[-4.58648729 -5.82218742 -3.85807419 -8.41467667]]
2
[[-2.26566172 -7.03075171 -3.03835249 -8.76397228]]
0
[[-4.58648729 -5.82218742 -3.85807419 -8.41467667]]
2
[[-2.26566172 -7.03075171 -3.03835249 -8.76397228]]
0
[[-4.58648729 -5.82218742 -3.85807419 -8.41467667]]
2
[[-2.26566172 -7.03075171 -3.03835249 -8.76397228]]
0
[[-4.58648729 -5.82218742 -3.85807419 -8.41467667]]
2
[[-2.26566172 -7.03075171 -3.03835249 -8.76397228]]
0
[[-4.58648729 -5.82218742 -3.85807419 -8.41467667]]
2
FAIL
0/5
