[[ -5.04161406  -0.07974985 -13.44106293  -5.95543337]]
1
[[ -5.37000418   0.17124435 -14.846385    -5.61996889]]
1
[[ -7.58170462  -6.75107718 -13.70989418  -5.95456362]]
3
[[ -5.37000418   0.17124435 -14.846385    -5.61996889]]
1
[[ -7.58170462  -6.75107718 -13.70989418  -5.95456362]]
3
[[ -5.37000418   0.17124435 -14.846385    -5.61996889]]
1
[[ -7.58170462  -6.75107718 -13.70989418  -5.95456362]]
3
[[ -5.37000418   0.17124435 -14.846385    -5.61996889]]
1
[[ -7.58170462  -6.75107718 -13.70989418  -5.95456362]]
3
[[ -5.37000418   0.17124435 -14.846385    -5.61996889]]
1
[[ -7.58170462  -6.75107718 -13.70989418  -5.95456362]]
3
[[ -5.37000418   0.17124435 -14.846385    -5.61996889]]
1
[[ -7.58170462  -6.75107718 -13.70989418  -5.95456362]]
3
[[ -5.37000418   0.17124435 -14.846385    -5.61996889]]
1
[[ -7.58170462  -6.75107718 -13.70989418  -5.95456362]]
3
[[ -5.37000418   0.17124435 -14.846385    -5.61996889]]
1
[[ -7.58170462  -6.75107718 -13.70989418  -5.95456362]]
3
[[ -5.37000418   0.17124435 -14.846385    -5.61996889]]
1
[[ -7.58170462  -6.75107718 -13.70989418  -5.95456362]]
3
[[ -5.37000418   0.17124435 -14.846385    -5.61996889]]
1
[[ -7.58170462  -6.75107718 -13.70989418  -5.95456362]]
3
[[ -5.37000418   0.17124435 -14.846385    -5.61996889]]
1
[[ -7.58170462  -6.75107718 -13.70989418  -5.95456362]]
3
[[ -5.37000418   0.17124435 -14.846385    -5.61996889]]
1
[[ -7.58170462  -6.75107718 -13.70989418  -5.95456362]]
3
[[ -5.37000418   0.17124435 -14.846385    -5.61996889]]
1
[[ -7.58170462  -6.75107718 -13.70989418  -5.95456362]]
3
[[ -5.37000418   0.17124435 -14.846385    -5.61996889]]
1
[[ -7.58170462  -6.75107718 -13.70989418  -5.95456362]]
3
[[ -5.37000418   0.17124435 -14.846385    -5.61996889]]
1
[[ -7.58170462  -6.75107718 -13.70989418  -5.95456362]]
3
[[ -5.37000418   0.17124435 -14.846385    -5.61996889]]
1
[[ -7.58170462  -6.75107718 -13.70989418  -5.95456362]]
3
[[ -5.37000418   0.17124435 -14.846385    -5.61996889]]
1
[[ -7.58170462  -6.75107718 -13.70989418  -5.95456362]]
3
[[ -5.37000418   0.17124435 -14.846385    -5.61996889]]
1
[[ -7.58170462  -6.75107718 -13.70989418  -5.95456362]]
3
[[ -5.37000418   0.17124435 -14.846385    -5.61996889]]
1
[[ -7.58170462  -6.75107718 -13.70989418  -5.95456362]]
3
[[ -5.37000418   0.17124435 -14.846385    -5.61996889]]
1
[[ -7.58170462  -6.75107718 -13.70989418  -5.95456362]]
3
[[ -5.37000418   0.17124435 -14.846385    -5.61996889]]
1
[[ -7.58170462  -6.75107718 -13.70989418  -5.95456362]]
3
[[ -5.37000418   0.17124435 -14.846385    -5.61996889]]
1
[[ -7.58170462  -6.75107718 -13.70989418  -5.95456362]]
3
[[ -5.37000418   0.17124435 -14.846385    -5.61996889]]
1
[[ -7.58170462  -6.75107718 -13.70989418  -5.95456362]]
3
[[ -5.37000418   0.17124435 -14.846385    -5.61996889]]
1
[[ -7.58170462  -6.75107718 -13.70989418  -5.95456362]]
3
[[ -5.37000418   0.17124435 -14.846385    -5.61996889]]
1
[[ -7.58170462  -6.75107718 -13.70989418  -5.95456362]]
3
[[ -5.37000418   0.17124435 -14.846385    -5.61996889]]
1
[[ -7.58170462  -6.75107718 -13.70989418  -5.95456362]]
3
[[ -5.37000418   0.17124435 -14.846385    -5.61996889]]
1
[[ -7.58170462  -6.75107718 -13.70989418  -5.95456362]]
3
[[ -5.37000418   0.17124435 -14.846385    -5.61996889]]
1
[[ -7.58170462  -6.75107718 -13.70989418  -5.95456362]]
3
[[ -5.37000418   0.17124435 -14.846385    -5.61996889]]
1
[[ -7.58170462  -6.75107718 -13.70989418  -5.95456362]]
3
[[ -5.37000418   0.17124435 -14.846385    -5.61996889]]
1
[[ -7.58170462  -6.75107718 -13.70989418  -5.95456362]]
3
[[ -5.37000418   0.17124435 -14.846385    -5.61996889]]
1
[[ -7.58170462  -6.75107718 -13.70989418  -5.95456362]]
3
[[ -5.37000418   0.17124435 -14.846385    -5.61996889]]
1
[[ -7.58170462  -6.75107718 -13.70989418  -5.95456362]]
3
[[ -5.37000418   0.17124435 -14.846385    -5.61996889]]
1
[[ -7.58170462  -6.75107718 -13.70989418  -5.95456362]]
3
[[ -5.37000418   0.17124435 -14.846385    -5.61996889]]
1
[[ -7.58170462  -6.75107718 -13.70989418  -5.95456362]]
3
[[ -5.37000418   0.17124435 -14.846385    -5.61996889]]
1
[[ -7.58170462  -6.75107718 -13.70989418  -5.95456362]]
3
[[ -5.37000418   0.17124435 -14.846385    -5.61996889]]
1
[[ -7.58170462  -6.75107718 -13.70989418  -5.95456362]]
3
[[ -5.37000418   0.17124435 -14.846385    -5.61996889]]
1
[[ -7.58170462  -6.75107718 -13.70989418  -5.95456362]]
3
[[ -5.37000418   0.17124435 -14.846385    -5.61996889]]
1
[[ -7.58170462  -6.75107718 -13.70989418  -5.95456362]]
3
[[ -5.37000418   0.17124435 -14.846385    -5.61996889]]
1
[[ -7.58170462  -6.75107718 -13.70989418  -5.95456362]]
3
[[ -5.37000418   0.17124435 -14.846385    -5.61996889]]
1
[[ -7.58170462  -6.75107718 -13.70989418  -5.95456362]]
3
[[ -5.37000418   0.17124435 -14.846385    -5.61996889]]
1
[[ -7.58170462  -6.75107718 -13.70989418  -5.95456362]]
3
[[ -5.37000418   0.17124435 -14.846385    -5.61996889]]
1
[[ -7.58170462  -6.75107718 -13.70989418  -5.95456362]]
3
[[ -5.37000418   0.17124435 -14.846385    -5.61996889]]
1
[[ -7.58170462  -6.75107718 -13.70989418  -5.95456362]]
3
[[ -5.37000418   0.17124435 -14.846385    -5.61996889]]
1
[[ -7.58170462  -6.75107718 -13.70989418  -5.95456362]]
3
[[ -5.37000418   0.17124435 -14.846385    -5.61996889]]
1
[[ -7.58170462  -6.75107718 -13.70989418  -5.95456362]]
3
[[ -5.37000418   0.17124435 -14.846385    -5.61996889]]
1
[[ -7.58170462  -6.75107718 -13.70989418  -5.95456362]]
3
[[ -5.37000418   0.17124435 -14.846385    -5.61996889]]
1
[[ -7.58170462  -6.75107718 -13.70989418  -5.95456362]]
3
[[ -5.37000418   0.17124435 -14.846385    -5.61996889]]
1
[[ -7.58170462  -6.75107718 -13.70989418  -5.95456362]]
3
[[ -5.37000418   0.17124435 -14.846385    -5.61996889]]
1
[[ -7.58170462  -6.75107718 -13.70989418  -5.95456362]]
3
[[ -5.37000418   0.17124435 -14.846385    -5.61996889]]
1
[[ -7.58170462  -6.75107718 -13.70989418  -5.95456362]]
3
FAIL
0/8
