[[-4.72956514 -5.93613005 -3.76515007 -8.39752007]]
2
[[-2.41336083 -7.1434989  -2.95412564 -8.74987221]]
0
[[-4.72956514 -5.93613005 -3.76515007 -8.39752007]]
2
[[-2.41336083 -7.1434989  -2.95412564 -8.74987221]]
0
[[-4.72956514 -5.93613005 -3.76515007 -8.39752007]]
2
[[-2.41336083 -7.1434989  -2.95412564 -8.74987221]]
0
[[-4.72956514 -5.93613005 -3.76515007 -8.39752007]]
2
[[-2.41336083 -7.1434989  -2.95412564 -8.74987221]]
0
[[-4.72956514 -5.93613005 -3.76515007 -8.39752007]]
2
[[-2.41336083 -7.1434989  -2.95412564 -8.74987221]]
0
[[-4.72956514 -5.93613005 -3.76515007 -8.39752007]]
2
[[-2.41336083 -7.1434989  -2.95412564 -8.74987221]]
0
[[-4.72956514 -5.93613005 -3.76515007 -8.39752007]]
2
[[-2.41336083 -7.1434989  -2.95412564 -8.74987221]]
0
[[-4.72956514 -5.93613005 -3.76515007 -8.39752007]]
2
[[-2.41336083 -7.1434989  -2.95412564 -8.74987221]]
0
[[-4.72956514 -5.93613005 -3.76515007 -8.39752007]]
2
[[-2.41336083 -7.1434989  -2.95412564 -8.74987221]]
0
[[-4.72956514 -5.93613005 -3.76515007 -8.39752007]]
2
[[-2.41336083 -7.1434989  -2.95412564 -8.74987221]]
0
[[-4.72956514 -5.93613005 -3.76515007 -8.39752007]]
2
[[-2.41336083 -7.1434989  -2.95412564 -8.74987221]]
0
[[-4.72956514 -5.93613005 -3.76515007 -8.39752007]]
2
[[-2.41336083 -7.1434989  -2.95412564 -8.74987221]]
0
[[-4.72956514 -5.93613005 -3.76515007 -8.39752007]]
2
[[-2.41336083 -7.1434989  -2.95412564 -8.74987221]]
0
[[-4.72956514 -5.93613005 -3.76515007 -8.39752007]]
2
[[-2.41336083 -7.1434989  -2.95412564 -8.74987221]]
0
[[-4.72956514 -5.93613005 -3.76515007 -8.39752007]]
2
[[-2.41336083 -7.1434989  -2.95412564 -8.74987221]]
0
[[-4.72956514 -5.93613005 -3.76515007 -8.39752007]]
2
[[-2.41336083 -7.1434989  -2.95412564 -8.74987221]]
0
[[-4.72956514 -5.93613005 -3.76515007 -8.39752007]]
2
[[-2.41336083 -7.1434989  -2.95412564 -8.74987221]]
0
[[-4.72956514 -5.93613005 -3.76515007 -8.39752007]]
2
[[-2.41336083 -7.1434989  -2.95412564 -8.74987221]]
0
[[-4.72956514 -5.93613005 -3.76515007 -8.39752007]]
2
[[-2.41336083 -7.1434989  -2.95412564 -8.74987221]]
0
[[-4.72956514 -5.93613005 -3.76515007 -8.39752007]]
2
[[-2.41336083 -7.1434989  -2.95412564 -8.74987221]]
0
[[-4.72956514 -5.93613005 -3.76515007 -8.39752007]]
2
[[-2.41336083 -7.1434989  -2.95412564 -8.74987221]]
0
[[-4.72956514 -5.93613005 -3.76515007 -8.39752007]]
2
[[-2.41336083 -7.1434989  -2.95412564 -8.74987221]]
0
[[-4.72956514 -5.93613005 -3.76515007 -8.39752007]]
2
[[-2.41336083 -7.1434989  -2.95412564 -8.74987221]]
0
[[-4.72956514 -5.93613005 -3.76515007 -8.39752007]]
2
[[-2.41336083 -7.1434989  -2.95412564 -8.74987221]]
0
[[-4.72956514 -5.93613005 -3.76515007 -8.39752007]]
2
[[-2.41336083 -7.1434989  -2.95412564 -8.74987221]]
0
[[-4.72956514 -5.93613005 -3.76515007 -8.39752007]]
2
[[-2.41336083 -7.1434989  -2.95412564 -8.74987221]]
0
[[-4.72956514 -5.93613005 -3.76515007 -8.39752007]]
2
[[-2.41336083 -7.1434989  -2.95412564 -8.74987221]]
0
[[-4.72956514 -5.93613005 -3.76515007 -8.39752007]]
2
[[-2.41336083 -7.1434989  -2.95412564 -8.74987221]]
0
[[-4.72956514 -5.93613005 -3.76515007 -8.39752007]]
2
[[-2.41336083 -7.1434989  -2.95412564 -8.74987221]]
0
[[-4.72956514 -5.93613005 -3.76515007 -8.39752007]]
2
[[-2.41336083 -7.1434989  -2.95412564 -8.74987221]]
0
[[-4.72956514 -5.93613005 -3.76515007 -8.39752007]]
2
[[-2.41336083 -7.1434989  -2.95412564 -8.74987221]]
0
[[-4.72956514 -5.93613005 -3.76515007 -8.39752007]]
2
[[-2.41336083 -7.1434989  -2.95412564 -8.74987221]]
0
[[-4.72956514 -5.93613005 -3.76515007 -8.39752007]]
2
[[-2.41336083 -7.1434989  -2.95412564 -8.74987221]]
0
[[-4.72956514 -5.93613005 -3.76515007 -8.39752007]]
2
[[-2.41336083 -7.1434989  -2.95412564 -8.74987221]]
0
[[-4.72956514 -5.93613005 -3.76515007 -8.39752007]]
2
[[-2.41336083 -7.1434989  -2.95412564 -8.74987221]]
0
[[-4.72956514 -5.93613005 -3.76515007 -8.39752007]]
2
[[-2.41336083 -7.1434989  -2.95412564 -8.74987221]]
0
[[-4.72956514 -5.93613005 -3.76515007 -8.39752007]]
2
[[-2.41336083 -7.1434989  -2.95412564 -8.74987221]]
0
[[-4.72956514 -5.93613005 -3.76515007 -8.39752007]]
2
[[-2.41336083 -7.1434989  -2.95412564 -8.74987221]]
0
[[-4.72956514 -5.93613005 -3.76515007 -8.39752007]]
2
[[-2.41336083 -7.1434989  -2.95412564 -8.74987221]]
0
[[-4.72956514 -5.93613005 -3.76515007 -8.39752007]]
2
[[-2.41336083 -7.1434989  -2.95412564 -8.74987221]]
0
[[-4.72956514 -5.93613005 -3.76515007 -8.39752007]]
2
[[-2.41336083 -7.1434989  -2.95412564 -8.74987221]]
0
[[-4.72956514 -5.93613005 -3.76515007 -8.39752007]]
2
[[-2.41336083 -7.1434989  -2.95412564 -8.74987221]]
0
[[-4.72956514 -5.93613005 -3.76515007 -8.39752007]]
2
[[-2.41336083 -7.1434989  -2.95412564 -8.74987221]]
0
[[-4.72956514 -5.93613005 -3.76515007 -8.39752007]]
2
[[-2.41336083 -7.1434989  -2.95412564 -8.74987221]]
0
[[-4.72956514 -5.93613005 -3.76515007 -8.39752007]]
2
[[-2.41336083 -7.1434989  -2.95412564 -8.74987221]]
0
[[-4.72956514 -5.93613005 -3.76515007 -8.39752007]]
2
[[-2.41336083 -7.1434989  -2.95412564 -8.74987221]]
0
[[-4.72956514 -5.93613005 -3.76515007 -8.39752007]]
2
[[-2.41336083 -7.1434989  -2.95412564 -8.74987221]]
0
[[-4.72956514 -5.93613005 -3.76515007 -8.39752007]]
2
[[-2.41336083 -7.1434989  -2.95412564 -8.74987221]]
0
[[-4.72956514 -5.93613005 -3.76515007 -8.39752007]]
2
[[-2.41336083 -7.1434989  -2.95412564 -8.74987221]]
0
[[-4.72956514 -5.93613005 -3.76515007 -8.39752007]]
2
[[-2.41336083 -7.1434989  -2.95412564 -8.74987221]]
0
[[-4.72956514 -5.93613005 -3.76515007 -8.39752007]]
2
FAIL
0/5
