[[ -5.17889214  -0.22405298 -13.32887936  -5.99165678]]
1
[[ -5.50833988   0.02245466 -14.74609947  -5.65480042]]
1
[[ -7.71995258  -6.89147091 -13.58992577  -5.98958158]]
3
[[ -5.50833988   0.02245466 -14.74609947  -5.65480042]]
1
[[ -7.71995258  -6.89147091 -13.58992577  -5.98958158]]
3
[[ -5.50833988   0.02245466 -14.74609947  -5.65480042]]
1
[[ -7.71995258  -6.89147091 -13.58992577  -5.98958158]]
3
[[ -5.50833988   0.02245466 -14.74609947  -5.65480042]]
1
[[ -7.71995258  -6.89147091 -13.58992577  -5.98958158]]
3
[[ -5.50833988   0.02245466 -14.74609947  -5.65480042]]
1
[[ -7.71995258  -6.89147091 -13.58992577  -5.98958158]]
3
[[ -5.50833988   0.02245466 -14.74609947  -5.65480042]]
1
[[ -7.71995258  -6.89147091 -13.58992577  -5.98958158]]
3
[[ -5.50833988   0.02245466 -14.74609947  -5.65480042]]
1
[[ -7.71995258  -6.89147091 -13.58992577  -5.98958158]]
3
[[ -5.50833988   0.02245466 -14.74609947  -5.65480042]]
1
[[ -7.71995258  -6.89147091 -13.58992577  -5.98958158]]
3
[[ -5.50833988   0.02245466 -14.74609947  -5.65480042]]
1
[[ -7.71995258  -6.89147091 -13.58992577  -5.98958158]]
3
[[ -5.50833988   0.02245466 -14.74609947  -5.65480042]]
1
[[ -7.71995258  -6.89147091 -13.58992577  -5.98958158]]
3
[[ -5.50833988   0.02245466 -14.74609947  -5.65480042]]
1
[[ -7.71995258  -6.89147091 -13.58992577  -5.98958158]]
3
[[ -5.50833988   0.02245466 -14.74609947  -5.65480042]]
1
[[ -7.71995258  -6.89147091 -13.58992577  -5.98958158]]
3
[[ -5.50833988   0.02245466 -14.74609947  -5.65480042]]
1
[[ -7.71995258  -6.89147091 -13.58992577  -5.98958158]]
3
[[ -5.50833988   0.02245466 -14.74609947  -5.65480042]]
1
[[ -7.71995258  -6.89147091 -13.58992577  -5.98958158]]
3
[[ -5.50833988   0.02245466 -14.74609947  -5.65480042]]
1
[[ -7.71995258  -6.89147091 -13.58992577  -5.98958158]]
3
[[ -5.50833988   0.02245466 -14.74609947  -5.65480042]]
1
[[ -7.71995258  -6.89147091 -13.58992577  -5.98958158]]
3
[[ -5.50833988   0.02245466 -14.74609947  -5.65480042]]
1
[[ -7.71995258  -6.89147091 -13.58992577  -5.98958158]]
3
[[ -5.50833988   0.02245466 -14.74609947  -5.65480042]]
1
[[ -7.71995258  -6.89147091 -13.58992577  -5.98958158]]
3
[[ -5.50833988   0.02245466 -14.74609947  -5.65480042]]
1
[[ -7.71995258  -6.89147091 -13.58992577  -5.98958158]]
3
[[ -5.50833988   0.02245466 -14.74609947  -5.65480042]]
1
[[ -7.71995258  -6.89147091 -13.58992577  -5.98958158]]
3
[[ -5.50833988   0.02245466 -14.74609947  -5.65480042]]
1
[[ -7.71995258  -6.89147091 -13.58992577  -5.98958158]]
3
[[ -5.50833988   0.02245466 -14.74609947  -5.65480042]]
1
[[ -7.71995258  -6.89147091 -13.58992577  -5.98958158]]
3
[[ -5.50833988   0.02245466 -14.74609947  -5.65480042]]
1
[[ -7.71995258  -6.89147091 -13.58992577  -5.98958158]]
3
[[ -5.50833988   0.02245466 -14.74609947  -5.65480042]]
1
[[ -7.71995258  -6.89147091 -13.58992577  -5.98958158]]
3
[[ -5.50833988   0.02245466 -14.74609947  -5.65480042]]
1
[[ -7.71995258  -6.89147091 -13.58992577  -5.98958158]]
3
[[ -5.50833988   0.02245466 -14.74609947  -5.65480042]]
1
[[ -7.71995258  -6.89147091 -13.58992577  -5.98958158]]
3
[[ -5.50833988   0.02245466 -14.74609947  -5.65480042]]
1
[[ -7.71995258  -6.89147091 -13.58992577  -5.98958158]]
3
[[ -5.50833988   0.02245466 -14.74609947  -5.65480042]]
1
[[ -7.71995258  -6.89147091 -13.58992577  -5.98958158]]
3
[[ -5.50833988   0.02245466 -14.74609947  -5.65480042]]
1
[[ -7.71995258  -6.89147091 -13.58992577  -5.98958158]]
3
[[ -5.50833988   0.02245466 -14.74609947  -5.65480042]]
1
[[ -7.71995258  -6.89147091 -13.58992577  -5.98958158]]
3
[[ -5.50833988   0.02245466 -14.74609947  -5.65480042]]
1
[[ -7.71995258  -6.89147091 -13.58992577  -5.98958158]]
3
[[ -5.50833988   0.02245466 -14.74609947  -5.65480042]]
1
[[ -7.71995258  -6.89147091 -13.58992577  -5.98958158]]
3
[[ -5.50833988   0.02245466 -14.74609947  -5.65480042]]
1
[[ -7.71995258  -6.89147091 -13.58992577  -5.98958158]]
3
[[ -5.50833988   0.02245466 -14.74609947  -5.65480042]]
1
[[ -7.71995258  -6.89147091 -13.58992577  -5.98958158]]
3
[[ -5.50833988   0.02245466 -14.74609947  -5.65480042]]
1
[[ -7.71995258  -6.89147091 -13.58992577  -5.98958158]]
3
[[ -5.50833988   0.02245466 -14.74609947  -5.65480042]]
1
[[ -7.71995258  -6.89147091 -13.58992577  -5.98958158]]
3
[[ -5.50833988   0.02245466 -14.74609947  -5.65480042]]
1
[[ -7.71995258  -6.89147091 -13.58992577  -5.98958158]]
3
[[ -5.50833988   0.02245466 -14.74609947  -5.65480042]]
1
[[ -7.71995258  -6.89147091 -13.58992577  -5.98958158]]
3
[[ -5.50833988   0.02245466 -14.74609947  -5.65480042]]
1
[[ -7.71995258  -6.89147091 -13.58992577  -5.98958158]]
3
[[ -5.50833988   0.02245466 -14.74609947  -5.65480042]]
1
[[ -7.71995258  -6.89147091 -13.58992577  -5.98958158]]
3
[[ -5.50833988   0.02245466 -14.74609947  -5.65480042]]
1
[[ -7.71995258  -6.89147091 -13.58992577  -5.98958158]]
3
[[ -5.50833988   0.02245466 -14.74609947  -5.65480042]]
1
[[ -7.71995258  -6.89147091 -13.58992577  -5.98958158]]
3
[[ -5.50833988   0.02245466 -14.74609947  -5.65480042]]
1
[[ -7.71995258  -6.89147091 -13.58992577  -5.98958158]]
3
[[ -5.50833988   0.02245466 -14.74609947  -5.65480042]]
1
[[ -7.71995258  -6.89147091 -13.58992577  -5.98958158]]
3
[[ -5.50833988   0.02245466 -14.74609947  -5.65480042]]
1
[[ -7.71995258  -6.89147091 -13.58992577  -5.98958158]]
3
[[ -5.50833988   0.02245466 -14.74609947  -5.65480042]]
1
[[ -7.71995258  -6.89147091 -13.58992577  -5.98958158]]
3
[[ -5.50833988   0.02245466 -14.74609947  -5.65480042]]
1
[[ -7.71995258  -6.89147091 -13.58992577  -5.98958158]]
3
[[ -5.50833988   0.02245466 -14.74609947  -5.65480042]]
1
[[ -7.71995258  -6.89147091 -13.58992577  -5.98958158]]
3
[[ -5.50833988   0.02245466 -14.74609947  -5.65480042]]
1
[[ -7.71995258  -6.89147091 -13.58992577  -5.98958158]]
3
[[ -5.50833988   0.02245466 -14.74609947  -5.65480042]]
1
[[ -7.71995258  -6.89147091 -13.58992577  -5.98958158]]
3
FAIL
0/8
