[[ -5.42744541   0.2361733  -13.26242828  -6.04879379]]
1
[[ -5.75455284   0.50442278 -14.68114185  -5.71089935]]
1
[[ -7.97761726  -6.41123724 -13.51687241  -6.03568459]]
3
[[ -5.75455284   0.50442278 -14.68114185  -5.71089935]]
1
[[ -7.97761726  -6.41123724 -13.51687241  -6.03568459]]
3
[[ -5.75455284   0.50442278 -14.68114185  -5.71089935]]
1
[[ -7.97761726  -6.41123724 -13.51687241  -6.03568459]]
3
[[ -5.75455284   0.50442278 -14.68114185  -5.71089935]]
1
[[ -7.97761726  -6.41123724 -13.51687241  -6.03568459]]
3
[[ -5.75455284   0.50442278 -14.68114185  -5.71089935]]
1
[[ -7.97761726  -6.41123724 -13.51687241  -6.03568459]]
3
[[ -5.75455284   0.50442278 -14.68114185  -5.71089935]]
1
[[ -7.97761726  -6.41123724 -13.51687241  -6.03568459]]
3
[[ -5.75455284   0.50442278 -14.68114185  -5.71089935]]
1
[[ -7.97761726  -6.41123724 -13.51687241  -6.03568459]]
3
[[ -5.75455284   0.50442278 -14.68114185  -5.71089935]]
1
[[ -7.97761726  -6.41123724 -13.51687241  -6.03568459]]
3
[[ -5.75455284   0.50442278 -14.68114185  -5.71089935]]
1
[[ -7.97761726  -6.41123724 -13.51687241  -6.03568459]]
3
[[ -5.75455284   0.50442278 -14.68114185  -5.71089935]]
1
[[ -7.97761726  -6.41123724 -13.51687241  -6.03568459]]
3
[[ -5.75455284   0.50442278 -14.68114185  -5.71089935]]
1
[[ -7.97761726  -6.41123724 -13.51687241  -6.03568459]]
3
[[ -5.75455284   0.50442278 -14.68114185  -5.71089935]]
1
[[ -7.97761726  -6.41123724 -13.51687241  -6.03568459]]
3
[[ -5.75455284   0.50442278 -14.68114185  -5.71089935]]
1
[[ -7.97761726  -6.41123724 -13.51687241  -6.03568459]]
3
[[ -5.75455284   0.50442278 -14.68114185  -5.71089935]]
1
[[ -7.97761726  -6.41123724 -13.51687241  -6.03568459]]
3
[[ -5.75455284   0.50442278 -14.68114185  -5.71089935]]
1
[[ -7.97761726  -6.41123724 -13.51687241  -6.03568459]]
3
[[ -5.75455284   0.50442278 -14.68114185  -5.71089935]]
1
[[ -7.97761726  -6.41123724 -13.51687241  -6.03568459]]
3
[[ -5.75455284   0.50442278 -14.68114185  -5.71089935]]
1
[[ -7.97761726  -6.41123724 -13.51687241  -6.03568459]]
3
[[ -5.75455284   0.50442278 -14.68114185  -5.71089935]]
1
[[ -7.97761726  -6.41123724 -13.51687241  -6.03568459]]
3
[[ -5.75455284   0.50442278 -14.68114185  -5.71089935]]
1
[[ -7.97761726  -6.41123724 -13.51687241  -6.03568459]]
3
[[ -5.75455284   0.50442278 -14.68114185  -5.71089935]]
1
[[ -7.97761726  -6.41123724 -13.51687241  -6.03568459]]
3
[[ -5.75455284   0.50442278 -14.68114185  -5.71089935]]
1
[[ -7.97761726  -6.41123724 -13.51687241  -6.03568459]]
3
[[ -5.75455284   0.50442278 -14.68114185  -5.71089935]]
1
[[ -7.97761726  -6.41123724 -13.51687241  -6.03568459]]
3
[[ -5.75455284   0.50442278 -14.68114185  -5.71089935]]
1
[[ -7.97761726  -6.41123724 -13.51687241  -6.03568459]]
3
[[ -5.75455284   0.50442278 -14.68114185  -5.71089935]]
1
[[ -7.97761726  -6.41123724 -13.51687241  -6.03568459]]
3
[[ -5.75455284   0.50442278 -14.68114185  -5.71089935]]
1
[[ -7.97761726  -6.41123724 -13.51687241  -6.03568459]]
3
[[ -5.75455284   0.50442278 -14.68114185  -5.71089935]]
1
[[ -7.97761726  -6.41123724 -13.51687241  -6.03568459]]
3
[[ -5.75455284   0.50442278 -14.68114185  -5.71089935]]
1
[[ -7.97761726  -6.41123724 -13.51687241  -6.03568459]]
3
[[ -5.75455284   0.50442278 -14.68114185  -5.71089935]]
1
[[ -7.97761726  -6.41123724 -13.51687241  -6.03568459]]
3
[[ -5.75455284   0.50442278 -14.68114185  -5.71089935]]
1
[[ -7.97761726  -6.41123724 -13.51687241  -6.03568459]]
3
[[ -5.75455284   0.50442278 -14.68114185  -5.71089935]]
1
[[ -7.97761726  -6.41123724 -13.51687241  -6.03568459]]
3
[[ -5.75455284   0.50442278 -14.68114185  -5.71089935]]
1
[[ -7.97761726  -6.41123724 -13.51687241  -6.03568459]]
3
[[ -5.75455284   0.50442278 -14.68114185  -5.71089935]]
1
[[ -7.97761726  -6.41123724 -13.51687241  -6.03568459]]
3
[[ -5.75455284   0.50442278 -14.68114185  -5.71089935]]
1
[[ -7.97761726  -6.41123724 -13.51687241  -6.03568459]]
3
[[ -5.75455284   0.50442278 -14.68114185  -5.71089935]]
1
[[ -7.97761726  -6.41123724 -13.51687241  -6.03568459]]
3
[[ -5.75455284   0.50442278 -14.68114185  -5.71089935]]
1
[[ -7.97761726  -6.41123724 -13.51687241  -6.03568459]]
3
[[ -5.75455284   0.50442278 -14.68114185  -5.71089935]]
1
[[ -7.97761726  -6.41123724 -13.51687241  -6.03568459]]
3
[[ -5.75455284   0.50442278 -14.68114185  -5.71089935]]
1
[[ -7.97761726  -6.41123724 -13.51687241  -6.03568459]]
3
[[ -5.75455284   0.50442278 -14.68114185  -5.71089935]]
1
[[ -7.97761726  -6.41123724 -13.51687241  -6.03568459]]
3
[[ -5.75455284   0.50442278 -14.68114185  -5.71089935]]
1
[[ -7.97761726  -6.41123724 -13.51687241  -6.03568459]]
3
[[ -5.75455284   0.50442278 -14.68114185  -5.71089935]]
1
[[ -7.97761726  -6.41123724 -13.51687241  -6.03568459]]
3
[[ -5.75455284   0.50442278 -14.68114185  -5.71089935]]
1
[[ -7.97761726  -6.41123724 -13.51687241  -6.03568459]]
3
[[ -5.75455284   0.50442278 -14.68114185  -5.71089935]]
1
[[ -7.97761726  -6.41123724 -13.51687241  -6.03568459]]
3
[[ -5.75455284   0.50442278 -14.68114185  -5.71089935]]
1
[[ -7.97761726  -6.41123724 -13.51687241  -6.03568459]]
3
[[ -5.75455284   0.50442278 -14.68114185  -5.71089935]]
1
[[ -7.97761726  -6.41123724 -13.51687241  -6.03568459]]
3
[[ -5.75455284   0.50442278 -14.68114185  -5.71089935]]
1
[[ -7.97761726  -6.41123724 -13.51687241  -6.03568459]]
3
[[ -5.75455284   0.50442278 -14.68114185  -5.71089935]]
1
[[ -7.97761726  -6.41123724 -13.51687241  -6.03568459]]
3
[[ -5.75455284   0.50442278 -14.68114185  -5.71089935]]
1
[[ -7.97761726  -6.41123724 -13.51687241  -6.03568459]]
3
[[ -5.75455284   0.50442278 -14.68114185  -5.71089935]]
1
[[ -7.97761726  -6.41123724 -13.51687241  -6.03568459]]
3
[[ -5.75455284   0.50442278 -14.68114185  -5.71089935]]
1
[[ -7.97761726  -6.41123724 -13.51687241  -6.03568459]]
3
[[ -5.75455284   0.50442278 -14.68114185  -5.71089935]]
1
[[ -7.97761726  -6.41123724 -13.51687241  -6.03568459]]
3
FAIL
0/8
