[[-4.96689701 -5.45116568 -3.72526312 -8.44632912]]
2
[[-2.67870903 -6.67085123 -2.90402269 -8.7981205 ]]
0
[[-4.96689701 -5.45116568 -3.72526312 -8.44632912]]
2
[[-2.67870903 -6.67085123 -2.90402269 -8.7981205 ]]
0
[[-4.96689701 -5.45116568 -3.72526312 -8.44632912]]
2
[[-2.67870903 -6.67085123 -2.90402269 -8.7981205 ]]
0
[[-4.96689701 -5.45116568 -3.72526312 -8.44632912]]
2
[[-2.67870903 -6.67085123 -2.90402269 -8.7981205 ]]
0
[[-4.96689701 -5.45116568 -3.72526312 -8.44632912]]
2
[[-2.67870903 -6.67085123 -2.90402269 -8.7981205 ]]
0
[[-4.96689701 -5.45116568 -3.72526312 -8.44632912]]
2
[[-2.67870903 -6.67085123 -2.90402269 -8.7981205 ]]
0
[[-4.96689701 -5.45116568 -3.72526312 -8.44632912]]
2
[[-2.67870903 -6.67085123 -2.90402269 -8.7981205 ]]
0
[[-4.96689701 -5.45116568 -3.72526312 -8.44632912]]
2
[[-2.67870903 -6.67085123 -2.90402269 -8.7981205 ]]
0
[[-4.96689701 -5.45116568 -3.72526312 -8.44632912]]
2
[[-2.67870903 -6.67085123 -2.90402269 -8.7981205 ]]
0
[[-4.96689701 -5.45116568 -3.72526312 -8.44632912]]
2
[[-2.67870903 -6.67085123 -2.90402269 -8.7981205 ]]
0
[[-4.96689701 -5.45116568 -3.72526312 -8.44632912]]
2
[[-2.67870903 -6.67085123 -2.90402269 -8.7981205 ]]
0
[[-4.96689701 -5.45116568 -3.72526312 -8.44632912]]
2
[[-2.67870903 -6.67085123 -2.90402269 -8.7981205 ]]
0
[[-4.96689701 -5.45116568 -3.72526312 -8.44632912]]
2
[[-2.67870903 -6.67085123 -2.90402269 -8.7981205 ]]
0
[[-4.96689701 -5.45116568 -3.72526312 -8.44632912]]
2
[[-2.67870903 -6.67085123 -2.90402269 -8.7981205 ]]
0
[[-4.96689701 -5.45116568 -3.72526312 -8.44632912]]
2
[[-2.67870903 -6.67085123 -2.90402269 -8.7981205 ]]
0
[[-4.96689701 -5.45116568 -3.72526312 -8.44632912]]
2
[[-2.67870903 -6.67085123 -2.90402269 -8.7981205 ]]
0
[[-4.96689701 -5.45116568 -3.72526312 -8.44632912]]
2
[[-2.67870903 -6.67085123 -2.90402269 -8.7981205 ]]
0
[[-4.96689701 -5.45116568 -3.72526312 -8.44632912]]
2
[[-2.67870903 -6.67085123 -2.90402269 -8.7981205 ]]
0
[[-4.96689701 -5.45116568 -3.72526312 -8.44632912]]
2
[[-2.67870903 -6.67085123 -2.90402269 -8.7981205 ]]
0
[[-4.96689701 -5.45116568 -3.72526312 -8.44632912]]
2
[[-2.67870903 -6.67085123 -2.90402269 -8.7981205 ]]
0
[[-4.96689701 -5.45116568 -3.72526312 -8.44632912]]
2
[[-2.67870903 -6.67085123 -2.90402269 -8.7981205 ]]
0
[[-4.96689701 -5.45116568 -3.72526312 -8.44632912]]
2
[[-2.67870903 -6.67085123 -2.90402269 -8.7981205 ]]
0
[[-4.96689701 -5.45116568 -3.72526312 -8.44632912]]
2
[[-2.67870903 -6.67085123 -2.90402269 -8.7981205 ]]
0
[[-4.96689701 -5.45116568 -3.72526312 -8.44632912]]
2
[[-2.67870903 -6.67085123 -2.90402269 -8.7981205 ]]
0
[[-4.96689701 -5.45116568 -3.72526312 -8.44632912]]
2
[[-2.67870903 -6.67085123 -2.90402269 -8.7981205 ]]
0
[[-4.96689701 -5.45116568 -3.72526312 -8.44632912]]
2
[[-2.67870903 -6.67085123 -2.90402269 -8.7981205 ]]
0
[[-4.96689701 -5.45116568 -3.72526312 -8.44632912]]
2
[[-2.67870903 -6.67085123 -2.90402269 -8.7981205 ]]
0
[[-4.96689701 -5.45116568 -3.72526312 -8.44632912]]
2
[[-2.67870903 -6.67085123 -2.90402269 -8.7981205 ]]
0
[[-4.96689701 -5.45116568 -3.72526312 -8.44632912]]
2
[[-2.67870903 -6.67085123 -2.90402269 -8.7981205 ]]
0
[[-4.96689701 -5.45116568 -3.72526312 -8.44632912]]
2
[[-2.67870903 -6.67085123 -2.90402269 -8.7981205 ]]
0
[[-4.96689701 -5.45116568 -3.72526312 -8.44632912]]
2
[[-2.67870903 -6.67085123 -2.90402269 -8.7981205 ]]
0
[[-4.96689701 -5.45116568 -3.72526312 -8.44632912]]
2
[[-2.67870903 -6.67085123 -2.90402269 -8.7981205 ]]
0
[[-4.96689701 -5.45116568 -3.72526312 -8.44632912]]
2
[[-2.67870903 -6.67085123 -2.90402269 -8.7981205 ]]
0
[[-4.96689701 -5.45116568 -3.72526312 -8.44632912]]
2
[[-2.67870903 -6.67085123 -2.90402269 -8.7981205 ]]
0
[[-4.96689701 -5.45116568 -3.72526312 -8.44632912]]
2
[[-2.67870903 -6.67085123 -2.90402269 -8.7981205 ]]
0
[[-4.96689701 -5.45116568 -3.72526312 -8.44632912]]
2
[[-2.67870903 -6.67085123 -2.90402269 -8.7981205 ]]
0
[[-4.96689701 -5.45116568 -3.72526312 -8.44632912]]
2
[[-2.67870903 -6.67085123 -2.90402269 -8.7981205 ]]
0
[[-4.96689701 -5.45116568 -3.72526312 -8.44632912]]
2
[[-2.67870903 -6.67085123 -2.90402269 -8.7981205 ]]
0
[[-4.96689701 -5.45116568 -3.72526312 -8.44632912]]
2
[[-2.67870903 -6.67085123 -2.90402269 -8.7981205 ]]
0
[[-4.96689701 -5.45116568 -3.72526312 -8.44632912]]
2
[[-2.67870903 -6.67085123 -2.90402269 -8.7981205 ]]
0
[[-4.96689701 -5.45116568 -3.72526312 -8.44632912]]
2
[[-2.67870903 -6.67085123 -2.90402269 -8.7981205 ]]
0
[[-4.96689701 -5.45116568 -3.72526312 -8.44632912]]
2
[[-2.67870903 -6.67085123 -2.90402269 -8.7981205 ]]
0
[[-4.96689701 -5.45116568 -3.72526312 -8.44632912]]
2
[[-2.67870903 -6.67085123 -2.90402269 -8.7981205 ]]
0
[[-4.96689701 -5.45116568 -3.72526312 -8.44632912]]
2
[[-2.67870903 -6.67085123 -2.90402269 -8.7981205 ]]
0
[[-4.96689701 -5.45116568 -3.72526312 -8.44632912]]
2
[[-2.67870903 -6.67085123 -2.90402269 -8.7981205 ]]
0
[[-4.96689701 -5.45116568 -3.72526312 -8.44632912]]
2
[[-2.67870903 -6.67085123 -2.90402269 -8.7981205 ]]
0
[[-4.96689701 -5.45116568 -3.72526312 -8.44632912]]
2
[[-2.67870903 -6.67085123 -2.90402269 -8.7981205 ]]
0
[[-4.96689701 -5.45116568 -3.72526312 -8.44632912]]
2
[[-2.67870903 -6.67085123 -2.90402269 -8.7981205 ]]
0
[[-4.96689701 -5.45116568 -3.72526312 -8.44632912]]
2
[[-2.67870903 -6.67085123 -2.90402269 -8.7981205 ]]
0
[[-4.96689701 -5.45116568 -3.72526312 -8.44632912]]
2
[[-2.67870903 -6.67085123 -2.90402269 -8.7981205 ]]
0
[[-4.96689701 -5.45116568 -3.72526312 -8.44632912]]
2
FAIL
0/5
