[[-4.67236328 -8.88020229 -4.76160192 -8.7032814 ]]
0
[[-13.81374931 -16.74734116  -1.00871682  -8.7243681 ]]
2
[[-4.67236328 -8.88020229 -4.76160192 -8.7032814 ]]
0
[[-13.81374931 -16.74734116  -1.00871682  -8.7243681 ]]
2
[[-4.67236328 -8.88020229 -4.76160192 -8.7032814 ]]
0
[[-13.81374931 -16.74734116  -1.00871682  -8.7243681 ]]
2
[[-4.67236328 -8.88020229 -4.76160192 -8.7032814 ]]
0
[[-13.81374931 -16.74734116  -1.00871682  -8.7243681 ]]
2
[[-4.67236328 -8.88020229 -4.76160192 -8.7032814 ]]
0
[[-13.81374931 -16.74734116  -1.00871682  -8.7243681 ]]
2
[[-4.67236328 -8.88020229 -4.76160192 -8.7032814 ]]
0
[[-13.81374931 -16.74734116  -1.00871682  -8.7243681 ]]
2
[[-4.67236328 -8.88020229 -4.76160192 -8.7032814 ]]
0
[[-13.81374931 -16.74734116  -1.00871682  -8.7243681 ]]
2
[[-4.67236328 -8.88020229 -4.76160192 -8.7032814 ]]
0
[[-13.81374931 -16.74734116  -1.00871682  -8.7243681 ]]
2
[[-4.67236328 -8.88020229 -4.76160192 -8.7032814 ]]
0
[[-13.81374931 -16.74734116  -1.00871682  -8.7243681 ]]
2
[[-4.67236328 -8.88020229 -4.76160192 -8.7032814 ]]
0
[[-13.81374931 -16.74734116  -1.00871682  -8.7243681 ]]
2
[[-4.67236328 -8.88020229 -4.76160192 -8.7032814 ]]
0
[[-13.81374931 -16.74734116  -1.00871682  -8.7243681 ]]
2
[[-4.67236328 -8.88020229 -4.76160192 -8.7032814 ]]
0
[[-13.81374931 -16.74734116  -1.00871682  -8.7243681 ]]
2
[[-4.67236328 -8.88020229 -4.76160192 -8.7032814 ]]
0
[[-13.81374931 -16.74734116  -1.00871682  -8.7243681 ]]
2
[[-4.67236328 -8.88020229 -4.76160192 -8.7032814 ]]
0
[[-13.81374931 -16.74734116  -1.00871682  -8.7243681 ]]
2
[[-4.67236328 -8.88020229 -4.76160192 -8.7032814 ]]
0
[[-13.81374931 -16.74734116  -1.00871682  -8.7243681 ]]
2
[[-4.67236328 -8.88020229 -4.76160192 -8.7032814 ]]
0
[[-13.81374931 -16.74734116  -1.00871682  -8.7243681 ]]
2
[[-4.67236328 -8.88020229 -4.76160192 -8.7032814 ]]
0
[[-13.81374931 -16.74734116  -1.00871682  -8.7243681 ]]
2
[[-4.67236328 -8.88020229 -4.76160192 -8.7032814 ]]
0
[[-13.81374931 -16.74734116  -1.00871682  -8.7243681 ]]
2
[[-4.67236328 -8.88020229 -4.76160192 -8.7032814 ]]
0
[[-13.81374931 -16.74734116  -1.00871682  -8.7243681 ]]
2
[[-4.67236328 -8.88020229 -4.76160192 -8.7032814 ]]
0
[[-13.81374931 -16.74734116  -1.00871682  -8.7243681 ]]
2
[[-4.67236328 -8.88020229 -4.76160192 -8.7032814 ]]
0
[[-13.81374931 -16.74734116  -1.00871682  -8.7243681 ]]
2
[[-4.67236328 -8.88020229 -4.76160192 -8.7032814 ]]
0
[[-13.81374931 -16.74734116  -1.00871682  -8.7243681 ]]
2
[[-4.67236328 -8.88020229 -4.76160192 -8.7032814 ]]
0
[[-13.81374931 -16.74734116  -1.00871682  -8.7243681 ]]
2
[[-4.67236328 -8.88020229 -4.76160192 -8.7032814 ]]
0
[[-13.81374931 -16.74734116  -1.00871682  -8.7243681 ]]
2
[[-4.67236328 -8.88020229 -4.76160192 -8.7032814 ]]
0
[[-13.81374931 -16.74734116  -1.00871682  -8.7243681 ]]
2
[[-4.67236328 -8.88020229 -4.76160192 -8.7032814 ]]
0
[[-13.81374931 -16.74734116  -1.00871682  -8.7243681 ]]
2
[[-4.67236328 -8.88020229 -4.76160192 -8.7032814 ]]
0
[[-13.81374931 -16.74734116  -1.00871682  -8.7243681 ]]
2
[[-4.67236328 -8.88020229 -4.76160192 -8.7032814 ]]
0
[[-13.81374931 -16.74734116  -1.00871682  -8.7243681 ]]
2
[[-4.67236328 -8.88020229 -4.76160192 -8.7032814 ]]
0
[[-13.81374931 -16.74734116  -1.00871682  -8.7243681 ]]
2
[[-4.67236328 -8.88020229 -4.76160192 -8.7032814 ]]
0
[[-13.81374931 -16.74734116  -1.00871682  -8.7243681 ]]
2
[[-4.67236328 -8.88020229 -4.76160192 -8.7032814 ]]
0
[[-13.81374931 -16.74734116  -1.00871682  -8.7243681 ]]
2
[[-4.67236328 -8.88020229 -4.76160192 -8.7032814 ]]
0
[[-13.81374931 -16.74734116  -1.00871682  -8.7243681 ]]
2
[[-4.67236328 -8.88020229 -4.76160192 -8.7032814 ]]
0
[[-13.81374931 -16.74734116  -1.00871682  -8.7243681 ]]
2
[[-4.67236328 -8.88020229 -4.76160192 -8.7032814 ]]
0
[[-13.81374931 -16.74734116  -1.00871682  -8.7243681 ]]
2
[[-4.67236328 -8.88020229 -4.76160192 -8.7032814 ]]
0
[[-13.81374931 -16.74734116  -1.00871682  -8.7243681 ]]
2
[[-4.67236328 -8.88020229 -4.76160192 -8.7032814 ]]
0
[[-13.81374931 -16.74734116  -1.00871682  -8.7243681 ]]
2
[[-4.67236328 -8.88020229 -4.76160192 -8.7032814 ]]
0
[[-13.81374931 -16.74734116  -1.00871682  -8.7243681 ]]
2
[[-4.67236328 -8.88020229 -4.76160192 -8.7032814 ]]
0
[[-13.81374931 -16.74734116  -1.00871682  -8.7243681 ]]
2
[[-4.67236328 -8.88020229 -4.76160192 -8.7032814 ]]
0
[[-13.81374931 -16.74734116  -1.00871682  -8.7243681 ]]
2
[[-4.67236328 -8.88020229 -4.76160192 -8.7032814 ]]
0
[[-13.81374931 -16.74734116  -1.00871682  -8.7243681 ]]
2
[[-4.67236328 -8.88020229 -4.76160192 -8.7032814 ]]
0
[[-13.81374931 -16.74734116  -1.00871682  -8.7243681 ]]
2
[[-4.67236328 -8.88020229 -4.76160192 -8.7032814 ]]
0
[[-13.81374931 -16.74734116  -1.00871682  -8.7243681 ]]
2
[[-4.67236328 -8.88020229 -4.76160192 -8.7032814 ]]
0
[[-13.81374931 -16.74734116  -1.00871682  -8.7243681 ]]
2
[[-4.67236328 -8.88020229 -4.76160192 -8.7032814 ]]
0
[[-13.81374931 -16.74734116  -1.00871682  -8.7243681 ]]
2
[[-4.67236328 -8.88020229 -4.76160192 -8.7032814 ]]
0
[[-13.81374931 -16.74734116  -1.00871682  -8.7243681 ]]
2
[[-4.67236328 -8.88020229 -4.76160192 -8.7032814 ]]
0
[[-13.81374931 -16.74734116  -1.00871682  -8.7243681 ]]
2
[[-4.67236328 -8.88020229 -4.76160192 -8.7032814 ]]
0
[[-13.81374931 -16.74734116  -1.00871682  -8.7243681 ]]
2
[[-4.67236328 -8.88020229 -4.76160192 -8.7032814 ]]
0
[[-13.81374931 -16.74734116  -1.00871682  -8.7243681 ]]
2
[[-4.67236328 -8.88020229 -4.76160192 -8.7032814 ]]
0
[[-13.81374931 -16.74734116  -1.00871682  -8.7243681 ]]
2
[[-4.67236328 -8.88020229 -4.76160192 -8.7032814 ]]
0
[[-13.81374931 -16.74734116  -1.00871682  -8.7243681 ]]
2
[[-4.67236328 -8.88020229 -4.76160192 -8.7032814 ]]
0
FAIL
1/2
