[[-4.56010103 -5.75900888 -3.92282867 -8.45611   ]]
2
[[-2.29472065 -6.99167538 -3.08685398 -8.8214035 ]]
0
[[-4.56010103 -5.75900888 -3.92282867 -8.45611   ]]
2
[[-2.29472065 -6.99167538 -3.08685398 -8.8214035 ]]
0
[[-4.56010103 -5.75900888 -3.92282867 -8.45611   ]]
2
[[-2.29472065 -6.99167538 -3.08685398 -8.8214035 ]]
0
[[-4.56010103 -5.75900888 -3.92282867 -8.45611   ]]
2
[[-2.29472065 -6.99167538 -3.08685398 -8.8214035 ]]
0
[[-4.56010103 -5.75900888 -3.92282867 -8.45611   ]]
2
[[-2.29472065 -6.99167538 -3.08685398 -8.8214035 ]]
0
[[-4.56010103 -5.75900888 -3.92282867 -8.45611   ]]
2
[[-2.29472065 -6.99167538 -3.08685398 -8.8214035 ]]
0
[[-4.56010103 -5.75900888 -3.92282867 -8.45611   ]]
2
[[-2.29472065 -6.99167538 -3.08685398 -8.8214035 ]]
0
[[-4.56010103 -5.75900888 -3.92282867 -8.45611   ]]
2
[[-2.29472065 -6.99167538 -3.08685398 -8.8214035 ]]
0
[[-4.56010103 -5.75900888 -3.92282867 -8.45611   ]]
2
[[-2.29472065 -6.99167538 -3.08685398 -8.8214035 ]]
0
[[-4.56010103 -5.75900888 -3.92282867 -8.45611   ]]
2
[[-2.29472065 -6.99167538 -3.08685398 -8.8214035 ]]
0
[[-4.56010103 -5.75900888 -3.92282867 -8.45611   ]]
2
[[-2.29472065 -6.99167538 -3.08685398 -8.8214035 ]]
0
[[-4.56010103 -5.75900888 -3.92282867 -8.45611   ]]
2
[[-2.29472065 -6.99167538 -3.08685398 -8.8214035 ]]
0
[[-4.56010103 -5.75900888 -3.92282867 -8.45611   ]]
2
[[-2.29472065 -6.99167538 -3.08685398 -8.8214035 ]]
0
[[-4.56010103 -5.75900888 -3.92282867 -8.45611   ]]
2
[[-2.29472065 -6.99167538 -3.08685398 -8.8214035 ]]
0
[[-4.56010103 -5.75900888 -3.92282867 -8.45611   ]]
2
[[-2.29472065 -6.99167538 -3.08685398 -8.8214035 ]]
0
[[-4.56010103 -5.75900888 -3.92282867 -8.45611   ]]
2
[[-2.29472065 -6.99167538 -3.08685398 -8.8214035 ]]
0
[[-4.56010103 -5.75900888 -3.92282867 -8.45611   ]]
2
[[-2.29472065 -6.99167538 -3.08685398 -8.8214035 ]]
0
[[-4.56010103 -5.75900888 -3.92282867 -8.45611   ]]
2
[[-2.29472065 -6.99167538 -3.08685398 -8.8214035 ]]
0
[[-4.56010103 -5.75900888 -3.92282867 -8.45611   ]]
2
[[-2.29472065 -6.99167538 -3.08685398 -8.8214035 ]]
0
[[-4.56010103 -5.75900888 -3.92282867 -8.45611   ]]
2
[[-2.29472065 -6.99167538 -3.08685398 -8.8214035 ]]
0
[[-4.56010103 -5.75900888 -3.92282867 -8.45611   ]]
2
[[-2.29472065 -6.99167538 -3.08685398 -8.8214035 ]]
0
[[-4.56010103 -5.75900888 -3.92282867 -8.45611   ]]
2
[[-2.29472065 -6.99167538 -3.08685398 -8.8214035 ]]
0
[[-4.56010103 -5.75900888 -3.92282867 -8.45611   ]]
2
[[-2.29472065 -6.99167538 -3.08685398 -8.8214035 ]]
0
[[-4.56010103 -5.75900888 -3.92282867 -8.45611   ]]
2
[[-2.29472065 -6.99167538 -3.08685398 -8.8214035 ]]
0
[[-4.56010103 -5.75900888 -3.92282867 -8.45611   ]]
2
[[-2.29472065 -6.99167538 -3.08685398 -8.8214035 ]]
0
[[-4.56010103 -5.75900888 -3.92282867 -8.45611   ]]
2
[[-2.29472065 -6.99167538 -3.08685398 -8.8214035 ]]
0
[[-4.56010103 -5.75900888 -3.92282867 -8.45611   ]]
2
[[-2.29472065 -6.99167538 -3.08685398 -8.8214035 ]]
0
[[-4.56010103 -5.75900888 -3.92282867 -8.45611   ]]
2
[[-2.29472065 -6.99167538 -3.08685398 -8.8214035 ]]
0
[[-4.56010103 -5.75900888 -3.92282867 -8.45611   ]]
2
[[-2.29472065 -6.99167538 -3.08685398 -8.8214035 ]]
0
[[-4.56010103 -5.75900888 -3.92282867 -8.45611   ]]
2
[[-2.29472065 -6.99167538 -3.08685398 -8.8214035 ]]
0
[[-4.56010103 -5.75900888 -3.92282867 -8.45611   ]]
2
[[-2.29472065 -6.99167538 -3.08685398 -8.8214035 ]]
0
[[-4.56010103 -5.75900888 -3.92282867 -8.45611   ]]
2
[[-2.29472065 -6.99167538 -3.08685398 -8.8214035 ]]
0
[[-4.56010103 -5.75900888 -3.92282867 -8.45611   ]]
2
[[-2.29472065 -6.99167538 -3.08685398 -8.8214035 ]]
0
[[-4.56010103 -5.75900888 -3.92282867 -8.45611   ]]
2
[[-2.29472065 -6.99167538 -3.08685398 -8.8214035 ]]
0
[[-4.56010103 -5.75900888 -3.92282867 -8.45611   ]]
2
[[-2.29472065 -6.99167538 -3.08685398 -8.8214035 ]]
0
[[-4.56010103 -5.75900888 -3.92282867 -8.45611   ]]
2
[[-2.29472065 -6.99167538 -3.08685398 -8.8214035 ]]
0
[[-4.56010103 -5.75900888 -3.92282867 -8.45611   ]]
2
[[-2.29472065 -6.99167538 -3.08685398 -8.8214035 ]]
0
[[-4.56010103 -5.75900888 -3.92282867 -8.45611   ]]
2
[[-2.29472065 -6.99167538 -3.08685398 -8.8214035 ]]
0
[[-4.56010103 -5.75900888 -3.92282867 -8.45611   ]]
2
[[-2.29472065 -6.99167538 -3.08685398 -8.8214035 ]]
0
[[-4.56010103 -5.75900888 -3.92282867 -8.45611   ]]
2
[[-2.29472065 -6.99167538 -3.08685398 -8.8214035 ]]
0
[[-4.56010103 -5.75900888 -3.92282867 -8.45611   ]]
2
[[-2.29472065 -6.99167538 -3.08685398 -8.8214035 ]]
0
[[-4.56010103 -5.75900888 -3.92282867 -8.45611   ]]
2
[[-2.29472065 -6.99167538 -3.08685398 -8.8214035 ]]
0
[[-4.56010103 -5.75900888 -3.92282867 -8.45611   ]]
2
[[-2.29472065 -6.99167538 -3.08685398 -8.8214035 ]]
0
[[-4.56010103 -5.75900888 -3.92282867 -8.45611   ]]
2
[[-2.29472065 -6.99167538 -3.08685398 -8.8214035 ]]
0
[[-4.56010103 -5.75900888 -3.92282867 -8.45611   ]]
2
[[-2.29472065 -6.99167538 -3.08685398 -8.8214035 ]]
0
[[-4.56010103 -5.75900888 -3.92282867 -8.45611   ]]
2
[[-2.29472065 -6.99167538 -3.08685398 -8.8214035 ]]
0
[[-4.56010103 -5.75900888 -3.92282867 -8.45611   ]]
2
[[-2.29472065 -6.99167538 -3.08685398 -8.8214035 ]]
0
[[-4.56010103 -5.75900888 -3.92282867 -8.45611   ]]
2
[[-2.29472065 -6.99167538 -3.08685398 -8.8214035 ]]
0
[[-4.56010103 -5.75900888 -3.92282867 -8.45611   ]]
2
[[-2.29472065 -6.99167538 -3.08685398 -8.8214035 ]]
0
[[-4.56010103 -5.75900888 -3.92282867 -8.45611   ]]
2
[[-2.29472065 -6.99167538 -3.08685398 -8.8214035 ]]
0
[[-4.56010103 -5.75900888 -3.92282867 -8.45611   ]]
2
FAIL
0/5
