[[ 35169920.  35117608.  31288840.  26428508.]]
0
[[ 31111128.  29716192.  31297752.  25216086.]]
2
[[ 35169920.  35117608.  31288840.  26428508.]]
0
[[ 31111128.  29716192.  31297752.  25216086.]]
2
[[ 35169920.  35117608.  31288840.  26428508.]]
0
[[ 31111128.  29716192.  31297752.  25216086.]]
2
[[ 35169920.  35117608.  31288840.  26428508.]]
0
[[ 31111128.  29716192.  31297752.  25216086.]]
2
[[ 35169920.  35117608.  31288840.  26428508.]]
0
[[ 31111128.  29716192.  31297752.  25216086.]]
2
[[ 35169920.  35117608.  31288840.  26428508.]]
0
[[ 31111128.  29716192.  31297752.  25216086.]]
2
[[ 35169920.  35117608.  31288840.  26428508.]]
0
[[ 31111128.  29716192.  31297752.  25216086.]]
2
[[ 35169920.  35117608.  31288840.  26428508.]]
0
[[ 31111128.  29716192.  31297752.  25216086.]]
2
[[ 35169920.  35117608.  31288840.  26428508.]]
0
[[ 31111128.  29716192.  31297752.  25216086.]]
2
[[ 35169920.  35117608.  31288840.  26428508.]]
0
[[ 31111128.  29716192.  31297752.  25216086.]]
2
[[ 35169920.  35117608.  31288840.  26428508.]]
0
[[ 31111128.  29716192.  31297752.  25216086.]]
2
[[ 35169920.  35117608.  31288840.  26428508.]]
0
[[ 31111128.  29716192.  31297752.  25216086.]]
2
[[ 35169920.  35117608.  31288840.  26428508.]]
0
[[ 31111128.  29716192.  31297752.  25216086.]]
2
[[ 35169920.  35117608.  31288840.  26428508.]]
0
[[ 31111128.  29716192.  31297752.  25216086.]]
2
[[ 35169920.  35117608.  31288840.  26428508.]]
0
[[ 31111128.  29716192.  31297752.  25216086.]]
2
[[ 35169920.  35117608.  31288840.  26428508.]]
0
[[ 31111128.  29716192.  31297752.  25216086.]]
2
[[ 35169920.  35117608.  31288840.  26428508.]]
0
[[ 31111128.  29716192.  31297752.  25216086.]]
2
[[ 35169920.  35117608.  31288840.  26428508.]]
0
[[ 31111128.  29716192.  31297752.  25216086.]]
2
[[ 35169920.  35117608.  31288840.  26428508.]]
0
[[ 31111128.  29716192.  31297752.  25216086.]]
2
[[ 35169920.  35117608.  31288840.  26428508.]]
0
[[ 31111128.  29716192.  31297752.  25216086.]]
2
[[ 35169920.  35117608.  31288840.  26428508.]]
0
[[ 31111128.  29716192.  31297752.  25216086.]]
2
[[ 35169920.  35117608.  31288840.  26428508.]]
0
[[ 31111128.  29716192.  31297752.  25216086.]]
2
[[ 35169920.  35117608.  31288840.  26428508.]]
0
[[ 31111128.  29716192.  31297752.  25216086.]]
2
[[ 35169920.  35117608.  31288840.  26428508.]]
0
[[ 31111128.  29716192.  31297752.  25216086.]]
2
[[ 35169920.  35117608.  31288840.  26428508.]]
0
[[ 31111128.  29716192.  31297752.  25216086.]]
2
[[ 35169920.  35117608.  31288840.  26428508.]]
0
[[ 31111128.  29716192.  31297752.  25216086.]]
2
[[ 35169920.  35117608.  31288840.  26428508.]]
0
[[ 31111128.  29716192.  31297752.  25216086.]]
2
[[ 35169920.  35117608.  31288840.  26428508.]]
0
[[ 31111128.  29716192.  31297752.  25216086.]]
2
[[ 35169920.  35117608.  31288840.  26428508.]]
0
[[ 31111128.  29716192.  31297752.  25216086.]]
2
[[ 35169920.  35117608.  31288840.  26428508.]]
0
[[ 31111128.  29716192.  31297752.  25216086.]]
2
[[ 35169920.  35117608.  31288840.  26428508.]]
0
[[ 31111128.  29716192.  31297752.  25216086.]]
2
[[ 35169920.  35117608.  31288840.  26428508.]]
0
[[ 31111128.  29716192.  31297752.  25216086.]]
2
[[ 35169920.  35117608.  31288840.  26428508.]]
0
[[ 31111128.  29716192.  31297752.  25216086.]]
2
[[ 35169920.  35117608.  31288840.  26428508.]]
0
[[ 31111128.  29716192.  31297752.  25216086.]]
2
[[ 35169920.  35117608.  31288840.  26428508.]]
0
[[ 31111128.  29716192.  31297752.  25216086.]]
2
[[ 35169920.  35117608.  31288840.  26428508.]]
0
[[ 31111128.  29716192.  31297752.  25216086.]]
2
[[ 35169920.  35117608.  31288840.  26428508.]]
0
[[ 31111128.  29716192.  31297752.  25216086.]]
2
[[ 35169920.  35117608.  31288840.  26428508.]]
0
[[ 31111128.  29716192.  31297752.  25216086.]]
2
[[ 35169920.  35117608.  31288840.  26428508.]]
0
[[ 31111128.  29716192.  31297752.  25216086.]]
2
[[ 35169920.  35117608.  31288840.  26428508.]]
0
[[ 31111128.  29716192.  31297752.  25216086.]]
2
[[ 35169920.  35117608.  31288840.  26428508.]]
0
[[ 31111128.  29716192.  31297752.  25216086.]]
2
[[ 35169920.  35117608.  31288840.  26428508.]]
0
[[ 31111128.  29716192.  31297752.  25216086.]]
2
[[ 35169920.  35117608.  31288840.  26428508.]]
0
[[ 31111128.  29716192.  31297752.  25216086.]]
2
[[ 35169920.  35117608.  31288840.  26428508.]]
0
[[ 31111128.  29716192.  31297752.  25216086.]]
2
[[ 35169920.  35117608.  31288840.  26428508.]]
0
[[ 31111128.  29716192.  31297752.  25216086.]]
2
[[ 35169920.  35117608.  31288840.  26428508.]]
0
[[ 31111128.  29716192.  31297752.  25216086.]]
2
[[ 35169920.  35117608.  31288840.  26428508.]]
0
[[ 31111128.  29716192.  31297752.  25216086.]]
2
[[ 35169920.  35117608.  31288840.  26428508.]]
0
[[ 31111128.  29716192.  31297752.  25216086.]]
2
[[ 35169920.  35117608.  31288840.  26428508.]]
0
[[ 31111128.  29716192.  31297752.  25216086.]]
2
[[ 35169920.  35117608.  31288840.  26428508.]]
0
[[ 31111128.  29716192.  31297752.  25216086.]]
2
[[ 35169920.  35117608.  31288840.  26428508.]]
0
FAIL
1/8
