[[-4.7821846  -8.71510983 -4.97076511 -8.58947659]]
0
[[-13.88440609 -16.56141281  -1.19229507  -8.60199451]]
2
[[-4.7821846  -8.71510983 -4.97076511 -8.58947659]]
0
[[-13.88440609 -16.56141281  -1.19229507  -8.60199451]]
2
[[-4.7821846  -8.71510983 -4.97076511 -8.58947659]]
0
[[-13.88440609 -16.56141281  -1.19229507  -8.60199451]]
2
[[-4.7821846  -8.71510983 -4.97076511 -8.58947659]]
0
[[-13.88440609 -16.56141281  -1.19229507  -8.60199451]]
2
[[-4.7821846  -8.71510983 -4.97076511 -8.58947659]]
0
[[-13.88440609 -16.56141281  -1.19229507  -8.60199451]]
2
[[-4.7821846  -8.71510983 -4.97076511 -8.58947659]]
0
[[-13.88440609 -16.56141281  -1.19229507  -8.60199451]]
2
[[-4.7821846  -8.71510983 -4.97076511 -8.58947659]]
0
[[-13.88440609 -16.56141281  -1.19229507  -8.60199451]]
2
[[-4.7821846  -8.71510983 -4.97076511 -8.58947659]]
0
[[-13.88440609 -16.56141281  -1.19229507  -8.60199451]]
2
[[-4.7821846  -8.71510983 -4.97076511 -8.58947659]]
0
[[-13.88440609 -16.56141281  -1.19229507  -8.60199451]]
2
[[-4.7821846  -8.71510983 -4.97076511 -8.58947659]]
0
[[-13.88440609 -16.56141281  -1.19229507  -8.60199451]]
2
[[-4.7821846  -8.71510983 -4.97076511 -8.58947659]]
0
[[-13.88440609 -16.56141281  -1.19229507  -8.60199451]]
2
[[-4.7821846  -8.71510983 -4.97076511 -8.58947659]]
0
[[-13.88440609 -16.56141281  -1.19229507  -8.60199451]]
2
[[-4.7821846  -8.71510983 -4.97076511 -8.58947659]]
0
[[-13.88440609 -16.56141281  -1.19229507  -8.60199451]]
2
[[-4.7821846  -8.71510983 -4.97076511 -8.58947659]]
0
[[-13.88440609 -16.56141281  -1.19229507  -8.60199451]]
2
[[-4.7821846  -8.71510983 -4.97076511 -8.58947659]]
0
[[-13.88440609 -16.56141281  -1.19229507  -8.60199451]]
2
[[-4.7821846  -8.71510983 -4.97076511 -8.58947659]]
0
[[-13.88440609 -16.56141281  -1.19229507  -8.60199451]]
2
[[-4.7821846  -8.71510983 -4.97076511 -8.58947659]]
0
[[-13.88440609 -16.56141281  -1.19229507  -8.60199451]]
2
[[-4.7821846  -8.71510983 -4.97076511 -8.58947659]]
0
[[-13.88440609 -16.56141281  -1.19229507  -8.60199451]]
2
[[-4.7821846  -8.71510983 -4.97076511 -8.58947659]]
0
[[-13.88440609 -16.56141281  -1.19229507  -8.60199451]]
2
[[-4.7821846  -8.71510983 -4.97076511 -8.58947659]]
0
[[-13.88440609 -16.56141281  -1.19229507  -8.60199451]]
2
[[-4.7821846  -8.71510983 -4.97076511 -8.58947659]]
0
[[-13.88440609 -16.56141281  -1.19229507  -8.60199451]]
2
[[-4.7821846  -8.71510983 -4.97076511 -8.58947659]]
0
[[-13.88440609 -16.56141281  -1.19229507  -8.60199451]]
2
[[-4.7821846  -8.71510983 -4.97076511 -8.58947659]]
0
[[-13.88440609 -16.56141281  -1.19229507  -8.60199451]]
2
[[-4.7821846  -8.71510983 -4.97076511 -8.58947659]]
0
[[-13.88440609 -16.56141281  -1.19229507  -8.60199451]]
2
[[-4.7821846  -8.71510983 -4.97076511 -8.58947659]]
0
[[-13.88440609 -16.56141281  -1.19229507  -8.60199451]]
2
[[-4.7821846  -8.71510983 -4.97076511 -8.58947659]]
0
[[-13.88440609 -16.56141281  -1.19229507  -8.60199451]]
2
[[-4.7821846  -8.71510983 -4.97076511 -8.58947659]]
0
[[-13.88440609 -16.56141281  -1.19229507  -8.60199451]]
2
[[-4.7821846  -8.71510983 -4.97076511 -8.58947659]]
0
[[-13.88440609 -16.56141281  -1.19229507  -8.60199451]]
2
[[-4.7821846  -8.71510983 -4.97076511 -8.58947659]]
0
[[-13.88440609 -16.56141281  -1.19229507  -8.60199451]]
2
[[-4.7821846  -8.71510983 -4.97076511 -8.58947659]]
0
[[-13.88440609 -16.56141281  -1.19229507  -8.60199451]]
2
[[-4.7821846  -8.71510983 -4.97076511 -8.58947659]]
0
[[-13.88440609 -16.56141281  -1.19229507  -8.60199451]]
2
[[-4.7821846  -8.71510983 -4.97076511 -8.58947659]]
0
[[-13.88440609 -16.56141281  -1.19229507  -8.60199451]]
2
[[-4.7821846  -8.71510983 -4.97076511 -8.58947659]]
0
[[-13.88440609 -16.56141281  -1.19229507  -8.60199451]]
2
[[-4.7821846  -8.71510983 -4.97076511 -8.58947659]]
0
[[-13.88440609 -16.56141281  -1.19229507  -8.60199451]]
2
[[-4.7821846  -8.71510983 -4.97076511 -8.58947659]]
0
[[-13.88440609 -16.56141281  -1.19229507  -8.60199451]]
2
[[-4.7821846  -8.71510983 -4.97076511 -8.58947659]]
0
[[-13.88440609 -16.56141281  -1.19229507  -8.60199451]]
2
[[-4.7821846  -8.71510983 -4.97076511 -8.58947659]]
0
[[-13.88440609 -16.56141281  -1.19229507  -8.60199451]]
2
[[-4.7821846  -8.71510983 -4.97076511 -8.58947659]]
0
[[-13.88440609 -16.56141281  -1.19229507  -8.60199451]]
2
[[-4.7821846  -8.71510983 -4.97076511 -8.58947659]]
0
[[-13.88440609 -16.56141281  -1.19229507  -8.60199451]]
2
[[-4.7821846  -8.71510983 -4.97076511 -8.58947659]]
0
[[-13.88440609 -16.56141281  -1.19229507  -8.60199451]]
2
[[-4.7821846  -8.71510983 -4.97076511 -8.58947659]]
0
[[-13.88440609 -16.56141281  -1.19229507  -8.60199451]]
2
[[-4.7821846  -8.71510983 -4.97076511 -8.58947659]]
0
[[-13.88440609 -16.56141281  -1.19229507  -8.60199451]]
2
[[-4.7821846  -8.71510983 -4.97076511 -8.58947659]]
0
[[-13.88440609 -16.56141281  -1.19229507  -8.60199451]]
2
[[-4.7821846  -8.71510983 -4.97076511 -8.58947659]]
0
[[-13.88440609 -16.56141281  -1.19229507  -8.60199451]]
2
[[-4.7821846  -8.71510983 -4.97076511 -8.58947659]]
0
[[-13.88440609 -16.56141281  -1.19229507  -8.60199451]]
2
[[-4.7821846  -8.71510983 -4.97076511 -8.58947659]]
0
[[-13.88440609 -16.56141281  -1.19229507  -8.60199451]]
2
[[-4.7821846  -8.71510983 -4.97076511 -8.58947659]]
0
[[-13.88440609 -16.56141281  -1.19229507  -8.60199451]]
2
[[-4.7821846  -8.71510983 -4.97076511 -8.58947659]]
0
[[-13.88440609 -16.56141281  -1.19229507  -8.60199451]]
2
[[-4.7821846  -8.71510983 -4.97076511 -8.58947659]]
0
[[-13.88440609 -16.56141281  -1.19229507  -8.60199451]]
2
[[-4.7821846  -8.71510983 -4.97076511 -8.58947659]]
0
[[-13.88440609 -16.56141281  -1.19229507  -8.60199451]]
2
[[-4.7821846  -8.71510983 -4.97076511 -8.58947659]]
0
FAIL
1/2
