[[ -5.19273663   0.05443003 -13.60719776  -5.97166777]]
1
[[ -5.51921272   0.32167724 -15.0457449   -5.62813997]]
1
[[ -7.73901367  -6.5788641  -13.86648083  -5.96291494]]
3
[[ -5.51921272   0.32167724 -15.0457449   -5.62813997]]
1
[[ -7.73901367  -6.5788641  -13.86648083  -5.96291494]]
3
[[ -5.51921272   0.32167724 -15.0457449   -5.62813997]]
1
[[ -7.73901367  -6.5788641  -13.86648083  -5.96291494]]
3
[[ -5.51921272   0.32167724 -15.0457449   -5.62813997]]
1
[[ -7.73901367  -6.5788641  -13.86648083  -5.96291494]]
3
[[ -5.51921272   0.32167724 -15.0457449   -5.62813997]]
1
[[ -7.73901367  -6.5788641  -13.86648083  -5.96291494]]
3
[[ -5.51921272   0.32167724 -15.0457449   -5.62813997]]
1
[[ -7.73901367  -6.5788641  -13.86648083  -5.96291494]]
3
[[ -5.51921272   0.32167724 -15.0457449   -5.62813997]]
1
[[ -7.73901367  -6.5788641  -13.86648083  -5.96291494]]
3
[[ -5.51921272   0.32167724 -15.0457449   -5.62813997]]
1
[[ -7.73901367  -6.5788641  -13.86648083  -5.96291494]]
3
[[ -5.51921272   0.32167724 -15.0457449   -5.62813997]]
1
[[ -7.73901367  -6.5788641  -13.86648083  -5.96291494]]
3
[[ -5.51921272   0.32167724 -15.0457449   -5.62813997]]
1
[[ -7.73901367  -6.5788641  -13.86648083  -5.96291494]]
3
[[ -5.51921272   0.32167724 -15.0457449   -5.62813997]]
1
[[ -7.73901367  -6.5788641  -13.86648083  -5.96291494]]
3
[[ -5.51921272   0.32167724 -15.0457449   -5.62813997]]
1
[[ -7.73901367  -6.5788641  -13.86648083  -5.96291494]]
3
[[ -5.51921272   0.32167724 -15.0457449   -5.62813997]]
1
[[ -7.73901367  -6.5788641  -13.86648083  -5.96291494]]
3
[[ -5.51921272   0.32167724 -15.0457449   -5.62813997]]
1
[[ -7.73901367  -6.5788641  -13.86648083  -5.96291494]]
3
[[ -5.51921272   0.32167724 -15.0457449   -5.62813997]]
1
[[ -7.73901367  -6.5788641  -13.86648083  -5.96291494]]
3
[[ -5.51921272   0.32167724 -15.0457449   -5.62813997]]
1
[[ -7.73901367  -6.5788641  -13.86648083  -5.96291494]]
3
[[ -5.51921272   0.32167724 -15.0457449   -5.62813997]]
1
[[ -7.73901367  -6.5788641  -13.86648083  -5.96291494]]
3
[[ -5.51921272   0.32167724 -15.0457449   -5.62813997]]
1
[[ -7.73901367  -6.5788641  -13.86648083  -5.96291494]]
3
[[ -5.51921272   0.32167724 -15.0457449   -5.62813997]]
1
[[ -7.73901367  -6.5788641  -13.86648083  -5.96291494]]
3
[[ -5.51921272   0.32167724 -15.0457449   -5.62813997]]
1
[[ -7.73901367  -6.5788641  -13.86648083  -5.96291494]]
3
[[ -5.51921272   0.32167724 -15.0457449   -5.62813997]]
1
[[ -7.73901367  -6.5788641  -13.86648083  -5.96291494]]
3
[[ -5.51921272   0.32167724 -15.0457449   -5.62813997]]
1
[[ -7.73901367  -6.5788641  -13.86648083  -5.96291494]]
3
[[ -5.51921272   0.32167724 -15.0457449   -5.62813997]]
1
[[ -7.73901367  -6.5788641  -13.86648083  -5.96291494]]
3
[[ -5.51921272   0.32167724 -15.0457449   -5.62813997]]
1
[[ -7.73901367  -6.5788641  -13.86648083  -5.96291494]]
3
[[ -5.51921272   0.32167724 -15.0457449   -5.62813997]]
1
[[ -7.73901367  -6.5788641  -13.86648083  -5.96291494]]
3
[[ -5.51921272   0.32167724 -15.0457449   -5.62813997]]
1
[[ -7.73901367  -6.5788641  -13.86648083  -5.96291494]]
3
[[ -5.51921272   0.32167724 -15.0457449   -5.62813997]]
1
[[ -7.73901367  -6.5788641  -13.86648083  -5.96291494]]
3
[[ -5.51921272   0.32167724 -15.0457449   -5.62813997]]
1
[[ -7.73901367  -6.5788641  -13.86648083  -5.96291494]]
3
[[ -5.51921272   0.32167724 -15.0457449   -5.62813997]]
1
[[ -7.73901367  -6.5788641  -13.86648083  -5.96291494]]
3
[[ -5.51921272   0.32167724 -15.0457449   -5.62813997]]
1
[[ -7.73901367  -6.5788641  -13.86648083  -5.96291494]]
3
[[ -5.51921272   0.32167724 -15.0457449   -5.62813997]]
1
[[ -7.73901367  -6.5788641  -13.86648083  -5.96291494]]
3
[[ -5.51921272   0.32167724 -15.0457449   -5.62813997]]
1
[[ -7.73901367  -6.5788641  -13.86648083  -5.96291494]]
3
[[ -5.51921272   0.32167724 -15.0457449   -5.62813997]]
1
[[ -7.73901367  -6.5788641  -13.86648083  -5.96291494]]
3
[[ -5.51921272   0.32167724 -15.0457449   -5.62813997]]
1
[[ -7.73901367  -6.5788641  -13.86648083  -5.96291494]]
3
[[ -5.51921272   0.32167724 -15.0457449   -5.62813997]]
1
[[ -7.73901367  -6.5788641  -13.86648083  -5.96291494]]
3
[[ -5.51921272   0.32167724 -15.0457449   -5.62813997]]
1
[[ -7.73901367  -6.5788641  -13.86648083  -5.96291494]]
3
[[ -5.51921272   0.32167724 -15.0457449   -5.62813997]]
1
[[ -7.73901367  -6.5788641  -13.86648083  -5.96291494]]
3
[[ -5.51921272   0.32167724 -15.0457449   -5.62813997]]
1
[[ -7.73901367  -6.5788641  -13.86648083  -5.96291494]]
3
[[ -5.51921272   0.32167724 -15.0457449   -5.62813997]]
1
[[ -7.73901367  -6.5788641  -13.86648083  -5.96291494]]
3
[[ -5.51921272   0.32167724 -15.0457449   -5.62813997]]
1
[[ -7.73901367  -6.5788641  -13.86648083  -5.96291494]]
3
[[ -5.51921272   0.32167724 -15.0457449   -5.62813997]]
1
[[ -7.73901367  -6.5788641  -13.86648083  -5.96291494]]
3
[[ -5.51921272   0.32167724 -15.0457449   -5.62813997]]
1
[[ -7.73901367  -6.5788641  -13.86648083  -5.96291494]]
3
[[ -5.51921272   0.32167724 -15.0457449   -5.62813997]]
1
[[ -7.73901367  -6.5788641  -13.86648083  -5.96291494]]
3
[[ -5.51921272   0.32167724 -15.0457449   -5.62813997]]
1
[[ -7.73901367  -6.5788641  -13.86648083  -5.96291494]]
3
[[ -5.51921272   0.32167724 -15.0457449   -5.62813997]]
1
[[ -7.73901367  -6.5788641  -13.86648083  -5.96291494]]
3
[[ -5.51921272   0.32167724 -15.0457449   -5.62813997]]
1
[[ -7.73901367  -6.5788641  -13.86648083  -5.96291494]]
3
[[ -5.51921272   0.32167724 -15.0457449   -5.62813997]]
1
[[ -7.73901367  -6.5788641  -13.86648083  -5.96291494]]
3
[[ -5.51921272   0.32167724 -15.0457449   -5.62813997]]
1
[[ -7.73901367  -6.5788641  -13.86648083  -5.96291494]]
3
[[ -5.51921272   0.32167724 -15.0457449   -5.62813997]]
1
[[ -7.73901367  -6.5788641  -13.86648083  -5.96291494]]
3
[[ -5.51921272   0.32167724 -15.0457449   -5.62813997]]
1
[[ -7.73901367  -6.5788641  -13.86648083  -5.96291494]]
3
FAIL
0/8
