[[-4.71606255 -5.60240221 -4.09462976 -8.38702869]]
2
[[-2.45083809 -6.84855413 -3.26085997 -8.75599575]]
0
[[-4.71606255 -5.60240221 -4.09462976 -8.38702869]]
2
[[-2.45083809 -6.84855413 -3.26085997 -8.75599575]]
0
[[-4.71606255 -5.60240221 -4.09462976 -8.38702869]]
2
[[-2.45083809 -6.84855413 -3.26085997 -8.75599575]]
0
[[-4.71606255 -5.60240221 -4.09462976 -8.38702869]]
2
[[-2.45083809 -6.84855413 -3.26085997 -8.75599575]]
0
[[-4.71606255 -5.60240221 -4.09462976 -8.38702869]]
2
[[-2.45083809 -6.84855413 -3.26085997 -8.75599575]]
0
[[-4.71606255 -5.60240221 -4.09462976 -8.38702869]]
2
[[-2.45083809 -6.84855413 -3.26085997 -8.75599575]]
0
[[-4.71606255 -5.60240221 -4.09462976 -8.38702869]]
2
[[-2.45083809 -6.84855413 -3.26085997 -8.75599575]]
0
[[-4.71606255 -5.60240221 -4.09462976 -8.38702869]]
2
[[-2.45083809 -6.84855413 -3.26085997 -8.75599575]]
0
[[-4.71606255 -5.60240221 -4.09462976 -8.38702869]]
2
[[-2.45083809 -6.84855413 -3.26085997 -8.75599575]]
0
[[-4.71606255 -5.60240221 -4.09462976 -8.38702869]]
2
[[-2.45083809 -6.84855413 -3.26085997 -8.75599575]]
0
[[-4.71606255 -5.60240221 -4.09462976 -8.38702869]]
2
[[-2.45083809 -6.84855413 -3.26085997 -8.75599575]]
0
[[-4.71606255 -5.60240221 -4.09462976 -8.38702869]]
2
[[-2.45083809 -6.84855413 -3.26085997 -8.75599575]]
0
[[-4.71606255 -5.60240221 -4.09462976 -8.38702869]]
2
[[-2.45083809 -6.84855413 -3.26085997 -8.75599575]]
0
[[-4.71606255 -5.60240221 -4.09462976 -8.38702869]]
2
[[-2.45083809 -6.84855413 -3.26085997 -8.75599575]]
0
[[-4.71606255 -5.60240221 -4.09462976 -8.38702869]]
2
[[-2.45083809 -6.84855413 -3.26085997 -8.75599575]]
0
[[-4.71606255 -5.60240221 -4.09462976 -8.38702869]]
2
[[-2.45083809 -6.84855413 -3.26085997 -8.75599575]]
0
[[-4.71606255 -5.60240221 -4.09462976 -8.38702869]]
2
[[-2.45083809 -6.84855413 -3.26085997 -8.75599575]]
0
[[-4.71606255 -5.60240221 -4.09462976 -8.38702869]]
2
[[-2.45083809 -6.84855413 -3.26085997 -8.75599575]]
0
[[-4.71606255 -5.60240221 -4.09462976 -8.38702869]]
2
[[-2.45083809 -6.84855413 -3.26085997 -8.75599575]]
0
[[-4.71606255 -5.60240221 -4.09462976 -8.38702869]]
2
[[-2.45083809 -6.84855413 -3.26085997 -8.75599575]]
0
[[-4.71606255 -5.60240221 -4.09462976 -8.38702869]]
2
[[-2.45083809 -6.84855413 -3.26085997 -8.75599575]]
0
[[-4.71606255 -5.60240221 -4.09462976 -8.38702869]]
2
[[-2.45083809 -6.84855413 -3.26085997 -8.75599575]]
0
[[-4.71606255 -5.60240221 -4.09462976 -8.38702869]]
2
[[-2.45083809 -6.84855413 -3.26085997 -8.75599575]]
0
[[-4.71606255 -5.60240221 -4.09462976 -8.38702869]]
2
[[-2.45083809 -6.84855413 -3.26085997 -8.75599575]]
0
[[-4.71606255 -5.60240221 -4.09462976 -8.38702869]]
2
[[-2.45083809 -6.84855413 -3.26085997 -8.75599575]]
0
[[-4.71606255 -5.60240221 -4.09462976 -8.38702869]]
2
[[-2.45083809 -6.84855413 -3.26085997 -8.75599575]]
0
[[-4.71606255 -5.60240221 -4.09462976 -8.38702869]]
2
[[-2.45083809 -6.84855413 -3.26085997 -8.75599575]]
0
[[-4.71606255 -5.60240221 -4.09462976 -8.38702869]]
2
[[-2.45083809 -6.84855413 -3.26085997 -8.75599575]]
0
[[-4.71606255 -5.60240221 -4.09462976 -8.38702869]]
2
[[-2.45083809 -6.84855413 -3.26085997 -8.75599575]]
0
[[-4.71606255 -5.60240221 -4.09462976 -8.38702869]]
2
[[-2.45083809 -6.84855413 -3.26085997 -8.75599575]]
0
[[-4.71606255 -5.60240221 -4.09462976 -8.38702869]]
2
[[-2.45083809 -6.84855413 -3.26085997 -8.75599575]]
0
[[-4.71606255 -5.60240221 -4.09462976 -8.38702869]]
2
[[-2.45083809 -6.84855413 -3.26085997 -8.75599575]]
0
[[-4.71606255 -5.60240221 -4.09462976 -8.38702869]]
2
[[-2.45083809 -6.84855413 -3.26085997 -8.75599575]]
0
[[-4.71606255 -5.60240221 -4.09462976 -8.38702869]]
2
[[-2.45083809 -6.84855413 -3.26085997 -8.75599575]]
0
[[-4.71606255 -5.60240221 -4.09462976 -8.38702869]]
2
[[-2.45083809 -6.84855413 -3.26085997 -8.75599575]]
0
[[-4.71606255 -5.60240221 -4.09462976 -8.38702869]]
2
[[-2.45083809 -6.84855413 -3.26085997 -8.75599575]]
0
[[-4.71606255 -5.60240221 -4.09462976 -8.38702869]]
2
[[-2.45083809 -6.84855413 -3.26085997 -8.75599575]]
0
[[-4.71606255 -5.60240221 -4.09462976 -8.38702869]]
2
[[-2.45083809 -6.84855413 -3.26085997 -8.75599575]]
0
[[-4.71606255 -5.60240221 -4.09462976 -8.38702869]]
2
[[-2.45083809 -6.84855413 -3.26085997 -8.75599575]]
0
[[-4.71606255 -5.60240221 -4.09462976 -8.38702869]]
2
[[-2.45083809 -6.84855413 -3.26085997 -8.75599575]]
0
[[-4.71606255 -5.60240221 -4.09462976 -8.38702869]]
2
[[-2.45083809 -6.84855413 -3.26085997 -8.75599575]]
0
[[-4.71606255 -5.60240221 -4.09462976 -8.38702869]]
2
[[-2.45083809 -6.84855413 -3.26085997 -8.75599575]]
0
[[-4.71606255 -5.60240221 -4.09462976 -8.38702869]]
2
[[-2.45083809 -6.84855413 -3.26085997 -8.75599575]]
0
[[-4.71606255 -5.60240221 -4.09462976 -8.38702869]]
2
[[-2.45083809 -6.84855413 -3.26085997 -8.75599575]]
0
[[-4.71606255 -5.60240221 -4.09462976 -8.38702869]]
2
[[-2.45083809 -6.84855413 -3.26085997 -8.75599575]]
0
[[-4.71606255 -5.60240221 -4.09462976 -8.38702869]]
2
[[-2.45083809 -6.84855413 -3.26085997 -8.75599575]]
0
[[-4.71606255 -5.60240221 -4.09462976 -8.38702869]]
2
[[-2.45083809 -6.84855413 -3.26085997 -8.75599575]]
0
[[-4.71606255 -5.60240221 -4.09462976 -8.38702869]]
2
[[-2.45083809 -6.84855413 -3.26085997 -8.75599575]]
0
[[-4.71606255 -5.60240221 -4.09462976 -8.38702869]]
2
[[-2.45083809 -6.84855413 -3.26085997 -8.75599575]]
0
[[-4.71606255 -5.60240221 -4.09462976 -8.38702869]]
2
[[-2.45083809 -6.84855413 -3.26085997 -8.75599575]]
0
[[-4.71606255 -5.60240221 -4.09462976 -8.38702869]]
2
FAIL
0/5
