[[ -5.22943163  -0.03293059 -13.32371807  -6.12369347]]
1
[[ -5.56042528   0.2354615  -14.75439548  -5.78487825]]
1
[[ -7.77423143  -6.64935732 -13.5744791   -6.11318302]]
3
[[ -5.56042528   0.2354615  -14.75439548  -5.78487825]]
1
[[ -7.77423143  -6.64935732 -13.5744791   -6.11318302]]
3
[[ -5.56042528   0.2354615  -14.75439548  -5.78487825]]
1
[[ -7.77423143  -6.64935732 -13.5744791   -6.11318302]]
3
[[ -5.56042528   0.2354615  -14.75439548  -5.78487825]]
1
[[ -7.77423143  -6.64935732 -13.5744791   -6.11318302]]
3
[[ -5.56042528   0.2354615  -14.75439548  -5.78487825]]
1
[[ -7.77423143  -6.64935732 -13.5744791   -6.11318302]]
3
[[ -5.56042528   0.2354615  -14.75439548  -5.78487825]]
1
[[ -7.77423143  -6.64935732 -13.5744791   -6.11318302]]
3
[[ -5.56042528   0.2354615  -14.75439548  -5.78487825]]
1
[[ -7.77423143  -6.64935732 -13.5744791   -6.11318302]]
3
[[ -5.56042528   0.2354615  -14.75439548  -5.78487825]]
1
[[ -7.77423143  -6.64935732 -13.5744791   -6.11318302]]
3
[[ -5.56042528   0.2354615  -14.75439548  -5.78487825]]
1
[[ -7.77423143  -6.64935732 -13.5744791   -6.11318302]]
3
[[ -5.56042528   0.2354615  -14.75439548  -5.78487825]]
1
[[ -7.77423143  -6.64935732 -13.5744791   -6.11318302]]
3
[[ -5.56042528   0.2354615  -14.75439548  -5.78487825]]
1
[[ -7.77423143  -6.64935732 -13.5744791   -6.11318302]]
3
[[ -5.56042528   0.2354615  -14.75439548  -5.78487825]]
1
[[ -7.77423143  -6.64935732 -13.5744791   -6.11318302]]
3
[[ -5.56042528   0.2354615  -14.75439548  -5.78487825]]
1
[[ -7.77423143  -6.64935732 -13.5744791   -6.11318302]]
3
[[ -5.56042528   0.2354615  -14.75439548  -5.78487825]]
1
[[ -7.77423143  -6.64935732 -13.5744791   -6.11318302]]
3
[[ -5.56042528   0.2354615  -14.75439548  -5.78487825]]
1
[[ -7.77423143  -6.64935732 -13.5744791   -6.11318302]]
3
[[ -5.56042528   0.2354615  -14.75439548  -5.78487825]]
1
[[ -7.77423143  -6.64935732 -13.5744791   -6.11318302]]
3
[[ -5.56042528   0.2354615  -14.75439548  -5.78487825]]
1
[[ -7.77423143  -6.64935732 -13.5744791   -6.11318302]]
3
[[ -5.56042528   0.2354615  -14.75439548  -5.78487825]]
1
[[ -7.77423143  -6.64935732 -13.5744791   -6.11318302]]
3
[[ -5.56042528   0.2354615  -14.75439548  -5.78487825]]
1
[[ -7.77423143  -6.64935732 -13.5744791   -6.11318302]]
3
[[ -5.56042528   0.2354615  -14.75439548  -5.78487825]]
1
[[ -7.77423143  -6.64935732 -13.5744791   -6.11318302]]
3
[[ -5.56042528   0.2354615  -14.75439548  -5.78487825]]
1
[[ -7.77423143  -6.64935732 -13.5744791   -6.11318302]]
3
[[ -5.56042528   0.2354615  -14.75439548  -5.78487825]]
1
[[ -7.77423143  -6.64935732 -13.5744791   -6.11318302]]
3
[[ -5.56042528   0.2354615  -14.75439548  -5.78487825]]
1
[[ -7.77423143  -6.64935732 -13.5744791   -6.11318302]]
3
[[ -5.56042528   0.2354615  -14.75439548  -5.78487825]]
1
[[ -7.77423143  -6.64935732 -13.5744791   -6.11318302]]
3
[[ -5.56042528   0.2354615  -14.75439548  -5.78487825]]
1
[[ -7.77423143  -6.64935732 -13.5744791   -6.11318302]]
3
[[ -5.56042528   0.2354615  -14.75439548  -5.78487825]]
1
[[ -7.77423143  -6.64935732 -13.5744791   -6.11318302]]
3
[[ -5.56042528   0.2354615  -14.75439548  -5.78487825]]
1
[[ -7.77423143  -6.64935732 -13.5744791   -6.11318302]]
3
[[ -5.56042528   0.2354615  -14.75439548  -5.78487825]]
1
[[ -7.77423143  -6.64935732 -13.5744791   -6.11318302]]
3
[[ -5.56042528   0.2354615  -14.75439548  -5.78487825]]
1
[[ -7.77423143  -6.64935732 -13.5744791   -6.11318302]]
3
[[ -5.56042528   0.2354615  -14.75439548  -5.78487825]]
1
[[ -7.77423143  -6.64935732 -13.5744791   -6.11318302]]
3
[[ -5.56042528   0.2354615  -14.75439548  -5.78487825]]
1
[[ -7.77423143  -6.64935732 -13.5744791   -6.11318302]]
3
[[ -5.56042528   0.2354615  -14.75439548  -5.78487825]]
1
[[ -7.77423143  -6.64935732 -13.5744791   -6.11318302]]
3
[[ -5.56042528   0.2354615  -14.75439548  -5.78487825]]
1
[[ -7.77423143  -6.64935732 -13.5744791   -6.11318302]]
3
[[ -5.56042528   0.2354615  -14.75439548  -5.78487825]]
1
[[ -7.77423143  -6.64935732 -13.5744791   -6.11318302]]
3
[[ -5.56042528   0.2354615  -14.75439548  -5.78487825]]
1
[[ -7.77423143  -6.64935732 -13.5744791   -6.11318302]]
3
[[ -5.56042528   0.2354615  -14.75439548  -5.78487825]]
1
[[ -7.77423143  -6.64935732 -13.5744791   -6.11318302]]
3
[[ -5.56042528   0.2354615  -14.75439548  -5.78487825]]
1
[[ -7.77423143  -6.64935732 -13.5744791   -6.11318302]]
3
[[ -5.56042528   0.2354615  -14.75439548  -5.78487825]]
1
[[ -7.77423143  -6.64935732 -13.5744791   -6.11318302]]
3
[[ -5.56042528   0.2354615  -14.75439548  -5.78487825]]
1
[[ -7.77423143  -6.64935732 -13.5744791   -6.11318302]]
3
[[ -5.56042528   0.2354615  -14.75439548  -5.78487825]]
1
[[ -7.77423143  -6.64935732 -13.5744791   -6.11318302]]
3
[[ -5.56042528   0.2354615  -14.75439548  -5.78487825]]
1
[[ -7.77423143  -6.64935732 -13.5744791   -6.11318302]]
3
[[ -5.56042528   0.2354615  -14.75439548  -5.78487825]]
1
[[ -7.77423143  -6.64935732 -13.5744791   -6.11318302]]
3
[[ -5.56042528   0.2354615  -14.75439548  -5.78487825]]
1
[[ -7.77423143  -6.64935732 -13.5744791   -6.11318302]]
3
[[ -5.56042528   0.2354615  -14.75439548  -5.78487825]]
1
[[ -7.77423143  -6.64935732 -13.5744791   -6.11318302]]
3
[[ -5.56042528   0.2354615  -14.75439548  -5.78487825]]
1
[[ -7.77423143  -6.64935732 -13.5744791   -6.11318302]]
3
[[ -5.56042528   0.2354615  -14.75439548  -5.78487825]]
1
[[ -7.77423143  -6.64935732 -13.5744791   -6.11318302]]
3
[[ -5.56042528   0.2354615  -14.75439548  -5.78487825]]
1
[[ -7.77423143  -6.64935732 -13.5744791   -6.11318302]]
3
[[ -5.56042528   0.2354615  -14.75439548  -5.78487825]]
1
[[ -7.77423143  -6.64935732 -13.5744791   -6.11318302]]
3
[[ -5.56042528   0.2354615  -14.75439548  -5.78487825]]
1
[[ -7.77423143  -6.64935732 -13.5744791   -6.11318302]]
3
[[ -5.56042528   0.2354615  -14.75439548  -5.78487825]]
1
[[ -7.77423143  -6.64935732 -13.5744791   -6.11318302]]
3
FAIL
0/8
