[[ 22013394.  17370514.  21600122.  15201128.]]
0
[[ 22211456.  17528184.  21799044.  15741910.]]
0
[[ 22301208.  16838988.  22448776.  15387758.]]
2
[[ 22211456.  17528184.  21799044.  15741910.]]
0
[[ 22301208.  16838988.  22448776.  15387758.]]
2
[[ 22211456.  17528184.  21799044.  15741910.]]
0
[[ 22301208.  16838988.  22448776.  15387758.]]
2
[[ 22211456.  17528184.  21799044.  15741910.]]
0
[[ 22301208.  16838988.  22448776.  15387758.]]
2
[[ 22211456.  17528184.  21799044.  15741910.]]
0
[[ 22301208.  16838988.  22448776.  15387758.]]
2
[[ 22211456.  17528184.  21799044.  15741910.]]
0
[[ 22301208.  16838988.  22448776.  15387758.]]
2
[[ 22211456.  17528184.  21799044.  15741910.]]
0
[[ 22301208.  16838988.  22448776.  15387758.]]
2
[[ 22211456.  17528184.  21799044.  15741910.]]
0
[[ 22301208.  16838988.  22448776.  15387758.]]
2
[[ 22211456.  17528184.  21799044.  15741910.]]
0
[[ 22301208.  16838988.  22448776.  15387758.]]
2
[[ 22211456.  17528184.  21799044.  15741910.]]
0
[[ 22301208.  16838988.  22448776.  15387758.]]
2
[[ 22211456.  17528184.  21799044.  15741910.]]
0
[[ 22301208.  16838988.  22448776.  15387758.]]
2
[[ 22211456.  17528184.  21799044.  15741910.]]
0
[[ 22301208.  16838988.  22448776.  15387758.]]
2
[[ 22211456.  17528184.  21799044.  15741910.]]
0
[[ 22301208.  16838988.  22448776.  15387758.]]
2
[[ 22211456.  17528184.  21799044.  15741910.]]
0
[[ 22301208.  16838988.  22448776.  15387758.]]
2
[[ 22211456.  17528184.  21799044.  15741910.]]
0
[[ 22301208.  16838988.  22448776.  15387758.]]
2
[[ 22211456.  17528184.  21799044.  15741910.]]
0
[[ 22301208.  16838988.  22448776.  15387758.]]
2
[[ 22211456.  17528184.  21799044.  15741910.]]
0
[[ 22301208.  16838988.  22448776.  15387758.]]
2
[[ 22211456.  17528184.  21799044.  15741910.]]
0
[[ 22301208.  16838988.  22448776.  15387758.]]
2
[[ 22211456.  17528184.  21799044.  15741910.]]
0
[[ 22301208.  16838988.  22448776.  15387758.]]
2
[[ 22211456.  17528184.  21799044.  15741910.]]
0
[[ 22301208.  16838988.  22448776.  15387758.]]
2
[[ 22211456.  17528184.  21799044.  15741910.]]
0
[[ 22301208.  16838988.  22448776.  15387758.]]
2
[[ 22211456.  17528184.  21799044.  15741910.]]
0
[[ 22301208.  16838988.  22448776.  15387758.]]
2
[[ 22211456.  17528184.  21799044.  15741910.]]
0
[[ 22301208.  16838988.  22448776.  15387758.]]
2
[[ 22211456.  17528184.  21799044.  15741910.]]
0
[[ 22301208.  16838988.  22448776.  15387758.]]
2
[[ 22211456.  17528184.  21799044.  15741910.]]
0
[[ 22301208.  16838988.  22448776.  15387758.]]
2
[[ 22211456.  17528184.  21799044.  15741910.]]
0
[[ 22301208.  16838988.  22448776.  15387758.]]
2
[[ 22211456.  17528184.  21799044.  15741910.]]
0
[[ 22301208.  16838988.  22448776.  15387758.]]
2
[[ 22211456.  17528184.  21799044.  15741910.]]
0
[[ 22301208.  16838988.  22448776.  15387758.]]
2
[[ 22211456.  17528184.  21799044.  15741910.]]
0
[[ 22301208.  16838988.  22448776.  15387758.]]
2
[[ 22211456.  17528184.  21799044.  15741910.]]
0
[[ 22301208.  16838988.  22448776.  15387758.]]
2
[[ 22211456.  17528184.  21799044.  15741910.]]
0
[[ 22301208.  16838988.  22448776.  15387758.]]
2
[[ 22211456.  17528184.  21799044.  15741910.]]
0
[[ 22301208.  16838988.  22448776.  15387758.]]
2
[[ 22211456.  17528184.  21799044.  15741910.]]
0
[[ 22301208.  16838988.  22448776.  15387758.]]
2
[[ 22211456.  17528184.  21799044.  15741910.]]
0
[[ 22301208.  16838988.  22448776.  15387758.]]
2
[[ 22211456.  17528184.  21799044.  15741910.]]
0
[[ 22301208.  16838988.  22448776.  15387758.]]
2
[[ 22211456.  17528184.  21799044.  15741910.]]
0
[[ 22301208.  16838988.  22448776.  15387758.]]
2
[[ 22211456.  17528184.  21799044.  15741910.]]
0
[[ 22301208.  16838988.  22448776.  15387758.]]
2
[[ 22211456.  17528184.  21799044.  15741910.]]
0
[[ 22301208.  16838988.  22448776.  15387758.]]
2
[[ 22211456.  17528184.  21799044.  15741910.]]
0
[[ 22301208.  16838988.  22448776.  15387758.]]
2
[[ 22211456.  17528184.  21799044.  15741910.]]
0
[[ 22301208.  16838988.  22448776.  15387758.]]
2
[[ 22211456.  17528184.  21799044.  15741910.]]
0
[[ 22301208.  16838988.  22448776.  15387758.]]
2
[[ 22211456.  17528184.  21799044.  15741910.]]
0
[[ 22301208.  16838988.  22448776.  15387758.]]
2
[[ 22211456.  17528184.  21799044.  15741910.]]
0
[[ 22301208.  16838988.  22448776.  15387758.]]
2
[[ 22211456.  17528184.  21799044.  15741910.]]
0
[[ 22301208.  16838988.  22448776.  15387758.]]
2
[[ 22211456.  17528184.  21799044.  15741910.]]
0
[[ 22301208.  16838988.  22448776.  15387758.]]
2
[[ 22211456.  17528184.  21799044.  15741910.]]
0
[[ 22301208.  16838988.  22448776.  15387758.]]
2
[[ 22211456.  17528184.  21799044.  15741910.]]
0
[[ 22301208.  16838988.  22448776.  15387758.]]
2
[[ 22211456.  17528184.  21799044.  15741910.]]
0
[[ 22301208.  16838988.  22448776.  15387758.]]
2
[[ 22211456.  17528184.  21799044.  15741910.]]
0
[[ 22301208.  16838988.  22448776.  15387758.]]
2
[[ 22211456.  17528184.  21799044.  15741910.]]
0
[[ 22301208.  16838988.  22448776.  15387758.]]
2
FAIL
2/5
