[[ -5.19182682e+00   1.29474849e-02  -1.33640623e+01  -5.94720650e+00]]
1
[[ -5.53053761   0.28651613 -14.79459667  -5.60943317]]
1
[[ -7.72425938  -6.59903717 -13.61151886  -5.92107296]]
3
[[ -5.53053761   0.28651613 -14.79459667  -5.60943317]]
1
[[ -7.72425938  -6.59903717 -13.61151886  -5.92107296]]
3
[[ -5.53053761   0.28651613 -14.79459667  -5.60943317]]
1
[[ -7.72425938  -6.59903717 -13.61151886  -5.92107296]]
3
[[ -5.53053761   0.28651613 -14.79459667  -5.60943317]]
1
[[ -7.72425938  -6.59903717 -13.61151886  -5.92107296]]
3
[[ -5.53053761   0.28651613 -14.79459667  -5.60943317]]
1
[[ -7.72425938  -6.59903717 -13.61151886  -5.92107296]]
3
[[ -5.53053761   0.28651613 -14.79459667  -5.60943317]]
1
[[ -7.72425938  -6.59903717 -13.61151886  -5.92107296]]
3
[[ -5.53053761   0.28651613 -14.79459667  -5.60943317]]
1
[[ -7.72425938  -6.59903717 -13.61151886  -5.92107296]]
3
[[ -5.53053761   0.28651613 -14.79459667  -5.60943317]]
1
[[ -7.72425938  -6.59903717 -13.61151886  -5.92107296]]
3
[[ -5.53053761   0.28651613 -14.79459667  -5.60943317]]
1
[[ -7.72425938  -6.59903717 -13.61151886  -5.92107296]]
3
[[ -5.53053761   0.28651613 -14.79459667  -5.60943317]]
1
[[ -7.72425938  -6.59903717 -13.61151886  -5.92107296]]
3
[[ -5.53053761   0.28651613 -14.79459667  -5.60943317]]
1
[[ -7.72425938  -6.59903717 -13.61151886  -5.92107296]]
3
[[ -5.53053761   0.28651613 -14.79459667  -5.60943317]]
1
[[ -7.72425938  -6.59903717 -13.61151886  -5.92107296]]
3
[[ -5.53053761   0.28651613 -14.79459667  -5.60943317]]
1
[[ -7.72425938  -6.59903717 -13.61151886  -5.92107296]]
3
[[ -5.53053761   0.28651613 -14.79459667  -5.60943317]]
1
[[ -7.72425938  -6.59903717 -13.61151886  -5.92107296]]
3
[[ -5.53053761   0.28651613 -14.79459667  -5.60943317]]
1
[[ -7.72425938  -6.59903717 -13.61151886  -5.92107296]]
3
[[ -5.53053761   0.28651613 -14.79459667  -5.60943317]]
1
[[ -7.72425938  -6.59903717 -13.61151886  -5.92107296]]
3
[[ -5.53053761   0.28651613 -14.79459667  -5.60943317]]
1
[[ -7.72425938  -6.59903717 -13.61151886  -5.92107296]]
3
[[ -5.53053761   0.28651613 -14.79459667  -5.60943317]]
1
[[ -7.72425938  -6.59903717 -13.61151886  -5.92107296]]
3
[[ -5.53053761   0.28651613 -14.79459667  -5.60943317]]
1
[[ -7.72425938  -6.59903717 -13.61151886  -5.92107296]]
3
[[ -5.53053761   0.28651613 -14.79459667  -5.60943317]]
1
[[ -7.72425938  -6.59903717 -13.61151886  -5.92107296]]
3
[[ -5.53053761   0.28651613 -14.79459667  -5.60943317]]
1
[[ -7.72425938  -6.59903717 -13.61151886  -5.92107296]]
3
[[ -5.53053761   0.28651613 -14.79459667  -5.60943317]]
1
[[ -7.72425938  -6.59903717 -13.61151886  -5.92107296]]
3
[[ -5.53053761   0.28651613 -14.79459667  -5.60943317]]
1
[[ -7.72425938  -6.59903717 -13.61151886  -5.92107296]]
3
[[ -5.53053761   0.28651613 -14.79459667  -5.60943317]]
1
[[ -7.72425938  -6.59903717 -13.61151886  -5.92107296]]
3
[[ -5.53053761   0.28651613 -14.79459667  -5.60943317]]
1
[[ -7.72425938  -6.59903717 -13.61151886  -5.92107296]]
3
[[ -5.53053761   0.28651613 -14.79459667  -5.60943317]]
1
[[ -7.72425938  -6.59903717 -13.61151886  -5.92107296]]
3
[[ -5.53053761   0.28651613 -14.79459667  -5.60943317]]
1
[[ -7.72425938  -6.59903717 -13.61151886  -5.92107296]]
3
[[ -5.53053761   0.28651613 -14.79459667  -5.60943317]]
1
[[ -7.72425938  -6.59903717 -13.61151886  -5.92107296]]
3
[[ -5.53053761   0.28651613 -14.79459667  -5.60943317]]
1
[[ -7.72425938  -6.59903717 -13.61151886  -5.92107296]]
3
[[ -5.53053761   0.28651613 -14.79459667  -5.60943317]]
1
[[ -7.72425938  -6.59903717 -13.61151886  -5.92107296]]
3
[[ -5.53053761   0.28651613 -14.79459667  -5.60943317]]
1
[[ -7.72425938  -6.59903717 -13.61151886  -5.92107296]]
3
[[ -5.53053761   0.28651613 -14.79459667  -5.60943317]]
1
[[ -7.72425938  -6.59903717 -13.61151886  -5.92107296]]
3
[[ -5.53053761   0.28651613 -14.79459667  -5.60943317]]
1
[[ -7.72425938  -6.59903717 -13.61151886  -5.92107296]]
3
[[ -5.53053761   0.28651613 -14.79459667  -5.60943317]]
1
[[ -7.72425938  -6.59903717 -13.61151886  -5.92107296]]
3
[[ -5.53053761   0.28651613 -14.79459667  -5.60943317]]
1
[[ -7.72425938  -6.59903717 -13.61151886  -5.92107296]]
3
[[ -5.53053761   0.28651613 -14.79459667  -5.60943317]]
1
[[ -7.72425938  -6.59903717 -13.61151886  -5.92107296]]
3
[[ -5.53053761   0.28651613 -14.79459667  -5.60943317]]
1
[[ -7.72425938  -6.59903717 -13.61151886  -5.92107296]]
3
[[ -5.53053761   0.28651613 -14.79459667  -5.60943317]]
1
[[ -7.72425938  -6.59903717 -13.61151886  -5.92107296]]
3
[[ -5.53053761   0.28651613 -14.79459667  -5.60943317]]
1
[[ -7.72425938  -6.59903717 -13.61151886  -5.92107296]]
3
[[ -5.53053761   0.28651613 -14.79459667  -5.60943317]]
1
[[ -7.72425938  -6.59903717 -13.61151886  -5.92107296]]
3
[[ -5.53053761   0.28651613 -14.79459667  -5.60943317]]
1
[[ -7.72425938  -6.59903717 -13.61151886  -5.92107296]]
3
[[ -5.53053761   0.28651613 -14.79459667  -5.60943317]]
1
[[ -7.72425938  -6.59903717 -13.61151886  -5.92107296]]
3
[[ -5.53053761   0.28651613 -14.79459667  -5.60943317]]
1
[[ -7.72425938  -6.59903717 -13.61151886  -5.92107296]]
3
[[ -5.53053761   0.28651613 -14.79459667  -5.60943317]]
1
[[ -7.72425938  -6.59903717 -13.61151886  -5.92107296]]
3
[[ -5.53053761   0.28651613 -14.79459667  -5.60943317]]
1
[[ -7.72425938  -6.59903717 -13.61151886  -5.92107296]]
3
[[ -5.53053761   0.28651613 -14.79459667  -5.60943317]]
1
[[ -7.72425938  -6.59903717 -13.61151886  -5.92107296]]
3
[[ -5.53053761   0.28651613 -14.79459667  -5.60943317]]
1
[[ -7.72425938  -6.59903717 -13.61151886  -5.92107296]]
3
[[ -5.53053761   0.28651613 -14.79459667  -5.60943317]]
1
[[ -7.72425938  -6.59903717 -13.61151886  -5.92107296]]
3
[[ -5.53053761   0.28651613 -14.79459667  -5.60943317]]
1
[[ -7.72425938  -6.59903717 -13.61151886  -5.92107296]]
3
[[ -5.53053761   0.28651613 -14.79459667  -5.60943317]]
1
[[ -7.72425938  -6.59903717 -13.61151886  -5.92107296]]
3
FAIL
0/8
