[[-4.72661495 -5.59543228 -3.86631322 -8.37391567]]
2
[[-2.47829437 -6.85737848 -3.0090661  -8.76285648]]
0
[[-4.72661495 -5.59543228 -3.86631322 -8.37391567]]
2
[[-2.47829437 -6.85737848 -3.0090661  -8.76285648]]
0
[[-4.72661495 -5.59543228 -3.86631322 -8.37391567]]
2
[[-2.47829437 -6.85737848 -3.0090661  -8.76285648]]
0
[[-4.72661495 -5.59543228 -3.86631322 -8.37391567]]
2
[[-2.47829437 -6.85737848 -3.0090661  -8.76285648]]
0
[[-4.72661495 -5.59543228 -3.86631322 -8.37391567]]
2
[[-2.47829437 -6.85737848 -3.0090661  -8.76285648]]
0
[[-4.72661495 -5.59543228 -3.86631322 -8.37391567]]
2
[[-2.47829437 -6.85737848 -3.0090661  -8.76285648]]
0
[[-4.72661495 -5.59543228 -3.86631322 -8.37391567]]
2
[[-2.47829437 -6.85737848 -3.0090661  -8.76285648]]
0
[[-4.72661495 -5.59543228 -3.86631322 -8.37391567]]
2
[[-2.47829437 -6.85737848 -3.0090661  -8.76285648]]
0
[[-4.72661495 -5.59543228 -3.86631322 -8.37391567]]
2
[[-2.47829437 -6.85737848 -3.0090661  -8.76285648]]
0
[[-4.72661495 -5.59543228 -3.86631322 -8.37391567]]
2
[[-2.47829437 -6.85737848 -3.0090661  -8.76285648]]
0
[[-4.72661495 -5.59543228 -3.86631322 -8.37391567]]
2
[[-2.47829437 -6.85737848 -3.0090661  -8.76285648]]
0
[[-4.72661495 -5.59543228 -3.86631322 -8.37391567]]
2
[[-2.47829437 -6.85737848 -3.0090661  -8.76285648]]
0
[[-4.72661495 -5.59543228 -3.86631322 -8.37391567]]
2
[[-2.47829437 -6.85737848 -3.0090661  -8.76285648]]
0
[[-4.72661495 -5.59543228 -3.86631322 -8.37391567]]
2
[[-2.47829437 -6.85737848 -3.0090661  -8.76285648]]
0
[[-4.72661495 -5.59543228 -3.86631322 -8.37391567]]
2
[[-2.47829437 -6.85737848 -3.0090661  -8.76285648]]
0
[[-4.72661495 -5.59543228 -3.86631322 -8.37391567]]
2
[[-2.47829437 -6.85737848 -3.0090661  -8.76285648]]
0
[[-4.72661495 -5.59543228 -3.86631322 -8.37391567]]
2
[[-2.47829437 -6.85737848 -3.0090661  -8.76285648]]
0
[[-4.72661495 -5.59543228 -3.86631322 -8.37391567]]
2
[[-2.47829437 -6.85737848 -3.0090661  -8.76285648]]
0
[[-4.72661495 -5.59543228 -3.86631322 -8.37391567]]
2
[[-2.47829437 -6.85737848 -3.0090661  -8.76285648]]
0
[[-4.72661495 -5.59543228 -3.86631322 -8.37391567]]
2
[[-2.47829437 -6.85737848 -3.0090661  -8.76285648]]
0
[[-4.72661495 -5.59543228 -3.86631322 -8.37391567]]
2
[[-2.47829437 -6.85737848 -3.0090661  -8.76285648]]
0
[[-4.72661495 -5.59543228 -3.86631322 -8.37391567]]
2
[[-2.47829437 -6.85737848 -3.0090661  -8.76285648]]
0
[[-4.72661495 -5.59543228 -3.86631322 -8.37391567]]
2
[[-2.47829437 -6.85737848 -3.0090661  -8.76285648]]
0
[[-4.72661495 -5.59543228 -3.86631322 -8.37391567]]
2
[[-2.47829437 -6.85737848 -3.0090661  -8.76285648]]
0
[[-4.72661495 -5.59543228 -3.86631322 -8.37391567]]
2
[[-2.47829437 -6.85737848 -3.0090661  -8.76285648]]
0
[[-4.72661495 -5.59543228 -3.86631322 -8.37391567]]
2
[[-2.47829437 -6.85737848 -3.0090661  -8.76285648]]
0
[[-4.72661495 -5.59543228 -3.86631322 -8.37391567]]
2
[[-2.47829437 -6.85737848 -3.0090661  -8.76285648]]
0
[[-4.72661495 -5.59543228 -3.86631322 -8.37391567]]
2
[[-2.47829437 -6.85737848 -3.0090661  -8.76285648]]
0
[[-4.72661495 -5.59543228 -3.86631322 -8.37391567]]
2
[[-2.47829437 -6.85737848 -3.0090661  -8.76285648]]
0
[[-4.72661495 -5.59543228 -3.86631322 -8.37391567]]
2
[[-2.47829437 -6.85737848 -3.0090661  -8.76285648]]
0
[[-4.72661495 -5.59543228 -3.86631322 -8.37391567]]
2
[[-2.47829437 -6.85737848 -3.0090661  -8.76285648]]
0
[[-4.72661495 -5.59543228 -3.86631322 -8.37391567]]
2
[[-2.47829437 -6.85737848 -3.0090661  -8.76285648]]
0
[[-4.72661495 -5.59543228 -3.86631322 -8.37391567]]
2
[[-2.47829437 -6.85737848 -3.0090661  -8.76285648]]
0
[[-4.72661495 -5.59543228 -3.86631322 -8.37391567]]
2
[[-2.47829437 -6.85737848 -3.0090661  -8.76285648]]
0
[[-4.72661495 -5.59543228 -3.86631322 -8.37391567]]
2
[[-2.47829437 -6.85737848 -3.0090661  -8.76285648]]
0
[[-4.72661495 -5.59543228 -3.86631322 -8.37391567]]
2
[[-2.47829437 -6.85737848 -3.0090661  -8.76285648]]
0
[[-4.72661495 -5.59543228 -3.86631322 -8.37391567]]
2
[[-2.47829437 -6.85737848 -3.0090661  -8.76285648]]
0
[[-4.72661495 -5.59543228 -3.86631322 -8.37391567]]
2
[[-2.47829437 -6.85737848 -3.0090661  -8.76285648]]
0
[[-4.72661495 -5.59543228 -3.86631322 -8.37391567]]
2
[[-2.47829437 -6.85737848 -3.0090661  -8.76285648]]
0
[[-4.72661495 -5.59543228 -3.86631322 -8.37391567]]
2
[[-2.47829437 -6.85737848 -3.0090661  -8.76285648]]
0
[[-4.72661495 -5.59543228 -3.86631322 -8.37391567]]
2
[[-2.47829437 -6.85737848 -3.0090661  -8.76285648]]
0
[[-4.72661495 -5.59543228 -3.86631322 -8.37391567]]
2
[[-2.47829437 -6.85737848 -3.0090661  -8.76285648]]
0
[[-4.72661495 -5.59543228 -3.86631322 -8.37391567]]
2
[[-2.47829437 -6.85737848 -3.0090661  -8.76285648]]
0
[[-4.72661495 -5.59543228 -3.86631322 -8.37391567]]
2
[[-2.47829437 -6.85737848 -3.0090661  -8.76285648]]
0
[[-4.72661495 -5.59543228 -3.86631322 -8.37391567]]
2
[[-2.47829437 -6.85737848 -3.0090661  -8.76285648]]
0
[[-4.72661495 -5.59543228 -3.86631322 -8.37391567]]
2
[[-2.47829437 -6.85737848 -3.0090661  -8.76285648]]
0
[[-4.72661495 -5.59543228 -3.86631322 -8.37391567]]
2
[[-2.47829437 -6.85737848 -3.0090661  -8.76285648]]
0
[[-4.72661495 -5.59543228 -3.86631322 -8.37391567]]
2
[[-2.47829437 -6.85737848 -3.0090661  -8.76285648]]
0
[[-4.72661495 -5.59543228 -3.86631322 -8.37391567]]
2
[[-2.47829437 -6.85737848 -3.0090661  -8.76285648]]
0
[[-4.72661495 -5.59543228 -3.86631322 -8.37391567]]
2
[[-2.47829437 -6.85737848 -3.0090661  -8.76285648]]
0
[[-4.72661495 -5.59543228 -3.86631322 -8.37391567]]
2
FAIL
0/5
