[[-3.62873602 -3.66964054 -4.77730846 -7.36491203]]
0
[[-5.45763969 -5.3774271  -5.34756231 -7.10461426]]
2
[[-3.62873602 -3.66964054 -4.77730846 -7.36491203]]
0
[[-5.45763969 -5.3774271  -5.34756231 -7.10461426]]
2
[[-3.62873602 -3.66964054 -4.77730846 -7.36491203]]
0
[[-5.45763969 -5.3774271  -5.34756231 -7.10461426]]
2
[[-3.62873602 -3.66964054 -4.77730846 -7.36491203]]
0
[[-5.45763969 -5.3774271  -5.34756231 -7.10461426]]
2
[[-3.62873602 -3.66964054 -4.77730846 -7.36491203]]
0
[[-5.45763969 -5.3774271  -5.34756231 -7.10461426]]
2
[[-3.62873602 -3.66964054 -4.77730846 -7.36491203]]
0
[[-5.45763969 -5.3774271  -5.34756231 -7.10461426]]
2
[[-3.62873602 -3.66964054 -4.77730846 -7.36491203]]
0
[[-5.45763969 -5.3774271  -5.34756231 -7.10461426]]
2
[[-3.62873602 -3.66964054 -4.77730846 -7.36491203]]
0
[[-5.45763969 -5.3774271  -5.34756231 -7.10461426]]
2
[[-3.62873602 -3.66964054 -4.77730846 -7.36491203]]
0
[[-5.45763969 -5.3774271  -5.34756231 -7.10461426]]
2
[[-3.62873602 -3.66964054 -4.77730846 -7.36491203]]
0
[[-5.45763969 -5.3774271  -5.34756231 -7.10461426]]
2
[[-3.62873602 -3.66964054 -4.77730846 -7.36491203]]
0
[[-5.45763969 -5.3774271  -5.34756231 -7.10461426]]
2
[[-3.62873602 -3.66964054 -4.77730846 -7.36491203]]
0
[[-5.45763969 -5.3774271  -5.34756231 -7.10461426]]
2
[[-3.62873602 -3.66964054 -4.77730846 -7.36491203]]
0
[[-5.45763969 -5.3774271  -5.34756231 -7.10461426]]
2
[[-3.62873602 -3.66964054 -4.77730846 -7.36491203]]
0
[[-5.45763969 -5.3774271  -5.34756231 -7.10461426]]
2
[[-3.62873602 -3.66964054 -4.77730846 -7.36491203]]
0
[[-5.45763969 -5.3774271  -5.34756231 -7.10461426]]
2
[[-3.62873602 -3.66964054 -4.77730846 -7.36491203]]
0
[[-5.45763969 -5.3774271  -5.34756231 -7.10461426]]
2
[[-3.62873602 -3.66964054 -4.77730846 -7.36491203]]
0
[[-5.45763969 -5.3774271  -5.34756231 -7.10461426]]
2
[[-3.62873602 -3.66964054 -4.77730846 -7.36491203]]
0
[[-5.45763969 -5.3774271  -5.34756231 -7.10461426]]
2
[[-3.62873602 -3.66964054 -4.77730846 -7.36491203]]
0
[[-5.45763969 -5.3774271  -5.34756231 -7.10461426]]
2
[[-3.62873602 -3.66964054 -4.77730846 -7.36491203]]
0
[[-5.45763969 -5.3774271  -5.34756231 -7.10461426]]
2
[[-3.62873602 -3.66964054 -4.77730846 -7.36491203]]
0
[[-5.45763969 -5.3774271  -5.34756231 -7.10461426]]
2
[[-3.62873602 -3.66964054 -4.77730846 -7.36491203]]
0
[[-5.45763969 -5.3774271  -5.34756231 -7.10461426]]
2
[[-3.62873602 -3.66964054 -4.77730846 -7.36491203]]
0
[[-5.45763969 -5.3774271  -5.34756231 -7.10461426]]
2
[[-3.62873602 -3.66964054 -4.77730846 -7.36491203]]
0
[[-5.45763969 -5.3774271  -5.34756231 -7.10461426]]
2
[[-3.62873602 -3.66964054 -4.77730846 -7.36491203]]
0
[[-5.45763969 -5.3774271  -5.34756231 -7.10461426]]
2
[[-3.62873602 -3.66964054 -4.77730846 -7.36491203]]
0
[[-5.45763969 -5.3774271  -5.34756231 -7.10461426]]
2
[[-3.62873602 -3.66964054 -4.77730846 -7.36491203]]
0
[[-5.45763969 -5.3774271  -5.34756231 -7.10461426]]
2
[[-3.62873602 -3.66964054 -4.77730846 -7.36491203]]
0
[[-5.45763969 -5.3774271  -5.34756231 -7.10461426]]
2
[[-3.62873602 -3.66964054 -4.77730846 -7.36491203]]
0
[[-5.45763969 -5.3774271  -5.34756231 -7.10461426]]
2
[[-3.62873602 -3.66964054 -4.77730846 -7.36491203]]
0
[[-5.45763969 -5.3774271  -5.34756231 -7.10461426]]
2
[[-3.62873602 -3.66964054 -4.77730846 -7.36491203]]
0
[[-5.45763969 -5.3774271  -5.34756231 -7.10461426]]
2
[[-3.62873602 -3.66964054 -4.77730846 -7.36491203]]
0
[[-5.45763969 -5.3774271  -5.34756231 -7.10461426]]
2
[[-3.62873602 -3.66964054 -4.77730846 -7.36491203]]
0
[[-5.45763969 -5.3774271  -5.34756231 -7.10461426]]
2
[[-3.62873602 -3.66964054 -4.77730846 -7.36491203]]
0
[[-5.45763969 -5.3774271  -5.34756231 -7.10461426]]
2
[[-3.62873602 -3.66964054 -4.77730846 -7.36491203]]
0
[[-5.45763969 -5.3774271  -5.34756231 -7.10461426]]
2
[[-3.62873602 -3.66964054 -4.77730846 -7.36491203]]
0
[[-5.45763969 -5.3774271  -5.34756231 -7.10461426]]
2
[[-3.62873602 -3.66964054 -4.77730846 -7.36491203]]
0
[[-5.45763969 -5.3774271  -5.34756231 -7.10461426]]
2
[[-3.62873602 -3.66964054 -4.77730846 -7.36491203]]
0
[[-5.45763969 -5.3774271  -5.34756231 -7.10461426]]
2
[[-3.62873602 -3.66964054 -4.77730846 -7.36491203]]
0
[[-5.45763969 -5.3774271  -5.34756231 -7.10461426]]
2
[[-3.62873602 -3.66964054 -4.77730846 -7.36491203]]
0
[[-5.45763969 -5.3774271  -5.34756231 -7.10461426]]
2
[[-3.62873602 -3.66964054 -4.77730846 -7.36491203]]
0
[[-5.45763969 -5.3774271  -5.34756231 -7.10461426]]
2
[[-3.62873602 -3.66964054 -4.77730846 -7.36491203]]
0
[[-5.45763969 -5.3774271  -5.34756231 -7.10461426]]
2
[[-3.62873602 -3.66964054 -4.77730846 -7.36491203]]
0
[[-5.45763969 -5.3774271  -5.34756231 -7.10461426]]
2
[[-3.62873602 -3.66964054 -4.77730846 -7.36491203]]
0
[[-5.45763969 -5.3774271  -5.34756231 -7.10461426]]
2
[[-3.62873602 -3.66964054 -4.77730846 -7.36491203]]
0
[[-5.45763969 -5.3774271  -5.34756231 -7.10461426]]
2
[[-3.62873602 -3.66964054 -4.77730846 -7.36491203]]
0
[[-5.45763969 -5.3774271  -5.34756231 -7.10461426]]
2
[[-3.62873602 -3.66964054 -4.77730846 -7.36491203]]
0
[[-5.45763969 -5.3774271  -5.34756231 -7.10461426]]
2
[[-3.62873602 -3.66964054 -4.77730846 -7.36491203]]
0
[[-5.45763969 -5.3774271  -5.34756231 -7.10461426]]
2
[[-3.62873602 -3.66964054 -4.77730846 -7.36491203]]
0
[[-5.45763969 -5.3774271  -5.34756231 -7.10461426]]
2
[[-3.62873602 -3.66964054 -4.77730846 -7.36491203]]
0
[[-5.45763969 -5.3774271  -5.34756231 -7.10461426]]
2
[[-3.62873602 -3.66964054 -4.77730846 -7.36491203]]
0
FAIL
1/2
