[[-3.61374068 -3.65138984 -4.75040197 -7.34386539]]
0
[[-5.43042326 -5.35021019 -5.27839994 -7.04059505]]
2
[[-3.61374068 -3.65138984 -4.75040197 -7.34386539]]
0
[[-5.43042326 -5.35021019 -5.27839994 -7.04059505]]
2
[[-3.61374068 -3.65138984 -4.75040197 -7.34386539]]
0
[[-5.43042326 -5.35021019 -5.27839994 -7.04059505]]
2
[[-3.61374068 -3.65138984 -4.75040197 -7.34386539]]
0
[[-5.43042326 -5.35021019 -5.27839994 -7.04059505]]
2
[[-3.61374068 -3.65138984 -4.75040197 -7.34386539]]
0
[[-5.43042326 -5.35021019 -5.27839994 -7.04059505]]
2
[[-3.61374068 -3.65138984 -4.75040197 -7.34386539]]
0
[[-5.43042326 -5.35021019 -5.27839994 -7.04059505]]
2
[[-3.61374068 -3.65138984 -4.75040197 -7.34386539]]
0
[[-5.43042326 -5.35021019 -5.27839994 -7.04059505]]
2
[[-3.61374068 -3.65138984 -4.75040197 -7.34386539]]
0
[[-5.43042326 -5.35021019 -5.27839994 -7.04059505]]
2
[[-3.61374068 -3.65138984 -4.75040197 -7.34386539]]
0
[[-5.43042326 -5.35021019 -5.27839994 -7.04059505]]
2
[[-3.61374068 -3.65138984 -4.75040197 -7.34386539]]
0
[[-5.43042326 -5.35021019 -5.27839994 -7.04059505]]
2
[[-3.61374068 -3.65138984 -4.75040197 -7.34386539]]
0
[[-5.43042326 -5.35021019 -5.27839994 -7.04059505]]
2
[[-3.61374068 -3.65138984 -4.75040197 -7.34386539]]
0
[[-5.43042326 -5.35021019 -5.27839994 -7.04059505]]
2
[[-3.61374068 -3.65138984 -4.75040197 -7.34386539]]
0
[[-5.43042326 -5.35021019 -5.27839994 -7.04059505]]
2
[[-3.61374068 -3.65138984 -4.75040197 -7.34386539]]
0
[[-5.43042326 -5.35021019 -5.27839994 -7.04059505]]
2
[[-3.61374068 -3.65138984 -4.75040197 -7.34386539]]
0
[[-5.43042326 -5.35021019 -5.27839994 -7.04059505]]
2
[[-3.61374068 -3.65138984 -4.75040197 -7.34386539]]
0
[[-5.43042326 -5.35021019 -5.27839994 -7.04059505]]
2
[[-3.61374068 -3.65138984 -4.75040197 -7.34386539]]
0
[[-5.43042326 -5.35021019 -5.27839994 -7.04059505]]
2
[[-3.61374068 -3.65138984 -4.75040197 -7.34386539]]
0
[[-5.43042326 -5.35021019 -5.27839994 -7.04059505]]
2
[[-3.61374068 -3.65138984 -4.75040197 -7.34386539]]
0
[[-5.43042326 -5.35021019 -5.27839994 -7.04059505]]
2
[[-3.61374068 -3.65138984 -4.75040197 -7.34386539]]
0
[[-5.43042326 -5.35021019 -5.27839994 -7.04059505]]
2
[[-3.61374068 -3.65138984 -4.75040197 -7.34386539]]
0
[[-5.43042326 -5.35021019 -5.27839994 -7.04059505]]
2
[[-3.61374068 -3.65138984 -4.75040197 -7.34386539]]
0
[[-5.43042326 -5.35021019 -5.27839994 -7.04059505]]
2
[[-3.61374068 -3.65138984 -4.75040197 -7.34386539]]
0
[[-5.43042326 -5.35021019 -5.27839994 -7.04059505]]
2
[[-3.61374068 -3.65138984 -4.75040197 -7.34386539]]
0
[[-5.43042326 -5.35021019 -5.27839994 -7.04059505]]
2
[[-3.61374068 -3.65138984 -4.75040197 -7.34386539]]
0
[[-5.43042326 -5.35021019 -5.27839994 -7.04059505]]
2
[[-3.61374068 -3.65138984 -4.75040197 -7.34386539]]
0
[[-5.43042326 -5.35021019 -5.27839994 -7.04059505]]
2
[[-3.61374068 -3.65138984 -4.75040197 -7.34386539]]
0
[[-5.43042326 -5.35021019 -5.27839994 -7.04059505]]
2
[[-3.61374068 -3.65138984 -4.75040197 -7.34386539]]
0
[[-5.43042326 -5.35021019 -5.27839994 -7.04059505]]
2
[[-3.61374068 -3.65138984 -4.75040197 -7.34386539]]
0
[[-5.43042326 -5.35021019 -5.27839994 -7.04059505]]
2
[[-3.61374068 -3.65138984 -4.75040197 -7.34386539]]
0
[[-5.43042326 -5.35021019 -5.27839994 -7.04059505]]
2
[[-3.61374068 -3.65138984 -4.75040197 -7.34386539]]
0
[[-5.43042326 -5.35021019 -5.27839994 -7.04059505]]
2
[[-3.61374068 -3.65138984 -4.75040197 -7.34386539]]
0
[[-5.43042326 -5.35021019 -5.27839994 -7.04059505]]
2
[[-3.61374068 -3.65138984 -4.75040197 -7.34386539]]
0
[[-5.43042326 -5.35021019 -5.27839994 -7.04059505]]
2
[[-3.61374068 -3.65138984 -4.75040197 -7.34386539]]
0
[[-5.43042326 -5.35021019 -5.27839994 -7.04059505]]
2
[[-3.61374068 -3.65138984 -4.75040197 -7.34386539]]
0
[[-5.43042326 -5.35021019 -5.27839994 -7.04059505]]
2
[[-3.61374068 -3.65138984 -4.75040197 -7.34386539]]
0
[[-5.43042326 -5.35021019 -5.27839994 -7.04059505]]
2
[[-3.61374068 -3.65138984 -4.75040197 -7.34386539]]
0
[[-5.43042326 -5.35021019 -5.27839994 -7.04059505]]
2
[[-3.61374068 -3.65138984 -4.75040197 -7.34386539]]
0
[[-5.43042326 -5.35021019 -5.27839994 -7.04059505]]
2
[[-3.61374068 -3.65138984 -4.75040197 -7.34386539]]
0
[[-5.43042326 -5.35021019 -5.27839994 -7.04059505]]
2
[[-3.61374068 -3.65138984 -4.75040197 -7.34386539]]
0
[[-5.43042326 -5.35021019 -5.27839994 -7.04059505]]
2
[[-3.61374068 -3.65138984 -4.75040197 -7.34386539]]
0
[[-5.43042326 -5.35021019 -5.27839994 -7.04059505]]
2
[[-3.61374068 -3.65138984 -4.75040197 -7.34386539]]
0
[[-5.43042326 -5.35021019 -5.27839994 -7.04059505]]
2
[[-3.61374068 -3.65138984 -4.75040197 -7.34386539]]
0
[[-5.43042326 -5.35021019 -5.27839994 -7.04059505]]
2
[[-3.61374068 -3.65138984 -4.75040197 -7.34386539]]
0
[[-5.43042326 -5.35021019 -5.27839994 -7.04059505]]
2
[[-3.61374068 -3.65138984 -4.75040197 -7.34386539]]
0
[[-5.43042326 -5.35021019 -5.27839994 -7.04059505]]
2
[[-3.61374068 -3.65138984 -4.75040197 -7.34386539]]
0
[[-5.43042326 -5.35021019 -5.27839994 -7.04059505]]
2
[[-3.61374068 -3.65138984 -4.75040197 -7.34386539]]
0
[[-5.43042326 -5.35021019 -5.27839994 -7.04059505]]
2
[[-3.61374068 -3.65138984 -4.75040197 -7.34386539]]
0
[[-5.43042326 -5.35021019 -5.27839994 -7.04059505]]
2
[[-3.61374068 -3.65138984 -4.75040197 -7.34386539]]
0
[[-5.43042326 -5.35021019 -5.27839994 -7.04059505]]
2
[[-3.61374068 -3.65138984 -4.75040197 -7.34386539]]
0
[[-5.43042326 -5.35021019 -5.27839994 -7.04059505]]
2
[[-3.61374068 -3.65138984 -4.75040197 -7.34386539]]
0
FAIL
1/2
