[[-3.59894276 -3.63338614 -4.72120428 -7.31959152]]
0
[[-5.40676165 -5.32932281 -5.21340322 -6.98311043]]
2
[[-3.59894276 -3.63338614 -4.72120428 -7.31959152]]
0
[[-5.40676165 -5.32932281 -5.21340322 -6.98311043]]
2
[[-3.59894276 -3.63338614 -4.72120428 -7.31959152]]
0
[[-5.40676165 -5.32932281 -5.21340322 -6.98311043]]
2
[[-3.59894276 -3.63338614 -4.72120428 -7.31959152]]
0
[[-5.40676165 -5.32932281 -5.21340322 -6.98311043]]
2
[[-3.59894276 -3.63338614 -4.72120428 -7.31959152]]
0
[[-5.40676165 -5.32932281 -5.21340322 -6.98311043]]
2
[[-3.59894276 -3.63338614 -4.72120428 -7.31959152]]
0
[[-5.40676165 -5.32932281 -5.21340322 -6.98311043]]
2
[[-3.59894276 -3.63338614 -4.72120428 -7.31959152]]
0
[[-5.40676165 -5.32932281 -5.21340322 -6.98311043]]
2
[[-3.59894276 -3.63338614 -4.72120428 -7.31959152]]
0
[[-5.40676165 -5.32932281 -5.21340322 -6.98311043]]
2
[[-3.59894276 -3.63338614 -4.72120428 -7.31959152]]
0
[[-5.40676165 -5.32932281 -5.21340322 -6.98311043]]
2
[[-3.59894276 -3.63338614 -4.72120428 -7.31959152]]
0
[[-5.40676165 -5.32932281 -5.21340322 -6.98311043]]
2
[[-3.59894276 -3.63338614 -4.72120428 -7.31959152]]
0
[[-5.40676165 -5.32932281 -5.21340322 -6.98311043]]
2
[[-3.59894276 -3.63338614 -4.72120428 -7.31959152]]
0
[[-5.40676165 -5.32932281 -5.21340322 -6.98311043]]
2
[[-3.59894276 -3.63338614 -4.72120428 -7.31959152]]
0
[[-5.40676165 -5.32932281 -5.21340322 -6.98311043]]
2
[[-3.59894276 -3.63338614 -4.72120428 -7.31959152]]
0
[[-5.40676165 -5.32932281 -5.21340322 -6.98311043]]
2
[[-3.59894276 -3.63338614 -4.72120428 -7.31959152]]
0
[[-5.40676165 -5.32932281 -5.21340322 -6.98311043]]
2
[[-3.59894276 -3.63338614 -4.72120428 -7.31959152]]
0
[[-5.40676165 -5.32932281 -5.21340322 -6.98311043]]
2
[[-3.59894276 -3.63338614 -4.72120428 -7.31959152]]
0
[[-5.40676165 -5.32932281 -5.21340322 -6.98311043]]
2
[[-3.59894276 -3.63338614 -4.72120428 -7.31959152]]
0
[[-5.40676165 -5.32932281 -5.21340322 -6.98311043]]
2
[[-3.59894276 -3.63338614 -4.72120428 -7.31959152]]
0
[[-5.40676165 -5.32932281 -5.21340322 -6.98311043]]
2
[[-3.59894276 -3.63338614 -4.72120428 -7.31959152]]
0
[[-5.40676165 -5.32932281 -5.21340322 -6.98311043]]
2
[[-3.59894276 -3.63338614 -4.72120428 -7.31959152]]
0
[[-5.40676165 -5.32932281 -5.21340322 -6.98311043]]
2
[[-3.59894276 -3.63338614 -4.72120428 -7.31959152]]
0
[[-5.40676165 -5.32932281 -5.21340322 -6.98311043]]
2
[[-3.59894276 -3.63338614 -4.72120428 -7.31959152]]
0
[[-5.40676165 -5.32932281 -5.21340322 -6.98311043]]
2
[[-3.59894276 -3.63338614 -4.72120428 -7.31959152]]
0
[[-5.40676165 -5.32932281 -5.21340322 -6.98311043]]
2
[[-3.59894276 -3.63338614 -4.72120428 -7.31959152]]
0
[[-5.40676165 -5.32932281 -5.21340322 -6.98311043]]
2
[[-3.59894276 -3.63338614 -4.72120428 -7.31959152]]
0
[[-5.40676165 -5.32932281 -5.21340322 -6.98311043]]
2
[[-3.59894276 -3.63338614 -4.72120428 -7.31959152]]
0
[[-5.40676165 -5.32932281 -5.21340322 -6.98311043]]
2
[[-3.59894276 -3.63338614 -4.72120428 -7.31959152]]
0
[[-5.40676165 -5.32932281 -5.21340322 -6.98311043]]
2
[[-3.59894276 -3.63338614 -4.72120428 -7.31959152]]
0
[[-5.40676165 -5.32932281 -5.21340322 -6.98311043]]
2
[[-3.59894276 -3.63338614 -4.72120428 -7.31959152]]
0
[[-5.40676165 -5.32932281 -5.21340322 -6.98311043]]
2
[[-3.59894276 -3.63338614 -4.72120428 -7.31959152]]
0
[[-5.40676165 -5.32932281 -5.21340322 -6.98311043]]
2
[[-3.59894276 -3.63338614 -4.72120428 -7.31959152]]
0
[[-5.40676165 -5.32932281 -5.21340322 -6.98311043]]
2
[[-3.59894276 -3.63338614 -4.72120428 -7.31959152]]
0
[[-5.40676165 -5.32932281 -5.21340322 -6.98311043]]
2
[[-3.59894276 -3.63338614 -4.72120428 -7.31959152]]
0
[[-5.40676165 -5.32932281 -5.21340322 -6.98311043]]
2
[[-3.59894276 -3.63338614 -4.72120428 -7.31959152]]
0
[[-5.40676165 -5.32932281 -5.21340322 -6.98311043]]
2
[[-3.59894276 -3.63338614 -4.72120428 -7.31959152]]
0
[[-5.40676165 -5.32932281 -5.21340322 -6.98311043]]
2
[[-3.59894276 -3.63338614 -4.72120428 -7.31959152]]
0
[[-5.40676165 -5.32932281 -5.21340322 -6.98311043]]
2
[[-3.59894276 -3.63338614 -4.72120428 -7.31959152]]
0
[[-5.40676165 -5.32932281 -5.21340322 -6.98311043]]
2
[[-3.59894276 -3.63338614 -4.72120428 -7.31959152]]
0
[[-5.40676165 -5.32932281 -5.21340322 -6.98311043]]
2
[[-3.59894276 -3.63338614 -4.72120428 -7.31959152]]
0
[[-5.40676165 -5.32932281 -5.21340322 -6.98311043]]
2
[[-3.59894276 -3.63338614 -4.72120428 -7.31959152]]
0
[[-5.40676165 -5.32932281 -5.21340322 -6.98311043]]
2
[[-3.59894276 -3.63338614 -4.72120428 -7.31959152]]
0
[[-5.40676165 -5.32932281 -5.21340322 -6.98311043]]
2
[[-3.59894276 -3.63338614 -4.72120428 -7.31959152]]
0
[[-5.40676165 -5.32932281 -5.21340322 -6.98311043]]
2
[[-3.59894276 -3.63338614 -4.72120428 -7.31959152]]
0
[[-5.40676165 -5.32932281 -5.21340322 -6.98311043]]
2
[[-3.59894276 -3.63338614 -4.72120428 -7.31959152]]
0
[[-5.40676165 -5.32932281 -5.21340322 -6.98311043]]
2
[[-3.59894276 -3.63338614 -4.72120428 -7.31959152]]
0
[[-5.40676165 -5.32932281 -5.21340322 -6.98311043]]
2
[[-3.59894276 -3.63338614 -4.72120428 -7.31959152]]
0
[[-5.40676165 -5.32932281 -5.21340322 -6.98311043]]
2
[[-3.59894276 -3.63338614 -4.72120428 -7.31959152]]
0
[[-5.40676165 -5.32932281 -5.21340322 -6.98311043]]
2
[[-3.59894276 -3.63338614 -4.72120428 -7.31959152]]
0
[[-5.40676165 -5.32932281 -5.21340322 -6.98311043]]
2
[[-3.59894276 -3.63338614 -4.72120428 -7.31959152]]
0
[[-5.40676165 -5.32932281 -5.21340322 -6.98311043]]
2
[[-3.59894276 -3.63338614 -4.72120428 -7.31959152]]
0
FAIL
1/2
