[[-3.57515764 -3.60332561 -4.68208218 -7.2821846 ]]
0
[[-5.37987041 -5.30174971 -5.14247417 -6.91646051]]
2
[[-3.57515764 -3.60332561 -4.68208218 -7.2821846 ]]
0
[[-5.37987041 -5.30174971 -5.14247417 -6.91646051]]
2
[[-3.57515764 -3.60332561 -4.68208218 -7.2821846 ]]
0
[[-5.37987041 -5.30174971 -5.14247417 -6.91646051]]
2
[[-3.57515764 -3.60332561 -4.68208218 -7.2821846 ]]
0
[[-5.37987041 -5.30174971 -5.14247417 -6.91646051]]
2
[[-3.57515764 -3.60332561 -4.68208218 -7.2821846 ]]
0
[[-5.37987041 -5.30174971 -5.14247417 -6.91646051]]
2
[[-3.57515764 -3.60332561 -4.68208218 -7.2821846 ]]
0
[[-5.37987041 -5.30174971 -5.14247417 -6.91646051]]
2
[[-3.57515764 -3.60332561 -4.68208218 -7.2821846 ]]
0
[[-5.37987041 -5.30174971 -5.14247417 -6.91646051]]
2
[[-3.57515764 -3.60332561 -4.68208218 -7.2821846 ]]
0
[[-5.37987041 -5.30174971 -5.14247417 -6.91646051]]
2
[[-3.57515764 -3.60332561 -4.68208218 -7.2821846 ]]
0
[[-5.37987041 -5.30174971 -5.14247417 -6.91646051]]
2
[[-3.57515764 -3.60332561 -4.68208218 -7.2821846 ]]
0
[[-5.37987041 -5.30174971 -5.14247417 -6.91646051]]
2
[[-3.57515764 -3.60332561 -4.68208218 -7.2821846 ]]
0
[[-5.37987041 -5.30174971 -5.14247417 -6.91646051]]
2
[[-3.57515764 -3.60332561 -4.68208218 -7.2821846 ]]
0
[[-5.37987041 -5.30174971 -5.14247417 -6.91646051]]
2
[[-3.57515764 -3.60332561 -4.68208218 -7.2821846 ]]
0
[[-5.37987041 -5.30174971 -5.14247417 -6.91646051]]
2
[[-3.57515764 -3.60332561 -4.68208218 -7.2821846 ]]
0
[[-5.37987041 -5.30174971 -5.14247417 -6.91646051]]
2
[[-3.57515764 -3.60332561 -4.68208218 -7.2821846 ]]
0
[[-5.37987041 -5.30174971 -5.14247417 -6.91646051]]
2
[[-3.57515764 -3.60332561 -4.68208218 -7.2821846 ]]
0
[[-5.37987041 -5.30174971 -5.14247417 -6.91646051]]
2
[[-3.57515764 -3.60332561 -4.68208218 -7.2821846 ]]
0
[[-5.37987041 -5.30174971 -5.14247417 -6.91646051]]
2
[[-3.57515764 -3.60332561 -4.68208218 -7.2821846 ]]
0
[[-5.37987041 -5.30174971 -5.14247417 -6.91646051]]
2
[[-3.57515764 -3.60332561 -4.68208218 -7.2821846 ]]
0
[[-5.37987041 -5.30174971 -5.14247417 -6.91646051]]
2
[[-3.57515764 -3.60332561 -4.68208218 -7.2821846 ]]
0
[[-5.37987041 -5.30174971 -5.14247417 -6.91646051]]
2
[[-3.57515764 -3.60332561 -4.68208218 -7.2821846 ]]
0
[[-5.37987041 -5.30174971 -5.14247417 -6.91646051]]
2
[[-3.57515764 -3.60332561 -4.68208218 -7.2821846 ]]
0
[[-5.37987041 -5.30174971 -5.14247417 -6.91646051]]
2
[[-3.57515764 -3.60332561 -4.68208218 -7.2821846 ]]
0
[[-5.37987041 -5.30174971 -5.14247417 -6.91646051]]
2
[[-3.57515764 -3.60332561 -4.68208218 -7.2821846 ]]
0
[[-5.37987041 -5.30174971 -5.14247417 -6.91646051]]
2
[[-3.57515764 -3.60332561 -4.68208218 -7.2821846 ]]
0
[[-5.37987041 -5.30174971 -5.14247417 -6.91646051]]
2
[[-3.57515764 -3.60332561 -4.68208218 -7.2821846 ]]
0
[[-5.37987041 -5.30174971 -5.14247417 -6.91646051]]
2
[[-3.57515764 -3.60332561 -4.68208218 -7.2821846 ]]
0
[[-5.37987041 -5.30174971 -5.14247417 -6.91646051]]
2
[[-3.57515764 -3.60332561 -4.68208218 -7.2821846 ]]
0
[[-5.37987041 -5.30174971 -5.14247417 -6.91646051]]
2
[[-3.57515764 -3.60332561 -4.68208218 -7.2821846 ]]
0
[[-5.37987041 -5.30174971 -5.14247417 -6.91646051]]
2
[[-3.57515764 -3.60332561 -4.68208218 -7.2821846 ]]
0
[[-5.37987041 -5.30174971 -5.14247417 -6.91646051]]
2
[[-3.57515764 -3.60332561 -4.68208218 -7.2821846 ]]
0
[[-5.37987041 -5.30174971 -5.14247417 -6.91646051]]
2
[[-3.57515764 -3.60332561 -4.68208218 -7.2821846 ]]
0
[[-5.37987041 -5.30174971 -5.14247417 -6.91646051]]
2
[[-3.57515764 -3.60332561 -4.68208218 -7.2821846 ]]
0
[[-5.37987041 -5.30174971 -5.14247417 -6.91646051]]
2
[[-3.57515764 -3.60332561 -4.68208218 -7.2821846 ]]
0
[[-5.37987041 -5.30174971 -5.14247417 -6.91646051]]
2
[[-3.57515764 -3.60332561 -4.68208218 -7.2821846 ]]
0
[[-5.37987041 -5.30174971 -5.14247417 -6.91646051]]
2
[[-3.57515764 -3.60332561 -4.68208218 -7.2821846 ]]
0
[[-5.37987041 -5.30174971 -5.14247417 -6.91646051]]
2
[[-3.57515764 -3.60332561 -4.68208218 -7.2821846 ]]
0
[[-5.37987041 -5.30174971 -5.14247417 -6.91646051]]
2
[[-3.57515764 -3.60332561 -4.68208218 -7.2821846 ]]
0
[[-5.37987041 -5.30174971 -5.14247417 -6.91646051]]
2
[[-3.57515764 -3.60332561 -4.68208218 -7.2821846 ]]
0
[[-5.37987041 -5.30174971 -5.14247417 -6.91646051]]
2
[[-3.57515764 -3.60332561 -4.68208218 -7.2821846 ]]
0
[[-5.37987041 -5.30174971 -5.14247417 -6.91646051]]
2
[[-3.57515764 -3.60332561 -4.68208218 -7.2821846 ]]
0
[[-5.37987041 -5.30174971 -5.14247417 -6.91646051]]
2
[[-3.57515764 -3.60332561 -4.68208218 -7.2821846 ]]
0
[[-5.37987041 -5.30174971 -5.14247417 -6.91646051]]
2
[[-3.57515764 -3.60332561 -4.68208218 -7.2821846 ]]
0
[[-5.37987041 -5.30174971 -5.14247417 -6.91646051]]
2
[[-3.57515764 -3.60332561 -4.68208218 -7.2821846 ]]
0
[[-5.37987041 -5.30174971 -5.14247417 -6.91646051]]
2
[[-3.57515764 -3.60332561 -4.68208218 -7.2821846 ]]
0
[[-5.37987041 -5.30174971 -5.14247417 -6.91646051]]
2
[[-3.57515764 -3.60332561 -4.68208218 -7.2821846 ]]
0
[[-5.37987041 -5.30174971 -5.14247417 -6.91646051]]
2
[[-3.57515764 -3.60332561 -4.68208218 -7.2821846 ]]
0
[[-5.37987041 -5.30174971 -5.14247417 -6.91646051]]
2
[[-3.57515764 -3.60332561 -4.68208218 -7.2821846 ]]
0
[[-5.37987041 -5.30174971 -5.14247417 -6.91646051]]
2
[[-3.57515764 -3.60332561 -4.68208218 -7.2821846 ]]
0
[[-5.37987041 -5.30174971 -5.14247417 -6.91646051]]
2
[[-3.57515764 -3.60332561 -4.68208218 -7.2821846 ]]
0
[[-5.37987041 -5.30174971 -5.14247417 -6.91646051]]
2
[[-3.57515764 -3.60332561 -4.68208218 -7.2821846 ]]
0
FAIL
1/2
