[[ -5.1784277    0.1433346  -13.29693508  -5.74557543]]
1
[[ -5.50689507   0.41448948 -14.73513889  -5.40011883]]
1
[[ -7.69708061  -6.45485544 -13.548419    -5.711936  ]]
3
[[ -5.50689507   0.41448948 -14.73513889  -5.40011883]]
1
[[ -7.69708061  -6.45485544 -13.548419    -5.711936  ]]
3
[[ -5.50689507   0.41448948 -14.73513889  -5.40011883]]
1
[[ -7.69708061  -6.45485544 -13.548419    -5.711936  ]]
3
[[ -5.50689507   0.41448948 -14.73513889  -5.40011883]]
1
[[ -7.69708061  -6.45485544 -13.548419    -5.711936  ]]
3
[[ -5.50689507   0.41448948 -14.73513889  -5.40011883]]
1
[[ -7.69708061  -6.45485544 -13.548419    -5.711936  ]]
3
[[ -5.50689507   0.41448948 -14.73513889  -5.40011883]]
1
[[ -7.69708061  -6.45485544 -13.548419    -5.711936  ]]
3
[[ -5.50689507   0.41448948 -14.73513889  -5.40011883]]
1
[[ -7.69708061  -6.45485544 -13.548419    -5.711936  ]]
3
[[ -5.50689507   0.41448948 -14.73513889  -5.40011883]]
1
[[ -7.69708061  -6.45485544 -13.548419    -5.711936  ]]
3
[[ -5.50689507   0.41448948 -14.73513889  -5.40011883]]
1
[[ -7.69708061  -6.45485544 -13.548419    -5.711936  ]]
3
[[ -5.50689507   0.41448948 -14.73513889  -5.40011883]]
1
[[ -7.69708061  -6.45485544 -13.548419    -5.711936  ]]
3
[[ -5.50689507   0.41448948 -14.73513889  -5.40011883]]
1
[[ -7.69708061  -6.45485544 -13.548419    -5.711936  ]]
3
[[ -5.50689507   0.41448948 -14.73513889  -5.40011883]]
1
[[ -7.69708061  -6.45485544 -13.548419    -5.711936  ]]
3
[[ -5.50689507   0.41448948 -14.73513889  -5.40011883]]
1
[[ -7.69708061  -6.45485544 -13.548419    -5.711936  ]]
3
[[ -5.50689507   0.41448948 -14.73513889  -5.40011883]]
1
[[ -7.69708061  -6.45485544 -13.548419    -5.711936  ]]
3
[[ -5.50689507   0.41448948 -14.73513889  -5.40011883]]
1
[[ -7.69708061  -6.45485544 -13.548419    -5.711936  ]]
3
[[ -5.50689507   0.41448948 -14.73513889  -5.40011883]]
1
[[ -7.69708061  -6.45485544 -13.548419    -5.711936  ]]
3
[[ -5.50689507   0.41448948 -14.73513889  -5.40011883]]
1
[[ -7.69708061  -6.45485544 -13.548419    -5.711936  ]]
3
[[ -5.50689507   0.41448948 -14.73513889  -5.40011883]]
1
[[ -7.69708061  -6.45485544 -13.548419    -5.711936  ]]
3
[[ -5.50689507   0.41448948 -14.73513889  -5.40011883]]
1
[[ -7.69708061  -6.45485544 -13.548419    -5.711936  ]]
3
[[ -5.50689507   0.41448948 -14.73513889  -5.40011883]]
1
[[ -7.69708061  -6.45485544 -13.548419    -5.711936  ]]
3
[[ -5.50689507   0.41448948 -14.73513889  -5.40011883]]
1
[[ -7.69708061  -6.45485544 -13.548419    -5.711936  ]]
3
[[ -5.50689507   0.41448948 -14.73513889  -5.40011883]]
1
[[ -7.69708061  -6.45485544 -13.548419    -5.711936  ]]
3
[[ -5.50689507   0.41448948 -14.73513889  -5.40011883]]
1
[[ -7.69708061  -6.45485544 -13.548419    -5.711936  ]]
3
[[ -5.50689507   0.41448948 -14.73513889  -5.40011883]]
1
[[ -7.69708061  -6.45485544 -13.548419    -5.711936  ]]
3
[[ -5.50689507   0.41448948 -14.73513889  -5.40011883]]
1
[[ -7.69708061  -6.45485544 -13.548419    -5.711936  ]]
3
[[ -5.50689507   0.41448948 -14.73513889  -5.40011883]]
1
[[ -7.69708061  -6.45485544 -13.548419    -5.711936  ]]
3
[[ -5.50689507   0.41448948 -14.73513889  -5.40011883]]
1
[[ -7.69708061  -6.45485544 -13.548419    -5.711936  ]]
3
[[ -5.50689507   0.41448948 -14.73513889  -5.40011883]]
1
[[ -7.69708061  -6.45485544 -13.548419    -5.711936  ]]
3
[[ -5.50689507   0.41448948 -14.73513889  -5.40011883]]
1
[[ -7.69708061  -6.45485544 -13.548419    -5.711936  ]]
3
[[ -5.50689507   0.41448948 -14.73513889  -5.40011883]]
1
[[ -7.69708061  -6.45485544 -13.548419    -5.711936  ]]
3
[[ -5.50689507   0.41448948 -14.73513889  -5.40011883]]
1
[[ -7.69708061  -6.45485544 -13.548419    -5.711936  ]]
3
[[ -5.50689507   0.41448948 -14.73513889  -5.40011883]]
1
[[ -7.69708061  -6.45485544 -13.548419    -5.711936  ]]
3
[[ -5.50689507   0.41448948 -14.73513889  -5.40011883]]
1
[[ -7.69708061  -6.45485544 -13.548419    -5.711936  ]]
3
[[ -5.50689507   0.41448948 -14.73513889  -5.40011883]]
1
[[ -7.69708061  -6.45485544 -13.548419    -5.711936  ]]
3
[[ -5.50689507   0.41448948 -14.73513889  -5.40011883]]
1
[[ -7.69708061  -6.45485544 -13.548419    -5.711936  ]]
3
[[ -5.50689507   0.41448948 -14.73513889  -5.40011883]]
1
[[ -7.69708061  -6.45485544 -13.548419    -5.711936  ]]
3
[[ -5.50689507   0.41448948 -14.73513889  -5.40011883]]
1
[[ -7.69708061  -6.45485544 -13.548419    -5.711936  ]]
3
[[ -5.50689507   0.41448948 -14.73513889  -5.40011883]]
1
[[ -7.69708061  -6.45485544 -13.548419    -5.711936  ]]
3
[[ -5.50689507   0.41448948 -14.73513889  -5.40011883]]
1
[[ -7.69708061  -6.45485544 -13.548419    -5.711936  ]]
3
[[ -5.50689507   0.41448948 -14.73513889  -5.40011883]]
1
[[ -7.69708061  -6.45485544 -13.548419    -5.711936  ]]
3
[[ -5.50689507   0.41448948 -14.73513889  -5.40011883]]
1
[[ -7.69708061  -6.45485544 -13.548419    -5.711936  ]]
3
[[ -5.50689507   0.41448948 -14.73513889  -5.40011883]]
1
[[ -7.69708061  -6.45485544 -13.548419    -5.711936  ]]
3
[[ -5.50689507   0.41448948 -14.73513889  -5.40011883]]
1
[[ -7.69708061  -6.45485544 -13.548419    -5.711936  ]]
3
[[ -5.50689507   0.41448948 -14.73513889  -5.40011883]]
1
[[ -7.69708061  -6.45485544 -13.548419    -5.711936  ]]
3
[[ -5.50689507   0.41448948 -14.73513889  -5.40011883]]
1
[[ -7.69708061  -6.45485544 -13.548419    -5.711936  ]]
3
[[ -5.50689507   0.41448948 -14.73513889  -5.40011883]]
1
[[ -7.69708061  -6.45485544 -13.548419    -5.711936  ]]
3
[[ -5.50689507   0.41448948 -14.73513889  -5.40011883]]
1
[[ -7.69708061  -6.45485544 -13.548419    -5.711936  ]]
3
[[ -5.50689507   0.41448948 -14.73513889  -5.40011883]]
1
[[ -7.69708061  -6.45485544 -13.548419    -5.711936  ]]
3
[[ -5.50689507   0.41448948 -14.73513889  -5.40011883]]
1
[[ -7.69708061  -6.45485544 -13.548419    -5.711936  ]]
3
[[ -5.50689507   0.41448948 -14.73513889  -5.40011883]]
1
[[ -7.69708061  -6.45485544 -13.548419    -5.711936  ]]
3
FAIL
0/8
