[[-3.55263329 -3.57189894 -4.64796972 -7.24813557]]
0
[[-5.35831356 -5.27732372 -5.07892847 -6.85253429]]
2
[[-3.55263329 -3.57189894 -4.64796972 -7.24813557]]
0
[[-5.35831356 -5.27732372 -5.07892847 -6.85253429]]
2
[[-3.55263329 -3.57189894 -4.64796972 -7.24813557]]
0
[[-5.35831356 -5.27732372 -5.07892847 -6.85253429]]
2
[[-3.55263329 -3.57189894 -4.64796972 -7.24813557]]
0
[[-5.35831356 -5.27732372 -5.07892847 -6.85253429]]
2
[[-3.55263329 -3.57189894 -4.64796972 -7.24813557]]
0
[[-5.35831356 -5.27732372 -5.07892847 -6.85253429]]
2
[[-3.55263329 -3.57189894 -4.64796972 -7.24813557]]
0
[[-5.35831356 -5.27732372 -5.07892847 -6.85253429]]
2
[[-3.55263329 -3.57189894 -4.64796972 -7.24813557]]
0
[[-5.35831356 -5.27732372 -5.07892847 -6.85253429]]
2
[[-3.55263329 -3.57189894 -4.64796972 -7.24813557]]
0
[[-5.35831356 -5.27732372 -5.07892847 -6.85253429]]
2
[[-3.55263329 -3.57189894 -4.64796972 -7.24813557]]
0
[[-5.35831356 -5.27732372 -5.07892847 -6.85253429]]
2
[[-3.55263329 -3.57189894 -4.64796972 -7.24813557]]
0
[[-5.35831356 -5.27732372 -5.07892847 -6.85253429]]
2
[[-3.55263329 -3.57189894 -4.64796972 -7.24813557]]
0
[[-5.35831356 -5.27732372 -5.07892847 -6.85253429]]
2
[[-3.55263329 -3.57189894 -4.64796972 -7.24813557]]
0
[[-5.35831356 -5.27732372 -5.07892847 -6.85253429]]
2
[[-3.55263329 -3.57189894 -4.64796972 -7.24813557]]
0
[[-5.35831356 -5.27732372 -5.07892847 -6.85253429]]
2
[[-3.55263329 -3.57189894 -4.64796972 -7.24813557]]
0
[[-5.35831356 -5.27732372 -5.07892847 -6.85253429]]
2
[[-3.55263329 -3.57189894 -4.64796972 -7.24813557]]
0
[[-5.35831356 -5.27732372 -5.07892847 -6.85253429]]
2
[[-3.55263329 -3.57189894 -4.64796972 -7.24813557]]
0
[[-5.35831356 -5.27732372 -5.07892847 -6.85253429]]
2
[[-3.55263329 -3.57189894 -4.64796972 -7.24813557]]
0
[[-5.35831356 -5.27732372 -5.07892847 -6.85253429]]
2
[[-3.55263329 -3.57189894 -4.64796972 -7.24813557]]
0
[[-5.35831356 -5.27732372 -5.07892847 -6.85253429]]
2
[[-3.55263329 -3.57189894 -4.64796972 -7.24813557]]
0
[[-5.35831356 -5.27732372 -5.07892847 -6.85253429]]
2
[[-3.55263329 -3.57189894 -4.64796972 -7.24813557]]
0
[[-5.35831356 -5.27732372 -5.07892847 -6.85253429]]
2
[[-3.55263329 -3.57189894 -4.64796972 -7.24813557]]
0
[[-5.35831356 -5.27732372 -5.07892847 -6.85253429]]
2
[[-3.55263329 -3.57189894 -4.64796972 -7.24813557]]
0
[[-5.35831356 -5.27732372 -5.07892847 -6.85253429]]
2
[[-3.55263329 -3.57189894 -4.64796972 -7.24813557]]
0
[[-5.35831356 -5.27732372 -5.07892847 -6.85253429]]
2
[[-3.55263329 -3.57189894 -4.64796972 -7.24813557]]
0
[[-5.35831356 -5.27732372 -5.07892847 -6.85253429]]
2
[[-3.55263329 -3.57189894 -4.64796972 -7.24813557]]
0
[[-5.35831356 -5.27732372 -5.07892847 -6.85253429]]
2
[[-3.55263329 -3.57189894 -4.64796972 -7.24813557]]
0
[[-5.35831356 -5.27732372 -5.07892847 -6.85253429]]
2
[[-3.55263329 -3.57189894 -4.64796972 -7.24813557]]
0
[[-5.35831356 -5.27732372 -5.07892847 -6.85253429]]
2
[[-3.55263329 -3.57189894 -4.64796972 -7.24813557]]
0
[[-5.35831356 -5.27732372 -5.07892847 -6.85253429]]
2
[[-3.55263329 -3.57189894 -4.64796972 -7.24813557]]
0
[[-5.35831356 -5.27732372 -5.07892847 -6.85253429]]
2
[[-3.55263329 -3.57189894 -4.64796972 -7.24813557]]
0
[[-5.35831356 -5.27732372 -5.07892847 -6.85253429]]
2
[[-3.55263329 -3.57189894 -4.64796972 -7.24813557]]
0
[[-5.35831356 -5.27732372 -5.07892847 -6.85253429]]
2
[[-3.55263329 -3.57189894 -4.64796972 -7.24813557]]
0
[[-5.35831356 -5.27732372 -5.07892847 -6.85253429]]
2
[[-3.55263329 -3.57189894 -4.64796972 -7.24813557]]
0
[[-5.35831356 -5.27732372 -5.07892847 -6.85253429]]
2
[[-3.55263329 -3.57189894 -4.64796972 -7.24813557]]
0
[[-5.35831356 -5.27732372 -5.07892847 -6.85253429]]
2
[[-3.55263329 -3.57189894 -4.64796972 -7.24813557]]
0
[[-5.35831356 -5.27732372 -5.07892847 -6.85253429]]
2
[[-3.55263329 -3.57189894 -4.64796972 -7.24813557]]
0
[[-5.35831356 -5.27732372 -5.07892847 -6.85253429]]
2
[[-3.55263329 -3.57189894 -4.64796972 -7.24813557]]
0
[[-5.35831356 -5.27732372 -5.07892847 -6.85253429]]
2
[[-3.55263329 -3.57189894 -4.64796972 -7.24813557]]
0
[[-5.35831356 -5.27732372 -5.07892847 -6.85253429]]
2
[[-3.55263329 -3.57189894 -4.64796972 -7.24813557]]
0
[[-5.35831356 -5.27732372 -5.07892847 -6.85253429]]
2
[[-3.55263329 -3.57189894 -4.64796972 -7.24813557]]
0
[[-5.35831356 -5.27732372 -5.07892847 -6.85253429]]
2
[[-3.55263329 -3.57189894 -4.64796972 -7.24813557]]
0
[[-5.35831356 -5.27732372 -5.07892847 -6.85253429]]
2
[[-3.55263329 -3.57189894 -4.64796972 -7.24813557]]
0
[[-5.35831356 -5.27732372 -5.07892847 -6.85253429]]
2
[[-3.55263329 -3.57189894 -4.64796972 -7.24813557]]
0
[[-5.35831356 -5.27732372 -5.07892847 -6.85253429]]
2
[[-3.55263329 -3.57189894 -4.64796972 -7.24813557]]
0
[[-5.35831356 -5.27732372 -5.07892847 -6.85253429]]
2
[[-3.55263329 -3.57189894 -4.64796972 -7.24813557]]
0
[[-5.35831356 -5.27732372 -5.07892847 -6.85253429]]
2
[[-3.55263329 -3.57189894 -4.64796972 -7.24813557]]
0
[[-5.35831356 -5.27732372 -5.07892847 -6.85253429]]
2
[[-3.55263329 -3.57189894 -4.64796972 -7.24813557]]
0
[[-5.35831356 -5.27732372 -5.07892847 -6.85253429]]
2
[[-3.55263329 -3.57189894 -4.64796972 -7.24813557]]
0
[[-5.35831356 -5.27732372 -5.07892847 -6.85253429]]
2
[[-3.55263329 -3.57189894 -4.64796972 -7.24813557]]
0
[[-5.35831356 -5.27732372 -5.07892847 -6.85253429]]
2
[[-3.55263329 -3.57189894 -4.64796972 -7.24813557]]
0
[[-5.35831356 -5.27732372 -5.07892847 -6.85253429]]
2
[[-3.55263329 -3.57189894 -4.64796972 -7.24813557]]
0
FAIL
1/2
