[[-4.74592495 -5.47678852 -3.80750561 -8.16143703]]
2
[[-2.51013327 -6.74932098 -2.95450592 -8.55405045]]
0
[[-4.74592495 -5.47678852 -3.80750561 -8.16143703]]
2
[[-2.51013327 -6.74932098 -2.95450592 -8.55405045]]
0
[[-4.74592495 -5.47678852 -3.80750561 -8.16143703]]
2
[[-2.51013327 -6.74932098 -2.95450592 -8.55405045]]
0
[[-4.74592495 -5.47678852 -3.80750561 -8.16143703]]
2
[[-2.51013327 -6.74932098 -2.95450592 -8.55405045]]
0
[[-4.74592495 -5.47678852 -3.80750561 -8.16143703]]
2
[[-2.51013327 -6.74932098 -2.95450592 -8.55405045]]
0
[[-4.74592495 -5.47678852 -3.80750561 -8.16143703]]
2
[[-2.51013327 -6.74932098 -2.95450592 -8.55405045]]
0
[[-4.74592495 -5.47678852 -3.80750561 -8.16143703]]
2
[[-2.51013327 -6.74932098 -2.95450592 -8.55405045]]
0
[[-4.74592495 -5.47678852 -3.80750561 -8.16143703]]
2
[[-2.51013327 -6.74932098 -2.95450592 -8.55405045]]
0
[[-4.74592495 -5.47678852 -3.80750561 -8.16143703]]
2
[[-2.51013327 -6.74932098 -2.95450592 -8.55405045]]
0
[[-4.74592495 -5.47678852 -3.80750561 -8.16143703]]
2
[[-2.51013327 -6.74932098 -2.95450592 -8.55405045]]
0
[[-4.74592495 -5.47678852 -3.80750561 -8.16143703]]
2
[[-2.51013327 -6.74932098 -2.95450592 -8.55405045]]
0
[[-4.74592495 -5.47678852 -3.80750561 -8.16143703]]
2
[[-2.51013327 -6.74932098 -2.95450592 -8.55405045]]
0
[[-4.74592495 -5.47678852 -3.80750561 -8.16143703]]
2
[[-2.51013327 -6.74932098 -2.95450592 -8.55405045]]
0
[[-4.74592495 -5.47678852 -3.80750561 -8.16143703]]
2
[[-2.51013327 -6.74932098 -2.95450592 -8.55405045]]
0
[[-4.74592495 -5.47678852 -3.80750561 -8.16143703]]
2
[[-2.51013327 -6.74932098 -2.95450592 -8.55405045]]
0
[[-4.74592495 -5.47678852 -3.80750561 -8.16143703]]
2
[[-2.51013327 -6.74932098 -2.95450592 -8.55405045]]
0
[[-4.74592495 -5.47678852 -3.80750561 -8.16143703]]
2
[[-2.51013327 -6.74932098 -2.95450592 -8.55405045]]
0
[[-4.74592495 -5.47678852 -3.80750561 -8.16143703]]
2
[[-2.51013327 -6.74932098 -2.95450592 -8.55405045]]
0
[[-4.74592495 -5.47678852 -3.80750561 -8.16143703]]
2
[[-2.51013327 -6.74932098 -2.95450592 -8.55405045]]
0
[[-4.74592495 -5.47678852 -3.80750561 -8.16143703]]
2
[[-2.51013327 -6.74932098 -2.95450592 -8.55405045]]
0
[[-4.74592495 -5.47678852 -3.80750561 -8.16143703]]
2
[[-2.51013327 -6.74932098 -2.95450592 -8.55405045]]
0
[[-4.74592495 -5.47678852 -3.80750561 -8.16143703]]
2
[[-2.51013327 -6.74932098 -2.95450592 -8.55405045]]
0
[[-4.74592495 -5.47678852 -3.80750561 -8.16143703]]
2
[[-2.51013327 -6.74932098 -2.95450592 -8.55405045]]
0
[[-4.74592495 -5.47678852 -3.80750561 -8.16143703]]
2
[[-2.51013327 -6.74932098 -2.95450592 -8.55405045]]
0
[[-4.74592495 -5.47678852 -3.80750561 -8.16143703]]
2
[[-2.51013327 -6.74932098 -2.95450592 -8.55405045]]
0
[[-4.74592495 -5.47678852 -3.80750561 -8.16143703]]
2
[[-2.51013327 -6.74932098 -2.95450592 -8.55405045]]
0
[[-4.74592495 -5.47678852 -3.80750561 -8.16143703]]
2
[[-2.51013327 -6.74932098 -2.95450592 -8.55405045]]
0
[[-4.74592495 -5.47678852 -3.80750561 -8.16143703]]
2
[[-2.51013327 -6.74932098 -2.95450592 -8.55405045]]
0
[[-4.74592495 -5.47678852 -3.80750561 -8.16143703]]
2
[[-2.51013327 -6.74932098 -2.95450592 -8.55405045]]
0
[[-4.74592495 -5.47678852 -3.80750561 -8.16143703]]
2
[[-2.51013327 -6.74932098 -2.95450592 -8.55405045]]
0
[[-4.74592495 -5.47678852 -3.80750561 -8.16143703]]
2
[[-2.51013327 -6.74932098 -2.95450592 -8.55405045]]
0
[[-4.74592495 -5.47678852 -3.80750561 -8.16143703]]
2
[[-2.51013327 -6.74932098 -2.95450592 -8.55405045]]
0
[[-4.74592495 -5.47678852 -3.80750561 -8.16143703]]
2
[[-2.51013327 -6.74932098 -2.95450592 -8.55405045]]
0
[[-4.74592495 -5.47678852 -3.80750561 -8.16143703]]
2
[[-2.51013327 -6.74932098 -2.95450592 -8.55405045]]
0
[[-4.74592495 -5.47678852 -3.80750561 -8.16143703]]
2
[[-2.51013327 -6.74932098 -2.95450592 -8.55405045]]
0
[[-4.74592495 -5.47678852 -3.80750561 -8.16143703]]
2
[[-2.51013327 -6.74932098 -2.95450592 -8.55405045]]
0
[[-4.74592495 -5.47678852 -3.80750561 -8.16143703]]
2
[[-2.51013327 -6.74932098 -2.95450592 -8.55405045]]
0
[[-4.74592495 -5.47678852 -3.80750561 -8.16143703]]
2
[[-2.51013327 -6.74932098 -2.95450592 -8.55405045]]
0
[[-4.74592495 -5.47678852 -3.80750561 -8.16143703]]
2
[[-2.51013327 -6.74932098 -2.95450592 -8.55405045]]
0
[[-4.74592495 -5.47678852 -3.80750561 -8.16143703]]
2
[[-2.51013327 -6.74932098 -2.95450592 -8.55405045]]
0
[[-4.74592495 -5.47678852 -3.80750561 -8.16143703]]
2
[[-2.51013327 -6.74932098 -2.95450592 -8.55405045]]
0
[[-4.74592495 -5.47678852 -3.80750561 -8.16143703]]
2
[[-2.51013327 -6.74932098 -2.95450592 -8.55405045]]
0
[[-4.74592495 -5.47678852 -3.80750561 -8.16143703]]
2
[[-2.51013327 -6.74932098 -2.95450592 -8.55405045]]
0
[[-4.74592495 -5.47678852 -3.80750561 -8.16143703]]
2
[[-2.51013327 -6.74932098 -2.95450592 -8.55405045]]
0
[[-4.74592495 -5.47678852 -3.80750561 -8.16143703]]
2
[[-2.51013327 -6.74932098 -2.95450592 -8.55405045]]
0
[[-4.74592495 -5.47678852 -3.80750561 -8.16143703]]
2
[[-2.51013327 -6.74932098 -2.95450592 -8.55405045]]
0
[[-4.74592495 -5.47678852 -3.80750561 -8.16143703]]
2
[[-2.51013327 -6.74932098 -2.95450592 -8.55405045]]
0
[[-4.74592495 -5.47678852 -3.80750561 -8.16143703]]
2
[[-2.51013327 -6.74932098 -2.95450592 -8.55405045]]
0
[[-4.74592495 -5.47678852 -3.80750561 -8.16143703]]
2
[[-2.51013327 -6.74932098 -2.95450592 -8.55405045]]
0
[[-4.74592495 -5.47678852 -3.80750561 -8.16143703]]
2
[[-2.51013327 -6.74932098 -2.95450592 -8.55405045]]
0
[[-4.74592495 -5.47678852 -3.80750561 -8.16143703]]
2
FAIL
0/5
