[[-3.53884339 -3.55096269 -4.62606812 -7.23283005]]
0
[[-5.34316349 -5.26223087 -5.02478647 -6.80878639]]
2
[[-3.53884339 -3.55096269 -4.62606812 -7.23283005]]
0
[[-5.34316349 -5.26223087 -5.02478647 -6.80878639]]
2
[[-3.53884339 -3.55096269 -4.62606812 -7.23283005]]
0
[[-5.34316349 -5.26223087 -5.02478647 -6.80878639]]
2
[[-3.53884339 -3.55096269 -4.62606812 -7.23283005]]
0
[[-5.34316349 -5.26223087 -5.02478647 -6.80878639]]
2
[[-3.53884339 -3.55096269 -4.62606812 -7.23283005]]
0
[[-5.34316349 -5.26223087 -5.02478647 -6.80878639]]
2
[[-3.53884339 -3.55096269 -4.62606812 -7.23283005]]
0
[[-5.34316349 -5.26223087 -5.02478647 -6.80878639]]
2
[[-3.53884339 -3.55096269 -4.62606812 -7.23283005]]
0
[[-5.34316349 -5.26223087 -5.02478647 -6.80878639]]
2
[[-3.53884339 -3.55096269 -4.62606812 -7.23283005]]
0
[[-5.34316349 -5.26223087 -5.02478647 -6.80878639]]
2
[[-3.53884339 -3.55096269 -4.62606812 -7.23283005]]
0
[[-5.34316349 -5.26223087 -5.02478647 -6.80878639]]
2
[[-3.53884339 -3.55096269 -4.62606812 -7.23283005]]
0
[[-5.34316349 -5.26223087 -5.02478647 -6.80878639]]
2
[[-3.53884339 -3.55096269 -4.62606812 -7.23283005]]
0
[[-5.34316349 -5.26223087 -5.02478647 -6.80878639]]
2
[[-3.53884339 -3.55096269 -4.62606812 -7.23283005]]
0
[[-5.34316349 -5.26223087 -5.02478647 -6.80878639]]
2
[[-3.53884339 -3.55096269 -4.62606812 -7.23283005]]
0
[[-5.34316349 -5.26223087 -5.02478647 -6.80878639]]
2
[[-3.53884339 -3.55096269 -4.62606812 -7.23283005]]
0
[[-5.34316349 -5.26223087 -5.02478647 -6.80878639]]
2
[[-3.53884339 -3.55096269 -4.62606812 -7.23283005]]
0
[[-5.34316349 -5.26223087 -5.02478647 -6.80878639]]
2
[[-3.53884339 -3.55096269 -4.62606812 -7.23283005]]
0
[[-5.34316349 -5.26223087 -5.02478647 -6.80878639]]
2
[[-3.53884339 -3.55096269 -4.62606812 -7.23283005]]
0
[[-5.34316349 -5.26223087 -5.02478647 -6.80878639]]
2
[[-3.53884339 -3.55096269 -4.62606812 -7.23283005]]
0
[[-5.34316349 -5.26223087 -5.02478647 -6.80878639]]
2
[[-3.53884339 -3.55096269 -4.62606812 -7.23283005]]
0
[[-5.34316349 -5.26223087 -5.02478647 -6.80878639]]
2
[[-3.53884339 -3.55096269 -4.62606812 -7.23283005]]
0
[[-5.34316349 -5.26223087 -5.02478647 -6.80878639]]
2
[[-3.53884339 -3.55096269 -4.62606812 -7.23283005]]
0
[[-5.34316349 -5.26223087 -5.02478647 -6.80878639]]
2
[[-3.53884339 -3.55096269 -4.62606812 -7.23283005]]
0
[[-5.34316349 -5.26223087 -5.02478647 -6.80878639]]
2
[[-3.53884339 -3.55096269 -4.62606812 -7.23283005]]
0
[[-5.34316349 -5.26223087 -5.02478647 -6.80878639]]
2
[[-3.53884339 -3.55096269 -4.62606812 -7.23283005]]
0
[[-5.34316349 -5.26223087 -5.02478647 -6.80878639]]
2
[[-3.53884339 -3.55096269 -4.62606812 -7.23283005]]
0
[[-5.34316349 -5.26223087 -5.02478647 -6.80878639]]
2
[[-3.53884339 -3.55096269 -4.62606812 -7.23283005]]
0
[[-5.34316349 -5.26223087 -5.02478647 -6.80878639]]
2
[[-3.53884339 -3.55096269 -4.62606812 -7.23283005]]
0
[[-5.34316349 -5.26223087 -5.02478647 -6.80878639]]
2
[[-3.53884339 -3.55096269 -4.62606812 -7.23283005]]
0
[[-5.34316349 -5.26223087 -5.02478647 -6.80878639]]
2
[[-3.53884339 -3.55096269 -4.62606812 -7.23283005]]
0
[[-5.34316349 -5.26223087 -5.02478647 -6.80878639]]
2
[[-3.53884339 -3.55096269 -4.62606812 -7.23283005]]
0
[[-5.34316349 -5.26223087 -5.02478647 -6.80878639]]
2
[[-3.53884339 -3.55096269 -4.62606812 -7.23283005]]
0
[[-5.34316349 -5.26223087 -5.02478647 -6.80878639]]
2
[[-3.53884339 -3.55096269 -4.62606812 -7.23283005]]
0
[[-5.34316349 -5.26223087 -5.02478647 -6.80878639]]
2
[[-3.53884339 -3.55096269 -4.62606812 -7.23283005]]
0
[[-5.34316349 -5.26223087 -5.02478647 -6.80878639]]
2
[[-3.53884339 -3.55096269 -4.62606812 -7.23283005]]
0
[[-5.34316349 -5.26223087 -5.02478647 -6.80878639]]
2
[[-3.53884339 -3.55096269 -4.62606812 -7.23283005]]
0
[[-5.34316349 -5.26223087 -5.02478647 -6.80878639]]
2
[[-3.53884339 -3.55096269 -4.62606812 -7.23283005]]
0
[[-5.34316349 -5.26223087 -5.02478647 -6.80878639]]
2
[[-3.53884339 -3.55096269 -4.62606812 -7.23283005]]
0
[[-5.34316349 -5.26223087 -5.02478647 -6.80878639]]
2
[[-3.53884339 -3.55096269 -4.62606812 -7.23283005]]
0
[[-5.34316349 -5.26223087 -5.02478647 -6.80878639]]
2
[[-3.53884339 -3.55096269 -4.62606812 -7.23283005]]
0
[[-5.34316349 -5.26223087 -5.02478647 -6.80878639]]
2
[[-3.53884339 -3.55096269 -4.62606812 -7.23283005]]
0
[[-5.34316349 -5.26223087 -5.02478647 -6.80878639]]
2
[[-3.53884339 -3.55096269 -4.62606812 -7.23283005]]
0
[[-5.34316349 -5.26223087 -5.02478647 -6.80878639]]
2
[[-3.53884339 -3.55096269 -4.62606812 -7.23283005]]
0
[[-5.34316349 -5.26223087 -5.02478647 -6.80878639]]
2
[[-3.53884339 -3.55096269 -4.62606812 -7.23283005]]
0
[[-5.34316349 -5.26223087 -5.02478647 -6.80878639]]
2
[[-3.53884339 -3.55096269 -4.62606812 -7.23283005]]
0
[[-5.34316349 -5.26223087 -5.02478647 -6.80878639]]
2
[[-3.53884339 -3.55096269 -4.62606812 -7.23283005]]
0
[[-5.34316349 -5.26223087 -5.02478647 -6.80878639]]
2
[[-3.53884339 -3.55096269 -4.62606812 -7.23283005]]
0
[[-5.34316349 -5.26223087 -5.02478647 -6.80878639]]
2
[[-3.53884339 -3.55096269 -4.62606812 -7.23283005]]
0
[[-5.34316349 -5.26223087 -5.02478647 -6.80878639]]
2
[[-3.53884339 -3.55096269 -4.62606812 -7.23283005]]
0
[[-5.34316349 -5.26223087 -5.02478647 -6.80878639]]
2
[[-3.53884339 -3.55096269 -4.62606812 -7.23283005]]
0
[[-5.34316349 -5.26223087 -5.02478647 -6.80878639]]
2
[[-3.53884339 -3.55096269 -4.62606812 -7.23283005]]
0
[[-5.34316349 -5.26223087 -5.02478647 -6.80878639]]
2
[[-3.53884339 -3.55096269 -4.62606812 -7.23283005]]
0
FAIL
1/2
