[[-3.52735305 -3.53402853 -4.6126442  -7.23137951]]
0
[[-5.32409668 -5.24438238 -4.9743166  -6.77362585]]
2
[[-3.52735305 -3.53402853 -4.6126442  -7.23137951]]
0
[[-5.32409668 -5.24438238 -4.9743166  -6.77362585]]
2
[[-3.52735305 -3.53402853 -4.6126442  -7.23137951]]
0
[[-5.32409668 -5.24438238 -4.9743166  -6.77362585]]
2
[[-3.52735305 -3.53402853 -4.6126442  -7.23137951]]
0
[[-5.32409668 -5.24438238 -4.9743166  -6.77362585]]
2
[[-3.52735305 -3.53402853 -4.6126442  -7.23137951]]
0
[[-5.32409668 -5.24438238 -4.9743166  -6.77362585]]
2
[[-3.52735305 -3.53402853 -4.6126442  -7.23137951]]
0
[[-5.32409668 -5.24438238 -4.9743166  -6.77362585]]
2
[[-3.52735305 -3.53402853 -4.6126442  -7.23137951]]
0
[[-5.32409668 -5.24438238 -4.9743166  -6.77362585]]
2
[[-3.52735305 -3.53402853 -4.6126442  -7.23137951]]
0
[[-5.32409668 -5.24438238 -4.9743166  -6.77362585]]
2
[[-3.52735305 -3.53402853 -4.6126442  -7.23137951]]
0
[[-5.32409668 -5.24438238 -4.9743166  -6.77362585]]
2
[[-3.52735305 -3.53402853 -4.6126442  -7.23137951]]
0
[[-5.32409668 -5.24438238 -4.9743166  -6.77362585]]
2
[[-3.52735305 -3.53402853 -4.6126442  -7.23137951]]
0
[[-5.32409668 -5.24438238 -4.9743166  -6.77362585]]
2
[[-3.52735305 -3.53402853 -4.6126442  -7.23137951]]
0
[[-5.32409668 -5.24438238 -4.9743166  -6.77362585]]
2
[[-3.52735305 -3.53402853 -4.6126442  -7.23137951]]
0
[[-5.32409668 -5.24438238 -4.9743166  -6.77362585]]
2
[[-3.52735305 -3.53402853 -4.6126442  -7.23137951]]
0
[[-5.32409668 -5.24438238 -4.9743166  -6.77362585]]
2
[[-3.52735305 -3.53402853 -4.6126442  -7.23137951]]
0
[[-5.32409668 -5.24438238 -4.9743166  -6.77362585]]
2
[[-3.52735305 -3.53402853 -4.6126442  -7.23137951]]
0
[[-5.32409668 -5.24438238 -4.9743166  -6.77362585]]
2
[[-3.52735305 -3.53402853 -4.6126442  -7.23137951]]
0
[[-5.32409668 -5.24438238 -4.9743166  -6.77362585]]
2
[[-3.52735305 -3.53402853 -4.6126442  -7.23137951]]
0
[[-5.32409668 -5.24438238 -4.9743166  -6.77362585]]
2
[[-3.52735305 -3.53402853 -4.6126442  -7.23137951]]
0
[[-5.32409668 -5.24438238 -4.9743166  -6.77362585]]
2
[[-3.52735305 -3.53402853 -4.6126442  -7.23137951]]
0
[[-5.32409668 -5.24438238 -4.9743166  -6.77362585]]
2
[[-3.52735305 -3.53402853 -4.6126442  -7.23137951]]
0
[[-5.32409668 -5.24438238 -4.9743166  -6.77362585]]
2
[[-3.52735305 -3.53402853 -4.6126442  -7.23137951]]
0
[[-5.32409668 -5.24438238 -4.9743166  -6.77362585]]
2
[[-3.52735305 -3.53402853 -4.6126442  -7.23137951]]
0
[[-5.32409668 -5.24438238 -4.9743166  -6.77362585]]
2
[[-3.52735305 -3.53402853 -4.6126442  -7.23137951]]
0
[[-5.32409668 -5.24438238 -4.9743166  -6.77362585]]
2
[[-3.52735305 -3.53402853 -4.6126442  -7.23137951]]
0
[[-5.32409668 -5.24438238 -4.9743166  -6.77362585]]
2
[[-3.52735305 -3.53402853 -4.6126442  -7.23137951]]
0
[[-5.32409668 -5.24438238 -4.9743166  -6.77362585]]
2
[[-3.52735305 -3.53402853 -4.6126442  -7.23137951]]
0
[[-5.32409668 -5.24438238 -4.9743166  -6.77362585]]
2
[[-3.52735305 -3.53402853 -4.6126442  -7.23137951]]
0
[[-5.32409668 -5.24438238 -4.9743166  -6.77362585]]
2
[[-3.52735305 -3.53402853 -4.6126442  -7.23137951]]
0
[[-5.32409668 -5.24438238 -4.9743166  -6.77362585]]
2
[[-3.52735305 -3.53402853 -4.6126442  -7.23137951]]
0
[[-5.32409668 -5.24438238 -4.9743166  -6.77362585]]
2
[[-3.52735305 -3.53402853 -4.6126442  -7.23137951]]
0
[[-5.32409668 -5.24438238 -4.9743166  -6.77362585]]
2
[[-3.52735305 -3.53402853 -4.6126442  -7.23137951]]
0
[[-5.32409668 -5.24438238 -4.9743166  -6.77362585]]
2
[[-3.52735305 -3.53402853 -4.6126442  -7.23137951]]
0
[[-5.32409668 -5.24438238 -4.9743166  -6.77362585]]
2
[[-3.52735305 -3.53402853 -4.6126442  -7.23137951]]
0
[[-5.32409668 -5.24438238 -4.9743166  -6.77362585]]
2
[[-3.52735305 -3.53402853 -4.6126442  -7.23137951]]
0
[[-5.32409668 -5.24438238 -4.9743166  -6.77362585]]
2
[[-3.52735305 -3.53402853 -4.6126442  -7.23137951]]
0
[[-5.32409668 -5.24438238 -4.9743166  -6.77362585]]
2
[[-3.52735305 -3.53402853 -4.6126442  -7.23137951]]
0
[[-5.32409668 -5.24438238 -4.9743166  -6.77362585]]
2
[[-3.52735305 -3.53402853 -4.6126442  -7.23137951]]
0
[[-5.32409668 -5.24438238 -4.9743166  -6.77362585]]
2
[[-3.52735305 -3.53402853 -4.6126442  -7.23137951]]
0
[[-5.32409668 -5.24438238 -4.9743166  -6.77362585]]
2
[[-3.52735305 -3.53402853 -4.6126442  -7.23137951]]
0
[[-5.32409668 -5.24438238 -4.9743166  -6.77362585]]
2
[[-3.52735305 -3.53402853 -4.6126442  -7.23137951]]
0
[[-5.32409668 -5.24438238 -4.9743166  -6.77362585]]
2
[[-3.52735305 -3.53402853 -4.6126442  -7.23137951]]
0
[[-5.32409668 -5.24438238 -4.9743166  -6.77362585]]
2
[[-3.52735305 -3.53402853 -4.6126442  -7.23137951]]
0
[[-5.32409668 -5.24438238 -4.9743166  -6.77362585]]
2
[[-3.52735305 -3.53402853 -4.6126442  -7.23137951]]
0
[[-5.32409668 -5.24438238 -4.9743166  -6.77362585]]
2
[[-3.52735305 -3.53402853 -4.6126442  -7.23137951]]
0
[[-5.32409668 -5.24438238 -4.9743166  -6.77362585]]
2
[[-3.52735305 -3.53402853 -4.6126442  -7.23137951]]
0
[[-5.32409668 -5.24438238 -4.9743166  -6.77362585]]
2
[[-3.52735305 -3.53402853 -4.6126442  -7.23137951]]
0
[[-5.32409668 -5.24438238 -4.9743166  -6.77362585]]
2
[[-3.52735305 -3.53402853 -4.6126442  -7.23137951]]
0
[[-5.32409668 -5.24438238 -4.9743166  -6.77362585]]
2
[[-3.52735305 -3.53402853 -4.6126442  -7.23137951]]
0
[[-5.32409668 -5.24438238 -4.9743166  -6.77362585]]
2
[[-3.52735305 -3.53402853 -4.6126442  -7.23137951]]
0
[[-5.32409668 -5.24438238 -4.9743166  -6.77362585]]
2
[[-3.52735305 -3.53402853 -4.6126442  -7.23137951]]
0
FAIL
1/2
