[[ 27976194.  27222556.  25752748.  21697544.]]
0
[[ 25703916.  24338422.  25935978.  19323862.]]
2
[[ 27976194.  27222556.  25752748.  21697544.]]
0
[[ 25703916.  24338422.  25935978.  19323862.]]
2
[[ 27976194.  27222556.  25752748.  21697544.]]
0
[[ 25703916.  24338422.  25935978.  19323862.]]
2
[[ 27976194.  27222556.  25752748.  21697544.]]
0
[[ 25703916.  24338422.  25935978.  19323862.]]
2
[[ 27976194.  27222556.  25752748.  21697544.]]
0
[[ 25703916.  24338422.  25935978.  19323862.]]
2
[[ 27976194.  27222556.  25752748.  21697544.]]
0
[[ 25703916.  24338422.  25935978.  19323862.]]
2
[[ 27976194.  27222556.  25752748.  21697544.]]
0
[[ 25703916.  24338422.  25935978.  19323862.]]
2
[[ 27976194.  27222556.  25752748.  21697544.]]
0
[[ 25703916.  24338422.  25935978.  19323862.]]
2
[[ 27976194.  27222556.  25752748.  21697544.]]
0
[[ 25703916.  24338422.  25935978.  19323862.]]
2
[[ 27976194.  27222556.  25752748.  21697544.]]
0
[[ 25703916.  24338422.  25935978.  19323862.]]
2
[[ 27976194.  27222556.  25752748.  21697544.]]
0
[[ 25703916.  24338422.  25935978.  19323862.]]
2
[[ 27976194.  27222556.  25752748.  21697544.]]
0
[[ 25703916.  24338422.  25935978.  19323862.]]
2
[[ 27976194.  27222556.  25752748.  21697544.]]
0
[[ 25703916.  24338422.  25935978.  19323862.]]
2
[[ 27976194.  27222556.  25752748.  21697544.]]
0
[[ 25703916.  24338422.  25935978.  19323862.]]
2
[[ 27976194.  27222556.  25752748.  21697544.]]
0
[[ 25703916.  24338422.  25935978.  19323862.]]
2
[[ 27976194.  27222556.  25752748.  21697544.]]
0
[[ 25703916.  24338422.  25935978.  19323862.]]
2
[[ 27976194.  27222556.  25752748.  21697544.]]
0
[[ 25703916.  24338422.  25935978.  19323862.]]
2
[[ 27976194.  27222556.  25752748.  21697544.]]
0
[[ 25703916.  24338422.  25935978.  19323862.]]
2
[[ 27976194.  27222556.  25752748.  21697544.]]
0
[[ 25703916.  24338422.  25935978.  19323862.]]
2
[[ 27976194.  27222556.  25752748.  21697544.]]
0
[[ 25703916.  24338422.  25935978.  19323862.]]
2
[[ 27976194.  27222556.  25752748.  21697544.]]
0
[[ 25703916.  24338422.  25935978.  19323862.]]
2
[[ 27976194.  27222556.  25752748.  21697544.]]
0
[[ 25703916.  24338422.  25935978.  19323862.]]
2
[[ 27976194.  27222556.  25752748.  21697544.]]
0
[[ 25703916.  24338422.  25935978.  19323862.]]
2
[[ 27976194.  27222556.  25752748.  21697544.]]
0
[[ 25703916.  24338422.  25935978.  19323862.]]
2
[[ 27976194.  27222556.  25752748.  21697544.]]
0
[[ 25703916.  24338422.  25935978.  19323862.]]
2
[[ 27976194.  27222556.  25752748.  21697544.]]
0
[[ 25703916.  24338422.  25935978.  19323862.]]
2
[[ 27976194.  27222556.  25752748.  21697544.]]
0
[[ 25703916.  24338422.  25935978.  19323862.]]
2
[[ 27976194.  27222556.  25752748.  21697544.]]
0
[[ 25703916.  24338422.  25935978.  19323862.]]
2
[[ 27976194.  27222556.  25752748.  21697544.]]
0
[[ 25703916.  24338422.  25935978.  19323862.]]
2
[[ 27976194.  27222556.  25752748.  21697544.]]
0
[[ 25703916.  24338422.  25935978.  19323862.]]
2
[[ 27976194.  27222556.  25752748.  21697544.]]
0
[[ 25703916.  24338422.  25935978.  19323862.]]
2
[[ 27976194.  27222556.  25752748.  21697544.]]
0
[[ 25703916.  24338422.  25935978.  19323862.]]
2
[[ 27976194.  27222556.  25752748.  21697544.]]
0
[[ 25703916.  24338422.  25935978.  19323862.]]
2
[[ 27976194.  27222556.  25752748.  21697544.]]
0
[[ 25703916.  24338422.  25935978.  19323862.]]
2
[[ 27976194.  27222556.  25752748.  21697544.]]
0
[[ 25703916.  24338422.  25935978.  19323862.]]
2
[[ 27976194.  27222556.  25752748.  21697544.]]
0
[[ 25703916.  24338422.  25935978.  19323862.]]
2
[[ 27976194.  27222556.  25752748.  21697544.]]
0
[[ 25703916.  24338422.  25935978.  19323862.]]
2
[[ 27976194.  27222556.  25752748.  21697544.]]
0
[[ 25703916.  24338422.  25935978.  19323862.]]
2
[[ 27976194.  27222556.  25752748.  21697544.]]
0
[[ 25703916.  24338422.  25935978.  19323862.]]
2
[[ 27976194.  27222556.  25752748.  21697544.]]
0
[[ 25703916.  24338422.  25935978.  19323862.]]
2
[[ 27976194.  27222556.  25752748.  21697544.]]
0
[[ 25703916.  24338422.  25935978.  19323862.]]
2
[[ 27976194.  27222556.  25752748.  21697544.]]
0
[[ 25703916.  24338422.  25935978.  19323862.]]
2
[[ 27976194.  27222556.  25752748.  21697544.]]
0
[[ 25703916.  24338422.  25935978.  19323862.]]
2
[[ 27976194.  27222556.  25752748.  21697544.]]
0
[[ 25703916.  24338422.  25935978.  19323862.]]
2
[[ 27976194.  27222556.  25752748.  21697544.]]
0
[[ 25703916.  24338422.  25935978.  19323862.]]
2
[[ 27976194.  27222556.  25752748.  21697544.]]
0
[[ 25703916.  24338422.  25935978.  19323862.]]
2
[[ 27976194.  27222556.  25752748.  21697544.]]
0
[[ 25703916.  24338422.  25935978.  19323862.]]
2
[[ 27976194.  27222556.  25752748.  21697544.]]
0
[[ 25703916.  24338422.  25935978.  19323862.]]
2
[[ 27976194.  27222556.  25752748.  21697544.]]
0
[[ 25703916.  24338422.  25935978.  19323862.]]
2
[[ 27976194.  27222556.  25752748.  21697544.]]
0
[[ 25703916.  24338422.  25935978.  19323862.]]
2
[[ 27976194.  27222556.  25752748.  21697544.]]
0
FAIL
1/8
