[[-4.78237915 -5.71723843 -3.73303986 -8.40743065]]
2
[[-2.5382731  -6.99505568 -2.87707639 -8.8024807 ]]
0
[[-4.78237915 -5.71723843 -3.73303986 -8.40743065]]
2
[[-2.5382731  -6.99505568 -2.87707639 -8.8024807 ]]
0
[[-4.78237915 -5.71723843 -3.73303986 -8.40743065]]
2
[[-2.5382731  -6.99505568 -2.87707639 -8.8024807 ]]
0
[[-4.78237915 -5.71723843 -3.73303986 -8.40743065]]
2
[[-2.5382731  -6.99505568 -2.87707639 -8.8024807 ]]
0
[[-4.78237915 -5.71723843 -3.73303986 -8.40743065]]
2
[[-2.5382731  -6.99505568 -2.87707639 -8.8024807 ]]
0
[[-4.78237915 -5.71723843 -3.73303986 -8.40743065]]
2
[[-2.5382731  -6.99505568 -2.87707639 -8.8024807 ]]
0
[[-4.78237915 -5.71723843 -3.73303986 -8.40743065]]
2
[[-2.5382731  -6.99505568 -2.87707639 -8.8024807 ]]
0
[[-4.78237915 -5.71723843 -3.73303986 -8.40743065]]
2
[[-2.5382731  -6.99505568 -2.87707639 -8.8024807 ]]
0
[[-4.78237915 -5.71723843 -3.73303986 -8.40743065]]
2
[[-2.5382731  -6.99505568 -2.87707639 -8.8024807 ]]
0
[[-4.78237915 -5.71723843 -3.73303986 -8.40743065]]
2
[[-2.5382731  -6.99505568 -2.87707639 -8.8024807 ]]
0
[[-4.78237915 -5.71723843 -3.73303986 -8.40743065]]
2
[[-2.5382731  -6.99505568 -2.87707639 -8.8024807 ]]
0
[[-4.78237915 -5.71723843 -3.73303986 -8.40743065]]
2
[[-2.5382731  -6.99505568 -2.87707639 -8.8024807 ]]
0
[[-4.78237915 -5.71723843 -3.73303986 -8.40743065]]
2
[[-2.5382731  -6.99505568 -2.87707639 -8.8024807 ]]
0
[[-4.78237915 -5.71723843 -3.73303986 -8.40743065]]
2
[[-2.5382731  -6.99505568 -2.87707639 -8.8024807 ]]
0
[[-4.78237915 -5.71723843 -3.73303986 -8.40743065]]
2
[[-2.5382731  -6.99505568 -2.87707639 -8.8024807 ]]
0
[[-4.78237915 -5.71723843 -3.73303986 -8.40743065]]
2
[[-2.5382731  -6.99505568 -2.87707639 -8.8024807 ]]
0
[[-4.78237915 -5.71723843 -3.73303986 -8.40743065]]
2
[[-2.5382731  -6.99505568 -2.87707639 -8.8024807 ]]
0
[[-4.78237915 -5.71723843 -3.73303986 -8.40743065]]
2
[[-2.5382731  -6.99505568 -2.87707639 -8.8024807 ]]
0
[[-4.78237915 -5.71723843 -3.73303986 -8.40743065]]
2
[[-2.5382731  -6.99505568 -2.87707639 -8.8024807 ]]
0
[[-4.78237915 -5.71723843 -3.73303986 -8.40743065]]
2
[[-2.5382731  -6.99505568 -2.87707639 -8.8024807 ]]
0
[[-4.78237915 -5.71723843 -3.73303986 -8.40743065]]
2
[[-2.5382731  -6.99505568 -2.87707639 -8.8024807 ]]
0
[[-4.78237915 -5.71723843 -3.73303986 -8.40743065]]
2
[[-2.5382731  -6.99505568 -2.87707639 -8.8024807 ]]
0
[[-4.78237915 -5.71723843 -3.73303986 -8.40743065]]
2
[[-2.5382731  -6.99505568 -2.87707639 -8.8024807 ]]
0
[[-4.78237915 -5.71723843 -3.73303986 -8.40743065]]
2
[[-2.5382731  -6.99505568 -2.87707639 -8.8024807 ]]
0
[[-4.78237915 -5.71723843 -3.73303986 -8.40743065]]
2
[[-2.5382731  -6.99505568 -2.87707639 -8.8024807 ]]
0
[[-4.78237915 -5.71723843 -3.73303986 -8.40743065]]
2
[[-2.5382731  -6.99505568 -2.87707639 -8.8024807 ]]
0
[[-4.78237915 -5.71723843 -3.73303986 -8.40743065]]
2
[[-2.5382731  -6.99505568 -2.87707639 -8.8024807 ]]
0
[[-4.78237915 -5.71723843 -3.73303986 -8.40743065]]
2
[[-2.5382731  -6.99505568 -2.87707639 -8.8024807 ]]
0
[[-4.78237915 -5.71723843 -3.73303986 -8.40743065]]
2
[[-2.5382731  -6.99505568 -2.87707639 -8.8024807 ]]
0
[[-4.78237915 -5.71723843 -3.73303986 -8.40743065]]
2
[[-2.5382731  -6.99505568 -2.87707639 -8.8024807 ]]
0
[[-4.78237915 -5.71723843 -3.73303986 -8.40743065]]
2
[[-2.5382731  -6.99505568 -2.87707639 -8.8024807 ]]
0
[[-4.78237915 -5.71723843 -3.73303986 -8.40743065]]
2
[[-2.5382731  -6.99505568 -2.87707639 -8.8024807 ]]
0
[[-4.78237915 -5.71723843 -3.73303986 -8.40743065]]
2
[[-2.5382731  -6.99505568 -2.87707639 -8.8024807 ]]
0
[[-4.78237915 -5.71723843 -3.73303986 -8.40743065]]
2
[[-2.5382731  -6.99505568 -2.87707639 -8.8024807 ]]
0
[[-4.78237915 -5.71723843 -3.73303986 -8.40743065]]
2
[[-2.5382731  -6.99505568 -2.87707639 -8.8024807 ]]
0
[[-4.78237915 -5.71723843 -3.73303986 -8.40743065]]
2
[[-2.5382731  -6.99505568 -2.87707639 -8.8024807 ]]
0
[[-4.78237915 -5.71723843 -3.73303986 -8.40743065]]
2
[[-2.5382731  -6.99505568 -2.87707639 -8.8024807 ]]
0
[[-4.78237915 -5.71723843 -3.73303986 -8.40743065]]
2
[[-2.5382731  -6.99505568 -2.87707639 -8.8024807 ]]
0
[[-4.78237915 -5.71723843 -3.73303986 -8.40743065]]
2
[[-2.5382731  -6.99505568 -2.87707639 -8.8024807 ]]
0
[[-4.78237915 -5.71723843 -3.73303986 -8.40743065]]
2
[[-2.5382731  -6.99505568 -2.87707639 -8.8024807 ]]
0
[[-4.78237915 -5.71723843 -3.73303986 -8.40743065]]
2
[[-2.5382731  -6.99505568 -2.87707639 -8.8024807 ]]
0
[[-4.78237915 -5.71723843 -3.73303986 -8.40743065]]
2
[[-2.5382731  -6.99505568 -2.87707639 -8.8024807 ]]
0
[[-4.78237915 -5.71723843 -3.73303986 -8.40743065]]
2
[[-2.5382731  -6.99505568 -2.87707639 -8.8024807 ]]
0
[[-4.78237915 -5.71723843 -3.73303986 -8.40743065]]
2
[[-2.5382731  -6.99505568 -2.87707639 -8.8024807 ]]
0
[[-4.78237915 -5.71723843 -3.73303986 -8.40743065]]
2
[[-2.5382731  -6.99505568 -2.87707639 -8.8024807 ]]
0
[[-4.78237915 -5.71723843 -3.73303986 -8.40743065]]
2
[[-2.5382731  -6.99505568 -2.87707639 -8.8024807 ]]
0
[[-4.78237915 -5.71723843 -3.73303986 -8.40743065]]
2
[[-2.5382731  -6.99505568 -2.87707639 -8.8024807 ]]
0
[[-4.78237915 -5.71723843 -3.73303986 -8.40743065]]
2
[[-2.5382731  -6.99505568 -2.87707639 -8.8024807 ]]
0
[[-4.78237915 -5.71723843 -3.73303986 -8.40743065]]
2
[[-2.5382731  -6.99505568 -2.87707639 -8.8024807 ]]
0
[[-4.78237915 -5.71723843 -3.73303986 -8.40743065]]
2
[[-2.5382731  -6.99505568 -2.87707639 -8.8024807 ]]
0
[[-4.78237915 -5.71723843 -3.73303986 -8.40743065]]
2
FAIL
0/5
