[[-4.76646566 -8.74999619 -4.78336716 -8.56187057]]
0
[[-13.76497555 -16.48478127  -0.89015102  -8.50807476]]
2
[[-4.76646566 -8.74999619 -4.78336716 -8.56187057]]
0
[[-13.76497555 -16.48478127  -0.89015102  -8.50807476]]
2
[[-4.76646566 -8.74999619 -4.78336716 -8.56187057]]
0
[[-13.76497555 -16.48478127  -0.89015102  -8.50807476]]
2
[[-4.76646566 -8.74999619 -4.78336716 -8.56187057]]
0
[[-13.76497555 -16.48478127  -0.89015102  -8.50807476]]
2
[[-4.76646566 -8.74999619 -4.78336716 -8.56187057]]
0
[[-13.76497555 -16.48478127  -0.89015102  -8.50807476]]
2
[[-4.76646566 -8.74999619 -4.78336716 -8.56187057]]
0
[[-13.76497555 -16.48478127  -0.89015102  -8.50807476]]
2
[[-4.76646566 -8.74999619 -4.78336716 -8.56187057]]
0
[[-13.76497555 -16.48478127  -0.89015102  -8.50807476]]
2
[[-4.76646566 -8.74999619 -4.78336716 -8.56187057]]
0
[[-13.76497555 -16.48478127  -0.89015102  -8.50807476]]
2
[[-4.76646566 -8.74999619 -4.78336716 -8.56187057]]
0
[[-13.76497555 -16.48478127  -0.89015102  -8.50807476]]
2
[[-4.76646566 -8.74999619 -4.78336716 -8.56187057]]
0
[[-13.76497555 -16.48478127  -0.89015102  -8.50807476]]
2
[[-4.76646566 -8.74999619 -4.78336716 -8.56187057]]
0
[[-13.76497555 -16.48478127  -0.89015102  -8.50807476]]
2
[[-4.76646566 -8.74999619 -4.78336716 -8.56187057]]
0
[[-13.76497555 -16.48478127  -0.89015102  -8.50807476]]
2
[[-4.76646566 -8.74999619 -4.78336716 -8.56187057]]
0
[[-13.76497555 -16.48478127  -0.89015102  -8.50807476]]
2
[[-4.76646566 -8.74999619 -4.78336716 -8.56187057]]
0
[[-13.76497555 -16.48478127  -0.89015102  -8.50807476]]
2
[[-4.76646566 -8.74999619 -4.78336716 -8.56187057]]
0
[[-13.76497555 -16.48478127  -0.89015102  -8.50807476]]
2
[[-4.76646566 -8.74999619 -4.78336716 -8.56187057]]
0
[[-13.76497555 -16.48478127  -0.89015102  -8.50807476]]
2
[[-4.76646566 -8.74999619 -4.78336716 -8.56187057]]
0
[[-13.76497555 -16.48478127  -0.89015102  -8.50807476]]
2
[[-4.76646566 -8.74999619 -4.78336716 -8.56187057]]
0
[[-13.76497555 -16.48478127  -0.89015102  -8.50807476]]
2
[[-4.76646566 -8.74999619 -4.78336716 -8.56187057]]
0
[[-13.76497555 -16.48478127  -0.89015102  -8.50807476]]
2
[[-4.76646566 -8.74999619 -4.78336716 -8.56187057]]
0
[[-13.76497555 -16.48478127  -0.89015102  -8.50807476]]
2
[[-4.76646566 -8.74999619 -4.78336716 -8.56187057]]
0
[[-13.76497555 -16.48478127  -0.89015102  -8.50807476]]
2
[[-4.76646566 -8.74999619 -4.78336716 -8.56187057]]
0
[[-13.76497555 -16.48478127  -0.89015102  -8.50807476]]
2
[[-4.76646566 -8.74999619 -4.78336716 -8.56187057]]
0
[[-13.76497555 -16.48478127  -0.89015102  -8.50807476]]
2
[[-4.76646566 -8.74999619 -4.78336716 -8.56187057]]
0
[[-13.76497555 -16.48478127  -0.89015102  -8.50807476]]
2
[[-4.76646566 -8.74999619 -4.78336716 -8.56187057]]
0
[[-13.76497555 -16.48478127  -0.89015102  -8.50807476]]
2
[[-4.76646566 -8.74999619 -4.78336716 -8.56187057]]
0
[[-13.76497555 -16.48478127  -0.89015102  -8.50807476]]
2
[[-4.76646566 -8.74999619 -4.78336716 -8.56187057]]
0
[[-13.76497555 -16.48478127  -0.89015102  -8.50807476]]
2
[[-4.76646566 -8.74999619 -4.78336716 -8.56187057]]
0
[[-13.76497555 -16.48478127  -0.89015102  -8.50807476]]
2
[[-4.76646566 -8.74999619 -4.78336716 -8.56187057]]
0
[[-13.76497555 -16.48478127  -0.89015102  -8.50807476]]
2
[[-4.76646566 -8.74999619 -4.78336716 -8.56187057]]
0
[[-13.76497555 -16.48478127  -0.89015102  -8.50807476]]
2
[[-4.76646566 -8.74999619 -4.78336716 -8.56187057]]
0
[[-13.76497555 -16.48478127  -0.89015102  -8.50807476]]
2
[[-4.76646566 -8.74999619 -4.78336716 -8.56187057]]
0
[[-13.76497555 -16.48478127  -0.89015102  -8.50807476]]
2
[[-4.76646566 -8.74999619 -4.78336716 -8.56187057]]
0
[[-13.76497555 -16.48478127  -0.89015102  -8.50807476]]
2
[[-4.76646566 -8.74999619 -4.78336716 -8.56187057]]
0
[[-13.76497555 -16.48478127  -0.89015102  -8.50807476]]
2
[[-4.76646566 -8.74999619 -4.78336716 -8.56187057]]
0
[[-13.76497555 -16.48478127  -0.89015102  -8.50807476]]
2
[[-4.76646566 -8.74999619 -4.78336716 -8.56187057]]
0
[[-13.76497555 -16.48478127  -0.89015102  -8.50807476]]
2
[[-4.76646566 -8.74999619 -4.78336716 -8.56187057]]
0
[[-13.76497555 -16.48478127  -0.89015102  -8.50807476]]
2
[[-4.76646566 -8.74999619 -4.78336716 -8.56187057]]
0
[[-13.76497555 -16.48478127  -0.89015102  -8.50807476]]
2
[[-4.76646566 -8.74999619 -4.78336716 -8.56187057]]
0
[[-13.76497555 -16.48478127  -0.89015102  -8.50807476]]
2
[[-4.76646566 -8.74999619 -4.78336716 -8.56187057]]
0
[[-13.76497555 -16.48478127  -0.89015102  -8.50807476]]
2
[[-4.76646566 -8.74999619 -4.78336716 -8.56187057]]
0
[[-13.76497555 -16.48478127  -0.89015102  -8.50807476]]
2
[[-4.76646566 -8.74999619 -4.78336716 -8.56187057]]
0
[[-13.76497555 -16.48478127  -0.89015102  -8.50807476]]
2
[[-4.76646566 -8.74999619 -4.78336716 -8.56187057]]
0
[[-13.76497555 -16.48478127  -0.89015102  -8.50807476]]
2
[[-4.76646566 -8.74999619 -4.78336716 -8.56187057]]
0
[[-13.76497555 -16.48478127  -0.89015102  -8.50807476]]
2
[[-4.76646566 -8.74999619 -4.78336716 -8.56187057]]
0
[[-13.76497555 -16.48478127  -0.89015102  -8.50807476]]
2
[[-4.76646566 -8.74999619 -4.78336716 -8.56187057]]
0
[[-13.76497555 -16.48478127  -0.89015102  -8.50807476]]
2
[[-4.76646566 -8.74999619 -4.78336716 -8.56187057]]
0
[[-13.76497555 -16.48478127  -0.89015102  -8.50807476]]
2
[[-4.76646566 -8.74999619 -4.78336716 -8.56187057]]
0
[[-13.76497555 -16.48478127  -0.89015102  -8.50807476]]
2
[[-4.76646566 -8.74999619 -4.78336716 -8.56187057]]
0
[[-13.76497555 -16.48478127  -0.89015102  -8.50807476]]
2
[[-4.76646566 -8.74999619 -4.78336716 -8.56187057]]
0
[[-13.76497555 -16.48478127  -0.89015102  -8.50807476]]
2
[[-4.76646566 -8.74999619 -4.78336716 -8.56187057]]
0
FAIL
1/2
