[[ -5.28224897e+00  -7.21347332e-03  -1.34389687e+01  -6.01099157e+00]]
1
[[ -5.60674047   0.25696957 -14.88333321  -5.64132166]]
1
[[ -7.79081106  -6.57522535 -13.67325306  -5.96299124]]
3
[[ -5.60674047   0.25696957 -14.88333321  -5.64132166]]
1
[[ -7.79081106  -6.57522535 -13.67325306  -5.96299124]]
3
[[ -5.60674047   0.25696957 -14.88333321  -5.64132166]]
1
[[ -7.79081106  -6.57522535 -13.67325306  -5.96299124]]
3
[[ -5.60674047   0.25696957 -14.88333321  -5.64132166]]
1
[[ -7.79081106  -6.57522535 -13.67325306  -5.96299124]]
3
[[ -5.60674047   0.25696957 -14.88333321  -5.64132166]]
1
[[ -7.79081106  -6.57522535 -13.67325306  -5.96299124]]
3
[[ -5.60674047   0.25696957 -14.88333321  -5.64132166]]
1
[[ -7.79081106  -6.57522535 -13.67325306  -5.96299124]]
3
[[ -5.60674047   0.25696957 -14.88333321  -5.64132166]]
1
[[ -7.79081106  -6.57522535 -13.67325306  -5.96299124]]
3
[[ -5.60674047   0.25696957 -14.88333321  -5.64132166]]
1
[[ -7.79081106  -6.57522535 -13.67325306  -5.96299124]]
3
[[ -5.60674047   0.25696957 -14.88333321  -5.64132166]]
1
[[ -7.79081106  -6.57522535 -13.67325306  -5.96299124]]
3
[[ -5.60674047   0.25696957 -14.88333321  -5.64132166]]
1
[[ -7.79081106  -6.57522535 -13.67325306  -5.96299124]]
3
[[ -5.60674047   0.25696957 -14.88333321  -5.64132166]]
1
[[ -7.79081106  -6.57522535 -13.67325306  -5.96299124]]
3
[[ -5.60674047   0.25696957 -14.88333321  -5.64132166]]
1
[[ -7.79081106  -6.57522535 -13.67325306  -5.96299124]]
3
[[ -5.60674047   0.25696957 -14.88333321  -5.64132166]]
1
[[ -7.79081106  -6.57522535 -13.67325306  -5.96299124]]
3
[[ -5.60674047   0.25696957 -14.88333321  -5.64132166]]
1
[[ -7.79081106  -6.57522535 -13.67325306  -5.96299124]]
3
[[ -5.60674047   0.25696957 -14.88333321  -5.64132166]]
1
[[ -7.79081106  -6.57522535 -13.67325306  -5.96299124]]
3
[[ -5.60674047   0.25696957 -14.88333321  -5.64132166]]
1
[[ -7.79081106  -6.57522535 -13.67325306  -5.96299124]]
3
[[ -5.60674047   0.25696957 -14.88333321  -5.64132166]]
1
[[ -7.79081106  -6.57522535 -13.67325306  -5.96299124]]
3
[[ -5.60674047   0.25696957 -14.88333321  -5.64132166]]
1
[[ -7.79081106  -6.57522535 -13.67325306  -5.96299124]]
3
[[ -5.60674047   0.25696957 -14.88333321  -5.64132166]]
1
[[ -7.79081106  -6.57522535 -13.67325306  -5.96299124]]
3
[[ -5.60674047   0.25696957 -14.88333321  -5.64132166]]
1
[[ -7.79081106  -6.57522535 -13.67325306  -5.96299124]]
3
[[ -5.60674047   0.25696957 -14.88333321  -5.64132166]]
1
[[ -7.79081106  -6.57522535 -13.67325306  -5.96299124]]
3
[[ -5.60674047   0.25696957 -14.88333321  -5.64132166]]
1
[[ -7.79081106  -6.57522535 -13.67325306  -5.96299124]]
3
[[ -5.60674047   0.25696957 -14.88333321  -5.64132166]]
1
[[ -7.79081106  -6.57522535 -13.67325306  -5.96299124]]
3
[[ -5.60674047   0.25696957 -14.88333321  -5.64132166]]
1
[[ -7.79081106  -6.57522535 -13.67325306  -5.96299124]]
3
[[ -5.60674047   0.25696957 -14.88333321  -5.64132166]]
1
[[ -7.79081106  -6.57522535 -13.67325306  -5.96299124]]
3
[[ -5.60674047   0.25696957 -14.88333321  -5.64132166]]
1
[[ -7.79081106  -6.57522535 -13.67325306  -5.96299124]]
3
[[ -5.60674047   0.25696957 -14.88333321  -5.64132166]]
1
[[ -7.79081106  -6.57522535 -13.67325306  -5.96299124]]
3
[[ -5.60674047   0.25696957 -14.88333321  -5.64132166]]
1
[[ -7.79081106  -6.57522535 -13.67325306  -5.96299124]]
3
[[ -5.60674047   0.25696957 -14.88333321  -5.64132166]]
1
[[ -7.79081106  -6.57522535 -13.67325306  -5.96299124]]
3
[[ -5.60674047   0.25696957 -14.88333321  -5.64132166]]
1
[[ -7.79081106  -6.57522535 -13.67325306  -5.96299124]]
3
[[ -5.60674047   0.25696957 -14.88333321  -5.64132166]]
1
[[ -7.79081106  -6.57522535 -13.67325306  -5.96299124]]
3
[[ -5.60674047   0.25696957 -14.88333321  -5.64132166]]
1
[[ -7.79081106  -6.57522535 -13.67325306  -5.96299124]]
3
[[ -5.60674047   0.25696957 -14.88333321  -5.64132166]]
1
[[ -7.79081106  -6.57522535 -13.67325306  -5.96299124]]
3
[[ -5.60674047   0.25696957 -14.88333321  -5.64132166]]
1
[[ -7.79081106  -6.57522535 -13.67325306  -5.96299124]]
3
[[ -5.60674047   0.25696957 -14.88333321  -5.64132166]]
1
[[ -7.79081106  -6.57522535 -13.67325306  -5.96299124]]
3
[[ -5.60674047   0.25696957 -14.88333321  -5.64132166]]
1
[[ -7.79081106  -6.57522535 -13.67325306  -5.96299124]]
3
[[ -5.60674047   0.25696957 -14.88333321  -5.64132166]]
1
[[ -7.79081106  -6.57522535 -13.67325306  -5.96299124]]
3
[[ -5.60674047   0.25696957 -14.88333321  -5.64132166]]
1
[[ -7.79081106  -6.57522535 -13.67325306  -5.96299124]]
3
[[ -5.60674047   0.25696957 -14.88333321  -5.64132166]]
1
[[ -7.79081106  -6.57522535 -13.67325306  -5.96299124]]
3
[[ -5.60674047   0.25696957 -14.88333321  -5.64132166]]
1
[[ -7.79081106  -6.57522535 -13.67325306  -5.96299124]]
3
[[ -5.60674047   0.25696957 -14.88333321  -5.64132166]]
1
[[ -7.79081106  -6.57522535 -13.67325306  -5.96299124]]
3
[[ -5.60674047   0.25696957 -14.88333321  -5.64132166]]
1
[[ -7.79081106  -6.57522535 -13.67325306  -5.96299124]]
3
[[ -5.60674047   0.25696957 -14.88333321  -5.64132166]]
1
[[ -7.79081106  -6.57522535 -13.67325306  -5.96299124]]
3
[[ -5.60674047   0.25696957 -14.88333321  -5.64132166]]
1
[[ -7.79081106  -6.57522535 -13.67325306  -5.96299124]]
3
[[ -5.60674047   0.25696957 -14.88333321  -5.64132166]]
1
[[ -7.79081106  -6.57522535 -13.67325306  -5.96299124]]
3
[[ -5.60674047   0.25696957 -14.88333321  -5.64132166]]
1
[[ -7.79081106  -6.57522535 -13.67325306  -5.96299124]]
3
[[ -5.60674047   0.25696957 -14.88333321  -5.64132166]]
1
[[ -7.79081106  -6.57522535 -13.67325306  -5.96299124]]
3
[[ -5.60674047   0.25696957 -14.88333321  -5.64132166]]
1
[[ -7.79081106  -6.57522535 -13.67325306  -5.96299124]]
3
[[ -5.60674047   0.25696957 -14.88333321  -5.64132166]]
1
[[ -7.79081106  -6.57522535 -13.67325306  -5.96299124]]
3
[[ -5.60674047   0.25696957 -14.88333321  -5.64132166]]
1
[[ -7.79081106  -6.57522535 -13.67325306  -5.96299124]]
3
FAIL
0/8
