[[ 18339620.  13079281.  17840216.  13087742.]]
0
[[ 18096106.  13567584.  17814072.  13598058.]]
0
[[ 18113176.  12941194.  18316020.  13232265.]]
2
[[ 18096106.  13567584.  17814072.  13598058.]]
0
[[ 18113176.  12941194.  18316020.  13232265.]]
2
[[ 18096106.  13567584.  17814072.  13598058.]]
0
[[ 18113176.  12941194.  18316020.  13232265.]]
2
[[ 18096106.  13567584.  17814072.  13598058.]]
0
[[ 18113176.  12941194.  18316020.  13232265.]]
2
[[ 18096106.  13567584.  17814072.  13598058.]]
0
[[ 18113176.  12941194.  18316020.  13232265.]]
2
[[ 18096106.  13567584.  17814072.  13598058.]]
0
[[ 18113176.  12941194.  18316020.  13232265.]]
2
[[ 18096106.  13567584.  17814072.  13598058.]]
0
[[ 18113176.  12941194.  18316020.  13232265.]]
2
[[ 18096106.  13567584.  17814072.  13598058.]]
0
[[ 18113176.  12941194.  18316020.  13232265.]]
2
[[ 18096106.  13567584.  17814072.  13598058.]]
0
[[ 18113176.  12941194.  18316020.  13232265.]]
2
[[ 18096106.  13567584.  17814072.  13598058.]]
0
[[ 18113176.  12941194.  18316020.  13232265.]]
2
[[ 18096106.  13567584.  17814072.  13598058.]]
0
[[ 18113176.  12941194.  18316020.  13232265.]]
2
[[ 18096106.  13567584.  17814072.  13598058.]]
0
[[ 18113176.  12941194.  18316020.  13232265.]]
2
[[ 18096106.  13567584.  17814072.  13598058.]]
0
[[ 18113176.  12941194.  18316020.  13232265.]]
2
[[ 18096106.  13567584.  17814072.  13598058.]]
0
[[ 18113176.  12941194.  18316020.  13232265.]]
2
[[ 18096106.  13567584.  17814072.  13598058.]]
0
[[ 18113176.  12941194.  18316020.  13232265.]]
2
[[ 18096106.  13567584.  17814072.  13598058.]]
0
[[ 18113176.  12941194.  18316020.  13232265.]]
2
[[ 18096106.  13567584.  17814072.  13598058.]]
0
[[ 18113176.  12941194.  18316020.  13232265.]]
2
[[ 18096106.  13567584.  17814072.  13598058.]]
0
[[ 18113176.  12941194.  18316020.  13232265.]]
2
[[ 18096106.  13567584.  17814072.  13598058.]]
0
[[ 18113176.  12941194.  18316020.  13232265.]]
2
[[ 18096106.  13567584.  17814072.  13598058.]]
0
[[ 18113176.  12941194.  18316020.  13232265.]]
2
[[ 18096106.  13567584.  17814072.  13598058.]]
0
[[ 18113176.  12941194.  18316020.  13232265.]]
2
[[ 18096106.  13567584.  17814072.  13598058.]]
0
[[ 18113176.  12941194.  18316020.  13232265.]]
2
[[ 18096106.  13567584.  17814072.  13598058.]]
0
[[ 18113176.  12941194.  18316020.  13232265.]]
2
[[ 18096106.  13567584.  17814072.  13598058.]]
0
[[ 18113176.  12941194.  18316020.  13232265.]]
2
[[ 18096106.  13567584.  17814072.  13598058.]]
0
[[ 18113176.  12941194.  18316020.  13232265.]]
2
[[ 18096106.  13567584.  17814072.  13598058.]]
0
[[ 18113176.  12941194.  18316020.  13232265.]]
2
[[ 18096106.  13567584.  17814072.  13598058.]]
0
[[ 18113176.  12941194.  18316020.  13232265.]]
2
[[ 18096106.  13567584.  17814072.  13598058.]]
0
[[ 18113176.  12941194.  18316020.  13232265.]]
2
[[ 18096106.  13567584.  17814072.  13598058.]]
0
[[ 18113176.  12941194.  18316020.  13232265.]]
2
[[ 18096106.  13567584.  17814072.  13598058.]]
0
[[ 18113176.  12941194.  18316020.  13232265.]]
2
[[ 18096106.  13567584.  17814072.  13598058.]]
0
[[ 18113176.  12941194.  18316020.  13232265.]]
2
[[ 18096106.  13567584.  17814072.  13598058.]]
0
[[ 18113176.  12941194.  18316020.  13232265.]]
2
[[ 18096106.  13567584.  17814072.  13598058.]]
0
[[ 18113176.  12941194.  18316020.  13232265.]]
2
[[ 18096106.  13567584.  17814072.  13598058.]]
0
[[ 18113176.  12941194.  18316020.  13232265.]]
2
[[ 18096106.  13567584.  17814072.  13598058.]]
0
[[ 18113176.  12941194.  18316020.  13232265.]]
2
[[ 18096106.  13567584.  17814072.  13598058.]]
0
[[ 18113176.  12941194.  18316020.  13232265.]]
2
[[ 18096106.  13567584.  17814072.  13598058.]]
0
[[ 18113176.  12941194.  18316020.  13232265.]]
2
[[ 18096106.  13567584.  17814072.  13598058.]]
0
[[ 18113176.  12941194.  18316020.  13232265.]]
2
[[ 18096106.  13567584.  17814072.  13598058.]]
0
[[ 18113176.  12941194.  18316020.  13232265.]]
2
[[ 18096106.  13567584.  17814072.  13598058.]]
0
[[ 18113176.  12941194.  18316020.  13232265.]]
2
[[ 18096106.  13567584.  17814072.  13598058.]]
0
[[ 18113176.  12941194.  18316020.  13232265.]]
2
[[ 18096106.  13567584.  17814072.  13598058.]]
0
[[ 18113176.  12941194.  18316020.  13232265.]]
2
[[ 18096106.  13567584.  17814072.  13598058.]]
0
[[ 18113176.  12941194.  18316020.  13232265.]]
2
[[ 18096106.  13567584.  17814072.  13598058.]]
0
[[ 18113176.  12941194.  18316020.  13232265.]]
2
[[ 18096106.  13567584.  17814072.  13598058.]]
0
[[ 18113176.  12941194.  18316020.  13232265.]]
2
[[ 18096106.  13567584.  17814072.  13598058.]]
0
[[ 18113176.  12941194.  18316020.  13232265.]]
2
[[ 18096106.  13567584.  17814072.  13598058.]]
0
[[ 18113176.  12941194.  18316020.  13232265.]]
2
[[ 18096106.  13567584.  17814072.  13598058.]]
0
[[ 18113176.  12941194.  18316020.  13232265.]]
2
[[ 18096106.  13567584.  17814072.  13598058.]]
0
[[ 18113176.  12941194.  18316020.  13232265.]]
2
[[ 18096106.  13567584.  17814072.  13598058.]]
0
[[ 18113176.  12941194.  18316020.  13232265.]]
2
FAIL
2/5
