[[ 18846376.  30984692.  30121166.  31792216.]]
3
[[ 25243876.  35858364.  34401592.  35479612.]]
1
[[ 18846376.  30984692.  30121166.  31792216.]]
3
[[ 25243876.  35858364.  34401592.  35479612.]]
1
[[ 18846376.  30984692.  30121166.  31792216.]]
3
[[ 25243876.  35858364.  34401592.  35479612.]]
1
[[ 18846376.  30984692.  30121166.  31792216.]]
3
[[ 25243876.  35858364.  34401592.  35479612.]]
1
[[ 18846376.  30984692.  30121166.  31792216.]]
3
[[ 25243876.  35858364.  34401592.  35479612.]]
1
[[ 18846376.  30984692.  30121166.  31792216.]]
3
[[ 25243876.  35858364.  34401592.  35479612.]]
1
[[ 18846376.  30984692.  30121166.  31792216.]]
3
[[ 25243876.  35858364.  34401592.  35479612.]]
1
[[ 18846376.  30984692.  30121166.  31792216.]]
3
[[ 25243876.  35858364.  34401592.  35479612.]]
1
[[ 18846376.  30984692.  30121166.  31792216.]]
3
[[ 25243876.  35858364.  34401592.  35479612.]]
1
[[ 18846376.  30984692.  30121166.  31792216.]]
3
[[ 25243876.  35858364.  34401592.  35479612.]]
1
[[ 18846376.  30984692.  30121166.  31792216.]]
3
[[ 25243876.  35858364.  34401592.  35479612.]]
1
[[ 18846376.  30984692.  30121166.  31792216.]]
3
[[ 25243876.  35858364.  34401592.  35479612.]]
1
[[ 18846376.  30984692.  30121166.  31792216.]]
3
[[ 25243876.  35858364.  34401592.  35479612.]]
1
[[ 18846376.  30984692.  30121166.  31792216.]]
3
[[ 25243876.  35858364.  34401592.  35479612.]]
1
[[ 18846376.  30984692.  30121166.  31792216.]]
3
[[ 25243876.  35858364.  34401592.  35479612.]]
1
[[ 18846376.  30984692.  30121166.  31792216.]]
3
[[ 25243876.  35858364.  34401592.  35479612.]]
1
[[ 18846376.  30984692.  30121166.  31792216.]]
3
[[ 25243876.  35858364.  34401592.  35479612.]]
1
[[ 18846376.  30984692.  30121166.  31792216.]]
3
[[ 25243876.  35858364.  34401592.  35479612.]]
1
[[ 18846376.  30984692.  30121166.  31792216.]]
3
[[ 25243876.  35858364.  34401592.  35479612.]]
1
[[ 18846376.  30984692.  30121166.  31792216.]]
3
[[ 25243876.  35858364.  34401592.  35479612.]]
1
[[ 18846376.  30984692.  30121166.  31792216.]]
3
[[ 25243876.  35858364.  34401592.  35479612.]]
1
[[ 18846376.  30984692.  30121166.  31792216.]]
3
[[ 25243876.  35858364.  34401592.  35479612.]]
1
[[ 18846376.  30984692.  30121166.  31792216.]]
3
[[ 25243876.  35858364.  34401592.  35479612.]]
1
[[ 18846376.  30984692.  30121166.  31792216.]]
3
[[ 25243876.  35858364.  34401592.  35479612.]]
1
[[ 18846376.  30984692.  30121166.  31792216.]]
3
[[ 25243876.  35858364.  34401592.  35479612.]]
1
[[ 18846376.  30984692.  30121166.  31792216.]]
3
[[ 25243876.  35858364.  34401592.  35479612.]]
1
[[ 18846376.  30984692.  30121166.  31792216.]]
3
[[ 25243876.  35858364.  34401592.  35479612.]]
1
[[ 18846376.  30984692.  30121166.  31792216.]]
3
[[ 25243876.  35858364.  34401592.  35479612.]]
1
[[ 18846376.  30984692.  30121166.  31792216.]]
3
[[ 25243876.  35858364.  34401592.  35479612.]]
1
[[ 18846376.  30984692.  30121166.  31792216.]]
3
[[ 25243876.  35858364.  34401592.  35479612.]]
1
[[ 18846376.  30984692.  30121166.  31792216.]]
3
[[ 25243876.  35858364.  34401592.  35479612.]]
1
[[ 18846376.  30984692.  30121166.  31792216.]]
3
[[ 25243876.  35858364.  34401592.  35479612.]]
1
[[ 18846376.  30984692.  30121166.  31792216.]]
3
[[ 25243876.  35858364.  34401592.  35479612.]]
1
[[ 18846376.  30984692.  30121166.  31792216.]]
3
[[ 25243876.  35858364.  34401592.  35479612.]]
1
[[ 18846376.  30984692.  30121166.  31792216.]]
3
[[ 25243876.  35858364.  34401592.  35479612.]]
1
[[ 18846376.  30984692.  30121166.  31792216.]]
3
[[ 25243876.  35858364.  34401592.  35479612.]]
1
[[ 18846376.  30984692.  30121166.  31792216.]]
3
[[ 25243876.  35858364.  34401592.  35479612.]]
1
[[ 18846376.  30984692.  30121166.  31792216.]]
3
[[ 25243876.  35858364.  34401592.  35479612.]]
1
[[ 18846376.  30984692.  30121166.  31792216.]]
3
[[ 25243876.  35858364.  34401592.  35479612.]]
1
[[ 18846376.  30984692.  30121166.  31792216.]]
3
[[ 25243876.  35858364.  34401592.  35479612.]]
1
[[ 18846376.  30984692.  30121166.  31792216.]]
3
[[ 25243876.  35858364.  34401592.  35479612.]]
1
[[ 18846376.  30984692.  30121166.  31792216.]]
3
[[ 25243876.  35858364.  34401592.  35479612.]]
1
[[ 18846376.  30984692.  30121166.  31792216.]]
3
[[ 25243876.  35858364.  34401592.  35479612.]]
1
[[ 18846376.  30984692.  30121166.  31792216.]]
3
[[ 25243876.  35858364.  34401592.  35479612.]]
1
[[ 18846376.  30984692.  30121166.  31792216.]]
3
[[ 25243876.  35858364.  34401592.  35479612.]]
1
[[ 18846376.  30984692.  30121166.  31792216.]]
3
[[ 25243876.  35858364.  34401592.  35479612.]]
1
[[ 18846376.  30984692.  30121166.  31792216.]]
3
[[ 25243876.  35858364.  34401592.  35479612.]]
1
[[ 18846376.  30984692.  30121166.  31792216.]]
3
[[ 25243876.  35858364.  34401592.  35479612.]]
1
[[ 18846376.  30984692.  30121166.  31792216.]]
3
[[ 25243876.  35858364.  34401592.  35479612.]]
1
[[ 18846376.  30984692.  30121166.  31792216.]]
3
[[ 25243876.  35858364.  34401592.  35479612.]]
1
[[ 18846376.  30984692.  30121166.  31792216.]]
3
FAIL
0/4
