[[-3.00346923 -3.00351167 -3.94657183 -6.78625298]]
0
[[-4.76000881 -4.88188696 -3.93002033 -6.02898693]]
2
[[-3.00346923 -3.00351167 -3.94657183 -6.78625298]]
0
[[-4.76000881 -4.88188696 -3.93002033 -6.02898693]]
2
[[-3.00346923 -3.00351167 -3.94657183 -6.78625298]]
0
[[-4.76000881 -4.88188696 -3.93002033 -6.02898693]]
2
[[-3.00346923 -3.00351167 -3.94657183 -6.78625298]]
0
[[-4.76000881 -4.88188696 -3.93002033 -6.02898693]]
2
[[-3.00346923 -3.00351167 -3.94657183 -6.78625298]]
0
[[-4.76000881 -4.88188696 -3.93002033 -6.02898693]]
2
[[-3.00346923 -3.00351167 -3.94657183 -6.78625298]]
0
[[-4.76000881 -4.88188696 -3.93002033 -6.02898693]]
2
[[-3.00346923 -3.00351167 -3.94657183 -6.78625298]]
0
[[-4.76000881 -4.88188696 -3.93002033 -6.02898693]]
2
[[-3.00346923 -3.00351167 -3.94657183 -6.78625298]]
0
[[-4.76000881 -4.88188696 -3.93002033 -6.02898693]]
2
[[-3.00346923 -3.00351167 -3.94657183 -6.78625298]]
0
[[-4.76000881 -4.88188696 -3.93002033 -6.02898693]]
2
[[-3.00346923 -3.00351167 -3.94657183 -6.78625298]]
0
[[-4.76000881 -4.88188696 -3.93002033 -6.02898693]]
2
[[-3.00346923 -3.00351167 -3.94657183 -6.78625298]]
0
[[-4.76000881 -4.88188696 -3.93002033 -6.02898693]]
2
[[-3.00346923 -3.00351167 -3.94657183 -6.78625298]]
0
[[-4.76000881 -4.88188696 -3.93002033 -6.02898693]]
2
[[-3.00346923 -3.00351167 -3.94657183 -6.78625298]]
0
[[-4.76000881 -4.88188696 -3.93002033 -6.02898693]]
2
[[-3.00346923 -3.00351167 -3.94657183 -6.78625298]]
0
[[-4.76000881 -4.88188696 -3.93002033 -6.02898693]]
2
[[-3.00346923 -3.00351167 -3.94657183 -6.78625298]]
0
[[-4.76000881 -4.88188696 -3.93002033 -6.02898693]]
2
[[-3.00346923 -3.00351167 -3.94657183 -6.78625298]]
0
[[-4.76000881 -4.88188696 -3.93002033 -6.02898693]]
2
[[-3.00346923 -3.00351167 -3.94657183 -6.78625298]]
0
[[-4.76000881 -4.88188696 -3.93002033 -6.02898693]]
2
[[-3.00346923 -3.00351167 -3.94657183 -6.78625298]]
0
[[-4.76000881 -4.88188696 -3.93002033 -6.02898693]]
2
[[-3.00346923 -3.00351167 -3.94657183 -6.78625298]]
0
[[-4.76000881 -4.88188696 -3.93002033 -6.02898693]]
2
[[-3.00346923 -3.00351167 -3.94657183 -6.78625298]]
0
[[-4.76000881 -4.88188696 -3.93002033 -6.02898693]]
2
[[-3.00346923 -3.00351167 -3.94657183 -6.78625298]]
0
[[-4.76000881 -4.88188696 -3.93002033 -6.02898693]]
2
[[-3.00346923 -3.00351167 -3.94657183 -6.78625298]]
0
[[-4.76000881 -4.88188696 -3.93002033 -6.02898693]]
2
[[-3.00346923 -3.00351167 -3.94657183 -6.78625298]]
0
[[-4.76000881 -4.88188696 -3.93002033 -6.02898693]]
2
[[-3.00346923 -3.00351167 -3.94657183 -6.78625298]]
0
[[-4.76000881 -4.88188696 -3.93002033 -6.02898693]]
2
[[-3.00346923 -3.00351167 -3.94657183 -6.78625298]]
0
[[-4.76000881 -4.88188696 -3.93002033 -6.02898693]]
2
[[-3.00346923 -3.00351167 -3.94657183 -6.78625298]]
0
[[-4.76000881 -4.88188696 -3.93002033 -6.02898693]]
2
[[-3.00346923 -3.00351167 -3.94657183 -6.78625298]]
0
[[-4.76000881 -4.88188696 -3.93002033 -6.02898693]]
2
[[-3.00346923 -3.00351167 -3.94657183 -6.78625298]]
0
[[-4.76000881 -4.88188696 -3.93002033 -6.02898693]]
2
[[-3.00346923 -3.00351167 -3.94657183 -6.78625298]]
0
[[-4.76000881 -4.88188696 -3.93002033 -6.02898693]]
2
[[-3.00346923 -3.00351167 -3.94657183 -6.78625298]]
0
[[-4.76000881 -4.88188696 -3.93002033 -6.02898693]]
2
[[-3.00346923 -3.00351167 -3.94657183 -6.78625298]]
0
[[-4.76000881 -4.88188696 -3.93002033 -6.02898693]]
2
[[-3.00346923 -3.00351167 -3.94657183 -6.78625298]]
0
[[-4.76000881 -4.88188696 -3.93002033 -6.02898693]]
2
[[-3.00346923 -3.00351167 -3.94657183 -6.78625298]]
0
[[-4.76000881 -4.88188696 -3.93002033 -6.02898693]]
2
[[-3.00346923 -3.00351167 -3.94657183 -6.78625298]]
0
[[-4.76000881 -4.88188696 -3.93002033 -6.02898693]]
2
[[-3.00346923 -3.00351167 -3.94657183 -6.78625298]]
0
[[-4.76000881 -4.88188696 -3.93002033 -6.02898693]]
2
[[-3.00346923 -3.00351167 -3.94657183 -6.78625298]]
0
[[-4.76000881 -4.88188696 -3.93002033 -6.02898693]]
2
[[-3.00346923 -3.00351167 -3.94657183 -6.78625298]]
0
[[-4.76000881 -4.88188696 -3.93002033 -6.02898693]]
2
[[-3.00346923 -3.00351167 -3.94657183 -6.78625298]]
0
[[-4.76000881 -4.88188696 -3.93002033 -6.02898693]]
2
[[-3.00346923 -3.00351167 -3.94657183 -6.78625298]]
0
[[-4.76000881 -4.88188696 -3.93002033 -6.02898693]]
2
[[-3.00346923 -3.00351167 -3.94657183 -6.78625298]]
0
[[-4.76000881 -4.88188696 -3.93002033 -6.02898693]]
2
[[-3.00346923 -3.00351167 -3.94657183 -6.78625298]]
0
[[-4.76000881 -4.88188696 -3.93002033 -6.02898693]]
2
[[-3.00346923 -3.00351167 -3.94657183 -6.78625298]]
0
[[-4.76000881 -4.88188696 -3.93002033 -6.02898693]]
2
[[-3.00346923 -3.00351167 -3.94657183 -6.78625298]]
0
[[-4.76000881 -4.88188696 -3.93002033 -6.02898693]]
2
[[-3.00346923 -3.00351167 -3.94657183 -6.78625298]]
0
[[-4.76000881 -4.88188696 -3.93002033 -6.02898693]]
2
[[-3.00346923 -3.00351167 -3.94657183 -6.78625298]]
0
[[-4.76000881 -4.88188696 -3.93002033 -6.02898693]]
2
[[-3.00346923 -3.00351167 -3.94657183 -6.78625298]]
0
[[-4.76000881 -4.88188696 -3.93002033 -6.02898693]]
2
[[-3.00346923 -3.00351167 -3.94657183 -6.78625298]]
0
[[-4.76000881 -4.88188696 -3.93002033 -6.02898693]]
2
[[-3.00346923 -3.00351167 -3.94657183 -6.78625298]]
0
[[-4.76000881 -4.88188696 -3.93002033 -6.02898693]]
2
[[-3.00346923 -3.00351167 -3.94657183 -6.78625298]]
0
[[-4.76000881 -4.88188696 -3.93002033 -6.02898693]]
2
[[-3.00346923 -3.00351167 -3.94657183 -6.78625298]]
0
[[-4.76000881 -4.88188696 -3.93002033 -6.02898693]]
2
[[-3.00346923 -3.00351167 -3.94657183 -6.78625298]]
0
FAIL
1/2
