[[ -5.27003145  -0.08829553 -13.25530529  -6.02162743]]
1
[[ -5.60663462   0.16842121 -14.6977911   -5.64715099]]
1
[[ -7.77617121  -6.64864111 -13.47711086  -5.96195602]]
3
[[ -5.60663462   0.16842121 -14.6977911   -5.64715099]]
1
[[ -7.77617121  -6.64864111 -13.47711086  -5.96195602]]
3
[[ -5.60663462   0.16842121 -14.6977911   -5.64715099]]
1
[[ -7.77617121  -6.64864111 -13.47711086  -5.96195602]]
3
[[ -5.60663462   0.16842121 -14.6977911   -5.64715099]]
1
[[ -7.77617121  -6.64864111 -13.47711086  -5.96195602]]
3
[[ -5.60663462   0.16842121 -14.6977911   -5.64715099]]
1
[[ -7.77617121  -6.64864111 -13.47711086  -5.96195602]]
3
[[ -5.60663462   0.16842121 -14.6977911   -5.64715099]]
1
[[ -7.77617121  -6.64864111 -13.47711086  -5.96195602]]
3
[[ -5.60663462   0.16842121 -14.6977911   -5.64715099]]
1
[[ -7.77617121  -6.64864111 -13.47711086  -5.96195602]]
3
[[ -5.60663462   0.16842121 -14.6977911   -5.64715099]]
1
[[ -7.77617121  -6.64864111 -13.47711086  -5.96195602]]
3
[[ -5.60663462   0.16842121 -14.6977911   -5.64715099]]
1
[[ -7.77617121  -6.64864111 -13.47711086  -5.96195602]]
3
[[ -5.60663462   0.16842121 -14.6977911   -5.64715099]]
1
[[ -7.77617121  -6.64864111 -13.47711086  -5.96195602]]
3
[[ -5.60663462   0.16842121 -14.6977911   -5.64715099]]
1
[[ -7.77617121  -6.64864111 -13.47711086  -5.96195602]]
3
[[ -5.60663462   0.16842121 -14.6977911   -5.64715099]]
1
[[ -7.77617121  -6.64864111 -13.47711086  -5.96195602]]
3
[[ -5.60663462   0.16842121 -14.6977911   -5.64715099]]
1
[[ -7.77617121  -6.64864111 -13.47711086  -5.96195602]]
3
[[ -5.60663462   0.16842121 -14.6977911   -5.64715099]]
1
[[ -7.77617121  -6.64864111 -13.47711086  -5.96195602]]
3
[[ -5.60663462   0.16842121 -14.6977911   -5.64715099]]
1
[[ -7.77617121  -6.64864111 -13.47711086  -5.96195602]]
3
[[ -5.60663462   0.16842121 -14.6977911   -5.64715099]]
1
[[ -7.77617121  -6.64864111 -13.47711086  -5.96195602]]
3
[[ -5.60663462   0.16842121 -14.6977911   -5.64715099]]
1
[[ -7.77617121  -6.64864111 -13.47711086  -5.96195602]]
3
[[ -5.60663462   0.16842121 -14.6977911   -5.64715099]]
1
[[ -7.77617121  -6.64864111 -13.47711086  -5.96195602]]
3
[[ -5.60663462   0.16842121 -14.6977911   -5.64715099]]
1
[[ -7.77617121  -6.64864111 -13.47711086  -5.96195602]]
3
[[ -5.60663462   0.16842121 -14.6977911   -5.64715099]]
1
[[ -7.77617121  -6.64864111 -13.47711086  -5.96195602]]
3
[[ -5.60663462   0.16842121 -14.6977911   -5.64715099]]
1
[[ -7.77617121  -6.64864111 -13.47711086  -5.96195602]]
3
[[ -5.60663462   0.16842121 -14.6977911   -5.64715099]]
1
[[ -7.77617121  -6.64864111 -13.47711086  -5.96195602]]
3
[[ -5.60663462   0.16842121 -14.6977911   -5.64715099]]
1
[[ -7.77617121  -6.64864111 -13.47711086  -5.96195602]]
3
[[ -5.60663462   0.16842121 -14.6977911   -5.64715099]]
1
[[ -7.77617121  -6.64864111 -13.47711086  -5.96195602]]
3
[[ -5.60663462   0.16842121 -14.6977911   -5.64715099]]
1
[[ -7.77617121  -6.64864111 -13.47711086  -5.96195602]]
3
[[ -5.60663462   0.16842121 -14.6977911   -5.64715099]]
1
[[ -7.77617121  -6.64864111 -13.47711086  -5.96195602]]
3
[[ -5.60663462   0.16842121 -14.6977911   -5.64715099]]
1
[[ -7.77617121  -6.64864111 -13.47711086  -5.96195602]]
3
[[ -5.60663462   0.16842121 -14.6977911   -5.64715099]]
1
[[ -7.77617121  -6.64864111 -13.47711086  -5.96195602]]
3
[[ -5.60663462   0.16842121 -14.6977911   -5.64715099]]
1
[[ -7.77617121  -6.64864111 -13.47711086  -5.96195602]]
3
[[ -5.60663462   0.16842121 -14.6977911   -5.64715099]]
1
[[ -7.77617121  -6.64864111 -13.47711086  -5.96195602]]
3
[[ -5.60663462   0.16842121 -14.6977911   -5.64715099]]
1
[[ -7.77617121  -6.64864111 -13.47711086  -5.96195602]]
3
[[ -5.60663462   0.16842121 -14.6977911   -5.64715099]]
1
[[ -7.77617121  -6.64864111 -13.47711086  -5.96195602]]
3
[[ -5.60663462   0.16842121 -14.6977911   -5.64715099]]
1
[[ -7.77617121  -6.64864111 -13.47711086  -5.96195602]]
3
[[ -5.60663462   0.16842121 -14.6977911   -5.64715099]]
1
[[ -7.77617121  -6.64864111 -13.47711086  -5.96195602]]
3
[[ -5.60663462   0.16842121 -14.6977911   -5.64715099]]
1
[[ -7.77617121  -6.64864111 -13.47711086  -5.96195602]]
3
[[ -5.60663462   0.16842121 -14.6977911   -5.64715099]]
1
[[ -7.77617121  -6.64864111 -13.47711086  -5.96195602]]
3
[[ -5.60663462   0.16842121 -14.6977911   -5.64715099]]
1
[[ -7.77617121  -6.64864111 -13.47711086  -5.96195602]]
3
[[ -5.60663462   0.16842121 -14.6977911   -5.64715099]]
1
[[ -7.77617121  -6.64864111 -13.47711086  -5.96195602]]
3
[[ -5.60663462   0.16842121 -14.6977911   -5.64715099]]
1
[[ -7.77617121  -6.64864111 -13.47711086  -5.96195602]]
3
[[ -5.60663462   0.16842121 -14.6977911   -5.64715099]]
1
[[ -7.77617121  -6.64864111 -13.47711086  -5.96195602]]
3
[[ -5.60663462   0.16842121 -14.6977911   -5.64715099]]
1
[[ -7.77617121  -6.64864111 -13.47711086  -5.96195602]]
3
[[ -5.60663462   0.16842121 -14.6977911   -5.64715099]]
1
[[ -7.77617121  -6.64864111 -13.47711086  -5.96195602]]
3
[[ -5.60663462   0.16842121 -14.6977911   -5.64715099]]
1
[[ -7.77617121  -6.64864111 -13.47711086  -5.96195602]]
3
[[ -5.60663462   0.16842121 -14.6977911   -5.64715099]]
1
[[ -7.77617121  -6.64864111 -13.47711086  -5.96195602]]
3
[[ -5.60663462   0.16842121 -14.6977911   -5.64715099]]
1
[[ -7.77617121  -6.64864111 -13.47711086  -5.96195602]]
3
[[ -5.60663462   0.16842121 -14.6977911   -5.64715099]]
1
[[ -7.77617121  -6.64864111 -13.47711086  -5.96195602]]
3
[[ -5.60663462   0.16842121 -14.6977911   -5.64715099]]
1
[[ -7.77617121  -6.64864111 -13.47711086  -5.96195602]]
3
[[ -5.60663462   0.16842121 -14.6977911   -5.64715099]]
1
[[ -7.77617121  -6.64864111 -13.47711086  -5.96195602]]
3
[[ -5.60663462   0.16842121 -14.6977911   -5.64715099]]
1
[[ -7.77617121  -6.64864111 -13.47711086  -5.96195602]]
3
[[ -5.60663462   0.16842121 -14.6977911   -5.64715099]]
1
[[ -7.77617121  -6.64864111 -13.47711086  -5.96195602]]
3
FAIL
0/8
