[[-4.89354992 -5.69469213 -3.847754   -8.35383129]]
2
[[-2.6627667  -6.99700022 -2.97042537 -8.77113628]]
0
[[-4.89354992 -5.69469213 -3.847754   -8.35383129]]
2
[[-2.6627667  -6.99700022 -2.97042537 -8.77113628]]
0
[[-4.89354992 -5.69469213 -3.847754   -8.35383129]]
2
[[-2.6627667  -6.99700022 -2.97042537 -8.77113628]]
0
[[-4.89354992 -5.69469213 -3.847754   -8.35383129]]
2
[[-2.6627667  -6.99700022 -2.97042537 -8.77113628]]
0
[[-4.89354992 -5.69469213 -3.847754   -8.35383129]]
2
[[-2.6627667  -6.99700022 -2.97042537 -8.77113628]]
0
[[-4.89354992 -5.69469213 -3.847754   -8.35383129]]
2
[[-2.6627667  -6.99700022 -2.97042537 -8.77113628]]
0
[[-4.89354992 -5.69469213 -3.847754   -8.35383129]]
2
[[-2.6627667  -6.99700022 -2.97042537 -8.77113628]]
0
[[-4.89354992 -5.69469213 -3.847754   -8.35383129]]
2
[[-2.6627667  -6.99700022 -2.97042537 -8.77113628]]
0
[[-4.89354992 -5.69469213 -3.847754   -8.35383129]]
2
[[-2.6627667  -6.99700022 -2.97042537 -8.77113628]]
0
[[-4.89354992 -5.69469213 -3.847754   -8.35383129]]
2
[[-2.6627667  -6.99700022 -2.97042537 -8.77113628]]
0
[[-4.89354992 -5.69469213 -3.847754   -8.35383129]]
2
[[-2.6627667  -6.99700022 -2.97042537 -8.77113628]]
0
[[-4.89354992 -5.69469213 -3.847754   -8.35383129]]
2
[[-2.6627667  -6.99700022 -2.97042537 -8.77113628]]
0
[[-4.89354992 -5.69469213 -3.847754   -8.35383129]]
2
[[-2.6627667  -6.99700022 -2.97042537 -8.77113628]]
0
[[-4.89354992 -5.69469213 -3.847754   -8.35383129]]
2
[[-2.6627667  -6.99700022 -2.97042537 -8.77113628]]
0
[[-4.89354992 -5.69469213 -3.847754   -8.35383129]]
2
[[-2.6627667  -6.99700022 -2.97042537 -8.77113628]]
0
[[-4.89354992 -5.69469213 -3.847754   -8.35383129]]
2
[[-2.6627667  -6.99700022 -2.97042537 -8.77113628]]
0
[[-4.89354992 -5.69469213 -3.847754   -8.35383129]]
2
[[-2.6627667  -6.99700022 -2.97042537 -8.77113628]]
0
[[-4.89354992 -5.69469213 -3.847754   -8.35383129]]
2
[[-2.6627667  -6.99700022 -2.97042537 -8.77113628]]
0
[[-4.89354992 -5.69469213 -3.847754   -8.35383129]]
2
[[-2.6627667  -6.99700022 -2.97042537 -8.77113628]]
0
[[-4.89354992 -5.69469213 -3.847754   -8.35383129]]
2
[[-2.6627667  -6.99700022 -2.97042537 -8.77113628]]
0
[[-4.89354992 -5.69469213 -3.847754   -8.35383129]]
2
[[-2.6627667  -6.99700022 -2.97042537 -8.77113628]]
0
[[-4.89354992 -5.69469213 -3.847754   -8.35383129]]
2
[[-2.6627667  -6.99700022 -2.97042537 -8.77113628]]
0
[[-4.89354992 -5.69469213 -3.847754   -8.35383129]]
2
[[-2.6627667  -6.99700022 -2.97042537 -8.77113628]]
0
[[-4.89354992 -5.69469213 -3.847754   -8.35383129]]
2
[[-2.6627667  -6.99700022 -2.97042537 -8.77113628]]
0
[[-4.89354992 -5.69469213 -3.847754   -8.35383129]]
2
[[-2.6627667  -6.99700022 -2.97042537 -8.77113628]]
0
[[-4.89354992 -5.69469213 -3.847754   -8.35383129]]
2
[[-2.6627667  -6.99700022 -2.97042537 -8.77113628]]
0
[[-4.89354992 -5.69469213 -3.847754   -8.35383129]]
2
[[-2.6627667  -6.99700022 -2.97042537 -8.77113628]]
0
[[-4.89354992 -5.69469213 -3.847754   -8.35383129]]
2
[[-2.6627667  -6.99700022 -2.97042537 -8.77113628]]
0
[[-4.89354992 -5.69469213 -3.847754   -8.35383129]]
2
[[-2.6627667  -6.99700022 -2.97042537 -8.77113628]]
0
[[-4.89354992 -5.69469213 -3.847754   -8.35383129]]
2
[[-2.6627667  -6.99700022 -2.97042537 -8.77113628]]
0
[[-4.89354992 -5.69469213 -3.847754   -8.35383129]]
2
[[-2.6627667  -6.99700022 -2.97042537 -8.77113628]]
0
[[-4.89354992 -5.69469213 -3.847754   -8.35383129]]
2
[[-2.6627667  -6.99700022 -2.97042537 -8.77113628]]
0
[[-4.89354992 -5.69469213 -3.847754   -8.35383129]]
2
[[-2.6627667  -6.99700022 -2.97042537 -8.77113628]]
0
[[-4.89354992 -5.69469213 -3.847754   -8.35383129]]
2
[[-2.6627667  -6.99700022 -2.97042537 -8.77113628]]
0
[[-4.89354992 -5.69469213 -3.847754   -8.35383129]]
2
[[-2.6627667  -6.99700022 -2.97042537 -8.77113628]]
0
[[-4.89354992 -5.69469213 -3.847754   -8.35383129]]
2
[[-2.6627667  -6.99700022 -2.97042537 -8.77113628]]
0
[[-4.89354992 -5.69469213 -3.847754   -8.35383129]]
2
[[-2.6627667  -6.99700022 -2.97042537 -8.77113628]]
0
[[-4.89354992 -5.69469213 -3.847754   -8.35383129]]
2
[[-2.6627667  -6.99700022 -2.97042537 -8.77113628]]
0
[[-4.89354992 -5.69469213 -3.847754   -8.35383129]]
2
[[-2.6627667  -6.99700022 -2.97042537 -8.77113628]]
0
[[-4.89354992 -5.69469213 -3.847754   -8.35383129]]
2
[[-2.6627667  -6.99700022 -2.97042537 -8.77113628]]
0
[[-4.89354992 -5.69469213 -3.847754   -8.35383129]]
2
[[-2.6627667  -6.99700022 -2.97042537 -8.77113628]]
0
[[-4.89354992 -5.69469213 -3.847754   -8.35383129]]
2
[[-2.6627667  -6.99700022 -2.97042537 -8.77113628]]
0
[[-4.89354992 -5.69469213 -3.847754   -8.35383129]]
2
[[-2.6627667  -6.99700022 -2.97042537 -8.77113628]]
0
[[-4.89354992 -5.69469213 -3.847754   -8.35383129]]
2
[[-2.6627667  -6.99700022 -2.97042537 -8.77113628]]
0
[[-4.89354992 -5.69469213 -3.847754   -8.35383129]]
2
[[-2.6627667  -6.99700022 -2.97042537 -8.77113628]]
0
[[-4.89354992 -5.69469213 -3.847754   -8.35383129]]
2
[[-2.6627667  -6.99700022 -2.97042537 -8.77113628]]
0
[[-4.89354992 -5.69469213 -3.847754   -8.35383129]]
2
[[-2.6627667  -6.99700022 -2.97042537 -8.77113628]]
0
[[-4.89354992 -5.69469213 -3.847754   -8.35383129]]
2
[[-2.6627667  -6.99700022 -2.97042537 -8.77113628]]
0
[[-4.89354992 -5.69469213 -3.847754   -8.35383129]]
2
[[-2.6627667  -6.99700022 -2.97042537 -8.77113628]]
0
[[-4.89354992 -5.69469213 -3.847754   -8.35383129]]
2
[[-2.6627667  -6.99700022 -2.97042537 -8.77113628]]
0
[[-4.89354992 -5.69469213 -3.847754   -8.35383129]]
2
FAIL
0/5
