[[-4.61629915 -8.81370926 -4.76874685 -8.40001392]]
0
[[-13.55226326 -16.51899147  -0.85412526  -8.31798458]]
2
[[-4.61629915 -8.81370926 -4.76874685 -8.40001392]]
0
[[-13.55226326 -16.51899147  -0.85412526  -8.31798458]]
2
[[-4.61629915 -8.81370926 -4.76874685 -8.40001392]]
0
[[-13.55226326 -16.51899147  -0.85412526  -8.31798458]]
2
[[-4.61629915 -8.81370926 -4.76874685 -8.40001392]]
0
[[-13.55226326 -16.51899147  -0.85412526  -8.31798458]]
2
[[-4.61629915 -8.81370926 -4.76874685 -8.40001392]]
0
[[-13.55226326 -16.51899147  -0.85412526  -8.31798458]]
2
[[-4.61629915 -8.81370926 -4.76874685 -8.40001392]]
0
[[-13.55226326 -16.51899147  -0.85412526  -8.31798458]]
2
[[-4.61629915 -8.81370926 -4.76874685 -8.40001392]]
0
[[-13.55226326 -16.51899147  -0.85412526  -8.31798458]]
2
[[-4.61629915 -8.81370926 -4.76874685 -8.40001392]]
0
[[-13.55226326 -16.51899147  -0.85412526  -8.31798458]]
2
[[-4.61629915 -8.81370926 -4.76874685 -8.40001392]]
0
[[-13.55226326 -16.51899147  -0.85412526  -8.31798458]]
2
[[-4.61629915 -8.81370926 -4.76874685 -8.40001392]]
0
[[-13.55226326 -16.51899147  -0.85412526  -8.31798458]]
2
[[-4.61629915 -8.81370926 -4.76874685 -8.40001392]]
0
[[-13.55226326 -16.51899147  -0.85412526  -8.31798458]]
2
[[-4.61629915 -8.81370926 -4.76874685 -8.40001392]]
0
[[-13.55226326 -16.51899147  -0.85412526  -8.31798458]]
2
[[-4.61629915 -8.81370926 -4.76874685 -8.40001392]]
0
[[-13.55226326 -16.51899147  -0.85412526  -8.31798458]]
2
[[-4.61629915 -8.81370926 -4.76874685 -8.40001392]]
0
[[-13.55226326 -16.51899147  -0.85412526  -8.31798458]]
2
[[-4.61629915 -8.81370926 -4.76874685 -8.40001392]]
0
[[-13.55226326 -16.51899147  -0.85412526  -8.31798458]]
2
[[-4.61629915 -8.81370926 -4.76874685 -8.40001392]]
0
[[-13.55226326 -16.51899147  -0.85412526  -8.31798458]]
2
[[-4.61629915 -8.81370926 -4.76874685 -8.40001392]]
0
[[-13.55226326 -16.51899147  -0.85412526  -8.31798458]]
2
[[-4.61629915 -8.81370926 -4.76874685 -8.40001392]]
0
[[-13.55226326 -16.51899147  -0.85412526  -8.31798458]]
2
[[-4.61629915 -8.81370926 -4.76874685 -8.40001392]]
0
[[-13.55226326 -16.51899147  -0.85412526  -8.31798458]]
2
[[-4.61629915 -8.81370926 -4.76874685 -8.40001392]]
0
[[-13.55226326 -16.51899147  -0.85412526  -8.31798458]]
2
[[-4.61629915 -8.81370926 -4.76874685 -8.40001392]]
0
[[-13.55226326 -16.51899147  -0.85412526  -8.31798458]]
2
[[-4.61629915 -8.81370926 -4.76874685 -8.40001392]]
0
[[-13.55226326 -16.51899147  -0.85412526  -8.31798458]]
2
[[-4.61629915 -8.81370926 -4.76874685 -8.40001392]]
0
[[-13.55226326 -16.51899147  -0.85412526  -8.31798458]]
2
[[-4.61629915 -8.81370926 -4.76874685 -8.40001392]]
0
[[-13.55226326 -16.51899147  -0.85412526  -8.31798458]]
2
[[-4.61629915 -8.81370926 -4.76874685 -8.40001392]]
0
[[-13.55226326 -16.51899147  -0.85412526  -8.31798458]]
2
[[-4.61629915 -8.81370926 -4.76874685 -8.40001392]]
0
[[-13.55226326 -16.51899147  -0.85412526  -8.31798458]]
2
[[-4.61629915 -8.81370926 -4.76874685 -8.40001392]]
0
[[-13.55226326 -16.51899147  -0.85412526  -8.31798458]]
2
[[-4.61629915 -8.81370926 -4.76874685 -8.40001392]]
0
[[-13.55226326 -16.51899147  -0.85412526  -8.31798458]]
2
[[-4.61629915 -8.81370926 -4.76874685 -8.40001392]]
0
[[-13.55226326 -16.51899147  -0.85412526  -8.31798458]]
2
[[-4.61629915 -8.81370926 -4.76874685 -8.40001392]]
0
[[-13.55226326 -16.51899147  -0.85412526  -8.31798458]]
2
[[-4.61629915 -8.81370926 -4.76874685 -8.40001392]]
0
[[-13.55226326 -16.51899147  -0.85412526  -8.31798458]]
2
[[-4.61629915 -8.81370926 -4.76874685 -8.40001392]]
0
[[-13.55226326 -16.51899147  -0.85412526  -8.31798458]]
2
[[-4.61629915 -8.81370926 -4.76874685 -8.40001392]]
0
[[-13.55226326 -16.51899147  -0.85412526  -8.31798458]]
2
[[-4.61629915 -8.81370926 -4.76874685 -8.40001392]]
0
[[-13.55226326 -16.51899147  -0.85412526  -8.31798458]]
2
[[-4.61629915 -8.81370926 -4.76874685 -8.40001392]]
0
[[-13.55226326 -16.51899147  -0.85412526  -8.31798458]]
2
[[-4.61629915 -8.81370926 -4.76874685 -8.40001392]]
0
[[-13.55226326 -16.51899147  -0.85412526  -8.31798458]]
2
[[-4.61629915 -8.81370926 -4.76874685 -8.40001392]]
0
[[-13.55226326 -16.51899147  -0.85412526  -8.31798458]]
2
[[-4.61629915 -8.81370926 -4.76874685 -8.40001392]]
0
[[-13.55226326 -16.51899147  -0.85412526  -8.31798458]]
2
[[-4.61629915 -8.81370926 -4.76874685 -8.40001392]]
0
[[-13.55226326 -16.51899147  -0.85412526  -8.31798458]]
2
[[-4.61629915 -8.81370926 -4.76874685 -8.40001392]]
0
[[-13.55226326 -16.51899147  -0.85412526  -8.31798458]]
2
[[-4.61629915 -8.81370926 -4.76874685 -8.40001392]]
0
[[-13.55226326 -16.51899147  -0.85412526  -8.31798458]]
2
[[-4.61629915 -8.81370926 -4.76874685 -8.40001392]]
0
[[-13.55226326 -16.51899147  -0.85412526  -8.31798458]]
2
[[-4.61629915 -8.81370926 -4.76874685 -8.40001392]]
0
[[-13.55226326 -16.51899147  -0.85412526  -8.31798458]]
2
[[-4.61629915 -8.81370926 -4.76874685 -8.40001392]]
0
[[-13.55226326 -16.51899147  -0.85412526  -8.31798458]]
2
[[-4.61629915 -8.81370926 -4.76874685 -8.40001392]]
0
[[-13.55226326 -16.51899147  -0.85412526  -8.31798458]]
2
[[-4.61629915 -8.81370926 -4.76874685 -8.40001392]]
0
[[-13.55226326 -16.51899147  -0.85412526  -8.31798458]]
2
[[-4.61629915 -8.81370926 -4.76874685 -8.40001392]]
0
[[-13.55226326 -16.51899147  -0.85412526  -8.31798458]]
2
[[-4.61629915 -8.81370926 -4.76874685 -8.40001392]]
0
[[-13.55226326 -16.51899147  -0.85412526  -8.31798458]]
2
[[-4.61629915 -8.81370926 -4.76874685 -8.40001392]]
0
[[-13.55226326 -16.51899147  -0.85412526  -8.31798458]]
2
[[-4.61629915 -8.81370926 -4.76874685 -8.40001392]]
0
[[-13.55226326 -16.51899147  -0.85412526  -8.31798458]]
2
[[-4.61629915 -8.81370926 -4.76874685 -8.40001392]]
0
FAIL
1/2
