[[ 26341520.  26101288.  25203306.  20458684.]]
0
[[ 24358288.  23261168.  24207882.  18370232.]]
0
[[ 23894254.  22625130.  24240082.  19681528.]]
2
[[ 24358288.  23261168.  24207882.  18370232.]]
0
[[ 23894254.  22625130.  24240082.  19681528.]]
2
[[ 24358288.  23261168.  24207882.  18370232.]]
0
[[ 23894254.  22625130.  24240082.  19681528.]]
2
[[ 24358288.  23261168.  24207882.  18370232.]]
0
[[ 23894254.  22625130.  24240082.  19681528.]]
2
[[ 24358288.  23261168.  24207882.  18370232.]]
0
[[ 23894254.  22625130.  24240082.  19681528.]]
2
[[ 24358288.  23261168.  24207882.  18370232.]]
0
[[ 23894254.  22625130.  24240082.  19681528.]]
2
[[ 24358288.  23261168.  24207882.  18370232.]]
0
[[ 23894254.  22625130.  24240082.  19681528.]]
2
[[ 24358288.  23261168.  24207882.  18370232.]]
0
[[ 23894254.  22625130.  24240082.  19681528.]]
2
[[ 24358288.  23261168.  24207882.  18370232.]]
0
[[ 23894254.  22625130.  24240082.  19681528.]]
2
[[ 24358288.  23261168.  24207882.  18370232.]]
0
[[ 23894254.  22625130.  24240082.  19681528.]]
2
[[ 24358288.  23261168.  24207882.  18370232.]]
0
[[ 23894254.  22625130.  24240082.  19681528.]]
2
[[ 24358288.  23261168.  24207882.  18370232.]]
0
[[ 23894254.  22625130.  24240082.  19681528.]]
2
[[ 24358288.  23261168.  24207882.  18370232.]]
0
[[ 23894254.  22625130.  24240082.  19681528.]]
2
[[ 24358288.  23261168.  24207882.  18370232.]]
0
[[ 23894254.  22625130.  24240082.  19681528.]]
2
[[ 24358288.  23261168.  24207882.  18370232.]]
0
[[ 23894254.  22625130.  24240082.  19681528.]]
2
[[ 24358288.  23261168.  24207882.  18370232.]]
0
[[ 23894254.  22625130.  24240082.  19681528.]]
2
[[ 24358288.  23261168.  24207882.  18370232.]]
0
[[ 23894254.  22625130.  24240082.  19681528.]]
2
[[ 24358288.  23261168.  24207882.  18370232.]]
0
[[ 23894254.  22625130.  24240082.  19681528.]]
2
[[ 24358288.  23261168.  24207882.  18370232.]]
0
[[ 23894254.  22625130.  24240082.  19681528.]]
2
[[ 24358288.  23261168.  24207882.  18370232.]]
0
[[ 23894254.  22625130.  24240082.  19681528.]]
2
[[ 24358288.  23261168.  24207882.  18370232.]]
0
[[ 23894254.  22625130.  24240082.  19681528.]]
2
[[ 24358288.  23261168.  24207882.  18370232.]]
0
[[ 23894254.  22625130.  24240082.  19681528.]]
2
[[ 24358288.  23261168.  24207882.  18370232.]]
0
[[ 23894254.  22625130.  24240082.  19681528.]]
2
[[ 24358288.  23261168.  24207882.  18370232.]]
0
[[ 23894254.  22625130.  24240082.  19681528.]]
2
[[ 24358288.  23261168.  24207882.  18370232.]]
0
[[ 23894254.  22625130.  24240082.  19681528.]]
2
[[ 24358288.  23261168.  24207882.  18370232.]]
0
[[ 23894254.  22625130.  24240082.  19681528.]]
2
[[ 24358288.  23261168.  24207882.  18370232.]]
0
[[ 23894254.  22625130.  24240082.  19681528.]]
2
[[ 24358288.  23261168.  24207882.  18370232.]]
0
[[ 23894254.  22625130.  24240082.  19681528.]]
2
[[ 24358288.  23261168.  24207882.  18370232.]]
0
[[ 23894254.  22625130.  24240082.  19681528.]]
2
[[ 24358288.  23261168.  24207882.  18370232.]]
0
[[ 23894254.  22625130.  24240082.  19681528.]]
2
[[ 24358288.  23261168.  24207882.  18370232.]]
0
[[ 23894254.  22625130.  24240082.  19681528.]]
2
[[ 24358288.  23261168.  24207882.  18370232.]]
0
[[ 23894254.  22625130.  24240082.  19681528.]]
2
[[ 24358288.  23261168.  24207882.  18370232.]]
0
[[ 23894254.  22625130.  24240082.  19681528.]]
2
[[ 24358288.  23261168.  24207882.  18370232.]]
0
[[ 23894254.  22625130.  24240082.  19681528.]]
2
[[ 24358288.  23261168.  24207882.  18370232.]]
0
[[ 23894254.  22625130.  24240082.  19681528.]]
2
[[ 24358288.  23261168.  24207882.  18370232.]]
0
[[ 23894254.  22625130.  24240082.  19681528.]]
2
[[ 24358288.  23261168.  24207882.  18370232.]]
0
[[ 23894254.  22625130.  24240082.  19681528.]]
2
[[ 24358288.  23261168.  24207882.  18370232.]]
0
[[ 23894254.  22625130.  24240082.  19681528.]]
2
[[ 24358288.  23261168.  24207882.  18370232.]]
0
[[ 23894254.  22625130.  24240082.  19681528.]]
2
[[ 24358288.  23261168.  24207882.  18370232.]]
0
[[ 23894254.  22625130.  24240082.  19681528.]]
2
[[ 24358288.  23261168.  24207882.  18370232.]]
0
[[ 23894254.  22625130.  24240082.  19681528.]]
2
[[ 24358288.  23261168.  24207882.  18370232.]]
0
[[ 23894254.  22625130.  24240082.  19681528.]]
2
[[ 24358288.  23261168.  24207882.  18370232.]]
0
[[ 23894254.  22625130.  24240082.  19681528.]]
2
[[ 24358288.  23261168.  24207882.  18370232.]]
0
[[ 23894254.  22625130.  24240082.  19681528.]]
2
[[ 24358288.  23261168.  24207882.  18370232.]]
0
[[ 23894254.  22625130.  24240082.  19681528.]]
2
[[ 24358288.  23261168.  24207882.  18370232.]]
0
[[ 23894254.  22625130.  24240082.  19681528.]]
2
[[ 24358288.  23261168.  24207882.  18370232.]]
0
[[ 23894254.  22625130.  24240082.  19681528.]]
2
[[ 24358288.  23261168.  24207882.  18370232.]]
0
[[ 23894254.  22625130.  24240082.  19681528.]]
2
[[ 24358288.  23261168.  24207882.  18370232.]]
0
[[ 23894254.  22625130.  24240082.  19681528.]]
2
[[ 24358288.  23261168.  24207882.  18370232.]]
0
[[ 23894254.  22625130.  24240082.  19681528.]]
2
FAIL
2/8
