[[ 19990800.  32275434.  30754082.  32434552.]]
3
[[ 26302124.  37547304.  35221548.  35958528.]]
1
[[ 19990800.  32275434.  30754082.  32434552.]]
3
[[ 26302124.  37547304.  35221548.  35958528.]]
1
[[ 19990800.  32275434.  30754082.  32434552.]]
3
[[ 26302124.  37547304.  35221548.  35958528.]]
1
[[ 19990800.  32275434.  30754082.  32434552.]]
3
[[ 26302124.  37547304.  35221548.  35958528.]]
1
[[ 19990800.  32275434.  30754082.  32434552.]]
3
[[ 26302124.  37547304.  35221548.  35958528.]]
1
[[ 19990800.  32275434.  30754082.  32434552.]]
3
[[ 26302124.  37547304.  35221548.  35958528.]]
1
[[ 19990800.  32275434.  30754082.  32434552.]]
3
[[ 26302124.  37547304.  35221548.  35958528.]]
1
[[ 19990800.  32275434.  30754082.  32434552.]]
3
[[ 26302124.  37547304.  35221548.  35958528.]]
1
[[ 19990800.  32275434.  30754082.  32434552.]]
3
[[ 26302124.  37547304.  35221548.  35958528.]]
1
[[ 19990800.  32275434.  30754082.  32434552.]]
3
[[ 26302124.  37547304.  35221548.  35958528.]]
1
[[ 19990800.  32275434.  30754082.  32434552.]]
3
[[ 26302124.  37547304.  35221548.  35958528.]]
1
[[ 19990800.  32275434.  30754082.  32434552.]]
3
[[ 26302124.  37547304.  35221548.  35958528.]]
1
[[ 19990800.  32275434.  30754082.  32434552.]]
3
[[ 26302124.  37547304.  35221548.  35958528.]]
1
[[ 19990800.  32275434.  30754082.  32434552.]]
3
[[ 26302124.  37547304.  35221548.  35958528.]]
1
[[ 19990800.  32275434.  30754082.  32434552.]]
3
[[ 26302124.  37547304.  35221548.  35958528.]]
1
[[ 19990800.  32275434.  30754082.  32434552.]]
3
[[ 26302124.  37547304.  35221548.  35958528.]]
1
[[ 19990800.  32275434.  30754082.  32434552.]]
3
[[ 26302124.  37547304.  35221548.  35958528.]]
1
[[ 19990800.  32275434.  30754082.  32434552.]]
3
[[ 26302124.  37547304.  35221548.  35958528.]]
1
[[ 19990800.  32275434.  30754082.  32434552.]]
3
[[ 26302124.  37547304.  35221548.  35958528.]]
1
[[ 19990800.  32275434.  30754082.  32434552.]]
3
[[ 26302124.  37547304.  35221548.  35958528.]]
1
[[ 19990800.  32275434.  30754082.  32434552.]]
3
[[ 26302124.  37547304.  35221548.  35958528.]]
1
[[ 19990800.  32275434.  30754082.  32434552.]]
3
[[ 26302124.  37547304.  35221548.  35958528.]]
1
[[ 19990800.  32275434.  30754082.  32434552.]]
3
[[ 26302124.  37547304.  35221548.  35958528.]]
1
[[ 19990800.  32275434.  30754082.  32434552.]]
3
[[ 26302124.  37547304.  35221548.  35958528.]]
1
[[ 19990800.  32275434.  30754082.  32434552.]]
3
[[ 26302124.  37547304.  35221548.  35958528.]]
1
[[ 19990800.  32275434.  30754082.  32434552.]]
3
[[ 26302124.  37547304.  35221548.  35958528.]]
1
[[ 19990800.  32275434.  30754082.  32434552.]]
3
[[ 26302124.  37547304.  35221548.  35958528.]]
1
[[ 19990800.  32275434.  30754082.  32434552.]]
3
[[ 26302124.  37547304.  35221548.  35958528.]]
1
[[ 19990800.  32275434.  30754082.  32434552.]]
3
[[ 26302124.  37547304.  35221548.  35958528.]]
1
[[ 19990800.  32275434.  30754082.  32434552.]]
3
[[ 26302124.  37547304.  35221548.  35958528.]]
1
[[ 19990800.  32275434.  30754082.  32434552.]]
3
[[ 26302124.  37547304.  35221548.  35958528.]]
1
[[ 19990800.  32275434.  30754082.  32434552.]]
3
[[ 26302124.  37547304.  35221548.  35958528.]]
1
[[ 19990800.  32275434.  30754082.  32434552.]]
3
[[ 26302124.  37547304.  35221548.  35958528.]]
1
[[ 19990800.  32275434.  30754082.  32434552.]]
3
[[ 26302124.  37547304.  35221548.  35958528.]]
1
[[ 19990800.  32275434.  30754082.  32434552.]]
3
[[ 26302124.  37547304.  35221548.  35958528.]]
1
[[ 19990800.  32275434.  30754082.  32434552.]]
3
[[ 26302124.  37547304.  35221548.  35958528.]]
1
[[ 19990800.  32275434.  30754082.  32434552.]]
3
[[ 26302124.  37547304.  35221548.  35958528.]]
1
[[ 19990800.  32275434.  30754082.  32434552.]]
3
[[ 26302124.  37547304.  35221548.  35958528.]]
1
[[ 19990800.  32275434.  30754082.  32434552.]]
3
[[ 26302124.  37547304.  35221548.  35958528.]]
1
[[ 19990800.  32275434.  30754082.  32434552.]]
3
[[ 26302124.  37547304.  35221548.  35958528.]]
1
[[ 19990800.  32275434.  30754082.  32434552.]]
3
[[ 26302124.  37547304.  35221548.  35958528.]]
1
[[ 19990800.  32275434.  30754082.  32434552.]]
3
[[ 26302124.  37547304.  35221548.  35958528.]]
1
[[ 19990800.  32275434.  30754082.  32434552.]]
3
[[ 26302124.  37547304.  35221548.  35958528.]]
1
[[ 19990800.  32275434.  30754082.  32434552.]]
3
[[ 26302124.  37547304.  35221548.  35958528.]]
1
[[ 19990800.  32275434.  30754082.  32434552.]]
3
[[ 26302124.  37547304.  35221548.  35958528.]]
1
[[ 19990800.  32275434.  30754082.  32434552.]]
3
[[ 26302124.  37547304.  35221548.  35958528.]]
1
[[ 19990800.  32275434.  30754082.  32434552.]]
3
[[ 26302124.  37547304.  35221548.  35958528.]]
1
[[ 19990800.  32275434.  30754082.  32434552.]]
3
[[ 26302124.  37547304.  35221548.  35958528.]]
1
[[ 19990800.  32275434.  30754082.  32434552.]]
3
[[ 26302124.  37547304.  35221548.  35958528.]]
1
[[ 19990800.  32275434.  30754082.  32434552.]]
3
[[ 26302124.  37547304.  35221548.  35958528.]]
1
[[ 19990800.  32275434.  30754082.  32434552.]]
3
FAIL
0/4
