[[-4.81560659 -5.67683172 -4.03610516 -8.24764442]]
2
[[-2.60102773 -6.9857688  -3.1412034  -8.66810036]]
0
[[-4.81560659 -5.67683172 -4.03610516 -8.24764442]]
2
[[-2.60102773 -6.9857688  -3.1412034  -8.66810036]]
0
[[-4.81560659 -5.67683172 -4.03610516 -8.24764442]]
2
[[-2.60102773 -6.9857688  -3.1412034  -8.66810036]]
0
[[-4.81560659 -5.67683172 -4.03610516 -8.24764442]]
2
[[-2.60102773 -6.9857688  -3.1412034  -8.66810036]]
0
[[-4.81560659 -5.67683172 -4.03610516 -8.24764442]]
2
[[-2.60102773 -6.9857688  -3.1412034  -8.66810036]]
0
[[-4.81560659 -5.67683172 -4.03610516 -8.24764442]]
2
[[-2.60102773 -6.9857688  -3.1412034  -8.66810036]]
0
[[-4.81560659 -5.67683172 -4.03610516 -8.24764442]]
2
[[-2.60102773 -6.9857688  -3.1412034  -8.66810036]]
0
[[-4.81560659 -5.67683172 -4.03610516 -8.24764442]]
2
[[-2.60102773 -6.9857688  -3.1412034  -8.66810036]]
0
[[-4.81560659 -5.67683172 -4.03610516 -8.24764442]]
2
[[-2.60102773 -6.9857688  -3.1412034  -8.66810036]]
0
[[-4.81560659 -5.67683172 -4.03610516 -8.24764442]]
2
[[-2.60102773 -6.9857688  -3.1412034  -8.66810036]]
0
[[-4.81560659 -5.67683172 -4.03610516 -8.24764442]]
2
[[-2.60102773 -6.9857688  -3.1412034  -8.66810036]]
0
[[-4.81560659 -5.67683172 -4.03610516 -8.24764442]]
2
[[-2.60102773 -6.9857688  -3.1412034  -8.66810036]]
0
[[-4.81560659 -5.67683172 -4.03610516 -8.24764442]]
2
[[-2.60102773 -6.9857688  -3.1412034  -8.66810036]]
0
[[-4.81560659 -5.67683172 -4.03610516 -8.24764442]]
2
[[-2.60102773 -6.9857688  -3.1412034  -8.66810036]]
0
[[-4.81560659 -5.67683172 -4.03610516 -8.24764442]]
2
[[-2.60102773 -6.9857688  -3.1412034  -8.66810036]]
0
[[-4.81560659 -5.67683172 -4.03610516 -8.24764442]]
2
[[-2.60102773 -6.9857688  -3.1412034  -8.66810036]]
0
[[-4.81560659 -5.67683172 -4.03610516 -8.24764442]]
2
[[-2.60102773 -6.9857688  -3.1412034  -8.66810036]]
0
[[-4.81560659 -5.67683172 -4.03610516 -8.24764442]]
2
[[-2.60102773 -6.9857688  -3.1412034  -8.66810036]]
0
[[-4.81560659 -5.67683172 -4.03610516 -8.24764442]]
2
[[-2.60102773 -6.9857688  -3.1412034  -8.66810036]]
0
[[-4.81560659 -5.67683172 -4.03610516 -8.24764442]]
2
[[-2.60102773 -6.9857688  -3.1412034  -8.66810036]]
0
[[-4.81560659 -5.67683172 -4.03610516 -8.24764442]]
2
[[-2.60102773 -6.9857688  -3.1412034  -8.66810036]]
0
[[-4.81560659 -5.67683172 -4.03610516 -8.24764442]]
2
[[-2.60102773 -6.9857688  -3.1412034  -8.66810036]]
0
[[-4.81560659 -5.67683172 -4.03610516 -8.24764442]]
2
[[-2.60102773 -6.9857688  -3.1412034  -8.66810036]]
0
[[-4.81560659 -5.67683172 -4.03610516 -8.24764442]]
2
[[-2.60102773 -6.9857688  -3.1412034  -8.66810036]]
0
[[-4.81560659 -5.67683172 -4.03610516 -8.24764442]]
2
[[-2.60102773 -6.9857688  -3.1412034  -8.66810036]]
0
[[-4.81560659 -5.67683172 -4.03610516 -8.24764442]]
2
[[-2.60102773 -6.9857688  -3.1412034  -8.66810036]]
0
[[-4.81560659 -5.67683172 -4.03610516 -8.24764442]]
2
[[-2.60102773 -6.9857688  -3.1412034  -8.66810036]]
0
[[-4.81560659 -5.67683172 -4.03610516 -8.24764442]]
2
[[-2.60102773 -6.9857688  -3.1412034  -8.66810036]]
0
[[-4.81560659 -5.67683172 -4.03610516 -8.24764442]]
2
[[-2.60102773 -6.9857688  -3.1412034  -8.66810036]]
0
[[-4.81560659 -5.67683172 -4.03610516 -8.24764442]]
2
[[-2.60102773 -6.9857688  -3.1412034  -8.66810036]]
0
[[-4.81560659 -5.67683172 -4.03610516 -8.24764442]]
2
[[-2.60102773 -6.9857688  -3.1412034  -8.66810036]]
0
[[-4.81560659 -5.67683172 -4.03610516 -8.24764442]]
2
[[-2.60102773 -6.9857688  -3.1412034  -8.66810036]]
0
[[-4.81560659 -5.67683172 -4.03610516 -8.24764442]]
2
[[-2.60102773 -6.9857688  -3.1412034  -8.66810036]]
0
[[-4.81560659 -5.67683172 -4.03610516 -8.24764442]]
2
[[-2.60102773 -6.9857688  -3.1412034  -8.66810036]]
0
[[-4.81560659 -5.67683172 -4.03610516 -8.24764442]]
2
[[-2.60102773 -6.9857688  -3.1412034  -8.66810036]]
0
[[-4.81560659 -5.67683172 -4.03610516 -8.24764442]]
2
[[-2.60102773 -6.9857688  -3.1412034  -8.66810036]]
0
[[-4.81560659 -5.67683172 -4.03610516 -8.24764442]]
2
[[-2.60102773 -6.9857688  -3.1412034  -8.66810036]]
0
[[-4.81560659 -5.67683172 -4.03610516 -8.24764442]]
2
[[-2.60102773 -6.9857688  -3.1412034  -8.66810036]]
0
[[-4.81560659 -5.67683172 -4.03610516 -8.24764442]]
2
[[-2.60102773 -6.9857688  -3.1412034  -8.66810036]]
0
[[-4.81560659 -5.67683172 -4.03610516 -8.24764442]]
2
[[-2.60102773 -6.9857688  -3.1412034  -8.66810036]]
0
[[-4.81560659 -5.67683172 -4.03610516 -8.24764442]]
2
[[-2.60102773 -6.9857688  -3.1412034  -8.66810036]]
0
[[-4.81560659 -5.67683172 -4.03610516 -8.24764442]]
2
[[-2.60102773 -6.9857688  -3.1412034  -8.66810036]]
0
[[-4.81560659 -5.67683172 -4.03610516 -8.24764442]]
2
[[-2.60102773 -6.9857688  -3.1412034  -8.66810036]]
0
[[-4.81560659 -5.67683172 -4.03610516 -8.24764442]]
2
[[-2.60102773 -6.9857688  -3.1412034  -8.66810036]]
0
[[-4.81560659 -5.67683172 -4.03610516 -8.24764442]]
2
[[-2.60102773 -6.9857688  -3.1412034  -8.66810036]]
0
[[-4.81560659 -5.67683172 -4.03610516 -8.24764442]]
2
[[-2.60102773 -6.9857688  -3.1412034  -8.66810036]]
0
[[-4.81560659 -5.67683172 -4.03610516 -8.24764442]]
2
[[-2.60102773 -6.9857688  -3.1412034  -8.66810036]]
0
[[-4.81560659 -5.67683172 -4.03610516 -8.24764442]]
2
[[-2.60102773 -6.9857688  -3.1412034  -8.66810036]]
0
[[-4.81560659 -5.67683172 -4.03610516 -8.24764442]]
2
[[-2.60102773 -6.9857688  -3.1412034  -8.66810036]]
0
[[-4.81560659 -5.67683172 -4.03610516 -8.24764442]]
2
[[-2.60102773 -6.9857688  -3.1412034  -8.66810036]]
0
[[-4.81560659 -5.67683172 -4.03610516 -8.24764442]]
2
FAIL
0/5
