[[-4.82017183 -5.29549551 -4.05788374 -8.22999001]]
2
[[-2.6196816  -6.61214781 -3.15719295 -8.65490437]]
0
[[-4.82017183 -5.29549551 -4.05788374 -8.22999001]]
2
[[-2.6196816  -6.61214781 -3.15719295 -8.65490437]]
0
[[-4.82017183 -5.29549551 -4.05788374 -8.22999001]]
2
[[-2.6196816  -6.61214781 -3.15719295 -8.65490437]]
0
[[-4.82017183 -5.29549551 -4.05788374 -8.22999001]]
2
[[-2.6196816  -6.61214781 -3.15719295 -8.65490437]]
0
[[-4.82017183 -5.29549551 -4.05788374 -8.22999001]]
2
[[-2.6196816  -6.61214781 -3.15719295 -8.65490437]]
0
[[-4.82017183 -5.29549551 -4.05788374 -8.22999001]]
2
[[-2.6196816  -6.61214781 -3.15719295 -8.65490437]]
0
[[-4.82017183 -5.29549551 -4.05788374 -8.22999001]]
2
[[-2.6196816  -6.61214781 -3.15719295 -8.65490437]]
0
[[-4.82017183 -5.29549551 -4.05788374 -8.22999001]]
2
[[-2.6196816  -6.61214781 -3.15719295 -8.65490437]]
0
[[-4.82017183 -5.29549551 -4.05788374 -8.22999001]]
2
[[-2.6196816  -6.61214781 -3.15719295 -8.65490437]]
0
[[-4.82017183 -5.29549551 -4.05788374 -8.22999001]]
2
[[-2.6196816  -6.61214781 -3.15719295 -8.65490437]]
0
[[-4.82017183 -5.29549551 -4.05788374 -8.22999001]]
2
[[-2.6196816  -6.61214781 -3.15719295 -8.65490437]]
0
[[-4.82017183 -5.29549551 -4.05788374 -8.22999001]]
2
[[-2.6196816  -6.61214781 -3.15719295 -8.65490437]]
0
[[-4.82017183 -5.29549551 -4.05788374 -8.22999001]]
2
[[-2.6196816  -6.61214781 -3.15719295 -8.65490437]]
0
[[-4.82017183 -5.29549551 -4.05788374 -8.22999001]]
2
[[-2.6196816  -6.61214781 -3.15719295 -8.65490437]]
0
[[-4.82017183 -5.29549551 -4.05788374 -8.22999001]]
2
[[-2.6196816  -6.61214781 -3.15719295 -8.65490437]]
0
[[-4.82017183 -5.29549551 -4.05788374 -8.22999001]]
2
[[-2.6196816  -6.61214781 -3.15719295 -8.65490437]]
0
[[-4.82017183 -5.29549551 -4.05788374 -8.22999001]]
2
[[-2.6196816  -6.61214781 -3.15719295 -8.65490437]]
0
[[-4.82017183 -5.29549551 -4.05788374 -8.22999001]]
2
[[-2.6196816  -6.61214781 -3.15719295 -8.65490437]]
0
[[-4.82017183 -5.29549551 -4.05788374 -8.22999001]]
2
[[-2.6196816  -6.61214781 -3.15719295 -8.65490437]]
0
[[-4.82017183 -5.29549551 -4.05788374 -8.22999001]]
2
[[-2.6196816  -6.61214781 -3.15719295 -8.65490437]]
0
[[-4.82017183 -5.29549551 -4.05788374 -8.22999001]]
2
[[-2.6196816  -6.61214781 -3.15719295 -8.65490437]]
0
[[-4.82017183 -5.29549551 -4.05788374 -8.22999001]]
2
[[-2.6196816  -6.61214781 -3.15719295 -8.65490437]]
0
[[-4.82017183 -5.29549551 -4.05788374 -8.22999001]]
2
[[-2.6196816  -6.61214781 -3.15719295 -8.65490437]]
0
[[-4.82017183 -5.29549551 -4.05788374 -8.22999001]]
2
[[-2.6196816  -6.61214781 -3.15719295 -8.65490437]]
0
[[-4.82017183 -5.29549551 -4.05788374 -8.22999001]]
2
[[-2.6196816  -6.61214781 -3.15719295 -8.65490437]]
0
[[-4.82017183 -5.29549551 -4.05788374 -8.22999001]]
2
[[-2.6196816  -6.61214781 -3.15719295 -8.65490437]]
0
[[-4.82017183 -5.29549551 -4.05788374 -8.22999001]]
2
[[-2.6196816  -6.61214781 -3.15719295 -8.65490437]]
0
[[-4.82017183 -5.29549551 -4.05788374 -8.22999001]]
2
[[-2.6196816  -6.61214781 -3.15719295 -8.65490437]]
0
[[-4.82017183 -5.29549551 -4.05788374 -8.22999001]]
2
[[-2.6196816  -6.61214781 -3.15719295 -8.65490437]]
0
[[-4.82017183 -5.29549551 -4.05788374 -8.22999001]]
2
[[-2.6196816  -6.61214781 -3.15719295 -8.65490437]]
0
[[-4.82017183 -5.29549551 -4.05788374 -8.22999001]]
2
[[-2.6196816  -6.61214781 -3.15719295 -8.65490437]]
0
[[-4.82017183 -5.29549551 -4.05788374 -8.22999001]]
2
[[-2.6196816  -6.61214781 -3.15719295 -8.65490437]]
0
[[-4.82017183 -5.29549551 -4.05788374 -8.22999001]]
2
[[-2.6196816  -6.61214781 -3.15719295 -8.65490437]]
0
[[-4.82017183 -5.29549551 -4.05788374 -8.22999001]]
2
[[-2.6196816  -6.61214781 -3.15719295 -8.65490437]]
0
[[-4.82017183 -5.29549551 -4.05788374 -8.22999001]]
2
[[-2.6196816  -6.61214781 -3.15719295 -8.65490437]]
0
[[-4.82017183 -5.29549551 -4.05788374 -8.22999001]]
2
[[-2.6196816  -6.61214781 -3.15719295 -8.65490437]]
0
[[-4.82017183 -5.29549551 -4.05788374 -8.22999001]]
2
[[-2.6196816  -6.61214781 -3.15719295 -8.65490437]]
0
[[-4.82017183 -5.29549551 -4.05788374 -8.22999001]]
2
[[-2.6196816  -6.61214781 -3.15719295 -8.65490437]]
0
[[-4.82017183 -5.29549551 -4.05788374 -8.22999001]]
2
[[-2.6196816  -6.61214781 -3.15719295 -8.65490437]]
0
[[-4.82017183 -5.29549551 -4.05788374 -8.22999001]]
2
[[-2.6196816  -6.61214781 -3.15719295 -8.65490437]]
0
[[-4.82017183 -5.29549551 -4.05788374 -8.22999001]]
2
[[-2.6196816  -6.61214781 -3.15719295 -8.65490437]]
0
[[-4.82017183 -5.29549551 -4.05788374 -8.22999001]]
2
[[-2.6196816  -6.61214781 -3.15719295 -8.65490437]]
0
[[-4.82017183 -5.29549551 -4.05788374 -8.22999001]]
2
[[-2.6196816  -6.61214781 -3.15719295 -8.65490437]]
0
[[-4.82017183 -5.29549551 -4.05788374 -8.22999001]]
2
[[-2.6196816  -6.61214781 -3.15719295 -8.65490437]]
0
[[-4.82017183 -5.29549551 -4.05788374 -8.22999001]]
2
[[-2.6196816  -6.61214781 -3.15719295 -8.65490437]]
0
[[-4.82017183 -5.29549551 -4.05788374 -8.22999001]]
2
[[-2.6196816  -6.61214781 -3.15719295 -8.65490437]]
0
[[-4.82017183 -5.29549551 -4.05788374 -8.22999001]]
2
[[-2.6196816  -6.61214781 -3.15719295 -8.65490437]]
0
[[-4.82017183 -5.29549551 -4.05788374 -8.22999001]]
2
[[-2.6196816  -6.61214781 -3.15719295 -8.65490437]]
0
[[-4.82017183 -5.29549551 -4.05788374 -8.22999001]]
2
[[-2.6196816  -6.61214781 -3.15719295 -8.65490437]]
0
[[-4.82017183 -5.29549551 -4.05788374 -8.22999001]]
2
[[-2.6196816  -6.61214781 -3.15719295 -8.65490437]]
0
[[-4.82017183 -5.29549551 -4.05788374 -8.22999001]]
2
FAIL
0/5
