[[-4.64224291 -8.43288231 -4.78529453 -8.38206196]]
0
[[-13.5539341  -16.12260437  -0.83586264  -8.28395844]]
2
[[-4.64224291 -8.43288231 -4.78529453 -8.38206196]]
0
[[-13.5539341  -16.12260437  -0.83586264  -8.28395844]]
2
[[-4.64224291 -8.43288231 -4.78529453 -8.38206196]]
0
[[-13.5539341  -16.12260437  -0.83586264  -8.28395844]]
2
[[-4.64224291 -8.43288231 -4.78529453 -8.38206196]]
0
[[-13.5539341  -16.12260437  -0.83586264  -8.28395844]]
2
[[-4.64224291 -8.43288231 -4.78529453 -8.38206196]]
0
[[-13.5539341  -16.12260437  -0.83586264  -8.28395844]]
2
[[-4.64224291 -8.43288231 -4.78529453 -8.38206196]]
0
[[-13.5539341  -16.12260437  -0.83586264  -8.28395844]]
2
[[-4.64224291 -8.43288231 -4.78529453 -8.38206196]]
0
[[-13.5539341  -16.12260437  -0.83586264  -8.28395844]]
2
[[-4.64224291 -8.43288231 -4.78529453 -8.38206196]]
0
[[-13.5539341  -16.12260437  -0.83586264  -8.28395844]]
2
[[-4.64224291 -8.43288231 -4.78529453 -8.38206196]]
0
[[-13.5539341  -16.12260437  -0.83586264  -8.28395844]]
2
[[-4.64224291 -8.43288231 -4.78529453 -8.38206196]]
0
[[-13.5539341  -16.12260437  -0.83586264  -8.28395844]]
2
[[-4.64224291 -8.43288231 -4.78529453 -8.38206196]]
0
[[-13.5539341  -16.12260437  -0.83586264  -8.28395844]]
2
[[-4.64224291 -8.43288231 -4.78529453 -8.38206196]]
0
[[-13.5539341  -16.12260437  -0.83586264  -8.28395844]]
2
[[-4.64224291 -8.43288231 -4.78529453 -8.38206196]]
0
[[-13.5539341  -16.12260437  -0.83586264  -8.28395844]]
2
[[-4.64224291 -8.43288231 -4.78529453 -8.38206196]]
0
[[-13.5539341  -16.12260437  -0.83586264  -8.28395844]]
2
[[-4.64224291 -8.43288231 -4.78529453 -8.38206196]]
0
[[-13.5539341  -16.12260437  -0.83586264  -8.28395844]]
2
[[-4.64224291 -8.43288231 -4.78529453 -8.38206196]]
0
[[-13.5539341  -16.12260437  -0.83586264  -8.28395844]]
2
[[-4.64224291 -8.43288231 -4.78529453 -8.38206196]]
0
[[-13.5539341  -16.12260437  -0.83586264  -8.28395844]]
2
[[-4.64224291 -8.43288231 -4.78529453 -8.38206196]]
0
[[-13.5539341  -16.12260437  -0.83586264  -8.28395844]]
2
[[-4.64224291 -8.43288231 -4.78529453 -8.38206196]]
0
[[-13.5539341  -16.12260437  -0.83586264  -8.28395844]]
2
[[-4.64224291 -8.43288231 -4.78529453 -8.38206196]]
0
[[-13.5539341  -16.12260437  -0.83586264  -8.28395844]]
2
[[-4.64224291 -8.43288231 -4.78529453 -8.38206196]]
0
[[-13.5539341  -16.12260437  -0.83586264  -8.28395844]]
2
[[-4.64224291 -8.43288231 -4.78529453 -8.38206196]]
0
[[-13.5539341  -16.12260437  -0.83586264  -8.28395844]]
2
[[-4.64224291 -8.43288231 -4.78529453 -8.38206196]]
0
[[-13.5539341  -16.12260437  -0.83586264  -8.28395844]]
2
[[-4.64224291 -8.43288231 -4.78529453 -8.38206196]]
0
[[-13.5539341  -16.12260437  -0.83586264  -8.28395844]]
2
[[-4.64224291 -8.43288231 -4.78529453 -8.38206196]]
0
[[-13.5539341  -16.12260437  -0.83586264  -8.28395844]]
2
[[-4.64224291 -8.43288231 -4.78529453 -8.38206196]]
0
[[-13.5539341  -16.12260437  -0.83586264  -8.28395844]]
2
[[-4.64224291 -8.43288231 -4.78529453 -8.38206196]]
0
[[-13.5539341  -16.12260437  -0.83586264  -8.28395844]]
2
[[-4.64224291 -8.43288231 -4.78529453 -8.38206196]]
0
[[-13.5539341  -16.12260437  -0.83586264  -8.28395844]]
2
[[-4.64224291 -8.43288231 -4.78529453 -8.38206196]]
0
[[-13.5539341  -16.12260437  -0.83586264  -8.28395844]]
2
[[-4.64224291 -8.43288231 -4.78529453 -8.38206196]]
0
[[-13.5539341  -16.12260437  -0.83586264  -8.28395844]]
2
[[-4.64224291 -8.43288231 -4.78529453 -8.38206196]]
0
[[-13.5539341  -16.12260437  -0.83586264  -8.28395844]]
2
[[-4.64224291 -8.43288231 -4.78529453 -8.38206196]]
0
[[-13.5539341  -16.12260437  -0.83586264  -8.28395844]]
2
[[-4.64224291 -8.43288231 -4.78529453 -8.38206196]]
0
[[-13.5539341  -16.12260437  -0.83586264  -8.28395844]]
2
[[-4.64224291 -8.43288231 -4.78529453 -8.38206196]]
0
[[-13.5539341  -16.12260437  -0.83586264  -8.28395844]]
2
[[-4.64224291 -8.43288231 -4.78529453 -8.38206196]]
0
[[-13.5539341  -16.12260437  -0.83586264  -8.28395844]]
2
[[-4.64224291 -8.43288231 -4.78529453 -8.38206196]]
0
[[-13.5539341  -16.12260437  -0.83586264  -8.28395844]]
2
[[-4.64224291 -8.43288231 -4.78529453 -8.38206196]]
0
[[-13.5539341  -16.12260437  -0.83586264  -8.28395844]]
2
[[-4.64224291 -8.43288231 -4.78529453 -8.38206196]]
0
[[-13.5539341  -16.12260437  -0.83586264  -8.28395844]]
2
[[-4.64224291 -8.43288231 -4.78529453 -8.38206196]]
0
[[-13.5539341  -16.12260437  -0.83586264  -8.28395844]]
2
[[-4.64224291 -8.43288231 -4.78529453 -8.38206196]]
0
[[-13.5539341  -16.12260437  -0.83586264  -8.28395844]]
2
[[-4.64224291 -8.43288231 -4.78529453 -8.38206196]]
0
[[-13.5539341  -16.12260437  -0.83586264  -8.28395844]]
2
[[-4.64224291 -8.43288231 -4.78529453 -8.38206196]]
0
[[-13.5539341  -16.12260437  -0.83586264  -8.28395844]]
2
[[-4.64224291 -8.43288231 -4.78529453 -8.38206196]]
0
[[-13.5539341  -16.12260437  -0.83586264  -8.28395844]]
2
[[-4.64224291 -8.43288231 -4.78529453 -8.38206196]]
0
[[-13.5539341  -16.12260437  -0.83586264  -8.28395844]]
2
[[-4.64224291 -8.43288231 -4.78529453 -8.38206196]]
0
[[-13.5539341  -16.12260437  -0.83586264  -8.28395844]]
2
[[-4.64224291 -8.43288231 -4.78529453 -8.38206196]]
0
[[-13.5539341  -16.12260437  -0.83586264  -8.28395844]]
2
[[-4.64224291 -8.43288231 -4.78529453 -8.38206196]]
0
[[-13.5539341  -16.12260437  -0.83586264  -8.28395844]]
2
[[-4.64224291 -8.43288231 -4.78529453 -8.38206196]]
0
[[-13.5539341  -16.12260437  -0.83586264  -8.28395844]]
2
[[-4.64224291 -8.43288231 -4.78529453 -8.38206196]]
0
[[-13.5539341  -16.12260437  -0.83586264  -8.28395844]]
2
[[-4.64224291 -8.43288231 -4.78529453 -8.38206196]]
0
[[-13.5539341  -16.12260437  -0.83586264  -8.28395844]]
2
[[-4.64224291 -8.43288231 -4.78529453 -8.38206196]]
0
FAIL
1/2
