[[ -5.25170851   0.2448464  -13.39077187  -5.87906933]]
1
[[ -5.57741117   0.52488881 -14.84805202  -5.50480938]]
1
[[ -7.75871038  -6.29160213 -13.59150887  -5.80957413]]
3
[[ -5.57741117   0.52488881 -14.84805202  -5.50480938]]
1
[[ -7.75871038  -6.29160213 -13.59150887  -5.80957413]]
3
[[ -5.57741117   0.52488881 -14.84805202  -5.50480938]]
1
[[ -7.75871038  -6.29160213 -13.59150887  -5.80957413]]
3
[[ -5.57741117   0.52488881 -14.84805202  -5.50480938]]
1
[[ -7.75871038  -6.29160213 -13.59150887  -5.80957413]]
3
[[ -5.57741117   0.52488881 -14.84805202  -5.50480938]]
1
[[ -7.75871038  -6.29160213 -13.59150887  -5.80957413]]
3
[[ -5.57741117   0.52488881 -14.84805202  -5.50480938]]
1
[[ -7.75871038  -6.29160213 -13.59150887  -5.80957413]]
3
[[ -5.57741117   0.52488881 -14.84805202  -5.50480938]]
1
[[ -7.75871038  -6.29160213 -13.59150887  -5.80957413]]
3
[[ -5.57741117   0.52488881 -14.84805202  -5.50480938]]
1
[[ -7.75871038  -6.29160213 -13.59150887  -5.80957413]]
3
[[ -5.57741117   0.52488881 -14.84805202  -5.50480938]]
1
[[ -7.75871038  -6.29160213 -13.59150887  -5.80957413]]
3
[[ -5.57741117   0.52488881 -14.84805202  -5.50480938]]
1
[[ -7.75871038  -6.29160213 -13.59150887  -5.80957413]]
3
[[ -5.57741117   0.52488881 -14.84805202  -5.50480938]]
1
[[ -7.75871038  -6.29160213 -13.59150887  -5.80957413]]
3
[[ -5.57741117   0.52488881 -14.84805202  -5.50480938]]
1
[[ -7.75871038  -6.29160213 -13.59150887  -5.80957413]]
3
[[ -5.57741117   0.52488881 -14.84805202  -5.50480938]]
1
[[ -7.75871038  -6.29160213 -13.59150887  -5.80957413]]
3
[[ -5.57741117   0.52488881 -14.84805202  -5.50480938]]
1
[[ -7.75871038  -6.29160213 -13.59150887  -5.80957413]]
3
[[ -5.57741117   0.52488881 -14.84805202  -5.50480938]]
1
[[ -7.75871038  -6.29160213 -13.59150887  -5.80957413]]
3
[[ -5.57741117   0.52488881 -14.84805202  -5.50480938]]
1
[[ -7.75871038  -6.29160213 -13.59150887  -5.80957413]]
3
[[ -5.57741117   0.52488881 -14.84805202  -5.50480938]]
1
[[ -7.75871038  -6.29160213 -13.59150887  -5.80957413]]
3
[[ -5.57741117   0.52488881 -14.84805202  -5.50480938]]
1
[[ -7.75871038  -6.29160213 -13.59150887  -5.80957413]]
3
[[ -5.57741117   0.52488881 -14.84805202  -5.50480938]]
1
[[ -7.75871038  -6.29160213 -13.59150887  -5.80957413]]
3
[[ -5.57741117   0.52488881 -14.84805202  -5.50480938]]
1
[[ -7.75871038  -6.29160213 -13.59150887  -5.80957413]]
3
[[ -5.57741117   0.52488881 -14.84805202  -5.50480938]]
1
[[ -7.75871038  -6.29160213 -13.59150887  -5.80957413]]
3
[[ -5.57741117   0.52488881 -14.84805202  -5.50480938]]
1
[[ -7.75871038  -6.29160213 -13.59150887  -5.80957413]]
3
[[ -5.57741117   0.52488881 -14.84805202  -5.50480938]]
1
[[ -7.75871038  -6.29160213 -13.59150887  -5.80957413]]
3
[[ -5.57741117   0.52488881 -14.84805202  -5.50480938]]
1
[[ -7.75871038  -6.29160213 -13.59150887  -5.80957413]]
3
[[ -5.57741117   0.52488881 -14.84805202  -5.50480938]]
1
[[ -7.75871038  -6.29160213 -13.59150887  -5.80957413]]
3
[[ -5.57741117   0.52488881 -14.84805202  -5.50480938]]
1
[[ -7.75871038  -6.29160213 -13.59150887  -5.80957413]]
3
[[ -5.57741117   0.52488881 -14.84805202  -5.50480938]]
1
[[ -7.75871038  -6.29160213 -13.59150887  -5.80957413]]
3
[[ -5.57741117   0.52488881 -14.84805202  -5.50480938]]
1
[[ -7.75871038  -6.29160213 -13.59150887  -5.80957413]]
3
[[ -5.57741117   0.52488881 -14.84805202  -5.50480938]]
1
[[ -7.75871038  -6.29160213 -13.59150887  -5.80957413]]
3
[[ -5.57741117   0.52488881 -14.84805202  -5.50480938]]
1
[[ -7.75871038  -6.29160213 -13.59150887  -5.80957413]]
3
[[ -5.57741117   0.52488881 -14.84805202  -5.50480938]]
1
[[ -7.75871038  -6.29160213 -13.59150887  -5.80957413]]
3
[[ -5.57741117   0.52488881 -14.84805202  -5.50480938]]
1
[[ -7.75871038  -6.29160213 -13.59150887  -5.80957413]]
3
[[ -5.57741117   0.52488881 -14.84805202  -5.50480938]]
1
[[ -7.75871038  -6.29160213 -13.59150887  -5.80957413]]
3
[[ -5.57741117   0.52488881 -14.84805202  -5.50480938]]
1
[[ -7.75871038  -6.29160213 -13.59150887  -5.80957413]]
3
[[ -5.57741117   0.52488881 -14.84805202  -5.50480938]]
1
[[ -7.75871038  -6.29160213 -13.59150887  -5.80957413]]
3
[[ -5.57741117   0.52488881 -14.84805202  -5.50480938]]
1
[[ -7.75871038  -6.29160213 -13.59150887  -5.80957413]]
3
[[ -5.57741117   0.52488881 -14.84805202  -5.50480938]]
1
[[ -7.75871038  -6.29160213 -13.59150887  -5.80957413]]
3
[[ -5.57741117   0.52488881 -14.84805202  -5.50480938]]
1
[[ -7.75871038  -6.29160213 -13.59150887  -5.80957413]]
3
[[ -5.57741117   0.52488881 -14.84805202  -5.50480938]]
1
[[ -7.75871038  -6.29160213 -13.59150887  -5.80957413]]
3
[[ -5.57741117   0.52488881 -14.84805202  -5.50480938]]
1
[[ -7.75871038  -6.29160213 -13.59150887  -5.80957413]]
3
[[ -5.57741117   0.52488881 -14.84805202  -5.50480938]]
1
[[ -7.75871038  -6.29160213 -13.59150887  -5.80957413]]
3
[[ -5.57741117   0.52488881 -14.84805202  -5.50480938]]
1
[[ -7.75871038  -6.29160213 -13.59150887  -5.80957413]]
3
[[ -5.57741117   0.52488881 -14.84805202  -5.50480938]]
1
[[ -7.75871038  -6.29160213 -13.59150887  -5.80957413]]
3
[[ -5.57741117   0.52488881 -14.84805202  -5.50480938]]
1
[[ -7.75871038  -6.29160213 -13.59150887  -5.80957413]]
3
[[ -5.57741117   0.52488881 -14.84805202  -5.50480938]]
1
[[ -7.75871038  -6.29160213 -13.59150887  -5.80957413]]
3
[[ -5.57741117   0.52488881 -14.84805202  -5.50480938]]
1
[[ -7.75871038  -6.29160213 -13.59150887  -5.80957413]]
3
[[ -5.57741117   0.52488881 -14.84805202  -5.50480938]]
1
[[ -7.75871038  -6.29160213 -13.59150887  -5.80957413]]
3
[[ -5.57741117   0.52488881 -14.84805202  -5.50480938]]
1
[[ -7.75871038  -6.29160213 -13.59150887  -5.80957413]]
3
[[ -5.57741117   0.52488881 -14.84805202  -5.50480938]]
1
[[ -7.75871038  -6.29160213 -13.59150887  -5.80957413]]
3
[[ -5.57741117   0.52488881 -14.84805202  -5.50480938]]
1
[[ -7.75871038  -6.29160213 -13.59150887  -5.80957413]]
3
FAIL
0/8
