[[-4.55642366 -8.41857052 -4.63613272 -8.11898899]]
0
[[-13.44650078 -16.08648682  -0.6622048   -8.02177429]]
2
[[-4.55642366 -8.41857052 -4.63613272 -8.11898899]]
0
[[-13.44650078 -16.08648682  -0.6622048   -8.02177429]]
2
[[-4.55642366 -8.41857052 -4.63613272 -8.11898899]]
0
[[-13.44650078 -16.08648682  -0.6622048   -8.02177429]]
2
[[-4.55642366 -8.41857052 -4.63613272 -8.11898899]]
0
[[-13.44650078 -16.08648682  -0.6622048   -8.02177429]]
2
[[-4.55642366 -8.41857052 -4.63613272 -8.11898899]]
0
[[-13.44650078 -16.08648682  -0.6622048   -8.02177429]]
2
[[-4.55642366 -8.41857052 -4.63613272 -8.11898899]]
0
[[-13.44650078 -16.08648682  -0.6622048   -8.02177429]]
2
[[-4.55642366 -8.41857052 -4.63613272 -8.11898899]]
0
[[-13.44650078 -16.08648682  -0.6622048   -8.02177429]]
2
[[-4.55642366 -8.41857052 -4.63613272 -8.11898899]]
0
[[-13.44650078 -16.08648682  -0.6622048   -8.02177429]]
2
[[-4.55642366 -8.41857052 -4.63613272 -8.11898899]]
0
[[-13.44650078 -16.08648682  -0.6622048   -8.02177429]]
2
[[-4.55642366 -8.41857052 -4.63613272 -8.11898899]]
0
[[-13.44650078 -16.08648682  -0.6622048   -8.02177429]]
2
[[-4.55642366 -8.41857052 -4.63613272 -8.11898899]]
0
[[-13.44650078 -16.08648682  -0.6622048   -8.02177429]]
2
[[-4.55642366 -8.41857052 -4.63613272 -8.11898899]]
0
[[-13.44650078 -16.08648682  -0.6622048   -8.02177429]]
2
[[-4.55642366 -8.41857052 -4.63613272 -8.11898899]]
0
[[-13.44650078 -16.08648682  -0.6622048   -8.02177429]]
2
[[-4.55642366 -8.41857052 -4.63613272 -8.11898899]]
0
[[-13.44650078 -16.08648682  -0.6622048   -8.02177429]]
2
[[-4.55642366 -8.41857052 -4.63613272 -8.11898899]]
0
[[-13.44650078 -16.08648682  -0.6622048   -8.02177429]]
2
[[-4.55642366 -8.41857052 -4.63613272 -8.11898899]]
0
[[-13.44650078 -16.08648682  -0.6622048   -8.02177429]]
2
[[-4.55642366 -8.41857052 -4.63613272 -8.11898899]]
0
[[-13.44650078 -16.08648682  -0.6622048   -8.02177429]]
2
[[-4.55642366 -8.41857052 -4.63613272 -8.11898899]]
0
[[-13.44650078 -16.08648682  -0.6622048   -8.02177429]]
2
[[-4.55642366 -8.41857052 -4.63613272 -8.11898899]]
0
[[-13.44650078 -16.08648682  -0.6622048   -8.02177429]]
2
[[-4.55642366 -8.41857052 -4.63613272 -8.11898899]]
0
[[-13.44650078 -16.08648682  -0.6622048   -8.02177429]]
2
[[-4.55642366 -8.41857052 -4.63613272 -8.11898899]]
0
[[-13.44650078 -16.08648682  -0.6622048   -8.02177429]]
2
[[-4.55642366 -8.41857052 -4.63613272 -8.11898899]]
0
[[-13.44650078 -16.08648682  -0.6622048   -8.02177429]]
2
[[-4.55642366 -8.41857052 -4.63613272 -8.11898899]]
0
[[-13.44650078 -16.08648682  -0.6622048   -8.02177429]]
2
[[-4.55642366 -8.41857052 -4.63613272 -8.11898899]]
0
[[-13.44650078 -16.08648682  -0.6622048   -8.02177429]]
2
[[-4.55642366 -8.41857052 -4.63613272 -8.11898899]]
0
[[-13.44650078 -16.08648682  -0.6622048   -8.02177429]]
2
[[-4.55642366 -8.41857052 -4.63613272 -8.11898899]]
0
[[-13.44650078 -16.08648682  -0.6622048   -8.02177429]]
2
[[-4.55642366 -8.41857052 -4.63613272 -8.11898899]]
0
[[-13.44650078 -16.08648682  -0.6622048   -8.02177429]]
2
[[-4.55642366 -8.41857052 -4.63613272 -8.11898899]]
0
[[-13.44650078 -16.08648682  -0.6622048   -8.02177429]]
2
[[-4.55642366 -8.41857052 -4.63613272 -8.11898899]]
0
[[-13.44650078 -16.08648682  -0.6622048   -8.02177429]]
2
[[-4.55642366 -8.41857052 -4.63613272 -8.11898899]]
0
[[-13.44650078 -16.08648682  -0.6622048   -8.02177429]]
2
[[-4.55642366 -8.41857052 -4.63613272 -8.11898899]]
0
[[-13.44650078 -16.08648682  -0.6622048   -8.02177429]]
2
[[-4.55642366 -8.41857052 -4.63613272 -8.11898899]]
0
[[-13.44650078 -16.08648682  -0.6622048   -8.02177429]]
2
[[-4.55642366 -8.41857052 -4.63613272 -8.11898899]]
0
[[-13.44650078 -16.08648682  -0.6622048   -8.02177429]]
2
[[-4.55642366 -8.41857052 -4.63613272 -8.11898899]]
0
[[-13.44650078 -16.08648682  -0.6622048   -8.02177429]]
2
[[-4.55642366 -8.41857052 -4.63613272 -8.11898899]]
0
[[-13.44650078 -16.08648682  -0.6622048   -8.02177429]]
2
[[-4.55642366 -8.41857052 -4.63613272 -8.11898899]]
0
[[-13.44650078 -16.08648682  -0.6622048   -8.02177429]]
2
[[-4.55642366 -8.41857052 -4.63613272 -8.11898899]]
0
[[-13.44650078 -16.08648682  -0.6622048   -8.02177429]]
2
[[-4.55642366 -8.41857052 -4.63613272 -8.11898899]]
0
[[-13.44650078 -16.08648682  -0.6622048   -8.02177429]]
2
[[-4.55642366 -8.41857052 -4.63613272 -8.11898899]]
0
[[-13.44650078 -16.08648682  -0.6622048   -8.02177429]]
2
[[-4.55642366 -8.41857052 -4.63613272 -8.11898899]]
0
[[-13.44650078 -16.08648682  -0.6622048   -8.02177429]]
2
[[-4.55642366 -8.41857052 -4.63613272 -8.11898899]]
0
[[-13.44650078 -16.08648682  -0.6622048   -8.02177429]]
2
[[-4.55642366 -8.41857052 -4.63613272 -8.11898899]]
0
[[-13.44650078 -16.08648682  -0.6622048   -8.02177429]]
2
[[-4.55642366 -8.41857052 -4.63613272 -8.11898899]]
0
[[-13.44650078 -16.08648682  -0.6622048   -8.02177429]]
2
[[-4.55642366 -8.41857052 -4.63613272 -8.11898899]]
0
[[-13.44650078 -16.08648682  -0.6622048   -8.02177429]]
2
[[-4.55642366 -8.41857052 -4.63613272 -8.11898899]]
0
[[-13.44650078 -16.08648682  -0.6622048   -8.02177429]]
2
[[-4.55642366 -8.41857052 -4.63613272 -8.11898899]]
0
[[-13.44650078 -16.08648682  -0.6622048   -8.02177429]]
2
[[-4.55642366 -8.41857052 -4.63613272 -8.11898899]]
0
[[-13.44650078 -16.08648682  -0.6622048   -8.02177429]]
2
[[-4.55642366 -8.41857052 -4.63613272 -8.11898899]]
0
[[-13.44650078 -16.08648682  -0.6622048   -8.02177429]]
2
[[-4.55642366 -8.41857052 -4.63613272 -8.11898899]]
0
[[-13.44650078 -16.08648682  -0.6622048   -8.02177429]]
2
[[-4.55642366 -8.41857052 -4.63613272 -8.11898899]]
0
[[-13.44650078 -16.08648682  -0.6622048   -8.02177429]]
2
[[-4.55642366 -8.41857052 -4.63613272 -8.11898899]]
0
FAIL
1/2
