[[ -5.17444277   0.22082157 -13.24952984  -5.66377115]]
1
[[ -5.49227762   0.50603217 -14.71071911  -5.2809763 ]]
1
[[ -7.68053293  -6.30792093 -13.44462109  -5.58377743]]
3
[[ -5.49227762   0.50603217 -14.71071911  -5.2809763 ]]
1
[[ -7.68053293  -6.30792093 -13.44462109  -5.58377743]]
3
[[ -5.49227762   0.50603217 -14.71071911  -5.2809763 ]]
1
[[ -7.68053293  -6.30792093 -13.44462109  -5.58377743]]
3
[[ -5.49227762   0.50603217 -14.71071911  -5.2809763 ]]
1
[[ -7.68053293  -6.30792093 -13.44462109  -5.58377743]]
3
[[ -5.49227762   0.50603217 -14.71071911  -5.2809763 ]]
1
[[ -7.68053293  -6.30792093 -13.44462109  -5.58377743]]
3
[[ -5.49227762   0.50603217 -14.71071911  -5.2809763 ]]
1
[[ -7.68053293  -6.30792093 -13.44462109  -5.58377743]]
3
[[ -5.49227762   0.50603217 -14.71071911  -5.2809763 ]]
1
[[ -7.68053293  -6.30792093 -13.44462109  -5.58377743]]
3
[[ -5.49227762   0.50603217 -14.71071911  -5.2809763 ]]
1
[[ -7.68053293  -6.30792093 -13.44462109  -5.58377743]]
3
[[ -5.49227762   0.50603217 -14.71071911  -5.2809763 ]]
1
[[ -7.68053293  -6.30792093 -13.44462109  -5.58377743]]
3
[[ -5.49227762   0.50603217 -14.71071911  -5.2809763 ]]
1
[[ -7.68053293  -6.30792093 -13.44462109  -5.58377743]]
3
[[ -5.49227762   0.50603217 -14.71071911  -5.2809763 ]]
1
[[ -7.68053293  -6.30792093 -13.44462109  -5.58377743]]
3
[[ -5.49227762   0.50603217 -14.71071911  -5.2809763 ]]
1
[[ -7.68053293  -6.30792093 -13.44462109  -5.58377743]]
3
[[ -5.49227762   0.50603217 -14.71071911  -5.2809763 ]]
1
[[ -7.68053293  -6.30792093 -13.44462109  -5.58377743]]
3
[[ -5.49227762   0.50603217 -14.71071911  -5.2809763 ]]
1
[[ -7.68053293  -6.30792093 -13.44462109  -5.58377743]]
3
[[ -5.49227762   0.50603217 -14.71071911  -5.2809763 ]]
1
[[ -7.68053293  -6.30792093 -13.44462109  -5.58377743]]
3
[[ -5.49227762   0.50603217 -14.71071911  -5.2809763 ]]
1
[[ -7.68053293  -6.30792093 -13.44462109  -5.58377743]]
3
[[ -5.49227762   0.50603217 -14.71071911  -5.2809763 ]]
1
[[ -7.68053293  -6.30792093 -13.44462109  -5.58377743]]
3
[[ -5.49227762   0.50603217 -14.71071911  -5.2809763 ]]
1
[[ -7.68053293  -6.30792093 -13.44462109  -5.58377743]]
3
[[ -5.49227762   0.50603217 -14.71071911  -5.2809763 ]]
1
[[ -7.68053293  -6.30792093 -13.44462109  -5.58377743]]
3
[[ -5.49227762   0.50603217 -14.71071911  -5.2809763 ]]
1
[[ -7.68053293  -6.30792093 -13.44462109  -5.58377743]]
3
[[ -5.49227762   0.50603217 -14.71071911  -5.2809763 ]]
1
[[ -7.68053293  -6.30792093 -13.44462109  -5.58377743]]
3
[[ -5.49227762   0.50603217 -14.71071911  -5.2809763 ]]
1
[[ -7.68053293  -6.30792093 -13.44462109  -5.58377743]]
3
[[ -5.49227762   0.50603217 -14.71071911  -5.2809763 ]]
1
[[ -7.68053293  -6.30792093 -13.44462109  -5.58377743]]
3
[[ -5.49227762   0.50603217 -14.71071911  -5.2809763 ]]
1
[[ -7.68053293  -6.30792093 -13.44462109  -5.58377743]]
3
[[ -5.49227762   0.50603217 -14.71071911  -5.2809763 ]]
1
[[ -7.68053293  -6.30792093 -13.44462109  -5.58377743]]
3
[[ -5.49227762   0.50603217 -14.71071911  -5.2809763 ]]
1
[[ -7.68053293  -6.30792093 -13.44462109  -5.58377743]]
3
[[ -5.49227762   0.50603217 -14.71071911  -5.2809763 ]]
1
[[ -7.68053293  -6.30792093 -13.44462109  -5.58377743]]
3
[[ -5.49227762   0.50603217 -14.71071911  -5.2809763 ]]
1
[[ -7.68053293  -6.30792093 -13.44462109  -5.58377743]]
3
[[ -5.49227762   0.50603217 -14.71071911  -5.2809763 ]]
1
[[ -7.68053293  -6.30792093 -13.44462109  -5.58377743]]
3
[[ -5.49227762   0.50603217 -14.71071911  -5.2809763 ]]
1
[[ -7.68053293  -6.30792093 -13.44462109  -5.58377743]]
3
[[ -5.49227762   0.50603217 -14.71071911  -5.2809763 ]]
1
[[ -7.68053293  -6.30792093 -13.44462109  -5.58377743]]
3
[[ -5.49227762   0.50603217 -14.71071911  -5.2809763 ]]
1
[[ -7.68053293  -6.30792093 -13.44462109  -5.58377743]]
3
[[ -5.49227762   0.50603217 -14.71071911  -5.2809763 ]]
1
[[ -7.68053293  -6.30792093 -13.44462109  -5.58377743]]
3
[[ -5.49227762   0.50603217 -14.71071911  -5.2809763 ]]
1
[[ -7.68053293  -6.30792093 -13.44462109  -5.58377743]]
3
[[ -5.49227762   0.50603217 -14.71071911  -5.2809763 ]]
1
[[ -7.68053293  -6.30792093 -13.44462109  -5.58377743]]
3
[[ -5.49227762   0.50603217 -14.71071911  -5.2809763 ]]
1
[[ -7.68053293  -6.30792093 -13.44462109  -5.58377743]]
3
[[ -5.49227762   0.50603217 -14.71071911  -5.2809763 ]]
1
[[ -7.68053293  -6.30792093 -13.44462109  -5.58377743]]
3
[[ -5.49227762   0.50603217 -14.71071911  -5.2809763 ]]
1
[[ -7.68053293  -6.30792093 -13.44462109  -5.58377743]]
3
[[ -5.49227762   0.50603217 -14.71071911  -5.2809763 ]]
1
[[ -7.68053293  -6.30792093 -13.44462109  -5.58377743]]
3
[[ -5.49227762   0.50603217 -14.71071911  -5.2809763 ]]
1
[[ -7.68053293  -6.30792093 -13.44462109  -5.58377743]]
3
[[ -5.49227762   0.50603217 -14.71071911  -5.2809763 ]]
1
[[ -7.68053293  -6.30792093 -13.44462109  -5.58377743]]
3
[[ -5.49227762   0.50603217 -14.71071911  -5.2809763 ]]
1
[[ -7.68053293  -6.30792093 -13.44462109  -5.58377743]]
3
[[ -5.49227762   0.50603217 -14.71071911  -5.2809763 ]]
1
[[ -7.68053293  -6.30792093 -13.44462109  -5.58377743]]
3
[[ -5.49227762   0.50603217 -14.71071911  -5.2809763 ]]
1
[[ -7.68053293  -6.30792093 -13.44462109  -5.58377743]]
3
[[ -5.49227762   0.50603217 -14.71071911  -5.2809763 ]]
1
[[ -7.68053293  -6.30792093 -13.44462109  -5.58377743]]
3
[[ -5.49227762   0.50603217 -14.71071911  -5.2809763 ]]
1
[[ -7.68053293  -6.30792093 -13.44462109  -5.58377743]]
3
[[ -5.49227762   0.50603217 -14.71071911  -5.2809763 ]]
1
[[ -7.68053293  -6.30792093 -13.44462109  -5.58377743]]
3
[[ -5.49227762   0.50603217 -14.71071911  -5.2809763 ]]
1
[[ -7.68053293  -6.30792093 -13.44462109  -5.58377743]]
3
[[ -5.49227762   0.50603217 -14.71071911  -5.2809763 ]]
1
[[ -7.68053293  -6.30792093 -13.44462109  -5.58377743]]
3
[[ -5.49227762   0.50603217 -14.71071911  -5.2809763 ]]
1
[[ -7.68053293  -6.30792093 -13.44462109  -5.58377743]]
3
FAIL
0/8
