[[-4.74403143 -5.29197025 -3.94046855 -7.98588324]]
2
[[-2.55951738 -6.61369848 -3.03579712 -8.42182922]]
0
[[-4.74403143 -5.29197025 -3.94046855 -7.98588324]]
2
[[-2.55951738 -6.61369848 -3.03579712 -8.42182922]]
0
[[-4.74403143 -5.29197025 -3.94046855 -7.98588324]]
2
[[-2.55951738 -6.61369848 -3.03579712 -8.42182922]]
0
[[-4.74403143 -5.29197025 -3.94046855 -7.98588324]]
2
[[-2.55951738 -6.61369848 -3.03579712 -8.42182922]]
0
[[-4.74403143 -5.29197025 -3.94046855 -7.98588324]]
2
[[-2.55951738 -6.61369848 -3.03579712 -8.42182922]]
0
[[-4.74403143 -5.29197025 -3.94046855 -7.98588324]]
2
[[-2.55951738 -6.61369848 -3.03579712 -8.42182922]]
0
[[-4.74403143 -5.29197025 -3.94046855 -7.98588324]]
2
[[-2.55951738 -6.61369848 -3.03579712 -8.42182922]]
0
[[-4.74403143 -5.29197025 -3.94046855 -7.98588324]]
2
[[-2.55951738 -6.61369848 -3.03579712 -8.42182922]]
0
[[-4.74403143 -5.29197025 -3.94046855 -7.98588324]]
2
[[-2.55951738 -6.61369848 -3.03579712 -8.42182922]]
0
[[-4.74403143 -5.29197025 -3.94046855 -7.98588324]]
2
[[-2.55951738 -6.61369848 -3.03579712 -8.42182922]]
0
[[-4.74403143 -5.29197025 -3.94046855 -7.98588324]]
2
[[-2.55951738 -6.61369848 -3.03579712 -8.42182922]]
0
[[-4.74403143 -5.29197025 -3.94046855 -7.98588324]]
2
[[-2.55951738 -6.61369848 -3.03579712 -8.42182922]]
0
[[-4.74403143 -5.29197025 -3.94046855 -7.98588324]]
2
[[-2.55951738 -6.61369848 -3.03579712 -8.42182922]]
0
[[-4.74403143 -5.29197025 -3.94046855 -7.98588324]]
2
[[-2.55951738 -6.61369848 -3.03579712 -8.42182922]]
0
[[-4.74403143 -5.29197025 -3.94046855 -7.98588324]]
2
[[-2.55951738 -6.61369848 -3.03579712 -8.42182922]]
0
[[-4.74403143 -5.29197025 -3.94046855 -7.98588324]]
2
[[-2.55951738 -6.61369848 -3.03579712 -8.42182922]]
0
[[-4.74403143 -5.29197025 -3.94046855 -7.98588324]]
2
[[-2.55951738 -6.61369848 -3.03579712 -8.42182922]]
0
[[-4.74403143 -5.29197025 -3.94046855 -7.98588324]]
2
[[-2.55951738 -6.61369848 -3.03579712 -8.42182922]]
0
[[-4.74403143 -5.29197025 -3.94046855 -7.98588324]]
2
[[-2.55951738 -6.61369848 -3.03579712 -8.42182922]]
0
[[-4.74403143 -5.29197025 -3.94046855 -7.98588324]]
2
[[-2.55951738 -6.61369848 -3.03579712 -8.42182922]]
0
[[-4.74403143 -5.29197025 -3.94046855 -7.98588324]]
2
[[-2.55951738 -6.61369848 -3.03579712 -8.42182922]]
0
[[-4.74403143 -5.29197025 -3.94046855 -7.98588324]]
2
[[-2.55951738 -6.61369848 -3.03579712 -8.42182922]]
0
[[-4.74403143 -5.29197025 -3.94046855 -7.98588324]]
2
[[-2.55951738 -6.61369848 -3.03579712 -8.42182922]]
0
[[-4.74403143 -5.29197025 -3.94046855 -7.98588324]]
2
[[-2.55951738 -6.61369848 -3.03579712 -8.42182922]]
0
[[-4.74403143 -5.29197025 -3.94046855 -7.98588324]]
2
[[-2.55951738 -6.61369848 -3.03579712 -8.42182922]]
0
[[-4.74403143 -5.29197025 -3.94046855 -7.98588324]]
2
[[-2.55951738 -6.61369848 -3.03579712 -8.42182922]]
0
[[-4.74403143 -5.29197025 -3.94046855 -7.98588324]]
2
[[-2.55951738 -6.61369848 -3.03579712 -8.42182922]]
0
[[-4.74403143 -5.29197025 -3.94046855 -7.98588324]]
2
[[-2.55951738 -6.61369848 -3.03579712 -8.42182922]]
0
[[-4.74403143 -5.29197025 -3.94046855 -7.98588324]]
2
[[-2.55951738 -6.61369848 -3.03579712 -8.42182922]]
0
[[-4.74403143 -5.29197025 -3.94046855 -7.98588324]]
2
[[-2.55951738 -6.61369848 -3.03579712 -8.42182922]]
0
[[-4.74403143 -5.29197025 -3.94046855 -7.98588324]]
2
[[-2.55951738 -6.61369848 -3.03579712 -8.42182922]]
0
[[-4.74403143 -5.29197025 -3.94046855 -7.98588324]]
2
[[-2.55951738 -6.61369848 -3.03579712 -8.42182922]]
0
[[-4.74403143 -5.29197025 -3.94046855 -7.98588324]]
2
[[-2.55951738 -6.61369848 -3.03579712 -8.42182922]]
0
[[-4.74403143 -5.29197025 -3.94046855 -7.98588324]]
2
[[-2.55951738 -6.61369848 -3.03579712 -8.42182922]]
0
[[-4.74403143 -5.29197025 -3.94046855 -7.98588324]]
2
[[-2.55951738 -6.61369848 -3.03579712 -8.42182922]]
0
[[-4.74403143 -5.29197025 -3.94046855 -7.98588324]]
2
[[-2.55951738 -6.61369848 -3.03579712 -8.42182922]]
0
[[-4.74403143 -5.29197025 -3.94046855 -7.98588324]]
2
[[-2.55951738 -6.61369848 -3.03579712 -8.42182922]]
0
[[-4.74403143 -5.29197025 -3.94046855 -7.98588324]]
2
[[-2.55951738 -6.61369848 -3.03579712 -8.42182922]]
0
[[-4.74403143 -5.29197025 -3.94046855 -7.98588324]]
2
[[-2.55951738 -6.61369848 -3.03579712 -8.42182922]]
0
[[-4.74403143 -5.29197025 -3.94046855 -7.98588324]]
2
[[-2.55951738 -6.61369848 -3.03579712 -8.42182922]]
0
[[-4.74403143 -5.29197025 -3.94046855 -7.98588324]]
2
[[-2.55951738 -6.61369848 -3.03579712 -8.42182922]]
0
[[-4.74403143 -5.29197025 -3.94046855 -7.98588324]]
2
[[-2.55951738 -6.61369848 -3.03579712 -8.42182922]]
0
[[-4.74403143 -5.29197025 -3.94046855 -7.98588324]]
2
[[-2.55951738 -6.61369848 -3.03579712 -8.42182922]]
0
[[-4.74403143 -5.29197025 -3.94046855 -7.98588324]]
2
[[-2.55951738 -6.61369848 -3.03579712 -8.42182922]]
0
[[-4.74403143 -5.29197025 -3.94046855 -7.98588324]]
2
[[-2.55951738 -6.61369848 -3.03579712 -8.42182922]]
0
[[-4.74403143 -5.29197025 -3.94046855 -7.98588324]]
2
[[-2.55951738 -6.61369848 -3.03579712 -8.42182922]]
0
[[-4.74403143 -5.29197025 -3.94046855 -7.98588324]]
2
[[-2.55951738 -6.61369848 -3.03579712 -8.42182922]]
0
[[-4.74403143 -5.29197025 -3.94046855 -7.98588324]]
2
[[-2.55951738 -6.61369848 -3.03579712 -8.42182922]]
0
[[-4.74403143 -5.29197025 -3.94046855 -7.98588324]]
2
[[-2.55951738 -6.61369848 -3.03579712 -8.42182922]]
0
[[-4.74403143 -5.29197025 -3.94046855 -7.98588324]]
2
[[-2.55951738 -6.61369848 -3.03579712 -8.42182922]]
0
[[-4.74403143 -5.29197025 -3.94046855 -7.98588324]]
2
FAIL
0/5
