[[ -5.056283     0.1826742  -13.15061092  -5.88869333]]
1
[[ -5.36947918   0.46799257 -14.60168266  -5.51504469]]
1
[[ -7.54936886  -6.3390789  -13.33363914  -5.79812956]]
3
[[ -5.36947918   0.46799257 -14.60168266  -5.51504469]]
1
[[ -7.54936886  -6.3390789  -13.33363914  -5.79812956]]
3
[[ -5.36947918   0.46799257 -14.60168266  -5.51504469]]
1
[[ -7.54936886  -6.3390789  -13.33363914  -5.79812956]]
3
[[ -5.36947918   0.46799257 -14.60168266  -5.51504469]]
1
[[ -7.54936886  -6.3390789  -13.33363914  -5.79812956]]
3
[[ -5.36947918   0.46799257 -14.60168266  -5.51504469]]
1
[[ -7.54936886  -6.3390789  -13.33363914  -5.79812956]]
3
[[ -5.36947918   0.46799257 -14.60168266  -5.51504469]]
1
[[ -7.54936886  -6.3390789  -13.33363914  -5.79812956]]
3
[[ -5.36947918   0.46799257 -14.60168266  -5.51504469]]
1
[[ -7.54936886  -6.3390789  -13.33363914  -5.79812956]]
3
[[ -5.36947918   0.46799257 -14.60168266  -5.51504469]]
1
[[ -7.54936886  -6.3390789  -13.33363914  -5.79812956]]
3
[[ -5.36947918   0.46799257 -14.60168266  -5.51504469]]
1
[[ -7.54936886  -6.3390789  -13.33363914  -5.79812956]]
3
[[ -5.36947918   0.46799257 -14.60168266  -5.51504469]]
1
[[ -7.54936886  -6.3390789  -13.33363914  -5.79812956]]
3
[[ -5.36947918   0.46799257 -14.60168266  -5.51504469]]
1
[[ -7.54936886  -6.3390789  -13.33363914  -5.79812956]]
3
[[ -5.36947918   0.46799257 -14.60168266  -5.51504469]]
1
[[ -7.54936886  -6.3390789  -13.33363914  -5.79812956]]
3
[[ -5.36947918   0.46799257 -14.60168266  -5.51504469]]
1
[[ -7.54936886  -6.3390789  -13.33363914  -5.79812956]]
3
[[ -5.36947918   0.46799257 -14.60168266  -5.51504469]]
1
[[ -7.54936886  -6.3390789  -13.33363914  -5.79812956]]
3
[[ -5.36947918   0.46799257 -14.60168266  -5.51504469]]
1
[[ -7.54936886  -6.3390789  -13.33363914  -5.79812956]]
3
[[ -5.36947918   0.46799257 -14.60168266  -5.51504469]]
1
[[ -7.54936886  -6.3390789  -13.33363914  -5.79812956]]
3
[[ -5.36947918   0.46799257 -14.60168266  -5.51504469]]
1
[[ -7.54936886  -6.3390789  -13.33363914  -5.79812956]]
3
[[ -5.36947918   0.46799257 -14.60168266  -5.51504469]]
1
[[ -7.54936886  -6.3390789  -13.33363914  -5.79812956]]
3
[[ -5.36947918   0.46799257 -14.60168266  -5.51504469]]
1
[[ -7.54936886  -6.3390789  -13.33363914  -5.79812956]]
3
[[ -5.36947918   0.46799257 -14.60168266  -5.51504469]]
1
[[ -7.54936886  -6.3390789  -13.33363914  -5.79812956]]
3
[[ -5.36947918   0.46799257 -14.60168266  -5.51504469]]
1
[[ -7.54936886  -6.3390789  -13.33363914  -5.79812956]]
3
[[ -5.36947918   0.46799257 -14.60168266  -5.51504469]]
1
[[ -7.54936886  -6.3390789  -13.33363914  -5.79812956]]
3
[[ -5.36947918   0.46799257 -14.60168266  -5.51504469]]
1
[[ -7.54936886  -6.3390789  -13.33363914  -5.79812956]]
3
[[ -5.36947918   0.46799257 -14.60168266  -5.51504469]]
1
[[ -7.54936886  -6.3390789  -13.33363914  -5.79812956]]
3
[[ -5.36947918   0.46799257 -14.60168266  -5.51504469]]
1
[[ -7.54936886  -6.3390789  -13.33363914  -5.79812956]]
3
[[ -5.36947918   0.46799257 -14.60168266  -5.51504469]]
1
[[ -7.54936886  -6.3390789  -13.33363914  -5.79812956]]
3
[[ -5.36947918   0.46799257 -14.60168266  -5.51504469]]
1
[[ -7.54936886  -6.3390789  -13.33363914  -5.79812956]]
3
[[ -5.36947918   0.46799257 -14.60168266  -5.51504469]]
1
[[ -7.54936886  -6.3390789  -13.33363914  -5.79812956]]
3
[[ -5.36947918   0.46799257 -14.60168266  -5.51504469]]
1
[[ -7.54936886  -6.3390789  -13.33363914  -5.79812956]]
3
[[ -5.36947918   0.46799257 -14.60168266  -5.51504469]]
1
[[ -7.54936886  -6.3390789  -13.33363914  -5.79812956]]
3
[[ -5.36947918   0.46799257 -14.60168266  -5.51504469]]
1
[[ -7.54936886  -6.3390789  -13.33363914  -5.79812956]]
3
[[ -5.36947918   0.46799257 -14.60168266  -5.51504469]]
1
[[ -7.54936886  -6.3390789  -13.33363914  -5.79812956]]
3
[[ -5.36947918   0.46799257 -14.60168266  -5.51504469]]
1
[[ -7.54936886  -6.3390789  -13.33363914  -5.79812956]]
3
[[ -5.36947918   0.46799257 -14.60168266  -5.51504469]]
1
[[ -7.54936886  -6.3390789  -13.33363914  -5.79812956]]
3
[[ -5.36947918   0.46799257 -14.60168266  -5.51504469]]
1
[[ -7.54936886  -6.3390789  -13.33363914  -5.79812956]]
3
[[ -5.36947918   0.46799257 -14.60168266  -5.51504469]]
1
[[ -7.54936886  -6.3390789  -13.33363914  -5.79812956]]
3
[[ -5.36947918   0.46799257 -14.60168266  -5.51504469]]
1
[[ -7.54936886  -6.3390789  -13.33363914  -5.79812956]]
3
[[ -5.36947918   0.46799257 -14.60168266  -5.51504469]]
1
[[ -7.54936886  -6.3390789  -13.33363914  -5.79812956]]
3
[[ -5.36947918   0.46799257 -14.60168266  -5.51504469]]
1
[[ -7.54936886  -6.3390789  -13.33363914  -5.79812956]]
3
[[ -5.36947918   0.46799257 -14.60168266  -5.51504469]]
1
[[ -7.54936886  -6.3390789  -13.33363914  -5.79812956]]
3
[[ -5.36947918   0.46799257 -14.60168266  -5.51504469]]
1
[[ -7.54936886  -6.3390789  -13.33363914  -5.79812956]]
3
[[ -5.36947918   0.46799257 -14.60168266  -5.51504469]]
1
[[ -7.54936886  -6.3390789  -13.33363914  -5.79812956]]
3
[[ -5.36947918   0.46799257 -14.60168266  -5.51504469]]
1
[[ -7.54936886  -6.3390789  -13.33363914  -5.79812956]]
3
[[ -5.36947918   0.46799257 -14.60168266  -5.51504469]]
1
[[ -7.54936886  -6.3390789  -13.33363914  -5.79812956]]
3
[[ -5.36947918   0.46799257 -14.60168266  -5.51504469]]
1
[[ -7.54936886  -6.3390789  -13.33363914  -5.79812956]]
3
[[ -5.36947918   0.46799257 -14.60168266  -5.51504469]]
1
[[ -7.54936886  -6.3390789  -13.33363914  -5.79812956]]
3
[[ -5.36947918   0.46799257 -14.60168266  -5.51504469]]
1
[[ -7.54936886  -6.3390789  -13.33363914  -5.79812956]]
3
[[ -5.36947918   0.46799257 -14.60168266  -5.51504469]]
1
[[ -7.54936886  -6.3390789  -13.33363914  -5.79812956]]
3
[[ -5.36947918   0.46799257 -14.60168266  -5.51504469]]
1
[[ -7.54936886  -6.3390789  -13.33363914  -5.79812956]]
3
[[ -5.36947918   0.46799257 -14.60168266  -5.51504469]]
1
[[ -7.54936886  -6.3390789  -13.33363914  -5.79812956]]
3
FAIL
0/8
