[[ 19695056.  29930886.  29347386.  30391196.]]
3
[[ 24257430.  35083484.  32412492.  34716976.]]
1
[[ 19695056.  29930886.  29347386.  30391196.]]
3
[[ 24257430.  35083484.  32412492.  34716976.]]
1
[[ 19695056.  29930886.  29347386.  30391196.]]
3
[[ 24257430.  35083484.  32412492.  34716976.]]
1
[[ 19695056.  29930886.  29347386.  30391196.]]
3
[[ 24257430.  35083484.  32412492.  34716976.]]
1
[[ 19695056.  29930886.  29347386.  30391196.]]
3
[[ 24257430.  35083484.  32412492.  34716976.]]
1
[[ 19695056.  29930886.  29347386.  30391196.]]
3
[[ 24257430.  35083484.  32412492.  34716976.]]
1
[[ 19695056.  29930886.  29347386.  30391196.]]
3
[[ 24257430.  35083484.  32412492.  34716976.]]
1
[[ 19695056.  29930886.  29347386.  30391196.]]
3
[[ 24257430.  35083484.  32412492.  34716976.]]
1
[[ 19695056.  29930886.  29347386.  30391196.]]
3
[[ 24257430.  35083484.  32412492.  34716976.]]
1
[[ 19695056.  29930886.  29347386.  30391196.]]
3
[[ 24257430.  35083484.  32412492.  34716976.]]
1
[[ 19695056.  29930886.  29347386.  30391196.]]
3
[[ 24257430.  35083484.  32412492.  34716976.]]
1
[[ 19695056.  29930886.  29347386.  30391196.]]
3
[[ 24257430.  35083484.  32412492.  34716976.]]
1
[[ 19695056.  29930886.  29347386.  30391196.]]
3
[[ 24257430.  35083484.  32412492.  34716976.]]
1
[[ 19695056.  29930886.  29347386.  30391196.]]
3
[[ 24257430.  35083484.  32412492.  34716976.]]
1
[[ 19695056.  29930886.  29347386.  30391196.]]
3
[[ 24257430.  35083484.  32412492.  34716976.]]
1
[[ 19695056.  29930886.  29347386.  30391196.]]
3
[[ 24257430.  35083484.  32412492.  34716976.]]
1
[[ 19695056.  29930886.  29347386.  30391196.]]
3
[[ 24257430.  35083484.  32412492.  34716976.]]
1
[[ 19695056.  29930886.  29347386.  30391196.]]
3
[[ 24257430.  35083484.  32412492.  34716976.]]
1
[[ 19695056.  29930886.  29347386.  30391196.]]
3
[[ 24257430.  35083484.  32412492.  34716976.]]
1
[[ 19695056.  29930886.  29347386.  30391196.]]
3
[[ 24257430.  35083484.  32412492.  34716976.]]
1
[[ 19695056.  29930886.  29347386.  30391196.]]
3
[[ 24257430.  35083484.  32412492.  34716976.]]
1
[[ 19695056.  29930886.  29347386.  30391196.]]
3
[[ 24257430.  35083484.  32412492.  34716976.]]
1
[[ 19695056.  29930886.  29347386.  30391196.]]
3
[[ 24257430.  35083484.  32412492.  34716976.]]
1
[[ 19695056.  29930886.  29347386.  30391196.]]
3
[[ 24257430.  35083484.  32412492.  34716976.]]
1
[[ 19695056.  29930886.  29347386.  30391196.]]
3
[[ 24257430.  35083484.  32412492.  34716976.]]
1
[[ 19695056.  29930886.  29347386.  30391196.]]
3
[[ 24257430.  35083484.  32412492.  34716976.]]
1
[[ 19695056.  29930886.  29347386.  30391196.]]
3
[[ 24257430.  35083484.  32412492.  34716976.]]
1
[[ 19695056.  29930886.  29347386.  30391196.]]
3
[[ 24257430.  35083484.  32412492.  34716976.]]
1
[[ 19695056.  29930886.  29347386.  30391196.]]
3
[[ 24257430.  35083484.  32412492.  34716976.]]
1
[[ 19695056.  29930886.  29347386.  30391196.]]
3
[[ 24257430.  35083484.  32412492.  34716976.]]
1
[[ 19695056.  29930886.  29347386.  30391196.]]
3
[[ 24257430.  35083484.  32412492.  34716976.]]
1
[[ 19695056.  29930886.  29347386.  30391196.]]
3
[[ 24257430.  35083484.  32412492.  34716976.]]
1
[[ 19695056.  29930886.  29347386.  30391196.]]
3
[[ 24257430.  35083484.  32412492.  34716976.]]
1
[[ 19695056.  29930886.  29347386.  30391196.]]
3
[[ 24257430.  35083484.  32412492.  34716976.]]
1
[[ 19695056.  29930886.  29347386.  30391196.]]
3
[[ 24257430.  35083484.  32412492.  34716976.]]
1
[[ 19695056.  29930886.  29347386.  30391196.]]
3
[[ 24257430.  35083484.  32412492.  34716976.]]
1
[[ 19695056.  29930886.  29347386.  30391196.]]
3
[[ 24257430.  35083484.  32412492.  34716976.]]
1
[[ 19695056.  29930886.  29347386.  30391196.]]
3
[[ 24257430.  35083484.  32412492.  34716976.]]
1
[[ 19695056.  29930886.  29347386.  30391196.]]
3
[[ 24257430.  35083484.  32412492.  34716976.]]
1
[[ 19695056.  29930886.  29347386.  30391196.]]
3
[[ 24257430.  35083484.  32412492.  34716976.]]
1
[[ 19695056.  29930886.  29347386.  30391196.]]
3
[[ 24257430.  35083484.  32412492.  34716976.]]
1
[[ 19695056.  29930886.  29347386.  30391196.]]
3
[[ 24257430.  35083484.  32412492.  34716976.]]
1
[[ 19695056.  29930886.  29347386.  30391196.]]
3
[[ 24257430.  35083484.  32412492.  34716976.]]
1
[[ 19695056.  29930886.  29347386.  30391196.]]
3
[[ 24257430.  35083484.  32412492.  34716976.]]
1
[[ 19695056.  29930886.  29347386.  30391196.]]
3
[[ 24257430.  35083484.  32412492.  34716976.]]
1
[[ 19695056.  29930886.  29347386.  30391196.]]
3
[[ 24257430.  35083484.  32412492.  34716976.]]
1
[[ 19695056.  29930886.  29347386.  30391196.]]
3
[[ 24257430.  35083484.  32412492.  34716976.]]
1
[[ 19695056.  29930886.  29347386.  30391196.]]
3
[[ 24257430.  35083484.  32412492.  34716976.]]
1
[[ 19695056.  29930886.  29347386.  30391196.]]
3
[[ 24257430.  35083484.  32412492.  34716976.]]
1
[[ 19695056.  29930886.  29347386.  30391196.]]
3
[[ 24257430.  35083484.  32412492.  34716976.]]
1
[[ 19695056.  29930886.  29347386.  30391196.]]
3
FAIL
0/4
