[[-4.60313988 -5.32944775 -3.82888889 -8.23513126]]
2
[[-2.43044114 -6.65172911 -2.91530633 -8.68065453]]
0
[[-4.60313988 -5.32944775 -3.82888889 -8.23513126]]
2
[[-2.43044114 -6.65172911 -2.91530633 -8.68065453]]
0
[[-4.60313988 -5.32944775 -3.82888889 -8.23513126]]
2
[[-2.43044114 -6.65172911 -2.91530633 -8.68065453]]
0
[[-4.60313988 -5.32944775 -3.82888889 -8.23513126]]
2
[[-2.43044114 -6.65172911 -2.91530633 -8.68065453]]
0
[[-4.60313988 -5.32944775 -3.82888889 -8.23513126]]
2
[[-2.43044114 -6.65172911 -2.91530633 -8.68065453]]
0
[[-4.60313988 -5.32944775 -3.82888889 -8.23513126]]
2
[[-2.43044114 -6.65172911 -2.91530633 -8.68065453]]
0
[[-4.60313988 -5.32944775 -3.82888889 -8.23513126]]
2
[[-2.43044114 -6.65172911 -2.91530633 -8.68065453]]
0
[[-4.60313988 -5.32944775 -3.82888889 -8.23513126]]
2
[[-2.43044114 -6.65172911 -2.91530633 -8.68065453]]
0
[[-4.60313988 -5.32944775 -3.82888889 -8.23513126]]
2
[[-2.43044114 -6.65172911 -2.91530633 -8.68065453]]
0
[[-4.60313988 -5.32944775 -3.82888889 -8.23513126]]
2
[[-2.43044114 -6.65172911 -2.91530633 -8.68065453]]
0
[[-4.60313988 -5.32944775 -3.82888889 -8.23513126]]
2
[[-2.43044114 -6.65172911 -2.91530633 -8.68065453]]
0
[[-4.60313988 -5.32944775 -3.82888889 -8.23513126]]
2
[[-2.43044114 -6.65172911 -2.91530633 -8.68065453]]
0
[[-4.60313988 -5.32944775 -3.82888889 -8.23513126]]
2
[[-2.43044114 -6.65172911 -2.91530633 -8.68065453]]
0
[[-4.60313988 -5.32944775 -3.82888889 -8.23513126]]
2
[[-2.43044114 -6.65172911 -2.91530633 -8.68065453]]
0
[[-4.60313988 -5.32944775 -3.82888889 -8.23513126]]
2
[[-2.43044114 -6.65172911 -2.91530633 -8.68065453]]
0
[[-4.60313988 -5.32944775 -3.82888889 -8.23513126]]
2
[[-2.43044114 -6.65172911 -2.91530633 -8.68065453]]
0
[[-4.60313988 -5.32944775 -3.82888889 -8.23513126]]
2
[[-2.43044114 -6.65172911 -2.91530633 -8.68065453]]
0
[[-4.60313988 -5.32944775 -3.82888889 -8.23513126]]
2
[[-2.43044114 -6.65172911 -2.91530633 -8.68065453]]
0
[[-4.60313988 -5.32944775 -3.82888889 -8.23513126]]
2
[[-2.43044114 -6.65172911 -2.91530633 -8.68065453]]
0
[[-4.60313988 -5.32944775 -3.82888889 -8.23513126]]
2
[[-2.43044114 -6.65172911 -2.91530633 -8.68065453]]
0
[[-4.60313988 -5.32944775 -3.82888889 -8.23513126]]
2
[[-2.43044114 -6.65172911 -2.91530633 -8.68065453]]
0
[[-4.60313988 -5.32944775 -3.82888889 -8.23513126]]
2
[[-2.43044114 -6.65172911 -2.91530633 -8.68065453]]
0
[[-4.60313988 -5.32944775 -3.82888889 -8.23513126]]
2
[[-2.43044114 -6.65172911 -2.91530633 -8.68065453]]
0
[[-4.60313988 -5.32944775 -3.82888889 -8.23513126]]
2
[[-2.43044114 -6.65172911 -2.91530633 -8.68065453]]
0
[[-4.60313988 -5.32944775 -3.82888889 -8.23513126]]
2
[[-2.43044114 -6.65172911 -2.91530633 -8.68065453]]
0
[[-4.60313988 -5.32944775 -3.82888889 -8.23513126]]
2
[[-2.43044114 -6.65172911 -2.91530633 -8.68065453]]
0
[[-4.60313988 -5.32944775 -3.82888889 -8.23513126]]
2
[[-2.43044114 -6.65172911 -2.91530633 -8.68065453]]
0
[[-4.60313988 -5.32944775 -3.82888889 -8.23513126]]
2
[[-2.43044114 -6.65172911 -2.91530633 -8.68065453]]
0
[[-4.60313988 -5.32944775 -3.82888889 -8.23513126]]
2
[[-2.43044114 -6.65172911 -2.91530633 -8.68065453]]
0
[[-4.60313988 -5.32944775 -3.82888889 -8.23513126]]
2
[[-2.43044114 -6.65172911 -2.91530633 -8.68065453]]
0
[[-4.60313988 -5.32944775 -3.82888889 -8.23513126]]
2
[[-2.43044114 -6.65172911 -2.91530633 -8.68065453]]
0
[[-4.60313988 -5.32944775 -3.82888889 -8.23513126]]
2
[[-2.43044114 -6.65172911 -2.91530633 -8.68065453]]
0
[[-4.60313988 -5.32944775 -3.82888889 -8.23513126]]
2
[[-2.43044114 -6.65172911 -2.91530633 -8.68065453]]
0
[[-4.60313988 -5.32944775 -3.82888889 -8.23513126]]
2
[[-2.43044114 -6.65172911 -2.91530633 -8.68065453]]
0
[[-4.60313988 -5.32944775 -3.82888889 -8.23513126]]
2
[[-2.43044114 -6.65172911 -2.91530633 -8.68065453]]
0
[[-4.60313988 -5.32944775 -3.82888889 -8.23513126]]
2
[[-2.43044114 -6.65172911 -2.91530633 -8.68065453]]
0
[[-4.60313988 -5.32944775 -3.82888889 -8.23513126]]
2
[[-2.43044114 -6.65172911 -2.91530633 -8.68065453]]
0
[[-4.60313988 -5.32944775 -3.82888889 -8.23513126]]
2
[[-2.43044114 -6.65172911 -2.91530633 -8.68065453]]
0
[[-4.60313988 -5.32944775 -3.82888889 -8.23513126]]
2
[[-2.43044114 -6.65172911 -2.91530633 -8.68065453]]
0
[[-4.60313988 -5.32944775 -3.82888889 -8.23513126]]
2
[[-2.43044114 -6.65172911 -2.91530633 -8.68065453]]
0
[[-4.60313988 -5.32944775 -3.82888889 -8.23513126]]
2
[[-2.43044114 -6.65172911 -2.91530633 -8.68065453]]
0
[[-4.60313988 -5.32944775 -3.82888889 -8.23513126]]
2
[[-2.43044114 -6.65172911 -2.91530633 -8.68065453]]
0
[[-4.60313988 -5.32944775 -3.82888889 -8.23513126]]
2
[[-2.43044114 -6.65172911 -2.91530633 -8.68065453]]
0
[[-4.60313988 -5.32944775 -3.82888889 -8.23513126]]
2
[[-2.43044114 -6.65172911 -2.91530633 -8.68065453]]
0
[[-4.60313988 -5.32944775 -3.82888889 -8.23513126]]
2
[[-2.43044114 -6.65172911 -2.91530633 -8.68065453]]
0
[[-4.60313988 -5.32944775 -3.82888889 -8.23513126]]
2
[[-2.43044114 -6.65172911 -2.91530633 -8.68065453]]
0
[[-4.60313988 -5.32944775 -3.82888889 -8.23513126]]
2
[[-2.43044114 -6.65172911 -2.91530633 -8.68065453]]
0
[[-4.60313988 -5.32944775 -3.82888889 -8.23513126]]
2
[[-2.43044114 -6.65172911 -2.91530633 -8.68065453]]
0
[[-4.60313988 -5.32944775 -3.82888889 -8.23513126]]
2
[[-2.43044114 -6.65172911 -2.91530633 -8.68065453]]
0
[[-4.60313988 -5.32944775 -3.82888889 -8.23513126]]
2
[[-2.43044114 -6.65172911 -2.91530633 -8.68065453]]
0
[[-4.60313988 -5.32944775 -3.82888889 -8.23513126]]
2
FAIL
0/5
