[[-4.37847757 -8.47446823 -4.48179388 -8.30247307]]
0
[[-13.24493694 -16.12457657  -0.49442738  -8.19136429]]
2
[[-4.37847757 -8.47446823 -4.48179388 -8.30247307]]
0
[[-13.24493694 -16.12457657  -0.49442738  -8.19136429]]
2
[[-4.37847757 -8.47446823 -4.48179388 -8.30247307]]
0
[[-13.24493694 -16.12457657  -0.49442738  -8.19136429]]
2
[[-4.37847757 -8.47446823 -4.48179388 -8.30247307]]
0
[[-13.24493694 -16.12457657  -0.49442738  -8.19136429]]
2
[[-4.37847757 -8.47446823 -4.48179388 -8.30247307]]
0
[[-13.24493694 -16.12457657  -0.49442738  -8.19136429]]
2
[[-4.37847757 -8.47446823 -4.48179388 -8.30247307]]
0
[[-13.24493694 -16.12457657  -0.49442738  -8.19136429]]
2
[[-4.37847757 -8.47446823 -4.48179388 -8.30247307]]
0
[[-13.24493694 -16.12457657  -0.49442738  -8.19136429]]
2
[[-4.37847757 -8.47446823 -4.48179388 -8.30247307]]
0
[[-13.24493694 -16.12457657  -0.49442738  -8.19136429]]
2
[[-4.37847757 -8.47446823 -4.48179388 -8.30247307]]
0
[[-13.24493694 -16.12457657  -0.49442738  -8.19136429]]
2
[[-4.37847757 -8.47446823 -4.48179388 -8.30247307]]
0
[[-13.24493694 -16.12457657  -0.49442738  -8.19136429]]
2
[[-4.37847757 -8.47446823 -4.48179388 -8.30247307]]
0
[[-13.24493694 -16.12457657  -0.49442738  -8.19136429]]
2
[[-4.37847757 -8.47446823 -4.48179388 -8.30247307]]
0
[[-13.24493694 -16.12457657  -0.49442738  -8.19136429]]
2
[[-4.37847757 -8.47446823 -4.48179388 -8.30247307]]
0
[[-13.24493694 -16.12457657  -0.49442738  -8.19136429]]
2
[[-4.37847757 -8.47446823 -4.48179388 -8.30247307]]
0
[[-13.24493694 -16.12457657  -0.49442738  -8.19136429]]
2
[[-4.37847757 -8.47446823 -4.48179388 -8.30247307]]
0
[[-13.24493694 -16.12457657  -0.49442738  -8.19136429]]
2
[[-4.37847757 -8.47446823 -4.48179388 -8.30247307]]
0
[[-13.24493694 -16.12457657  -0.49442738  -8.19136429]]
2
[[-4.37847757 -8.47446823 -4.48179388 -8.30247307]]
0
[[-13.24493694 -16.12457657  -0.49442738  -8.19136429]]
2
[[-4.37847757 -8.47446823 -4.48179388 -8.30247307]]
0
[[-13.24493694 -16.12457657  -0.49442738  -8.19136429]]
2
[[-4.37847757 -8.47446823 -4.48179388 -8.30247307]]
0
[[-13.24493694 -16.12457657  -0.49442738  -8.19136429]]
2
[[-4.37847757 -8.47446823 -4.48179388 -8.30247307]]
0
[[-13.24493694 -16.12457657  -0.49442738  -8.19136429]]
2
[[-4.37847757 -8.47446823 -4.48179388 -8.30247307]]
0
[[-13.24493694 -16.12457657  -0.49442738  -8.19136429]]
2
[[-4.37847757 -8.47446823 -4.48179388 -8.30247307]]
0
[[-13.24493694 -16.12457657  -0.49442738  -8.19136429]]
2
[[-4.37847757 -8.47446823 -4.48179388 -8.30247307]]
0
[[-13.24493694 -16.12457657  -0.49442738  -8.19136429]]
2
[[-4.37847757 -8.47446823 -4.48179388 -8.30247307]]
0
[[-13.24493694 -16.12457657  -0.49442738  -8.19136429]]
2
[[-4.37847757 -8.47446823 -4.48179388 -8.30247307]]
0
[[-13.24493694 -16.12457657  -0.49442738  -8.19136429]]
2
[[-4.37847757 -8.47446823 -4.48179388 -8.30247307]]
0
[[-13.24493694 -16.12457657  -0.49442738  -8.19136429]]
2
[[-4.37847757 -8.47446823 -4.48179388 -8.30247307]]
0
[[-13.24493694 -16.12457657  -0.49442738  -8.19136429]]
2
[[-4.37847757 -8.47446823 -4.48179388 -8.30247307]]
0
[[-13.24493694 -16.12457657  -0.49442738  -8.19136429]]
2
[[-4.37847757 -8.47446823 -4.48179388 -8.30247307]]
0
[[-13.24493694 -16.12457657  -0.49442738  -8.19136429]]
2
[[-4.37847757 -8.47446823 -4.48179388 -8.30247307]]
0
[[-13.24493694 -16.12457657  -0.49442738  -8.19136429]]
2
[[-4.37847757 -8.47446823 -4.48179388 -8.30247307]]
0
[[-13.24493694 -16.12457657  -0.49442738  -8.19136429]]
2
[[-4.37847757 -8.47446823 -4.48179388 -8.30247307]]
0
[[-13.24493694 -16.12457657  -0.49442738  -8.19136429]]
2
[[-4.37847757 -8.47446823 -4.48179388 -8.30247307]]
0
[[-13.24493694 -16.12457657  -0.49442738  -8.19136429]]
2
[[-4.37847757 -8.47446823 -4.48179388 -8.30247307]]
0
[[-13.24493694 -16.12457657  -0.49442738  -8.19136429]]
2
[[-4.37847757 -8.47446823 -4.48179388 -8.30247307]]
0
[[-13.24493694 -16.12457657  -0.49442738  -8.19136429]]
2
[[-4.37847757 -8.47446823 -4.48179388 -8.30247307]]
0
[[-13.24493694 -16.12457657  -0.49442738  -8.19136429]]
2
[[-4.37847757 -8.47446823 -4.48179388 -8.30247307]]
0
[[-13.24493694 -16.12457657  -0.49442738  -8.19136429]]
2
[[-4.37847757 -8.47446823 -4.48179388 -8.30247307]]
0
[[-13.24493694 -16.12457657  -0.49442738  -8.19136429]]
2
[[-4.37847757 -8.47446823 -4.48179388 -8.30247307]]
0
[[-13.24493694 -16.12457657  -0.49442738  -8.19136429]]
2
[[-4.37847757 -8.47446823 -4.48179388 -8.30247307]]
0
[[-13.24493694 -16.12457657  -0.49442738  -8.19136429]]
2
[[-4.37847757 -8.47446823 -4.48179388 -8.30247307]]
0
[[-13.24493694 -16.12457657  -0.49442738  -8.19136429]]
2
[[-4.37847757 -8.47446823 -4.48179388 -8.30247307]]
0
[[-13.24493694 -16.12457657  -0.49442738  -8.19136429]]
2
[[-4.37847757 -8.47446823 -4.48179388 -8.30247307]]
0
[[-13.24493694 -16.12457657  -0.49442738  -8.19136429]]
2
[[-4.37847757 -8.47446823 -4.48179388 -8.30247307]]
0
[[-13.24493694 -16.12457657  -0.49442738  -8.19136429]]
2
[[-4.37847757 -8.47446823 -4.48179388 -8.30247307]]
0
[[-13.24493694 -16.12457657  -0.49442738  -8.19136429]]
2
[[-4.37847757 -8.47446823 -4.48179388 -8.30247307]]
0
[[-13.24493694 -16.12457657  -0.49442738  -8.19136429]]
2
[[-4.37847757 -8.47446823 -4.48179388 -8.30247307]]
0
[[-13.24493694 -16.12457657  -0.49442738  -8.19136429]]
2
[[-4.37847757 -8.47446823 -4.48179388 -8.30247307]]
0
[[-13.24493694 -16.12457657  -0.49442738  -8.19136429]]
2
[[-4.37847757 -8.47446823 -4.48179388 -8.30247307]]
0
[[-13.24493694 -16.12457657  -0.49442738  -8.19136429]]
2
[[-4.37847757 -8.47446823 -4.48179388 -8.30247307]]
0
[[-13.24493694 -16.12457657  -0.49442738  -8.19136429]]
2
[[-4.37847757 -8.47446823 -4.48179388 -8.30247307]]
0
FAIL
1/2
