[[ 0.11789407  0.76412702 -0.7276479   0.7599653 ]]
1
[[ 1.13064861  1.58181322 -0.7892018   0.94683295]]
1
[[ 0.81948256  1.48082757  0.02894837  1.52241206]]
3
[[ 1.13064861  1.58181322 -0.7892018   0.94683295]]
1
[[ 0.81948256  1.48082757  0.02894837  1.52241206]]
3
[[ 1.13064861  1.58181322 -0.7892018   0.94683295]]
1
[[ 0.81948256  1.48082757  0.02894837  1.52241206]]
3
[[ 1.13064861  1.58181322 -0.7892018   0.94683295]]
1
[[ 0.81948256  1.48082757  0.02894837  1.52241206]]
3
[[ 1.13064861  1.58181322 -0.7892018   0.94683295]]
1
[[ 0.81948256  1.48082757  0.02894837  1.52241206]]
3
[[ 1.13064861  1.58181322 -0.7892018   0.94683295]]
1
[[ 0.81948256  1.48082757  0.02894837  1.52241206]]
3
[[ 1.13064861  1.58181322 -0.7892018   0.94683295]]
1
[[ 0.81948256  1.48082757  0.02894837  1.52241206]]
3
[[ 1.13064861  1.58181322 -0.7892018   0.94683295]]
1
[[ 0.81948256  1.48082757  0.02894837  1.52241206]]
3
[[ 1.13064861  1.58181322 -0.7892018   0.94683295]]
1
[[ 0.81948256  1.48082757  0.02894837  1.52241206]]
3
[[ 1.13064861  1.58181322 -0.7892018   0.94683295]]
1
[[ 0.81948256  1.48082757  0.02894837  1.52241206]]
3
[[ 1.13064861  1.58181322 -0.7892018   0.94683295]]
1
[[ 0.81948256  1.48082757  0.02894837  1.52241206]]
3
[[ 1.13064861  1.58181322 -0.7892018   0.94683295]]
1
[[ 0.81948256  1.48082757  0.02894837  1.52241206]]
3
[[ 1.13064861  1.58181322 -0.7892018   0.94683295]]
1
[[ 0.81948256  1.48082757  0.02894837  1.52241206]]
3
[[ 1.13064861  1.58181322 -0.7892018   0.94683295]]
1
[[ 0.81948256  1.48082757  0.02894837  1.52241206]]
3
[[ 1.13064861  1.58181322 -0.7892018   0.94683295]]
1
[[ 0.81948256  1.48082757  0.02894837  1.52241206]]
3
[[ 1.13064861  1.58181322 -0.7892018   0.94683295]]
1
[[ 0.81948256  1.48082757  0.02894837  1.52241206]]
3
[[ 1.13064861  1.58181322 -0.7892018   0.94683295]]
1
[[ 0.81948256  1.48082757  0.02894837  1.52241206]]
3
[[ 1.13064861  1.58181322 -0.7892018   0.94683295]]
1
[[ 0.81948256  1.48082757  0.02894837  1.52241206]]
3
[[ 1.13064861  1.58181322 -0.7892018   0.94683295]]
1
[[ 0.81948256  1.48082757  0.02894837  1.52241206]]
3
[[ 1.13064861  1.58181322 -0.7892018   0.94683295]]
1
[[ 0.81948256  1.48082757  0.02894837  1.52241206]]
3
[[ 1.13064861  1.58181322 -0.7892018   0.94683295]]
1
[[ 0.81948256  1.48082757  0.02894837  1.52241206]]
3
[[ 1.13064861  1.58181322 -0.7892018   0.94683295]]
1
[[ 0.81948256  1.48082757  0.02894837  1.52241206]]
3
[[ 1.13064861  1.58181322 -0.7892018   0.94683295]]
1
[[ 0.81948256  1.48082757  0.02894837  1.52241206]]
3
[[ 1.13064861  1.58181322 -0.7892018   0.94683295]]
1
[[ 0.81948256  1.48082757  0.02894837  1.52241206]]
3
[[ 1.13064861  1.58181322 -0.7892018   0.94683295]]
1
[[ 0.81948256  1.48082757  0.02894837  1.52241206]]
3
[[ 1.13064861  1.58181322 -0.7892018   0.94683295]]
1
[[ 0.81948256  1.48082757  0.02894837  1.52241206]]
3
[[ 1.13064861  1.58181322 -0.7892018   0.94683295]]
1
[[ 0.81948256  1.48082757  0.02894837  1.52241206]]
3
[[ 1.13064861  1.58181322 -0.7892018   0.94683295]]
1
[[ 0.81948256  1.48082757  0.02894837  1.52241206]]
3
[[ 1.13064861  1.58181322 -0.7892018   0.94683295]]
1
[[ 0.81948256  1.48082757  0.02894837  1.52241206]]
3
[[ 1.13064861  1.58181322 -0.7892018   0.94683295]]
1
[[ 0.81948256  1.48082757  0.02894837  1.52241206]]
3
[[ 1.13064861  1.58181322 -0.7892018   0.94683295]]
1
[[ 0.81948256  1.48082757  0.02894837  1.52241206]]
3
[[ 1.13064861  1.58181322 -0.7892018   0.94683295]]
1
[[ 0.81948256  1.48082757  0.02894837  1.52241206]]
3
[[ 1.13064861  1.58181322 -0.7892018   0.94683295]]
1
[[ 0.81948256  1.48082757  0.02894837  1.52241206]]
3
[[ 1.13064861  1.58181322 -0.7892018   0.94683295]]
1
[[ 0.81948256  1.48082757  0.02894837  1.52241206]]
3
[[ 1.13064861  1.58181322 -0.7892018   0.94683295]]
1
[[ 0.81948256  1.48082757  0.02894837  1.52241206]]
3
[[ 1.13064861  1.58181322 -0.7892018   0.94683295]]
1
[[ 0.81948256  1.48082757  0.02894837  1.52241206]]
3
[[ 1.13064861  1.58181322 -0.7892018   0.94683295]]
1
[[ 0.81948256  1.48082757  0.02894837  1.52241206]]
3
[[ 1.13064861  1.58181322 -0.7892018   0.94683295]]
1
[[ 0.81948256  1.48082757  0.02894837  1.52241206]]
3
[[ 1.13064861  1.58181322 -0.7892018   0.94683295]]
1
[[ 0.81948256  1.48082757  0.02894837  1.52241206]]
3
[[ 1.13064861  1.58181322 -0.7892018   0.94683295]]
1
[[ 0.81948256  1.48082757  0.02894837  1.52241206]]
3
[[ 1.13064861  1.58181322 -0.7892018   0.94683295]]
1
[[ 0.81948256  1.48082757  0.02894837  1.52241206]]
3
[[ 1.13064861  1.58181322 -0.7892018   0.94683295]]
1
[[ 0.81948256  1.48082757  0.02894837  1.52241206]]
3
[[ 1.13064861  1.58181322 -0.7892018   0.94683295]]
1
[[ 0.81948256  1.48082757  0.02894837  1.52241206]]
3
[[ 1.13064861  1.58181322 -0.7892018   0.94683295]]
1
[[ 0.81948256  1.48082757  0.02894837  1.52241206]]
3
[[ 1.13064861  1.58181322 -0.7892018   0.94683295]]
1
[[ 0.81948256  1.48082757  0.02894837  1.52241206]]
3
[[ 1.13064861  1.58181322 -0.7892018   0.94683295]]
1
[[ 0.81948256  1.48082757  0.02894837  1.52241206]]
3
[[ 1.13064861  1.58181322 -0.7892018   0.94683295]]
1
[[ 0.81948256  1.48082757  0.02894837  1.52241206]]
3
[[ 1.13064861  1.58181322 -0.7892018   0.94683295]]
1
[[ 0.81948256  1.48082757  0.02894837  1.52241206]]
3
[[ 1.13064861  1.58181322 -0.7892018   0.94683295]]
1
[[ 0.81948256  1.48082757  0.02894837  1.52241206]]
3
[[ 1.13064861  1.58181322 -0.7892018   0.94683295]]
1
[[ 0.81948256  1.48082757  0.02894837  1.52241206]]
3
FAIL
2/7
