[[ 0.16377556  0.81941867 -0.69059896  0.80584466]]
1
[[ 1.1904701   1.64948821 -0.74922156  0.99961662]]
1
[[ 0.87018383  1.54432118  0.06978363  1.57795715]]
3
[[ 1.1904701   1.64948821 -0.74922156  0.99961662]]
1
[[ 0.87018383  1.54432118  0.06978363  1.57795715]]
3
[[ 1.1904701   1.64948821 -0.74922156  0.99961662]]
1
[[ 0.87018383  1.54432118  0.06978363  1.57795715]]
3
[[ 1.1904701   1.64948821 -0.74922156  0.99961662]]
1
[[ 0.87018383  1.54432118  0.06978363  1.57795715]]
3
[[ 1.1904701   1.64948821 -0.74922156  0.99961662]]
1
[[ 0.87018383  1.54432118  0.06978363  1.57795715]]
3
[[ 1.1904701   1.64948821 -0.74922156  0.99961662]]
1
[[ 0.87018383  1.54432118  0.06978363  1.57795715]]
3
[[ 1.1904701   1.64948821 -0.74922156  0.99961662]]
1
[[ 0.87018383  1.54432118  0.06978363  1.57795715]]
3
[[ 1.1904701   1.64948821 -0.74922156  0.99961662]]
1
[[ 0.87018383  1.54432118  0.06978363  1.57795715]]
3
[[ 1.1904701   1.64948821 -0.74922156  0.99961662]]
1
[[ 0.87018383  1.54432118  0.06978363  1.57795715]]
3
[[ 1.1904701   1.64948821 -0.74922156  0.99961662]]
1
[[ 0.87018383  1.54432118  0.06978363  1.57795715]]
3
[[ 1.1904701   1.64948821 -0.74922156  0.99961662]]
1
[[ 0.87018383  1.54432118  0.06978363  1.57795715]]
3
[[ 1.1904701   1.64948821 -0.74922156  0.99961662]]
1
[[ 0.87018383  1.54432118  0.06978363  1.57795715]]
3
[[ 1.1904701   1.64948821 -0.74922156  0.99961662]]
1
[[ 0.87018383  1.54432118  0.06978363  1.57795715]]
3
[[ 1.1904701   1.64948821 -0.74922156  0.99961662]]
1
[[ 0.87018383  1.54432118  0.06978363  1.57795715]]
3
[[ 1.1904701   1.64948821 -0.74922156  0.99961662]]
1
[[ 0.87018383  1.54432118  0.06978363  1.57795715]]
3
[[ 1.1904701   1.64948821 -0.74922156  0.99961662]]
1
[[ 0.87018383  1.54432118  0.06978363  1.57795715]]
3
[[ 1.1904701   1.64948821 -0.74922156  0.99961662]]
1
[[ 0.87018383  1.54432118  0.06978363  1.57795715]]
3
[[ 1.1904701   1.64948821 -0.74922156  0.99961662]]
1
[[ 0.87018383  1.54432118  0.06978363  1.57795715]]
3
[[ 1.1904701   1.64948821 -0.74922156  0.99961662]]
1
[[ 0.87018383  1.54432118  0.06978363  1.57795715]]
3
[[ 1.1904701   1.64948821 -0.74922156  0.99961662]]
1
[[ 0.87018383  1.54432118  0.06978363  1.57795715]]
3
[[ 1.1904701   1.64948821 -0.74922156  0.99961662]]
1
[[ 0.87018383  1.54432118  0.06978363  1.57795715]]
3
[[ 1.1904701   1.64948821 -0.74922156  0.99961662]]
1
[[ 0.87018383  1.54432118  0.06978363  1.57795715]]
3
[[ 1.1904701   1.64948821 -0.74922156  0.99961662]]
1
[[ 0.87018383  1.54432118  0.06978363  1.57795715]]
3
[[ 1.1904701   1.64948821 -0.74922156  0.99961662]]
1
[[ 0.87018383  1.54432118  0.06978363  1.57795715]]
3
[[ 1.1904701   1.64948821 -0.74922156  0.99961662]]
1
[[ 0.87018383  1.54432118  0.06978363  1.57795715]]
3
[[ 1.1904701   1.64948821 -0.74922156  0.99961662]]
1
[[ 0.87018383  1.54432118  0.06978363  1.57795715]]
3
[[ 1.1904701   1.64948821 -0.74922156  0.99961662]]
1
[[ 0.87018383  1.54432118  0.06978363  1.57795715]]
3
[[ 1.1904701   1.64948821 -0.74922156  0.99961662]]
1
[[ 0.87018383  1.54432118  0.06978363  1.57795715]]
3
[[ 1.1904701   1.64948821 -0.74922156  0.99961662]]
1
[[ 0.87018383  1.54432118  0.06978363  1.57795715]]
3
[[ 1.1904701   1.64948821 -0.74922156  0.99961662]]
1
[[ 0.87018383  1.54432118  0.06978363  1.57795715]]
3
[[ 1.1904701   1.64948821 -0.74922156  0.99961662]]
1
[[ 0.87018383  1.54432118  0.06978363  1.57795715]]
3
[[ 1.1904701   1.64948821 -0.74922156  0.99961662]]
1
[[ 0.87018383  1.54432118  0.06978363  1.57795715]]
3
[[ 1.1904701   1.64948821 -0.74922156  0.99961662]]
1
[[ 0.87018383  1.54432118  0.06978363  1.57795715]]
3
[[ 1.1904701   1.64948821 -0.74922156  0.99961662]]
1
[[ 0.87018383  1.54432118  0.06978363  1.57795715]]
3
[[ 1.1904701   1.64948821 -0.74922156  0.99961662]]
1
[[ 0.87018383  1.54432118  0.06978363  1.57795715]]
3
[[ 1.1904701   1.64948821 -0.74922156  0.99961662]]
1
[[ 0.87018383  1.54432118  0.06978363  1.57795715]]
3
[[ 1.1904701   1.64948821 -0.74922156  0.99961662]]
1
[[ 0.87018383  1.54432118  0.06978363  1.57795715]]
3
[[ 1.1904701   1.64948821 -0.74922156  0.99961662]]
1
[[ 0.87018383  1.54432118  0.06978363  1.57795715]]
3
[[ 1.1904701   1.64948821 -0.74922156  0.99961662]]
1
[[ 0.87018383  1.54432118  0.06978363  1.57795715]]
3
[[ 1.1904701   1.64948821 -0.74922156  0.99961662]]
1
[[ 0.87018383  1.54432118  0.06978363  1.57795715]]
3
[[ 1.1904701   1.64948821 -0.74922156  0.99961662]]
1
[[ 0.87018383  1.54432118  0.06978363  1.57795715]]
3
[[ 1.1904701   1.64948821 -0.74922156  0.99961662]]
1
[[ 0.87018383  1.54432118  0.06978363  1.57795715]]
3
[[ 1.1904701   1.64948821 -0.74922156  0.99961662]]
1
[[ 0.87018383  1.54432118  0.06978363  1.57795715]]
3
[[ 1.1904701   1.64948821 -0.74922156  0.99961662]]
1
[[ 0.87018383  1.54432118  0.06978363  1.57795715]]
3
[[ 1.1904701   1.64948821 -0.74922156  0.99961662]]
1
[[ 0.87018383  1.54432118  0.06978363  1.57795715]]
3
[[ 1.1904701   1.64948821 -0.74922156  0.99961662]]
1
[[ 0.87018383  1.54432118  0.06978363  1.57795715]]
3
[[ 1.1904701   1.64948821 -0.74922156  0.99961662]]
1
[[ 0.87018383  1.54432118  0.06978363  1.57795715]]
3
[[ 1.1904701   1.64948821 -0.74922156  0.99961662]]
1
[[ 0.87018383  1.54432118  0.06978363  1.57795715]]
3
[[ 1.1904701   1.64948821 -0.74922156  0.99961662]]
1
[[ 0.87018383  1.54432118  0.06978363  1.57795715]]
3
[[ 1.1904701   1.64948821 -0.74922156  0.99961662]]
1
[[ 0.87018383  1.54432118  0.06978363  1.57795715]]
3
FAIL
2/7
