[[ 0.20669672  0.87156558 -0.65479171  0.8486867 ]]
1
[[ 1.24559247  1.71284842 -0.71312529  1.04662526]]
1
[[ 0.91727245  1.60437918  0.10742766  1.62797403]]
3
[[ 1.24559247  1.71284842 -0.71312529  1.04662526]]
1
[[ 0.91727245  1.60437918  0.10742766  1.62797403]]
3
[[ 1.24559247  1.71284842 -0.71312529  1.04662526]]
1
[[ 0.91727245  1.60437918  0.10742766  1.62797403]]
3
[[ 1.24559247  1.71284842 -0.71312529  1.04662526]]
1
[[ 0.91727245  1.60437918  0.10742766  1.62797403]]
3
[[ 1.24559247  1.71284842 -0.71312529  1.04662526]]
1
[[ 0.91727245  1.60437918  0.10742766  1.62797403]]
3
[[ 1.24559247  1.71284842 -0.71312529  1.04662526]]
1
[[ 0.91727245  1.60437918  0.10742766  1.62797403]]
3
[[ 1.24559247  1.71284842 -0.71312529  1.04662526]]
1
[[ 0.91727245  1.60437918  0.10742766  1.62797403]]
3
[[ 1.24559247  1.71284842 -0.71312529  1.04662526]]
1
[[ 0.91727245  1.60437918  0.10742766  1.62797403]]
3
[[ 1.24559247  1.71284842 -0.71312529  1.04662526]]
1
[[ 0.91727245  1.60437918  0.10742766  1.62797403]]
3
[[ 1.24559247  1.71284842 -0.71312529  1.04662526]]
1
[[ 0.91727245  1.60437918  0.10742766  1.62797403]]
3
[[ 1.24559247  1.71284842 -0.71312529  1.04662526]]
1
[[ 0.91727245  1.60437918  0.10742766  1.62797403]]
3
[[ 1.24559247  1.71284842 -0.71312529  1.04662526]]
1
[[ 0.91727245  1.60437918  0.10742766  1.62797403]]
3
[[ 1.24559247  1.71284842 -0.71312529  1.04662526]]
1
[[ 0.91727245  1.60437918  0.10742766  1.62797403]]
3
[[ 1.24559247  1.71284842 -0.71312529  1.04662526]]
1
[[ 0.91727245  1.60437918  0.10742766  1.62797403]]
3
[[ 1.24559247  1.71284842 -0.71312529  1.04662526]]
1
[[ 0.91727245  1.60437918  0.10742766  1.62797403]]
3
[[ 1.24559247  1.71284842 -0.71312529  1.04662526]]
1
[[ 0.91727245  1.60437918  0.10742766  1.62797403]]
3
[[ 1.24559247  1.71284842 -0.71312529  1.04662526]]
1
[[ 0.91727245  1.60437918  0.10742766  1.62797403]]
3
[[ 1.24559247  1.71284842 -0.71312529  1.04662526]]
1
[[ 0.91727245  1.60437918  0.10742766  1.62797403]]
3
[[ 1.24559247  1.71284842 -0.71312529  1.04662526]]
1
[[ 0.91727245  1.60437918  0.10742766  1.62797403]]
3
[[ 1.24559247  1.71284842 -0.71312529  1.04662526]]
1
[[ 0.91727245  1.60437918  0.10742766  1.62797403]]
3
[[ 1.24559247  1.71284842 -0.71312529  1.04662526]]
1
[[ 0.91727245  1.60437918  0.10742766  1.62797403]]
3
[[ 1.24559247  1.71284842 -0.71312529  1.04662526]]
1
[[ 0.91727245  1.60437918  0.10742766  1.62797403]]
3
[[ 1.24559247  1.71284842 -0.71312529  1.04662526]]
1
[[ 0.91727245  1.60437918  0.10742766  1.62797403]]
3
[[ 1.24559247  1.71284842 -0.71312529  1.04662526]]
1
[[ 0.91727245  1.60437918  0.10742766  1.62797403]]
3
[[ 1.24559247  1.71284842 -0.71312529  1.04662526]]
1
[[ 0.91727245  1.60437918  0.10742766  1.62797403]]
3
[[ 1.24559247  1.71284842 -0.71312529  1.04662526]]
1
[[ 0.91727245  1.60437918  0.10742766  1.62797403]]
3
[[ 1.24559247  1.71284842 -0.71312529  1.04662526]]
1
[[ 0.91727245  1.60437918  0.10742766  1.62797403]]
3
[[ 1.24559247  1.71284842 -0.71312529  1.04662526]]
1
[[ 0.91727245  1.60437918  0.10742766  1.62797403]]
3
[[ 1.24559247  1.71284842 -0.71312529  1.04662526]]
1
[[ 0.91727245  1.60437918  0.10742766  1.62797403]]
3
[[ 1.24559247  1.71284842 -0.71312529  1.04662526]]
1
[[ 0.91727245  1.60437918  0.10742766  1.62797403]]
3
[[ 1.24559247  1.71284842 -0.71312529  1.04662526]]
1
[[ 0.91727245  1.60437918  0.10742766  1.62797403]]
3
[[ 1.24559247  1.71284842 -0.71312529  1.04662526]]
1
[[ 0.91727245  1.60437918  0.10742766  1.62797403]]
3
[[ 1.24559247  1.71284842 -0.71312529  1.04662526]]
1
[[ 0.91727245  1.60437918  0.10742766  1.62797403]]
3
[[ 1.24559247  1.71284842 -0.71312529  1.04662526]]
1
[[ 0.91727245  1.60437918  0.10742766  1.62797403]]
3
[[ 1.24559247  1.71284842 -0.71312529  1.04662526]]
1
[[ 0.91727245  1.60437918  0.10742766  1.62797403]]
3
[[ 1.24559247  1.71284842 -0.71312529  1.04662526]]
1
[[ 0.91727245  1.60437918  0.10742766  1.62797403]]
3
[[ 1.24559247  1.71284842 -0.71312529  1.04662526]]
1
[[ 0.91727245  1.60437918  0.10742766  1.62797403]]
3
[[ 1.24559247  1.71284842 -0.71312529  1.04662526]]
1
[[ 0.91727245  1.60437918  0.10742766  1.62797403]]
3
[[ 1.24559247  1.71284842 -0.71312529  1.04662526]]
1
[[ 0.91727245  1.60437918  0.10742766  1.62797403]]
3
[[ 1.24559247  1.71284842 -0.71312529  1.04662526]]
1
[[ 0.91727245  1.60437918  0.10742766  1.62797403]]
3
[[ 1.24559247  1.71284842 -0.71312529  1.04662526]]
1
[[ 0.91727245  1.60437918  0.10742766  1.62797403]]
3
[[ 1.24559247  1.71284842 -0.71312529  1.04662526]]
1
[[ 0.91727245  1.60437918  0.10742766  1.62797403]]
3
[[ 1.24559247  1.71284842 -0.71312529  1.04662526]]
1
[[ 0.91727245  1.60437918  0.10742766  1.62797403]]
3
[[ 1.24559247  1.71284842 -0.71312529  1.04662526]]
1
[[ 0.91727245  1.60437918  0.10742766  1.62797403]]
3
[[ 1.24559247  1.71284842 -0.71312529  1.04662526]]
1
[[ 0.91727245  1.60437918  0.10742766  1.62797403]]
3
[[ 1.24559247  1.71284842 -0.71312529  1.04662526]]
1
[[ 0.91727245  1.60437918  0.10742766  1.62797403]]
3
[[ 1.24559247  1.71284842 -0.71312529  1.04662526]]
1
[[ 0.91727245  1.60437918  0.10742766  1.62797403]]
3
[[ 1.24559247  1.71284842 -0.71312529  1.04662526]]
1
[[ 0.91727245  1.60437918  0.10742766  1.62797403]]
3
[[ 1.24559247  1.71284842 -0.71312529  1.04662526]]
1
[[ 0.91727245  1.60437918  0.10742766  1.62797403]]
3
[[ 1.24559247  1.71284842 -0.71312529  1.04662526]]
1
[[ 0.91727245  1.60437918  0.10742766  1.62797403]]
3
FAIL
2/7
