[[ 0.24931137  0.92345786 -0.62021077  0.88783491]]
1
[[ 1.29930878  1.77538538 -0.67901385  1.09094346]]
1
[[ 0.96496868  1.66535842  0.14480889  1.67538691]]
3
[[ 1.29930878  1.77538538 -0.67901385  1.09094346]]
1
[[ 0.96496868  1.66535842  0.14480889  1.67538691]]
3
[[ 1.29930878  1.77538538 -0.67901385  1.09094346]]
1
[[ 0.96496868  1.66535842  0.14480889  1.67538691]]
3
[[ 1.29930878  1.77538538 -0.67901385  1.09094346]]
1
[[ 0.96496868  1.66535842  0.14480889  1.67538691]]
3
[[ 1.29930878  1.77538538 -0.67901385  1.09094346]]
1
[[ 0.96496868  1.66535842  0.14480889  1.67538691]]
3
[[ 1.29930878  1.77538538 -0.67901385  1.09094346]]
1
[[ 0.96496868  1.66535842  0.14480889  1.67538691]]
3
[[ 1.29930878  1.77538538 -0.67901385  1.09094346]]
1
[[ 0.96496868  1.66535842  0.14480889  1.67538691]]
3
[[ 1.29930878  1.77538538 -0.67901385  1.09094346]]
1
[[ 0.96496868  1.66535842  0.14480889  1.67538691]]
3
[[ 1.29930878  1.77538538 -0.67901385  1.09094346]]
1
[[ 0.96496868  1.66535842  0.14480889  1.67538691]]
3
[[ 1.29930878  1.77538538 -0.67901385  1.09094346]]
1
[[ 0.96496868  1.66535842  0.14480889  1.67538691]]
3
[[ 1.29930878  1.77538538 -0.67901385  1.09094346]]
1
[[ 0.96496868  1.66535842  0.14480889  1.67538691]]
3
[[ 1.29930878  1.77538538 -0.67901385  1.09094346]]
1
[[ 0.96496868  1.66535842  0.14480889  1.67538691]]
3
[[ 1.29930878  1.77538538 -0.67901385  1.09094346]]
1
[[ 0.96496868  1.66535842  0.14480889  1.67538691]]
3
[[ 1.29930878  1.77538538 -0.67901385  1.09094346]]
1
[[ 0.96496868  1.66535842  0.14480889  1.67538691]]
3
[[ 1.29930878  1.77538538 -0.67901385  1.09094346]]
1
[[ 0.96496868  1.66535842  0.14480889  1.67538691]]
3
[[ 1.29930878  1.77538538 -0.67901385  1.09094346]]
1
[[ 0.96496868  1.66535842  0.14480889  1.67538691]]
3
[[ 1.29930878  1.77538538 -0.67901385  1.09094346]]
1
[[ 0.96496868  1.66535842  0.14480889  1.67538691]]
3
[[ 1.29930878  1.77538538 -0.67901385  1.09094346]]
1
[[ 0.96496868  1.66535842  0.14480889  1.67538691]]
3
[[ 1.29930878  1.77538538 -0.67901385  1.09094346]]
1
[[ 0.96496868  1.66535842  0.14480889  1.67538691]]
3
[[ 1.29930878  1.77538538 -0.67901385  1.09094346]]
1
[[ 0.96496868  1.66535842  0.14480889  1.67538691]]
3
[[ 1.29930878  1.77538538 -0.67901385  1.09094346]]
1
[[ 0.96496868  1.66535842  0.14480889  1.67538691]]
3
[[ 1.29930878  1.77538538 -0.67901385  1.09094346]]
1
[[ 0.96496868  1.66535842  0.14480889  1.67538691]]
3
[[ 1.29930878  1.77538538 -0.67901385  1.09094346]]
1
[[ 0.96496868  1.66535842  0.14480889  1.67538691]]
3
[[ 1.29930878  1.77538538 -0.67901385  1.09094346]]
1
[[ 0.96496868  1.66535842  0.14480889  1.67538691]]
3
[[ 1.29930878  1.77538538 -0.67901385  1.09094346]]
1
[[ 0.96496868  1.66535842  0.14480889  1.67538691]]
3
[[ 1.29930878  1.77538538 -0.67901385  1.09094346]]
1
[[ 0.96496868  1.66535842  0.14480889  1.67538691]]
3
[[ 1.29930878  1.77538538 -0.67901385  1.09094346]]
1
[[ 0.96496868  1.66535842  0.14480889  1.67538691]]
3
[[ 1.29930878  1.77538538 -0.67901385  1.09094346]]
1
[[ 0.96496868  1.66535842  0.14480889  1.67538691]]
3
[[ 1.29930878  1.77538538 -0.67901385  1.09094346]]
1
[[ 0.96496868  1.66535842  0.14480889  1.67538691]]
3
[[ 1.29930878  1.77538538 -0.67901385  1.09094346]]
1
[[ 0.96496868  1.66535842  0.14480889  1.67538691]]
3
[[ 1.29930878  1.77538538 -0.67901385  1.09094346]]
1
[[ 0.96496868  1.66535842  0.14480889  1.67538691]]
3
[[ 1.29930878  1.77538538 -0.67901385  1.09094346]]
1
[[ 0.96496868  1.66535842  0.14480889  1.67538691]]
3
[[ 1.29930878  1.77538538 -0.67901385  1.09094346]]
1
[[ 0.96496868  1.66535842  0.14480889  1.67538691]]
3
[[ 1.29930878  1.77538538 -0.67901385  1.09094346]]
1
[[ 0.96496868  1.66535842  0.14480889  1.67538691]]
3
[[ 1.29930878  1.77538538 -0.67901385  1.09094346]]
1
[[ 0.96496868  1.66535842  0.14480889  1.67538691]]
3
[[ 1.29930878  1.77538538 -0.67901385  1.09094346]]
1
[[ 0.96496868  1.66535842  0.14480889  1.67538691]]
3
[[ 1.29930878  1.77538538 -0.67901385  1.09094346]]
1
[[ 0.96496868  1.66535842  0.14480889  1.67538691]]
3
[[ 1.29930878  1.77538538 -0.67901385  1.09094346]]
1
[[ 0.96496868  1.66535842  0.14480889  1.67538691]]
3
[[ 1.29930878  1.77538538 -0.67901385  1.09094346]]
1
[[ 0.96496868  1.66535842  0.14480889  1.67538691]]
3
[[ 1.29930878  1.77538538 -0.67901385  1.09094346]]
1
[[ 0.96496868  1.66535842  0.14480889  1.67538691]]
3
[[ 1.29930878  1.77538538 -0.67901385  1.09094346]]
1
[[ 0.96496868  1.66535842  0.14480889  1.67538691]]
3
[[ 1.29930878  1.77538538 -0.67901385  1.09094346]]
1
[[ 0.96496868  1.66535842  0.14480889  1.67538691]]
3
[[ 1.29930878  1.77538538 -0.67901385  1.09094346]]
1
[[ 0.96496868  1.66535842  0.14480889  1.67538691]]
3
[[ 1.29930878  1.77538538 -0.67901385  1.09094346]]
1
[[ 0.96496868  1.66535842  0.14480889  1.67538691]]
3
[[ 1.29930878  1.77538538 -0.67901385  1.09094346]]
1
[[ 0.96496868  1.66535842  0.14480889  1.67538691]]
3
[[ 1.29930878  1.77538538 -0.67901385  1.09094346]]
1
[[ 0.96496868  1.66535842  0.14480889  1.67538691]]
3
[[ 1.29930878  1.77538538 -0.67901385  1.09094346]]
1
[[ 0.96496868  1.66535842  0.14480889  1.67538691]]
3
[[ 1.29930878  1.77538538 -0.67901385  1.09094346]]
1
[[ 0.96496868  1.66535842  0.14480889  1.67538691]]
3
[[ 1.29930878  1.77538538 -0.67901385  1.09094346]]
1
[[ 0.96496868  1.66535842  0.14480889  1.67538691]]
3
[[ 1.29930878  1.77538538 -0.67901385  1.09094346]]
1
[[ 0.96496868  1.66535842  0.14480889  1.67538691]]
3
FAIL
2/7
