[[ 0.2875652   0.96953523 -0.58789492  0.92578113]]
1
[[ 1.34982538  1.83389664 -0.64608991  1.1351012 ]]
1
[[ 1.00967693  1.72228992  0.18109125  1.72268748]]
3
[[ 1.34982538  1.83389664 -0.64608991  1.1351012 ]]
1
[[ 1.00967693  1.72228992  0.18109125  1.72268748]]
3
[[ 1.34982538  1.83389664 -0.64608991  1.1351012 ]]
1
[[ 1.00967693  1.72228992  0.18109125  1.72268748]]
3
[[ 1.34982538  1.83389664 -0.64608991  1.1351012 ]]
1
[[ 1.00967693  1.72228992  0.18109125  1.72268748]]
3
[[ 1.34982538  1.83389664 -0.64608991  1.1351012 ]]
1
[[ 1.00967693  1.72228992  0.18109125  1.72268748]]
3
[[ 1.34982538  1.83389664 -0.64608991  1.1351012 ]]
1
[[ 1.00967693  1.72228992  0.18109125  1.72268748]]
3
[[ 1.34982538  1.83389664 -0.64608991  1.1351012 ]]
1
[[ 1.00967693  1.72228992  0.18109125  1.72268748]]
3
[[ 1.34982538  1.83389664 -0.64608991  1.1351012 ]]
1
[[ 1.00967693  1.72228992  0.18109125  1.72268748]]
3
[[ 1.34982538  1.83389664 -0.64608991  1.1351012 ]]
1
[[ 1.00967693  1.72228992  0.18109125  1.72268748]]
3
[[ 1.34982538  1.83389664 -0.64608991  1.1351012 ]]
1
[[ 1.00967693  1.72228992  0.18109125  1.72268748]]
3
[[ 1.34982538  1.83389664 -0.64608991  1.1351012 ]]
1
[[ 1.00967693  1.72228992  0.18109125  1.72268748]]
3
[[ 1.34982538  1.83389664 -0.64608991  1.1351012 ]]
1
[[ 1.00967693  1.72228992  0.18109125  1.72268748]]
3
[[ 1.34982538  1.83389664 -0.64608991  1.1351012 ]]
1
[[ 1.00967693  1.72228992  0.18109125  1.72268748]]
3
[[ 1.34982538  1.83389664 -0.64608991  1.1351012 ]]
1
[[ 1.00967693  1.72228992  0.18109125  1.72268748]]
3
[[ 1.34982538  1.83389664 -0.64608991  1.1351012 ]]
1
[[ 1.00967693  1.72228992  0.18109125  1.72268748]]
3
[[ 1.34982538  1.83389664 -0.64608991  1.1351012 ]]
1
[[ 1.00967693  1.72228992  0.18109125  1.72268748]]
3
[[ 1.34982538  1.83389664 -0.64608991  1.1351012 ]]
1
[[ 1.00967693  1.72228992  0.18109125  1.72268748]]
3
[[ 1.34982538  1.83389664 -0.64608991  1.1351012 ]]
1
[[ 1.00967693  1.72228992  0.18109125  1.72268748]]
3
[[ 1.34982538  1.83389664 -0.64608991  1.1351012 ]]
1
[[ 1.00967693  1.72228992  0.18109125  1.72268748]]
3
[[ 1.34982538  1.83389664 -0.64608991  1.1351012 ]]
1
[[ 1.00967693  1.72228992  0.18109125  1.72268748]]
3
[[ 1.34982538  1.83389664 -0.64608991  1.1351012 ]]
1
[[ 1.00967693  1.72228992  0.18109125  1.72268748]]
3
[[ 1.34982538  1.83389664 -0.64608991  1.1351012 ]]
1
[[ 1.00967693  1.72228992  0.18109125  1.72268748]]
3
[[ 1.34982538  1.83389664 -0.64608991  1.1351012 ]]
1
[[ 1.00967693  1.72228992  0.18109125  1.72268748]]
3
[[ 1.34982538  1.83389664 -0.64608991  1.1351012 ]]
1
[[ 1.00967693  1.72228992  0.18109125  1.72268748]]
3
[[ 1.34982538  1.83389664 -0.64608991  1.1351012 ]]
1
[[ 1.00967693  1.72228992  0.18109125  1.72268748]]
3
[[ 1.34982538  1.83389664 -0.64608991  1.1351012 ]]
1
[[ 1.00967693  1.72228992  0.18109125  1.72268748]]
3
[[ 1.34982538  1.83389664 -0.64608991  1.1351012 ]]
1
[[ 1.00967693  1.72228992  0.18109125  1.72268748]]
3
[[ 1.34982538  1.83389664 -0.64608991  1.1351012 ]]
1
[[ 1.00967693  1.72228992  0.18109125  1.72268748]]
3
[[ 1.34982538  1.83389664 -0.64608991  1.1351012 ]]
1
[[ 1.00967693  1.72228992  0.18109125  1.72268748]]
3
[[ 1.34982538  1.83389664 -0.64608991  1.1351012 ]]
1
[[ 1.00967693  1.72228992  0.18109125  1.72268748]]
3
[[ 1.34982538  1.83389664 -0.64608991  1.1351012 ]]
1
[[ 1.00967693  1.72228992  0.18109125  1.72268748]]
3
[[ 1.34982538  1.83389664 -0.64608991  1.1351012 ]]
1
[[ 1.00967693  1.72228992  0.18109125  1.72268748]]
3
[[ 1.34982538  1.83389664 -0.64608991  1.1351012 ]]
1
[[ 1.00967693  1.72228992  0.18109125  1.72268748]]
3
[[ 1.34982538  1.83389664 -0.64608991  1.1351012 ]]
1
[[ 1.00967693  1.72228992  0.18109125  1.72268748]]
3
[[ 1.34982538  1.83389664 -0.64608991  1.1351012 ]]
1
[[ 1.00967693  1.72228992  0.18109125  1.72268748]]
3
[[ 1.34982538  1.83389664 -0.64608991  1.1351012 ]]
1
[[ 1.00967693  1.72228992  0.18109125  1.72268748]]
3
[[ 1.34982538  1.83389664 -0.64608991  1.1351012 ]]
1
[[ 1.00967693  1.72228992  0.18109125  1.72268748]]
3
[[ 1.34982538  1.83389664 -0.64608991  1.1351012 ]]
1
[[ 1.00967693  1.72228992  0.18109125  1.72268748]]
3
[[ 1.34982538  1.83389664 -0.64608991  1.1351012 ]]
1
[[ 1.00967693  1.72228992  0.18109125  1.72268748]]
3
[[ 1.34982538  1.83389664 -0.64608991  1.1351012 ]]
1
[[ 1.00967693  1.72228992  0.18109125  1.72268748]]
3
[[ 1.34982538  1.83389664 -0.64608991  1.1351012 ]]
1
[[ 1.00967693  1.72228992  0.18109125  1.72268748]]
3
[[ 1.34982538  1.83389664 -0.64608991  1.1351012 ]]
1
[[ 1.00967693  1.72228992  0.18109125  1.72268748]]
3
[[ 1.34982538  1.83389664 -0.64608991  1.1351012 ]]
1
[[ 1.00967693  1.72228992  0.18109125  1.72268748]]
3
[[ 1.34982538  1.83389664 -0.64608991  1.1351012 ]]
1
[[ 1.00967693  1.72228992  0.18109125  1.72268748]]
3
[[ 1.34982538  1.83389664 -0.64608991  1.1351012 ]]
1
[[ 1.00967693  1.72228992  0.18109125  1.72268748]]
3
[[ 1.34982538  1.83389664 -0.64608991  1.1351012 ]]
1
[[ 1.00967693  1.72228992  0.18109125  1.72268748]]
3
[[ 1.34982538  1.83389664 -0.64608991  1.1351012 ]]
1
[[ 1.00967693  1.72228992  0.18109125  1.72268748]]
3
[[ 1.34982538  1.83389664 -0.64608991  1.1351012 ]]
1
[[ 1.00967693  1.72228992  0.18109125  1.72268748]]
3
[[ 1.34982538  1.83389664 -0.64608991  1.1351012 ]]
1
[[ 1.00967693  1.72228992  0.18109125  1.72268748]]
3
[[ 1.34982538  1.83389664 -0.64608991  1.1351012 ]]
1
[[ 1.00967693  1.72228992  0.18109125  1.72268748]]
3
FAIL
2/7
