[[ 88526768.  84410528.  72822616.  72943488.]]
0
[[ 84979048.  80918280.  71397960.  62449000.]]
0
[[ 61466748.  90389784.  70178160.  59890824.]]
1
[[ 59820088.  65734112.  36324236.  70240456.]]
3
[[ 61466748.  90389784.  70178160.  59890824.]]
1
[[ 59820088.  65734112.  36324236.  70240456.]]
3
[[ 61466748.  90389784.  70178160.  59890824.]]
1
[[ 59820088.  65734112.  36324236.  70240456.]]
3
[[ 61466748.  90389784.  70178160.  59890824.]]
1
[[ 59820088.  65734112.  36324236.  70240456.]]
3
[[ 61466748.  90389784.  70178160.  59890824.]]
1
[[ 59820088.  65734112.  36324236.  70240456.]]
3
[[ 61466748.  90389784.  70178160.  59890824.]]
1
[[ 59820088.  65734112.  36324236.  70240456.]]
3
[[ 61466748.  90389784.  70178160.  59890824.]]
1
[[ 59820088.  65734112.  36324236.  70240456.]]
3
[[ 61466748.  90389784.  70178160.  59890824.]]
1
[[ 59820088.  65734112.  36324236.  70240456.]]
3
[[ 61466748.  90389784.  70178160.  59890824.]]
1
[[ 59820088.  65734112.  36324236.  70240456.]]
3
[[ 61466748.  90389784.  70178160.  59890824.]]
1
[[ 59820088.  65734112.  36324236.  70240456.]]
3
[[ 61466748.  90389784.  70178160.  59890824.]]
1
[[ 59820088.  65734112.  36324236.  70240456.]]
3
[[ 61466748.  90389784.  70178160.  59890824.]]
1
[[ 59820088.  65734112.  36324236.  70240456.]]
3
[[ 61466748.  90389784.  70178160.  59890824.]]
1
[[ 59820088.  65734112.  36324236.  70240456.]]
3
[[ 61466748.  90389784.  70178160.  59890824.]]
1
[[ 59820088.  65734112.  36324236.  70240456.]]
3
[[ 61466748.  90389784.  70178160.  59890824.]]
1
[[ 59820088.  65734112.  36324236.  70240456.]]
3
[[ 61466748.  90389784.  70178160.  59890824.]]
1
[[ 59820088.  65734112.  36324236.  70240456.]]
3
[[ 61466748.  90389784.  70178160.  59890824.]]
1
[[ 59820088.  65734112.  36324236.  70240456.]]
3
[[ 61466748.  90389784.  70178160.  59890824.]]
1
[[ 59820088.  65734112.  36324236.  70240456.]]
3
[[ 61466748.  90389784.  70178160.  59890824.]]
1
[[ 59820088.  65734112.  36324236.  70240456.]]
3
[[ 61466748.  90389784.  70178160.  59890824.]]
1
[[ 59820088.  65734112.  36324236.  70240456.]]
3
[[ 61466748.  90389784.  70178160.  59890824.]]
1
[[ 59820088.  65734112.  36324236.  70240456.]]
3
[[ 61466748.  90389784.  70178160.  59890824.]]
1
[[ 59820088.  65734112.  36324236.  70240456.]]
3
[[ 61466748.  90389784.  70178160.  59890824.]]
1
[[ 59820088.  65734112.  36324236.  70240456.]]
3
[[ 61466748.  90389784.  70178160.  59890824.]]
1
[[ 59820088.  65734112.  36324236.  70240456.]]
3
[[ 61466748.  90389784.  70178160.  59890824.]]
1
[[ 59820088.  65734112.  36324236.  70240456.]]
3
[[ 61466748.  90389784.  70178160.  59890824.]]
1
[[ 59820088.  65734112.  36324236.  70240456.]]
3
[[ 61466748.  90389784.  70178160.  59890824.]]
1
[[ 59820088.  65734112.  36324236.  70240456.]]
3
[[ 61466748.  90389784.  70178160.  59890824.]]
1
[[ 59820088.  65734112.  36324236.  70240456.]]
3
[[ 61466748.  90389784.  70178160.  59890824.]]
1
[[ 59820088.  65734112.  36324236.  70240456.]]
3
[[ 61466748.  90389784.  70178160.  59890824.]]
1
[[ 59820088.  65734112.  36324236.  70240456.]]
3
[[ 61466748.  90389784.  70178160.  59890824.]]
1
[[ 59820088.  65734112.  36324236.  70240456.]]
3
[[ 61466748.  90389784.  70178160.  59890824.]]
1
[[ 59820088.  65734112.  36324236.  70240456.]]
3
[[ 61466748.  90389784.  70178160.  59890824.]]
1
[[ 59820088.  65734112.  36324236.  70240456.]]
3
[[ 61466748.  90389784.  70178160.  59890824.]]
1
[[ 59820088.  65734112.  36324236.  70240456.]]
3
[[ 61466748.  90389784.  70178160.  59890824.]]
1
[[ 59820088.  65734112.  36324236.  70240456.]]
3
[[ 61466748.  90389784.  70178160.  59890824.]]
1
[[ 59820088.  65734112.  36324236.  70240456.]]
3
[[ 61466748.  90389784.  70178160.  59890824.]]
1
[[ 59820088.  65734112.  36324236.  70240456.]]
3
[[ 61466748.  90389784.  70178160.  59890824.]]
1
[[ 59820088.  65734112.  36324236.  70240456.]]
3
[[ 61466748.  90389784.  70178160.  59890824.]]
1
[[ 59820088.  65734112.  36324236.  70240456.]]
3
[[ 61466748.  90389784.  70178160.  59890824.]]
1
[[ 59820088.  65734112.  36324236.  70240456.]]
3
[[ 61466748.  90389784.  70178160.  59890824.]]
1
[[ 59820088.  65734112.  36324236.  70240456.]]
3
[[ 61466748.  90389784.  70178160.  59890824.]]
1
[[ 59820088.  65734112.  36324236.  70240456.]]
3
[[ 61466748.  90389784.  70178160.  59890824.]]
1
[[ 59820088.  65734112.  36324236.  70240456.]]
3
[[ 61466748.  90389784.  70178160.  59890824.]]
1
[[ 59820088.  65734112.  36324236.  70240456.]]
3
[[ 61466748.  90389784.  70178160.  59890824.]]
1
[[ 59820088.  65734112.  36324236.  70240456.]]
3
[[ 61466748.  90389784.  70178160.  59890824.]]
1
[[ 59820088.  65734112.  36324236.  70240456.]]
3
[[ 61466748.  90389784.  70178160.  59890824.]]
1
[[ 59820088.  65734112.  36324236.  70240456.]]
3
[[ 61466748.  90389784.  70178160.  59890824.]]
1
[[ 59820088.  65734112.  36324236.  70240456.]]
3
[[ 61466748.  90389784.  70178160.  59890824.]]
1
[[ 59820088.  65734112.  36324236.  70240456.]]
3
[[ 61466748.  90389784.  70178160.  59890824.]]
1
FAIL
3/8
