[[-4.8678546  -5.4486618  -3.87106204 -8.29083252]]
2
[[-2.69287848 -6.78582621 -2.95860386 -8.74467087]]
0
[[-4.8678546  -5.4486618  -3.87106204 -8.29083252]]
2
[[-2.69287848 -6.78582621 -2.95860386 -8.74467087]]
0
[[-4.8678546  -5.4486618  -3.87106204 -8.29083252]]
2
[[-2.69287848 -6.78582621 -2.95860386 -8.74467087]]
0
[[-4.8678546  -5.4486618  -3.87106204 -8.29083252]]
2
[[-2.69287848 -6.78582621 -2.95860386 -8.74467087]]
0
[[-4.8678546  -5.4486618  -3.87106204 -8.29083252]]
2
[[-2.69287848 -6.78582621 -2.95860386 -8.74467087]]
0
[[-4.8678546  -5.4486618  -3.87106204 -8.29083252]]
2
[[-2.69287848 -6.78582621 -2.95860386 -8.74467087]]
0
[[-4.8678546  -5.4486618  -3.87106204 -8.29083252]]
2
[[-2.69287848 -6.78582621 -2.95860386 -8.74467087]]
0
[[-4.8678546  -5.4486618  -3.87106204 -8.29083252]]
2
[[-2.69287848 -6.78582621 -2.95860386 -8.74467087]]
0
[[-4.8678546  -5.4486618  -3.87106204 -8.29083252]]
2
[[-2.69287848 -6.78582621 -2.95860386 -8.74467087]]
0
[[-4.8678546  -5.4486618  -3.87106204 -8.29083252]]
2
[[-2.69287848 -6.78582621 -2.95860386 -8.74467087]]
0
[[-4.8678546  -5.4486618  -3.87106204 -8.29083252]]
2
[[-2.69287848 -6.78582621 -2.95860386 -8.74467087]]
0
[[-4.8678546  -5.4486618  -3.87106204 -8.29083252]]
2
[[-2.69287848 -6.78582621 -2.95860386 -8.74467087]]
0
[[-4.8678546  -5.4486618  -3.87106204 -8.29083252]]
2
[[-2.69287848 -6.78582621 -2.95860386 -8.74467087]]
0
[[-4.8678546  -5.4486618  -3.87106204 -8.29083252]]
2
[[-2.69287848 -6.78582621 -2.95860386 -8.74467087]]
0
[[-4.8678546  -5.4486618  -3.87106204 -8.29083252]]
2
[[-2.69287848 -6.78582621 -2.95860386 -8.74467087]]
0
[[-4.8678546  -5.4486618  -3.87106204 -8.29083252]]
2
[[-2.69287848 -6.78582621 -2.95860386 -8.74467087]]
0
[[-4.8678546  -5.4486618  -3.87106204 -8.29083252]]
2
[[-2.69287848 -6.78582621 -2.95860386 -8.74467087]]
0
[[-4.8678546  -5.4486618  -3.87106204 -8.29083252]]
2
[[-2.69287848 -6.78582621 -2.95860386 -8.74467087]]
0
[[-4.8678546  -5.4486618  -3.87106204 -8.29083252]]
2
[[-2.69287848 -6.78582621 -2.95860386 -8.74467087]]
0
[[-4.8678546  -5.4486618  -3.87106204 -8.29083252]]
2
[[-2.69287848 -6.78582621 -2.95860386 -8.74467087]]
0
[[-4.8678546  -5.4486618  -3.87106204 -8.29083252]]
2
[[-2.69287848 -6.78582621 -2.95860386 -8.74467087]]
0
[[-4.8678546  -5.4486618  -3.87106204 -8.29083252]]
2
[[-2.69287848 -6.78582621 -2.95860386 -8.74467087]]
0
[[-4.8678546  -5.4486618  -3.87106204 -8.29083252]]
2
[[-2.69287848 -6.78582621 -2.95860386 -8.74467087]]
0
[[-4.8678546  -5.4486618  -3.87106204 -8.29083252]]
2
[[-2.69287848 -6.78582621 -2.95860386 -8.74467087]]
0
[[-4.8678546  -5.4486618  -3.87106204 -8.29083252]]
2
[[-2.69287848 -6.78582621 -2.95860386 -8.74467087]]
0
[[-4.8678546  -5.4486618  -3.87106204 -8.29083252]]
2
[[-2.69287848 -6.78582621 -2.95860386 -8.74467087]]
0
[[-4.8678546  -5.4486618  -3.87106204 -8.29083252]]
2
[[-2.69287848 -6.78582621 -2.95860386 -8.74467087]]
0
[[-4.8678546  -5.4486618  -3.87106204 -8.29083252]]
2
[[-2.69287848 -6.78582621 -2.95860386 -8.74467087]]
0
[[-4.8678546  -5.4486618  -3.87106204 -8.29083252]]
2
[[-2.69287848 -6.78582621 -2.95860386 -8.74467087]]
0
[[-4.8678546  -5.4486618  -3.87106204 -8.29083252]]
2
[[-2.69287848 -6.78582621 -2.95860386 -8.74467087]]
0
[[-4.8678546  -5.4486618  -3.87106204 -8.29083252]]
2
[[-2.69287848 -6.78582621 -2.95860386 -8.74467087]]
0
[[-4.8678546  -5.4486618  -3.87106204 -8.29083252]]
2
[[-2.69287848 -6.78582621 -2.95860386 -8.74467087]]
0
[[-4.8678546  -5.4486618  -3.87106204 -8.29083252]]
2
[[-2.69287848 -6.78582621 -2.95860386 -8.74467087]]
0
[[-4.8678546  -5.4486618  -3.87106204 -8.29083252]]
2
[[-2.69287848 -6.78582621 -2.95860386 -8.74467087]]
0
[[-4.8678546  -5.4486618  -3.87106204 -8.29083252]]
2
[[-2.69287848 -6.78582621 -2.95860386 -8.74467087]]
0
[[-4.8678546  -5.4486618  -3.87106204 -8.29083252]]
2
[[-2.69287848 -6.78582621 -2.95860386 -8.74467087]]
0
[[-4.8678546  -5.4486618  -3.87106204 -8.29083252]]
2
[[-2.69287848 -6.78582621 -2.95860386 -8.74467087]]
0
[[-4.8678546  -5.4486618  -3.87106204 -8.29083252]]
2
[[-2.69287848 -6.78582621 -2.95860386 -8.74467087]]
0
[[-4.8678546  -5.4486618  -3.87106204 -8.29083252]]
2
[[-2.69287848 -6.78582621 -2.95860386 -8.74467087]]
0
[[-4.8678546  -5.4486618  -3.87106204 -8.29083252]]
2
[[-2.69287848 -6.78582621 -2.95860386 -8.74467087]]
0
[[-4.8678546  -5.4486618  -3.87106204 -8.29083252]]
2
[[-2.69287848 -6.78582621 -2.95860386 -8.74467087]]
0
[[-4.8678546  -5.4486618  -3.87106204 -8.29083252]]
2
[[-2.69287848 -6.78582621 -2.95860386 -8.74467087]]
0
[[-4.8678546  -5.4486618  -3.87106204 -8.29083252]]
2
[[-2.69287848 -6.78582621 -2.95860386 -8.74467087]]
0
[[-4.8678546  -5.4486618  -3.87106204 -8.29083252]]
2
[[-2.69287848 -6.78582621 -2.95860386 -8.74467087]]
0
[[-4.8678546  -5.4486618  -3.87106204 -8.29083252]]
2
[[-2.69287848 -6.78582621 -2.95860386 -8.74467087]]
0
[[-4.8678546  -5.4486618  -3.87106204 -8.29083252]]
2
[[-2.69287848 -6.78582621 -2.95860386 -8.74467087]]
0
[[-4.8678546  -5.4486618  -3.87106204 -8.29083252]]
2
[[-2.69287848 -6.78582621 -2.95860386 -8.74467087]]
0
[[-4.8678546  -5.4486618  -3.87106204 -8.29083252]]
2
[[-2.69287848 -6.78582621 -2.95860386 -8.74467087]]
0
[[-4.8678546  -5.4486618  -3.87106204 -8.29083252]]
2
[[-2.69287848 -6.78582621 -2.95860386 -8.74467087]]
0
[[-4.8678546  -5.4486618  -3.87106204 -8.29083252]]
2
[[-2.69287848 -6.78582621 -2.95860386 -8.74467087]]
0
[[-4.8678546  -5.4486618  -3.87106204 -8.29083252]]
2
FAIL
0/5
