[[ -5.41532373   0.37484932 -13.188097    -6.08806086]]
1
[[ -5.72721148   0.65858674 -14.64829922  -5.72282934]]
1
[[ -7.90222216  -6.12944221 -13.36815643  -5.99026442]]
3
[[ -5.72721148   0.65858674 -14.64829922  -5.72282934]]
1
[[ -7.90222216  -6.12944221 -13.36815643  -5.99026442]]
3
[[ -5.72721148   0.65858674 -14.64829922  -5.72282934]]
1
[[ -7.90222216  -6.12944221 -13.36815643  -5.99026442]]
3
[[ -5.72721148   0.65858674 -14.64829922  -5.72282934]]
1
[[ -7.90222216  -6.12944221 -13.36815643  -5.99026442]]
3
[[ -5.72721148   0.65858674 -14.64829922  -5.72282934]]
1
[[ -7.90222216  -6.12944221 -13.36815643  -5.99026442]]
3
[[ -5.72721148   0.65858674 -14.64829922  -5.72282934]]
1
[[ -7.90222216  -6.12944221 -13.36815643  -5.99026442]]
3
[[ -5.72721148   0.65858674 -14.64829922  -5.72282934]]
1
[[ -7.90222216  -6.12944221 -13.36815643  -5.99026442]]
3
[[ -5.72721148   0.65858674 -14.64829922  -5.72282934]]
1
[[ -7.90222216  -6.12944221 -13.36815643  -5.99026442]]
3
[[ -5.72721148   0.65858674 -14.64829922  -5.72282934]]
1
[[ -7.90222216  -6.12944221 -13.36815643  -5.99026442]]
3
[[ -5.72721148   0.65858674 -14.64829922  -5.72282934]]
1
[[ -7.90222216  -6.12944221 -13.36815643  -5.99026442]]
3
[[ -5.72721148   0.65858674 -14.64829922  -5.72282934]]
1
[[ -7.90222216  -6.12944221 -13.36815643  -5.99026442]]
3
[[ -5.72721148   0.65858674 -14.64829922  -5.72282934]]
1
[[ -7.90222216  -6.12944221 -13.36815643  -5.99026442]]
3
[[ -5.72721148   0.65858674 -14.64829922  -5.72282934]]
1
[[ -7.90222216  -6.12944221 -13.36815643  -5.99026442]]
3
[[ -5.72721148   0.65858674 -14.64829922  -5.72282934]]
1
[[ -7.90222216  -6.12944221 -13.36815643  -5.99026442]]
3
[[ -5.72721148   0.65858674 -14.64829922  -5.72282934]]
1
[[ -7.90222216  -6.12944221 -13.36815643  -5.99026442]]
3
[[ -5.72721148   0.65858674 -14.64829922  -5.72282934]]
1
[[ -7.90222216  -6.12944221 -13.36815643  -5.99026442]]
3
[[ -5.72721148   0.65858674 -14.64829922  -5.72282934]]
1
[[ -7.90222216  -6.12944221 -13.36815643  -5.99026442]]
3
[[ -5.72721148   0.65858674 -14.64829922  -5.72282934]]
1
[[ -7.90222216  -6.12944221 -13.36815643  -5.99026442]]
3
[[ -5.72721148   0.65858674 -14.64829922  -5.72282934]]
1
[[ -7.90222216  -6.12944221 -13.36815643  -5.99026442]]
3
[[ -5.72721148   0.65858674 -14.64829922  -5.72282934]]
1
[[ -7.90222216  -6.12944221 -13.36815643  -5.99026442]]
3
[[ -5.72721148   0.65858674 -14.64829922  -5.72282934]]
1
[[ -7.90222216  -6.12944221 -13.36815643  -5.99026442]]
3
[[ -5.72721148   0.65858674 -14.64829922  -5.72282934]]
1
[[ -7.90222216  -6.12944221 -13.36815643  -5.99026442]]
3
[[ -5.72721148   0.65858674 -14.64829922  -5.72282934]]
1
[[ -7.90222216  -6.12944221 -13.36815643  -5.99026442]]
3
[[ -5.72721148   0.65858674 -14.64829922  -5.72282934]]
1
[[ -7.90222216  -6.12944221 -13.36815643  -5.99026442]]
3
[[ -5.72721148   0.65858674 -14.64829922  -5.72282934]]
1
[[ -7.90222216  -6.12944221 -13.36815643  -5.99026442]]
3
[[ -5.72721148   0.65858674 -14.64829922  -5.72282934]]
1
[[ -7.90222216  -6.12944221 -13.36815643  -5.99026442]]
3
[[ -5.72721148   0.65858674 -14.64829922  -5.72282934]]
1
[[ -7.90222216  -6.12944221 -13.36815643  -5.99026442]]
3
[[ -5.72721148   0.65858674 -14.64829922  -5.72282934]]
1
[[ -7.90222216  -6.12944221 -13.36815643  -5.99026442]]
3
[[ -5.72721148   0.65858674 -14.64829922  -5.72282934]]
1
[[ -7.90222216  -6.12944221 -13.36815643  -5.99026442]]
3
[[ -5.72721148   0.65858674 -14.64829922  -5.72282934]]
1
[[ -7.90222216  -6.12944221 -13.36815643  -5.99026442]]
3
[[ -5.72721148   0.65858674 -14.64829922  -5.72282934]]
1
[[ -7.90222216  -6.12944221 -13.36815643  -5.99026442]]
3
[[ -5.72721148   0.65858674 -14.64829922  -5.72282934]]
1
[[ -7.90222216  -6.12944221 -13.36815643  -5.99026442]]
3
[[ -5.72721148   0.65858674 -14.64829922  -5.72282934]]
1
[[ -7.90222216  -6.12944221 -13.36815643  -5.99026442]]
3
[[ -5.72721148   0.65858674 -14.64829922  -5.72282934]]
1
[[ -7.90222216  -6.12944221 -13.36815643  -5.99026442]]
3
[[ -5.72721148   0.65858674 -14.64829922  -5.72282934]]
1
[[ -7.90222216  -6.12944221 -13.36815643  -5.99026442]]
3
[[ -5.72721148   0.65858674 -14.64829922  -5.72282934]]
1
[[ -7.90222216  -6.12944221 -13.36815643  -5.99026442]]
3
[[ -5.72721148   0.65858674 -14.64829922  -5.72282934]]
1
[[ -7.90222216  -6.12944221 -13.36815643  -5.99026442]]
3
[[ -5.72721148   0.65858674 -14.64829922  -5.72282934]]
1
[[ -7.90222216  -6.12944221 -13.36815643  -5.99026442]]
3
[[ -5.72721148   0.65858674 -14.64829922  -5.72282934]]
1
[[ -7.90222216  -6.12944221 -13.36815643  -5.99026442]]
3
[[ -5.72721148   0.65858674 -14.64829922  -5.72282934]]
1
[[ -7.90222216  -6.12944221 -13.36815643  -5.99026442]]
3
[[ -5.72721148   0.65858674 -14.64829922  -5.72282934]]
1
[[ -7.90222216  -6.12944221 -13.36815643  -5.99026442]]
3
[[ -5.72721148   0.65858674 -14.64829922  -5.72282934]]
1
[[ -7.90222216  -6.12944221 -13.36815643  -5.99026442]]
3
[[ -5.72721148   0.65858674 -14.64829922  -5.72282934]]
1
[[ -7.90222216  -6.12944221 -13.36815643  -5.99026442]]
3
[[ -5.72721148   0.65858674 -14.64829922  -5.72282934]]
1
[[ -7.90222216  -6.12944221 -13.36815643  -5.99026442]]
3
[[ -5.72721148   0.65858674 -14.64829922  -5.72282934]]
1
[[ -7.90222216  -6.12944221 -13.36815643  -5.99026442]]
3
[[ -5.72721148   0.65858674 -14.64829922  -5.72282934]]
1
[[ -7.90222216  -6.12944221 -13.36815643  -5.99026442]]
3
[[ -5.72721148   0.65858674 -14.64829922  -5.72282934]]
1
[[ -7.90222216  -6.12944221 -13.36815643  -5.99026442]]
3
[[ -5.72721148   0.65858674 -14.64829922  -5.72282934]]
1
[[ -7.90222216  -6.12944221 -13.36815643  -5.99026442]]
3
[[ -5.72721148   0.65858674 -14.64829922  -5.72282934]]
1
[[ -7.90222216  -6.12944221 -13.36815643  -5.99026442]]
3
[[ -5.72721148   0.65858674 -14.64829922  -5.72282934]]
1
[[ -7.90222216  -6.12944221 -13.36815643  -5.99026442]]
3
FAIL
0/8
