[[-4.98066616 -5.17944479 -3.90280509 -8.48650169]]
2
[[-2.80328059 -6.51781178 -2.99073505 -8.94530106]]
0
[[-4.98066616 -5.17944479 -3.90280509 -8.48650169]]
2
[[-2.80328059 -6.51781178 -2.99073505 -8.94530106]]
0
[[-4.98066616 -5.17944479 -3.90280509 -8.48650169]]
2
[[-2.80328059 -6.51781178 -2.99073505 -8.94530106]]
0
[[-4.98066616 -5.17944479 -3.90280509 -8.48650169]]
2
[[-2.80328059 -6.51781178 -2.99073505 -8.94530106]]
0
[[-4.98066616 -5.17944479 -3.90280509 -8.48650169]]
2
[[-2.80328059 -6.51781178 -2.99073505 -8.94530106]]
0
[[-4.98066616 -5.17944479 -3.90280509 -8.48650169]]
2
[[-2.80328059 -6.51781178 -2.99073505 -8.94530106]]
0
[[-4.98066616 -5.17944479 -3.90280509 -8.48650169]]
2
[[-2.80328059 -6.51781178 -2.99073505 -8.94530106]]
0
[[-4.98066616 -5.17944479 -3.90280509 -8.48650169]]
2
[[-2.80328059 -6.51781178 -2.99073505 -8.94530106]]
0
[[-4.98066616 -5.17944479 -3.90280509 -8.48650169]]
2
[[-2.80328059 -6.51781178 -2.99073505 -8.94530106]]
0
[[-4.98066616 -5.17944479 -3.90280509 -8.48650169]]
2
[[-2.80328059 -6.51781178 -2.99073505 -8.94530106]]
0
[[-4.98066616 -5.17944479 -3.90280509 -8.48650169]]
2
[[-2.80328059 -6.51781178 -2.99073505 -8.94530106]]
0
[[-4.98066616 -5.17944479 -3.90280509 -8.48650169]]
2
[[-2.80328059 -6.51781178 -2.99073505 -8.94530106]]
0
[[-4.98066616 -5.17944479 -3.90280509 -8.48650169]]
2
[[-2.80328059 -6.51781178 -2.99073505 -8.94530106]]
0
[[-4.98066616 -5.17944479 -3.90280509 -8.48650169]]
2
[[-2.80328059 -6.51781178 -2.99073505 -8.94530106]]
0
[[-4.98066616 -5.17944479 -3.90280509 -8.48650169]]
2
[[-2.80328059 -6.51781178 -2.99073505 -8.94530106]]
0
[[-4.98066616 -5.17944479 -3.90280509 -8.48650169]]
2
[[-2.80328059 -6.51781178 -2.99073505 -8.94530106]]
0
[[-4.98066616 -5.17944479 -3.90280509 -8.48650169]]
2
[[-2.80328059 -6.51781178 -2.99073505 -8.94530106]]
0
[[-4.98066616 -5.17944479 -3.90280509 -8.48650169]]
2
[[-2.80328059 -6.51781178 -2.99073505 -8.94530106]]
0
[[-4.98066616 -5.17944479 -3.90280509 -8.48650169]]
2
[[-2.80328059 -6.51781178 -2.99073505 -8.94530106]]
0
[[-4.98066616 -5.17944479 -3.90280509 -8.48650169]]
2
[[-2.80328059 -6.51781178 -2.99073505 -8.94530106]]
0
[[-4.98066616 -5.17944479 -3.90280509 -8.48650169]]
2
[[-2.80328059 -6.51781178 -2.99073505 -8.94530106]]
0
[[-4.98066616 -5.17944479 -3.90280509 -8.48650169]]
2
[[-2.80328059 -6.51781178 -2.99073505 -8.94530106]]
0
[[-4.98066616 -5.17944479 -3.90280509 -8.48650169]]
2
[[-2.80328059 -6.51781178 -2.99073505 -8.94530106]]
0
[[-4.98066616 -5.17944479 -3.90280509 -8.48650169]]
2
[[-2.80328059 -6.51781178 -2.99073505 -8.94530106]]
0
[[-4.98066616 -5.17944479 -3.90280509 -8.48650169]]
2
[[-2.80328059 -6.51781178 -2.99073505 -8.94530106]]
0
[[-4.98066616 -5.17944479 -3.90280509 -8.48650169]]
2
[[-2.80328059 -6.51781178 -2.99073505 -8.94530106]]
0
[[-4.98066616 -5.17944479 -3.90280509 -8.48650169]]
2
[[-2.80328059 -6.51781178 -2.99073505 -8.94530106]]
0
[[-4.98066616 -5.17944479 -3.90280509 -8.48650169]]
2
[[-2.80328059 -6.51781178 -2.99073505 -8.94530106]]
0
[[-4.98066616 -5.17944479 -3.90280509 -8.48650169]]
2
[[-2.80328059 -6.51781178 -2.99073505 -8.94530106]]
0
[[-4.98066616 -5.17944479 -3.90280509 -8.48650169]]
2
[[-2.80328059 -6.51781178 -2.99073505 -8.94530106]]
0
[[-4.98066616 -5.17944479 -3.90280509 -8.48650169]]
2
[[-2.80328059 -6.51781178 -2.99073505 -8.94530106]]
0
[[-4.98066616 -5.17944479 -3.90280509 -8.48650169]]
2
[[-2.80328059 -6.51781178 -2.99073505 -8.94530106]]
0
[[-4.98066616 -5.17944479 -3.90280509 -8.48650169]]
2
[[-2.80328059 -6.51781178 -2.99073505 -8.94530106]]
0
[[-4.98066616 -5.17944479 -3.90280509 -8.48650169]]
2
[[-2.80328059 -6.51781178 -2.99073505 -8.94530106]]
0
[[-4.98066616 -5.17944479 -3.90280509 -8.48650169]]
2
[[-2.80328059 -6.51781178 -2.99073505 -8.94530106]]
0
[[-4.98066616 -5.17944479 -3.90280509 -8.48650169]]
2
[[-2.80328059 -6.51781178 -2.99073505 -8.94530106]]
0
[[-4.98066616 -5.17944479 -3.90280509 -8.48650169]]
2
[[-2.80328059 -6.51781178 -2.99073505 -8.94530106]]
0
[[-4.98066616 -5.17944479 -3.90280509 -8.48650169]]
2
[[-2.80328059 -6.51781178 -2.99073505 -8.94530106]]
0
[[-4.98066616 -5.17944479 -3.90280509 -8.48650169]]
2
[[-2.80328059 -6.51781178 -2.99073505 -8.94530106]]
0
[[-4.98066616 -5.17944479 -3.90280509 -8.48650169]]
2
[[-2.80328059 -6.51781178 -2.99073505 -8.94530106]]
0
[[-4.98066616 -5.17944479 -3.90280509 -8.48650169]]
2
[[-2.80328059 -6.51781178 -2.99073505 -8.94530106]]
0
[[-4.98066616 -5.17944479 -3.90280509 -8.48650169]]
2
[[-2.80328059 -6.51781178 -2.99073505 -8.94530106]]
0
[[-4.98066616 -5.17944479 -3.90280509 -8.48650169]]
2
[[-2.80328059 -6.51781178 -2.99073505 -8.94530106]]
0
[[-4.98066616 -5.17944479 -3.90280509 -8.48650169]]
2
[[-2.80328059 -6.51781178 -2.99073505 -8.94530106]]
0
[[-4.98066616 -5.17944479 -3.90280509 -8.48650169]]
2
[[-2.80328059 -6.51781178 -2.99073505 -8.94530106]]
0
[[-4.98066616 -5.17944479 -3.90280509 -8.48650169]]
2
[[-2.80328059 -6.51781178 -2.99073505 -8.94530106]]
0
[[-4.98066616 -5.17944479 -3.90280509 -8.48650169]]
2
[[-2.80328059 -6.51781178 -2.99073505 -8.94530106]]
0
[[-4.98066616 -5.17944479 -3.90280509 -8.48650169]]
2
[[-2.80328059 -6.51781178 -2.99073505 -8.94530106]]
0
[[-4.98066616 -5.17944479 -3.90280509 -8.48650169]]
2
[[-2.80328059 -6.51781178 -2.99073505 -8.94530106]]
0
[[-4.98066616 -5.17944479 -3.90280509 -8.48650169]]
2
[[-2.80328059 -6.51781178 -2.99073505 -8.94530106]]
0
[[-4.98066616 -5.17944479 -3.90280509 -8.48650169]]
2
FAIL
0/5
