[[ 0.83224642  1.53232825 -0.04151839  1.48360014]]
1
[[  2.21138716e+00   2.75443077e+00   2.61628628e-03   1.91733265e+00]]
1
[[ 1.71710145  2.50985456  0.83402693  2.53792596]]
3
[[  2.21138716e+00   2.75443077e+00   2.61628628e-03   1.91733265e+00]]
1
[[ 1.71710145  2.50985456  0.83402693  2.53792596]]
3
[[  2.21138716e+00   2.75443077e+00   2.61628628e-03   1.91733265e+00]]
1
[[ 1.71710145  2.50985456  0.83402693  2.53792596]]
3
[[  2.21138716e+00   2.75443077e+00   2.61628628e-03   1.91733265e+00]]
1
[[ 1.71710145  2.50985456  0.83402693  2.53792596]]
3
[[  2.21138716e+00   2.75443077e+00   2.61628628e-03   1.91733265e+00]]
1
[[ 1.71710145  2.50985456  0.83402693  2.53792596]]
3
[[  2.21138716e+00   2.75443077e+00   2.61628628e-03   1.91733265e+00]]
1
[[ 1.71710145  2.50985456  0.83402693  2.53792596]]
3
[[  2.21138716e+00   2.75443077e+00   2.61628628e-03   1.91733265e+00]]
1
[[ 1.71710145  2.50985456  0.83402693  2.53792596]]
3
[[  2.21138716e+00   2.75443077e+00   2.61628628e-03   1.91733265e+00]]
1
[[ 1.71710145  2.50985456  0.83402693  2.53792596]]
3
[[  2.21138716e+00   2.75443077e+00   2.61628628e-03   1.91733265e+00]]
1
[[ 1.71710145  2.50985456  0.83402693  2.53792596]]
3
[[  2.21138716e+00   2.75443077e+00   2.61628628e-03   1.91733265e+00]]
1
[[ 1.71710145  2.50985456  0.83402693  2.53792596]]
3
[[  2.21138716e+00   2.75443077e+00   2.61628628e-03   1.91733265e+00]]
1
[[ 1.71710145  2.50985456  0.83402693  2.53792596]]
3
[[  2.21138716e+00   2.75443077e+00   2.61628628e-03   1.91733265e+00]]
1
[[ 1.71710145  2.50985456  0.83402693  2.53792596]]
3
[[  2.21138716e+00   2.75443077e+00   2.61628628e-03   1.91733265e+00]]
1
[[ 1.71710145  2.50985456  0.83402693  2.53792596]]
3
[[  2.21138716e+00   2.75443077e+00   2.61628628e-03   1.91733265e+00]]
1
[[ 1.71710145  2.50985456  0.83402693  2.53792596]]
3
[[  2.21138716e+00   2.75443077e+00   2.61628628e-03   1.91733265e+00]]
1
[[ 1.71710145  2.50985456  0.83402693  2.53792596]]
3
[[  2.21138716e+00   2.75443077e+00   2.61628628e-03   1.91733265e+00]]
1
[[ 1.71710145  2.50985456  0.83402693  2.53792596]]
3
[[  2.21138716e+00   2.75443077e+00   2.61628628e-03   1.91733265e+00]]
1
[[ 1.71710145  2.50985456  0.83402693  2.53792596]]
3
[[  2.21138716e+00   2.75443077e+00   2.61628628e-03   1.91733265e+00]]
1
[[ 1.71710145  2.50985456  0.83402693  2.53792596]]
3
[[  2.21138716e+00   2.75443077e+00   2.61628628e-03   1.91733265e+00]]
1
[[ 1.71710145  2.50985456  0.83402693  2.53792596]]
3
[[  2.21138716e+00   2.75443077e+00   2.61628628e-03   1.91733265e+00]]
1
[[ 1.71710145  2.50985456  0.83402693  2.53792596]]
3
[[  2.21138716e+00   2.75443077e+00   2.61628628e-03   1.91733265e+00]]
1
[[ 1.71710145  2.50985456  0.83402693  2.53792596]]
3
[[  2.21138716e+00   2.75443077e+00   2.61628628e-03   1.91733265e+00]]
1
[[ 1.71710145  2.50985456  0.83402693  2.53792596]]
3
[[  2.21138716e+00   2.75443077e+00   2.61628628e-03   1.91733265e+00]]
1
[[ 1.71710145  2.50985456  0.83402693  2.53792596]]
3
[[  2.21138716e+00   2.75443077e+00   2.61628628e-03   1.91733265e+00]]
1
[[ 1.71710145  2.50985456  0.83402693  2.53792596]]
3
[[  2.21138716e+00   2.75443077e+00   2.61628628e-03   1.91733265e+00]]
1
[[ 1.71710145  2.50985456  0.83402693  2.53792596]]
3
[[  2.21138716e+00   2.75443077e+00   2.61628628e-03   1.91733265e+00]]
1
[[ 1.71710145  2.50985456  0.83402693  2.53792596]]
3
[[  2.21138716e+00   2.75443077e+00   2.61628628e-03   1.91733265e+00]]
1
[[ 1.71710145  2.50985456  0.83402693  2.53792596]]
3
[[  2.21138716e+00   2.75443077e+00   2.61628628e-03   1.91733265e+00]]
1
[[ 1.71710145  2.50985456  0.83402693  2.53792596]]
3
[[  2.21138716e+00   2.75443077e+00   2.61628628e-03   1.91733265e+00]]
1
[[ 1.71710145  2.50985456  0.83402693  2.53792596]]
3
[[  2.21138716e+00   2.75443077e+00   2.61628628e-03   1.91733265e+00]]
1
[[ 1.71710145  2.50985456  0.83402693  2.53792596]]
3
[[  2.21138716e+00   2.75443077e+00   2.61628628e-03   1.91733265e+00]]
1
[[ 1.71710145  2.50985456  0.83402693  2.53792596]]
3
[[  2.21138716e+00   2.75443077e+00   2.61628628e-03   1.91733265e+00]]
1
[[ 1.71710145  2.50985456  0.83402693  2.53792596]]
3
[[  2.21138716e+00   2.75443077e+00   2.61628628e-03   1.91733265e+00]]
1
[[ 1.71710145  2.50985456  0.83402693  2.53792596]]
3
[[  2.21138716e+00   2.75443077e+00   2.61628628e-03   1.91733265e+00]]
1
[[ 1.71710145  2.50985456  0.83402693  2.53792596]]
3
[[  2.21138716e+00   2.75443077e+00   2.61628628e-03   1.91733265e+00]]
1
[[ 1.71710145  2.50985456  0.83402693  2.53792596]]
3
[[  2.21138716e+00   2.75443077e+00   2.61628628e-03   1.91733265e+00]]
1
[[ 1.71710145  2.50985456  0.83402693  2.53792596]]
3
[[  2.21138716e+00   2.75443077e+00   2.61628628e-03   1.91733265e+00]]
1
[[ 1.71710145  2.50985456  0.83402693  2.53792596]]
3
[[  2.21138716e+00   2.75443077e+00   2.61628628e-03   1.91733265e+00]]
1
[[ 1.71710145  2.50985456  0.83402693  2.53792596]]
3
[[  2.21138716e+00   2.75443077e+00   2.61628628e-03   1.91733265e+00]]
1
[[ 1.71710145  2.50985456  0.83402693  2.53792596]]
3
[[  2.21138716e+00   2.75443077e+00   2.61628628e-03   1.91733265e+00]]
1
[[ 1.71710145  2.50985456  0.83402693  2.53792596]]
3
[[  2.21138716e+00   2.75443077e+00   2.61628628e-03   1.91733265e+00]]
1
[[ 1.71710145  2.50985456  0.83402693  2.53792596]]
3
[[  2.21138716e+00   2.75443077e+00   2.61628628e-03   1.91733265e+00]]
1
[[ 1.71710145  2.50985456  0.83402693  2.53792596]]
3
[[  2.21138716e+00   2.75443077e+00   2.61628628e-03   1.91733265e+00]]
1
[[ 1.71710145  2.50985456  0.83402693  2.53792596]]
3
[[  2.21138716e+00   2.75443077e+00   2.61628628e-03   1.91733265e+00]]
1
[[ 1.71710145  2.50985456  0.83402693  2.53792596]]
3
[[  2.21138716e+00   2.75443077e+00   2.61628628e-03   1.91733265e+00]]
1
[[ 1.71710145  2.50985456  0.83402693  2.53792596]]
3
[[  2.21138716e+00   2.75443077e+00   2.61628628e-03   1.91733265e+00]]
1
[[ 1.71710145  2.50985456  0.83402693  2.53792596]]
3
[[  2.21138716e+00   2.75443077e+00   2.61628628e-03   1.91733265e+00]]
1
[[ 1.71710145  2.50985456  0.83402693  2.53792596]]
3
[[  2.21138716e+00   2.75443077e+00   2.61628628e-03   1.91733265e+00]]
1
[[ 1.71710145  2.50985456  0.83402693  2.53792596]]
3
[[  2.21138716e+00   2.75443077e+00   2.61628628e-03   1.91733265e+00]]
1
[[ 1.71710145  2.50985456  0.83402693  2.53792596]]
3
[[  2.21138716e+00   2.75443077e+00   2.61628628e-03   1.91733265e+00]]
1
[[ 1.71710145  2.50985456  0.83402693  2.53792596]]
3
FAIL
2/7
