[[ 0.83500648  1.52713513 -0.01631343  1.5080384 ]]
1
[[ 2.24350953  2.78696012  0.04155779  1.97089529]]
1
[[ 1.7445209   2.53333664  0.87821865  2.59967518]]
3
[[ 2.24350953  2.78696012  0.04155779  1.97089529]]
1
[[ 1.7445209   2.53333664  0.87821865  2.59967518]]
3
[[ 2.24350953  2.78696012  0.04155779  1.97089529]]
1
[[ 1.7445209   2.53333664  0.87821865  2.59967518]]
3
[[ 2.24350953  2.78696012  0.04155779  1.97089529]]
1
[[ 1.7445209   2.53333664  0.87821865  2.59967518]]
3
[[ 2.24350953  2.78696012  0.04155779  1.97089529]]
1
[[ 1.7445209   2.53333664  0.87821865  2.59967518]]
3
[[ 2.24350953  2.78696012  0.04155779  1.97089529]]
1
[[ 1.7445209   2.53333664  0.87821865  2.59967518]]
3
[[ 2.24350953  2.78696012  0.04155779  1.97089529]]
1
[[ 1.7445209   2.53333664  0.87821865  2.59967518]]
3
[[ 2.24350953  2.78696012  0.04155779  1.97089529]]
1
[[ 1.7445209   2.53333664  0.87821865  2.59967518]]
3
[[ 2.24350953  2.78696012  0.04155779  1.97089529]]
1
[[ 1.7445209   2.53333664  0.87821865  2.59967518]]
3
[[ 2.24350953  2.78696012  0.04155779  1.97089529]]
1
[[ 1.7445209   2.53333664  0.87821865  2.59967518]]
3
[[ 2.24350953  2.78696012  0.04155779  1.97089529]]
1
[[ 1.7445209   2.53333664  0.87821865  2.59967518]]
3
[[ 2.24350953  2.78696012  0.04155779  1.97089529]]
1
[[ 1.7445209   2.53333664  0.87821865  2.59967518]]
3
[[ 2.24350953  2.78696012  0.04155779  1.97089529]]
1
[[ 1.7445209   2.53333664  0.87821865  2.59967518]]
3
[[ 2.24350953  2.78696012  0.04155779  1.97089529]]
1
[[ 1.7445209   2.53333664  0.87821865  2.59967518]]
3
[[ 2.24350953  2.78696012  0.04155779  1.97089529]]
1
[[ 1.7445209   2.53333664  0.87821865  2.59967518]]
3
[[ 2.24350953  2.78696012  0.04155779  1.97089529]]
1
[[ 1.7445209   2.53333664  0.87821865  2.59967518]]
3
[[ 2.24350953  2.78696012  0.04155779  1.97089529]]
1
[[ 1.7445209   2.53333664  0.87821865  2.59967518]]
3
[[ 2.24350953  2.78696012  0.04155779  1.97089529]]
1
[[ 1.7445209   2.53333664  0.87821865  2.59967518]]
3
[[ 2.24350953  2.78696012  0.04155779  1.97089529]]
1
[[ 1.7445209   2.53333664  0.87821865  2.59967518]]
3
[[ 2.24350953  2.78696012  0.04155779  1.97089529]]
1
[[ 1.7445209   2.53333664  0.87821865  2.59967518]]
3
[[ 2.24350953  2.78696012  0.04155779  1.97089529]]
1
[[ 1.7445209   2.53333664  0.87821865  2.59967518]]
3
[[ 2.24350953  2.78696012  0.04155779  1.97089529]]
1
[[ 1.7445209   2.53333664  0.87821865  2.59967518]]
3
[[ 2.24350953  2.78696012  0.04155779  1.97089529]]
1
[[ 1.7445209   2.53333664  0.87821865  2.59967518]]
3
[[ 2.24350953  2.78696012  0.04155779  1.97089529]]
1
[[ 1.7445209   2.53333664  0.87821865  2.59967518]]
3
[[ 2.24350953  2.78696012  0.04155779  1.97089529]]
1
[[ 1.7445209   2.53333664  0.87821865  2.59967518]]
3
[[ 2.24350953  2.78696012  0.04155779  1.97089529]]
1
[[ 1.7445209   2.53333664  0.87821865  2.59967518]]
3
[[ 2.24350953  2.78696012  0.04155779  1.97089529]]
1
[[ 1.7445209   2.53333664  0.87821865  2.59967518]]
3
[[ 2.24350953  2.78696012  0.04155779  1.97089529]]
1
[[ 1.7445209   2.53333664  0.87821865  2.59967518]]
3
[[ 2.24350953  2.78696012  0.04155779  1.97089529]]
1
[[ 1.7445209   2.53333664  0.87821865  2.59967518]]
3
[[ 2.24350953  2.78696012  0.04155779  1.97089529]]
1
[[ 1.7445209   2.53333664  0.87821865  2.59967518]]
3
[[ 2.24350953  2.78696012  0.04155779  1.97089529]]
1
[[ 1.7445209   2.53333664  0.87821865  2.59967518]]
3
[[ 2.24350953  2.78696012  0.04155779  1.97089529]]
1
[[ 1.7445209   2.53333664  0.87821865  2.59967518]]
3
[[ 2.24350953  2.78696012  0.04155779  1.97089529]]
1
[[ 1.7445209   2.53333664  0.87821865  2.59967518]]
3
[[ 2.24350953  2.78696012  0.04155779  1.97089529]]
1
[[ 1.7445209   2.53333664  0.87821865  2.59967518]]
3
[[ 2.24350953  2.78696012  0.04155779  1.97089529]]
1
[[ 1.7445209   2.53333664  0.87821865  2.59967518]]
3
[[ 2.24350953  2.78696012  0.04155779  1.97089529]]
1
[[ 1.7445209   2.53333664  0.87821865  2.59967518]]
3
[[ 2.24350953  2.78696012  0.04155779  1.97089529]]
1
[[ 1.7445209   2.53333664  0.87821865  2.59967518]]
3
[[ 2.24350953  2.78696012  0.04155779  1.97089529]]
1
[[ 1.7445209   2.53333664  0.87821865  2.59967518]]
3
[[ 2.24350953  2.78696012  0.04155779  1.97089529]]
1
[[ 1.7445209   2.53333664  0.87821865  2.59967518]]
3
[[ 2.24350953  2.78696012  0.04155779  1.97089529]]
1
[[ 1.7445209   2.53333664  0.87821865  2.59967518]]
3
[[ 2.24350953  2.78696012  0.04155779  1.97089529]]
1
[[ 1.7445209   2.53333664  0.87821865  2.59967518]]
3
[[ 2.24350953  2.78696012  0.04155779  1.97089529]]
1
[[ 1.7445209   2.53333664  0.87821865  2.59967518]]
3
[[ 2.24350953  2.78696012  0.04155779  1.97089529]]
1
[[ 1.7445209   2.53333664  0.87821865  2.59967518]]
3
[[ 2.24350953  2.78696012  0.04155779  1.97089529]]
1
[[ 1.7445209   2.53333664  0.87821865  2.59967518]]
3
[[ 2.24350953  2.78696012  0.04155779  1.97089529]]
1
[[ 1.7445209   2.53333664  0.87821865  2.59967518]]
3
[[ 2.24350953  2.78696012  0.04155779  1.97089529]]
1
[[ 1.7445209   2.53333664  0.87821865  2.59967518]]
3
[[ 2.24350953  2.78696012  0.04155779  1.97089529]]
1
[[ 1.7445209   2.53333664  0.87821865  2.59967518]]
3
[[ 2.24350953  2.78696012  0.04155779  1.97089529]]
1
[[ 1.7445209   2.53333664  0.87821865  2.59967518]]
3
[[ 2.24350953  2.78696012  0.04155779  1.97089529]]
1
[[ 1.7445209   2.53333664  0.87821865  2.59967518]]
3
[[ 2.24350953  2.78696012  0.04155779  1.97089529]]
1
[[ 1.7445209   2.53333664  0.87821865  2.59967518]]
3
FAIL
2/7
