[[ 83872256.  76490784.  55785504.  61054024.]]
0
[[ 76880736.  66902736.  54974184.  49154456.]]
0
[[ 60221056.  80238496.  53847904.  47807832.]]
1
[[ 46055392.  52990548.  28940648.  58549792.]]
3
[[ 60221056.  80238496.  53847904.  47807832.]]
1
[[ 46055392.  52990548.  28940648.  58549792.]]
3
[[ 60221056.  80238496.  53847904.  47807832.]]
1
[[ 46055392.  52990548.  28940648.  58549792.]]
3
[[ 60221056.  80238496.  53847904.  47807832.]]
1
[[ 46055392.  52990548.  28940648.  58549792.]]
3
[[ 60221056.  80238496.  53847904.  47807832.]]
1
[[ 46055392.  52990548.  28940648.  58549792.]]
3
[[ 60221056.  80238496.  53847904.  47807832.]]
1
[[ 46055392.  52990548.  28940648.  58549792.]]
3
[[ 60221056.  80238496.  53847904.  47807832.]]
1
[[ 46055392.  52990548.  28940648.  58549792.]]
3
[[ 60221056.  80238496.  53847904.  47807832.]]
1
[[ 46055392.  52990548.  28940648.  58549792.]]
3
[[ 60221056.  80238496.  53847904.  47807832.]]
1
[[ 46055392.  52990548.  28940648.  58549792.]]
3
[[ 60221056.  80238496.  53847904.  47807832.]]
1
[[ 46055392.  52990548.  28940648.  58549792.]]
3
[[ 60221056.  80238496.  53847904.  47807832.]]
1
[[ 46055392.  52990548.  28940648.  58549792.]]
3
[[ 60221056.  80238496.  53847904.  47807832.]]
1
[[ 46055392.  52990548.  28940648.  58549792.]]
3
[[ 60221056.  80238496.  53847904.  47807832.]]
1
[[ 46055392.  52990548.  28940648.  58549792.]]
3
[[ 60221056.  80238496.  53847904.  47807832.]]
1
[[ 46055392.  52990548.  28940648.  58549792.]]
3
[[ 60221056.  80238496.  53847904.  47807832.]]
1
[[ 46055392.  52990548.  28940648.  58549792.]]
3
[[ 60221056.  80238496.  53847904.  47807832.]]
1
[[ 46055392.  52990548.  28940648.  58549792.]]
3
[[ 60221056.  80238496.  53847904.  47807832.]]
1
[[ 46055392.  52990548.  28940648.  58549792.]]
3
[[ 60221056.  80238496.  53847904.  47807832.]]
1
[[ 46055392.  52990548.  28940648.  58549792.]]
3
[[ 60221056.  80238496.  53847904.  47807832.]]
1
[[ 46055392.  52990548.  28940648.  58549792.]]
3
[[ 60221056.  80238496.  53847904.  47807832.]]
1
[[ 46055392.  52990548.  28940648.  58549792.]]
3
[[ 60221056.  80238496.  53847904.  47807832.]]
1
[[ 46055392.  52990548.  28940648.  58549792.]]
3
[[ 60221056.  80238496.  53847904.  47807832.]]
1
[[ 46055392.  52990548.  28940648.  58549792.]]
3
[[ 60221056.  80238496.  53847904.  47807832.]]
1
[[ 46055392.  52990548.  28940648.  58549792.]]
3
[[ 60221056.  80238496.  53847904.  47807832.]]
1
[[ 46055392.  52990548.  28940648.  58549792.]]
3
[[ 60221056.  80238496.  53847904.  47807832.]]
1
[[ 46055392.  52990548.  28940648.  58549792.]]
3
[[ 60221056.  80238496.  53847904.  47807832.]]
1
[[ 46055392.  52990548.  28940648.  58549792.]]
3
[[ 60221056.  80238496.  53847904.  47807832.]]
1
[[ 46055392.  52990548.  28940648.  58549792.]]
3
[[ 60221056.  80238496.  53847904.  47807832.]]
1
[[ 46055392.  52990548.  28940648.  58549792.]]
3
[[ 60221056.  80238496.  53847904.  47807832.]]
1
[[ 46055392.  52990548.  28940648.  58549792.]]
3
[[ 60221056.  80238496.  53847904.  47807832.]]
1
[[ 46055392.  52990548.  28940648.  58549792.]]
3
[[ 60221056.  80238496.  53847904.  47807832.]]
1
[[ 46055392.  52990548.  28940648.  58549792.]]
3
[[ 60221056.  80238496.  53847904.  47807832.]]
1
[[ 46055392.  52990548.  28940648.  58549792.]]
3
[[ 60221056.  80238496.  53847904.  47807832.]]
1
[[ 46055392.  52990548.  28940648.  58549792.]]
3
[[ 60221056.  80238496.  53847904.  47807832.]]
1
[[ 46055392.  52990548.  28940648.  58549792.]]
3
[[ 60221056.  80238496.  53847904.  47807832.]]
1
[[ 46055392.  52990548.  28940648.  58549792.]]
3
[[ 60221056.  80238496.  53847904.  47807832.]]
1
[[ 46055392.  52990548.  28940648.  58549792.]]
3
[[ 60221056.  80238496.  53847904.  47807832.]]
1
[[ 46055392.  52990548.  28940648.  58549792.]]
3
[[ 60221056.  80238496.  53847904.  47807832.]]
1
[[ 46055392.  52990548.  28940648.  58549792.]]
3
[[ 60221056.  80238496.  53847904.  47807832.]]
1
[[ 46055392.  52990548.  28940648.  58549792.]]
3
[[ 60221056.  80238496.  53847904.  47807832.]]
1
[[ 46055392.  52990548.  28940648.  58549792.]]
3
[[ 60221056.  80238496.  53847904.  47807832.]]
1
[[ 46055392.  52990548.  28940648.  58549792.]]
3
[[ 60221056.  80238496.  53847904.  47807832.]]
1
[[ 46055392.  52990548.  28940648.  58549792.]]
3
[[ 60221056.  80238496.  53847904.  47807832.]]
1
[[ 46055392.  52990548.  28940648.  58549792.]]
3
[[ 60221056.  80238496.  53847904.  47807832.]]
1
[[ 46055392.  52990548.  28940648.  58549792.]]
3
[[ 60221056.  80238496.  53847904.  47807832.]]
1
[[ 46055392.  52990548.  28940648.  58549792.]]
3
[[ 60221056.  80238496.  53847904.  47807832.]]
1
[[ 46055392.  52990548.  28940648.  58549792.]]
3
[[ 60221056.  80238496.  53847904.  47807832.]]
1
[[ 46055392.  52990548.  28940648.  58549792.]]
3
[[ 60221056.  80238496.  53847904.  47807832.]]
1
[[ 46055392.  52990548.  28940648.  58549792.]]
3
[[ 60221056.  80238496.  53847904.  47807832.]]
1
[[ 46055392.  52990548.  28940648.  58549792.]]
3
[[ 60221056.  80238496.  53847904.  47807832.]]
1
FAIL
3/8
