[[ 27721496.  29706196.  21279002.  29681936.]]
1
[[ 27825844.  30318066.  22178948.  29125832.]]
1
[[ 28785600.  30005252.  23107910.  30258646.]]
3
[[ 27825844.  30318066.  22178948.  29125832.]]
1
[[ 28785600.  30005252.  23107910.  30258646.]]
3
[[ 27825844.  30318066.  22178948.  29125832.]]
1
[[ 28785600.  30005252.  23107910.  30258646.]]
3
[[ 27825844.  30318066.  22178948.  29125832.]]
1
[[ 28785600.  30005252.  23107910.  30258646.]]
3
[[ 27825844.  30318066.  22178948.  29125832.]]
1
[[ 28785600.  30005252.  23107910.  30258646.]]
3
[[ 27825844.  30318066.  22178948.  29125832.]]
1
[[ 28785600.  30005252.  23107910.  30258646.]]
3
[[ 27825844.  30318066.  22178948.  29125832.]]
1
[[ 28785600.  30005252.  23107910.  30258646.]]
3
[[ 27825844.  30318066.  22178948.  29125832.]]
1
[[ 28785600.  30005252.  23107910.  30258646.]]
3
[[ 27825844.  30318066.  22178948.  29125832.]]
1
[[ 28785600.  30005252.  23107910.  30258646.]]
3
[[ 27825844.  30318066.  22178948.  29125832.]]
1
[[ 28785600.  30005252.  23107910.  30258646.]]
3
[[ 27825844.  30318066.  22178948.  29125832.]]
1
[[ 28785600.  30005252.  23107910.  30258646.]]
3
[[ 27825844.  30318066.  22178948.  29125832.]]
1
[[ 28785600.  30005252.  23107910.  30258646.]]
3
[[ 27825844.  30318066.  22178948.  29125832.]]
1
[[ 28785600.  30005252.  23107910.  30258646.]]
3
[[ 27825844.  30318066.  22178948.  29125832.]]
1
[[ 28785600.  30005252.  23107910.  30258646.]]
3
[[ 27825844.  30318066.  22178948.  29125832.]]
1
[[ 28785600.  30005252.  23107910.  30258646.]]
3
[[ 27825844.  30318066.  22178948.  29125832.]]
1
[[ 28785600.  30005252.  23107910.  30258646.]]
3
[[ 27825844.  30318066.  22178948.  29125832.]]
1
[[ 28785600.  30005252.  23107910.  30258646.]]
3
[[ 27825844.  30318066.  22178948.  29125832.]]
1
[[ 28785600.  30005252.  23107910.  30258646.]]
3
[[ 27825844.  30318066.  22178948.  29125832.]]
1
[[ 28785600.  30005252.  23107910.  30258646.]]
3
[[ 27825844.  30318066.  22178948.  29125832.]]
1
[[ 28785600.  30005252.  23107910.  30258646.]]
3
[[ 27825844.  30318066.  22178948.  29125832.]]
1
[[ 28785600.  30005252.  23107910.  30258646.]]
3
[[ 27825844.  30318066.  22178948.  29125832.]]
1
[[ 28785600.  30005252.  23107910.  30258646.]]
3
[[ 27825844.  30318066.  22178948.  29125832.]]
1
[[ 28785600.  30005252.  23107910.  30258646.]]
3
[[ 27825844.  30318066.  22178948.  29125832.]]
1
[[ 28785600.  30005252.  23107910.  30258646.]]
3
[[ 27825844.  30318066.  22178948.  29125832.]]
1
[[ 28785600.  30005252.  23107910.  30258646.]]
3
[[ 27825844.  30318066.  22178948.  29125832.]]
1
[[ 28785600.  30005252.  23107910.  30258646.]]
3
[[ 27825844.  30318066.  22178948.  29125832.]]
1
[[ 28785600.  30005252.  23107910.  30258646.]]
3
[[ 27825844.  30318066.  22178948.  29125832.]]
1
[[ 28785600.  30005252.  23107910.  30258646.]]
3
[[ 27825844.  30318066.  22178948.  29125832.]]
1
[[ 28785600.  30005252.  23107910.  30258646.]]
3
[[ 27825844.  30318066.  22178948.  29125832.]]
1
[[ 28785600.  30005252.  23107910.  30258646.]]
3
[[ 27825844.  30318066.  22178948.  29125832.]]
1
[[ 28785600.  30005252.  23107910.  30258646.]]
3
[[ 27825844.  30318066.  22178948.  29125832.]]
1
[[ 28785600.  30005252.  23107910.  30258646.]]
3
[[ 27825844.  30318066.  22178948.  29125832.]]
1
[[ 28785600.  30005252.  23107910.  30258646.]]
3
[[ 27825844.  30318066.  22178948.  29125832.]]
1
[[ 28785600.  30005252.  23107910.  30258646.]]
3
[[ 27825844.  30318066.  22178948.  29125832.]]
1
[[ 28785600.  30005252.  23107910.  30258646.]]
3
[[ 27825844.  30318066.  22178948.  29125832.]]
1
[[ 28785600.  30005252.  23107910.  30258646.]]
3
[[ 27825844.  30318066.  22178948.  29125832.]]
1
[[ 28785600.  30005252.  23107910.  30258646.]]
3
[[ 27825844.  30318066.  22178948.  29125832.]]
1
[[ 28785600.  30005252.  23107910.  30258646.]]
3
[[ 27825844.  30318066.  22178948.  29125832.]]
1
[[ 28785600.  30005252.  23107910.  30258646.]]
3
[[ 27825844.  30318066.  22178948.  29125832.]]
1
[[ 28785600.  30005252.  23107910.  30258646.]]
3
[[ 27825844.  30318066.  22178948.  29125832.]]
1
[[ 28785600.  30005252.  23107910.  30258646.]]
3
[[ 27825844.  30318066.  22178948.  29125832.]]
1
[[ 28785600.  30005252.  23107910.  30258646.]]
3
[[ 27825844.  30318066.  22178948.  29125832.]]
1
[[ 28785600.  30005252.  23107910.  30258646.]]
3
[[ 27825844.  30318066.  22178948.  29125832.]]
1
[[ 28785600.  30005252.  23107910.  30258646.]]
3
[[ 27825844.  30318066.  22178948.  29125832.]]
1
[[ 28785600.  30005252.  23107910.  30258646.]]
3
[[ 27825844.  30318066.  22178948.  29125832.]]
1
[[ 28785600.  30005252.  23107910.  30258646.]]
3
[[ 27825844.  30318066.  22178948.  29125832.]]
1
[[ 28785600.  30005252.  23107910.  30258646.]]
3
[[ 27825844.  30318066.  22178948.  29125832.]]
1
[[ 28785600.  30005252.  23107910.  30258646.]]
3
[[ 27825844.  30318066.  22178948.  29125832.]]
1
[[ 28785600.  30005252.  23107910.  30258646.]]
3
[[ 27825844.  30318066.  22178948.  29125832.]]
1
[[ 28785600.  30005252.  23107910.  30258646.]]
3
FAIL
2/4
