[[-4.77059364 -5.53060532 -3.98802757 -8.47785759]]
2
[[-2.5945096  -6.87691402 -3.0705328  -8.94336033]]
0
[[-4.77059364 -5.53060532 -3.98802757 -8.47785759]]
2
[[-2.5945096  -6.87691402 -3.0705328  -8.94336033]]
0
[[-4.77059364 -5.53060532 -3.98802757 -8.47785759]]
2
[[-2.5945096  -6.87691402 -3.0705328  -8.94336033]]
0
[[-4.77059364 -5.53060532 -3.98802757 -8.47785759]]
2
[[-2.5945096  -6.87691402 -3.0705328  -8.94336033]]
0
[[-4.77059364 -5.53060532 -3.98802757 -8.47785759]]
2
[[-2.5945096  -6.87691402 -3.0705328  -8.94336033]]
0
[[-4.77059364 -5.53060532 -3.98802757 -8.47785759]]
2
[[-2.5945096  -6.87691402 -3.0705328  -8.94336033]]
0
[[-4.77059364 -5.53060532 -3.98802757 -8.47785759]]
2
[[-2.5945096  -6.87691402 -3.0705328  -8.94336033]]
0
[[-4.77059364 -5.53060532 -3.98802757 -8.47785759]]
2
[[-2.5945096  -6.87691402 -3.0705328  -8.94336033]]
0
[[-4.77059364 -5.53060532 -3.98802757 -8.47785759]]
2
[[-2.5945096  -6.87691402 -3.0705328  -8.94336033]]
0
[[-4.77059364 -5.53060532 -3.98802757 -8.47785759]]
2
[[-2.5945096  -6.87691402 -3.0705328  -8.94336033]]
0
[[-4.77059364 -5.53060532 -3.98802757 -8.47785759]]
2
[[-2.5945096  -6.87691402 -3.0705328  -8.94336033]]
0
[[-4.77059364 -5.53060532 -3.98802757 -8.47785759]]
2
[[-2.5945096  -6.87691402 -3.0705328  -8.94336033]]
0
[[-4.77059364 -5.53060532 -3.98802757 -8.47785759]]
2
[[-2.5945096  -6.87691402 -3.0705328  -8.94336033]]
0
[[-4.77059364 -5.53060532 -3.98802757 -8.47785759]]
2
[[-2.5945096  -6.87691402 -3.0705328  -8.94336033]]
0
[[-4.77059364 -5.53060532 -3.98802757 -8.47785759]]
2
[[-2.5945096  -6.87691402 -3.0705328  -8.94336033]]
0
[[-4.77059364 -5.53060532 -3.98802757 -8.47785759]]
2
[[-2.5945096  -6.87691402 -3.0705328  -8.94336033]]
0
[[-4.77059364 -5.53060532 -3.98802757 -8.47785759]]
2
[[-2.5945096  -6.87691402 -3.0705328  -8.94336033]]
0
[[-4.77059364 -5.53060532 -3.98802757 -8.47785759]]
2
[[-2.5945096  -6.87691402 -3.0705328  -8.94336033]]
0
[[-4.77059364 -5.53060532 -3.98802757 -8.47785759]]
2
[[-2.5945096  -6.87691402 -3.0705328  -8.94336033]]
0
[[-4.77059364 -5.53060532 -3.98802757 -8.47785759]]
2
[[-2.5945096  -6.87691402 -3.0705328  -8.94336033]]
0
[[-4.77059364 -5.53060532 -3.98802757 -8.47785759]]
2
[[-2.5945096  -6.87691402 -3.0705328  -8.94336033]]
0
[[-4.77059364 -5.53060532 -3.98802757 -8.47785759]]
2
[[-2.5945096  -6.87691402 -3.0705328  -8.94336033]]
0
[[-4.77059364 -5.53060532 -3.98802757 -8.47785759]]
2
[[-2.5945096  -6.87691402 -3.0705328  -8.94336033]]
0
[[-4.77059364 -5.53060532 -3.98802757 -8.47785759]]
2
[[-2.5945096  -6.87691402 -3.0705328  -8.94336033]]
0
[[-4.77059364 -5.53060532 -3.98802757 -8.47785759]]
2
[[-2.5945096  -6.87691402 -3.0705328  -8.94336033]]
0
[[-4.77059364 -5.53060532 -3.98802757 -8.47785759]]
2
[[-2.5945096  -6.87691402 -3.0705328  -8.94336033]]
0
[[-4.77059364 -5.53060532 -3.98802757 -8.47785759]]
2
[[-2.5945096  -6.87691402 -3.0705328  -8.94336033]]
0
[[-4.77059364 -5.53060532 -3.98802757 -8.47785759]]
2
[[-2.5945096  -6.87691402 -3.0705328  -8.94336033]]
0
[[-4.77059364 -5.53060532 -3.98802757 -8.47785759]]
2
[[-2.5945096  -6.87691402 -3.0705328  -8.94336033]]
0
[[-4.77059364 -5.53060532 -3.98802757 -8.47785759]]
2
[[-2.5945096  -6.87691402 -3.0705328  -8.94336033]]
0
[[-4.77059364 -5.53060532 -3.98802757 -8.47785759]]
2
[[-2.5945096  -6.87691402 -3.0705328  -8.94336033]]
0
[[-4.77059364 -5.53060532 -3.98802757 -8.47785759]]
2
[[-2.5945096  -6.87691402 -3.0705328  -8.94336033]]
0
[[-4.77059364 -5.53060532 -3.98802757 -8.47785759]]
2
[[-2.5945096  -6.87691402 -3.0705328  -8.94336033]]
0
[[-4.77059364 -5.53060532 -3.98802757 -8.47785759]]
2
[[-2.5945096  -6.87691402 -3.0705328  -8.94336033]]
0
[[-4.77059364 -5.53060532 -3.98802757 -8.47785759]]
2
[[-2.5945096  -6.87691402 -3.0705328  -8.94336033]]
0
[[-4.77059364 -5.53060532 -3.98802757 -8.47785759]]
2
[[-2.5945096  -6.87691402 -3.0705328  -8.94336033]]
0
[[-4.77059364 -5.53060532 -3.98802757 -8.47785759]]
2
[[-2.5945096  -6.87691402 -3.0705328  -8.94336033]]
0
[[-4.77059364 -5.53060532 -3.98802757 -8.47785759]]
2
[[-2.5945096  -6.87691402 -3.0705328  -8.94336033]]
0
[[-4.77059364 -5.53060532 -3.98802757 -8.47785759]]
2
[[-2.5945096  -6.87691402 -3.0705328  -8.94336033]]
0
[[-4.77059364 -5.53060532 -3.98802757 -8.47785759]]
2
[[-2.5945096  -6.87691402 -3.0705328  -8.94336033]]
0
[[-4.77059364 -5.53060532 -3.98802757 -8.47785759]]
2
[[-2.5945096  -6.87691402 -3.0705328  -8.94336033]]
0
[[-4.77059364 -5.53060532 -3.98802757 -8.47785759]]
2
[[-2.5945096  -6.87691402 -3.0705328  -8.94336033]]
0
[[-4.77059364 -5.53060532 -3.98802757 -8.47785759]]
2
[[-2.5945096  -6.87691402 -3.0705328  -8.94336033]]
0
[[-4.77059364 -5.53060532 -3.98802757 -8.47785759]]
2
[[-2.5945096  -6.87691402 -3.0705328  -8.94336033]]
0
[[-4.77059364 -5.53060532 -3.98802757 -8.47785759]]
2
[[-2.5945096  -6.87691402 -3.0705328  -8.94336033]]
0
[[-4.77059364 -5.53060532 -3.98802757 -8.47785759]]
2
[[-2.5945096  -6.87691402 -3.0705328  -8.94336033]]
0
[[-4.77059364 -5.53060532 -3.98802757 -8.47785759]]
2
[[-2.5945096  -6.87691402 -3.0705328  -8.94336033]]
0
[[-4.77059364 -5.53060532 -3.98802757 -8.47785759]]
2
[[-2.5945096  -6.87691402 -3.0705328  -8.94336033]]
0
[[-4.77059364 -5.53060532 -3.98802757 -8.47785759]]
2
[[-2.5945096  -6.87691402 -3.0705328  -8.94336033]]
0
[[-4.77059364 -5.53060532 -3.98802757 -8.47785759]]
2
[[-2.5945096  -6.87691402 -3.0705328  -8.94336033]]
0
[[-4.77059364 -5.53060532 -3.98802757 -8.47785759]]
2
FAIL
0/5
