[[-4.45573807 -8.64046669 -4.57167578 -8.51927471]]
0
[[-13.27433205 -16.23450279  -0.52114356  -8.36949158]]
2
[[-4.45573807 -8.64046669 -4.57167578 -8.51927471]]
0
[[-13.27433205 -16.23450279  -0.52114356  -8.36949158]]
2
[[-4.45573807 -8.64046669 -4.57167578 -8.51927471]]
0
[[-13.27433205 -16.23450279  -0.52114356  -8.36949158]]
2
[[-4.45573807 -8.64046669 -4.57167578 -8.51927471]]
0
[[-13.27433205 -16.23450279  -0.52114356  -8.36949158]]
2
[[-4.45573807 -8.64046669 -4.57167578 -8.51927471]]
0
[[-13.27433205 -16.23450279  -0.52114356  -8.36949158]]
2
[[-4.45573807 -8.64046669 -4.57167578 -8.51927471]]
0
[[-13.27433205 -16.23450279  -0.52114356  -8.36949158]]
2
[[-4.45573807 -8.64046669 -4.57167578 -8.51927471]]
0
[[-13.27433205 -16.23450279  -0.52114356  -8.36949158]]
2
[[-4.45573807 -8.64046669 -4.57167578 -8.51927471]]
0
[[-13.27433205 -16.23450279  -0.52114356  -8.36949158]]
2
[[-4.45573807 -8.64046669 -4.57167578 -8.51927471]]
0
[[-13.27433205 -16.23450279  -0.52114356  -8.36949158]]
2
[[-4.45573807 -8.64046669 -4.57167578 -8.51927471]]
0
[[-13.27433205 -16.23450279  -0.52114356  -8.36949158]]
2
[[-4.45573807 -8.64046669 -4.57167578 -8.51927471]]
0
[[-13.27433205 -16.23450279  -0.52114356  -8.36949158]]
2
[[-4.45573807 -8.64046669 -4.57167578 -8.51927471]]
0
[[-13.27433205 -16.23450279  -0.52114356  -8.36949158]]
2
[[-4.45573807 -8.64046669 -4.57167578 -8.51927471]]
0
[[-13.27433205 -16.23450279  -0.52114356  -8.36949158]]
2
[[-4.45573807 -8.64046669 -4.57167578 -8.51927471]]
0
[[-13.27433205 -16.23450279  -0.52114356  -8.36949158]]
2
[[-4.45573807 -8.64046669 -4.57167578 -8.51927471]]
0
[[-13.27433205 -16.23450279  -0.52114356  -8.36949158]]
2
[[-4.45573807 -8.64046669 -4.57167578 -8.51927471]]
0
[[-13.27433205 -16.23450279  -0.52114356  -8.36949158]]
2
[[-4.45573807 -8.64046669 -4.57167578 -8.51927471]]
0
[[-13.27433205 -16.23450279  -0.52114356  -8.36949158]]
2
[[-4.45573807 -8.64046669 -4.57167578 -8.51927471]]
0
[[-13.27433205 -16.23450279  -0.52114356  -8.36949158]]
2
[[-4.45573807 -8.64046669 -4.57167578 -8.51927471]]
0
[[-13.27433205 -16.23450279  -0.52114356  -8.36949158]]
2
[[-4.45573807 -8.64046669 -4.57167578 -8.51927471]]
0
[[-13.27433205 -16.23450279  -0.52114356  -8.36949158]]
2
[[-4.45573807 -8.64046669 -4.57167578 -8.51927471]]
0
[[-13.27433205 -16.23450279  -0.52114356  -8.36949158]]
2
[[-4.45573807 -8.64046669 -4.57167578 -8.51927471]]
0
[[-13.27433205 -16.23450279  -0.52114356  -8.36949158]]
2
[[-4.45573807 -8.64046669 -4.57167578 -8.51927471]]
0
[[-13.27433205 -16.23450279  -0.52114356  -8.36949158]]
2
[[-4.45573807 -8.64046669 -4.57167578 -8.51927471]]
0
[[-13.27433205 -16.23450279  -0.52114356  -8.36949158]]
2
[[-4.45573807 -8.64046669 -4.57167578 -8.51927471]]
0
[[-13.27433205 -16.23450279  -0.52114356  -8.36949158]]
2
[[-4.45573807 -8.64046669 -4.57167578 -8.51927471]]
0
[[-13.27433205 -16.23450279  -0.52114356  -8.36949158]]
2
[[-4.45573807 -8.64046669 -4.57167578 -8.51927471]]
0
[[-13.27433205 -16.23450279  -0.52114356  -8.36949158]]
2
[[-4.45573807 -8.64046669 -4.57167578 -8.51927471]]
0
[[-13.27433205 -16.23450279  -0.52114356  -8.36949158]]
2
[[-4.45573807 -8.64046669 -4.57167578 -8.51927471]]
0
[[-13.27433205 -16.23450279  -0.52114356  -8.36949158]]
2
[[-4.45573807 -8.64046669 -4.57167578 -8.51927471]]
0
[[-13.27433205 -16.23450279  -0.52114356  -8.36949158]]
2
[[-4.45573807 -8.64046669 -4.57167578 -8.51927471]]
0
[[-13.27433205 -16.23450279  -0.52114356  -8.36949158]]
2
[[-4.45573807 -8.64046669 -4.57167578 -8.51927471]]
0
[[-13.27433205 -16.23450279  -0.52114356  -8.36949158]]
2
[[-4.45573807 -8.64046669 -4.57167578 -8.51927471]]
0
[[-13.27433205 -16.23450279  -0.52114356  -8.36949158]]
2
[[-4.45573807 -8.64046669 -4.57167578 -8.51927471]]
0
[[-13.27433205 -16.23450279  -0.52114356  -8.36949158]]
2
[[-4.45573807 -8.64046669 -4.57167578 -8.51927471]]
0
[[-13.27433205 -16.23450279  -0.52114356  -8.36949158]]
2
[[-4.45573807 -8.64046669 -4.57167578 -8.51927471]]
0
[[-13.27433205 -16.23450279  -0.52114356  -8.36949158]]
2
[[-4.45573807 -8.64046669 -4.57167578 -8.51927471]]
0
[[-13.27433205 -16.23450279  -0.52114356  -8.36949158]]
2
[[-4.45573807 -8.64046669 -4.57167578 -8.51927471]]
0
[[-13.27433205 -16.23450279  -0.52114356  -8.36949158]]
2
[[-4.45573807 -8.64046669 -4.57167578 -8.51927471]]
0
[[-13.27433205 -16.23450279  -0.52114356  -8.36949158]]
2
[[-4.45573807 -8.64046669 -4.57167578 -8.51927471]]
0
[[-13.27433205 -16.23450279  -0.52114356  -8.36949158]]
2
[[-4.45573807 -8.64046669 -4.57167578 -8.51927471]]
0
[[-13.27433205 -16.23450279  -0.52114356  -8.36949158]]
2
[[-4.45573807 -8.64046669 -4.57167578 -8.51927471]]
0
[[-13.27433205 -16.23450279  -0.52114356  -8.36949158]]
2
[[-4.45573807 -8.64046669 -4.57167578 -8.51927471]]
0
[[-13.27433205 -16.23450279  -0.52114356  -8.36949158]]
2
[[-4.45573807 -8.64046669 -4.57167578 -8.51927471]]
0
[[-13.27433205 -16.23450279  -0.52114356  -8.36949158]]
2
[[-4.45573807 -8.64046669 -4.57167578 -8.51927471]]
0
[[-13.27433205 -16.23450279  -0.52114356  -8.36949158]]
2
[[-4.45573807 -8.64046669 -4.57167578 -8.51927471]]
0
[[-13.27433205 -16.23450279  -0.52114356  -8.36949158]]
2
[[-4.45573807 -8.64046669 -4.57167578 -8.51927471]]
0
[[-13.27433205 -16.23450279  -0.52114356  -8.36949158]]
2
[[-4.45573807 -8.64046669 -4.57167578 -8.51927471]]
0
[[-13.27433205 -16.23450279  -0.52114356  -8.36949158]]
2
[[-4.45573807 -8.64046669 -4.57167578 -8.51927471]]
0
[[-13.27433205 -16.23450279  -0.52114356  -8.36949158]]
2
[[-4.45573807 -8.64046669 -4.57167578 -8.51927471]]
0
[[-13.27433205 -16.23450279  -0.52114356  -8.36949158]]
2
[[-4.45573807 -8.64046669 -4.57167578 -8.51927471]]
0
FAIL
1/2
