[[ -5.30325079   0.37907284 -13.17032719  -6.01341677]]
1
[[ -5.60339403   0.66529888 -14.64424992  -5.64336061]]
1
[[ -7.76448679  -6.1036129  -13.34977341  -5.90239   ]]
3
[[ -5.60339403   0.66529888 -14.64424992  -5.64336061]]
1
[[ -7.76448679  -6.1036129  -13.34977341  -5.90239   ]]
3
[[ -5.60339403   0.66529888 -14.64424992  -5.64336061]]
1
[[ -7.76448679  -6.1036129  -13.34977341  -5.90239   ]]
3
[[ -5.60339403   0.66529888 -14.64424992  -5.64336061]]
1
[[ -7.76448679  -6.1036129  -13.34977341  -5.90239   ]]
3
[[ -5.60339403   0.66529888 -14.64424992  -5.64336061]]
1
[[ -7.76448679  -6.1036129  -13.34977341  -5.90239   ]]
3
[[ -5.60339403   0.66529888 -14.64424992  -5.64336061]]
1
[[ -7.76448679  -6.1036129  -13.34977341  -5.90239   ]]
3
[[ -5.60339403   0.66529888 -14.64424992  -5.64336061]]
1
[[ -7.76448679  -6.1036129  -13.34977341  -5.90239   ]]
3
[[ -5.60339403   0.66529888 -14.64424992  -5.64336061]]
1
[[ -7.76448679  -6.1036129  -13.34977341  -5.90239   ]]
3
[[ -5.60339403   0.66529888 -14.64424992  -5.64336061]]
1
[[ -7.76448679  -6.1036129  -13.34977341  -5.90239   ]]
3
[[ -5.60339403   0.66529888 -14.64424992  -5.64336061]]
1
[[ -7.76448679  -6.1036129  -13.34977341  -5.90239   ]]
3
[[ -5.60339403   0.66529888 -14.64424992  -5.64336061]]
1
[[ -7.76448679  -6.1036129  -13.34977341  -5.90239   ]]
3
[[ -5.60339403   0.66529888 -14.64424992  -5.64336061]]
1
[[ -7.76448679  -6.1036129  -13.34977341  -5.90239   ]]
3
[[ -5.60339403   0.66529888 -14.64424992  -5.64336061]]
1
[[ -7.76448679  -6.1036129  -13.34977341  -5.90239   ]]
3
[[ -5.60339403   0.66529888 -14.64424992  -5.64336061]]
1
[[ -7.76448679  -6.1036129  -13.34977341  -5.90239   ]]
3
[[ -5.60339403   0.66529888 -14.64424992  -5.64336061]]
1
[[ -7.76448679  -6.1036129  -13.34977341  -5.90239   ]]
3
[[ -5.60339403   0.66529888 -14.64424992  -5.64336061]]
1
[[ -7.76448679  -6.1036129  -13.34977341  -5.90239   ]]
3
[[ -5.60339403   0.66529888 -14.64424992  -5.64336061]]
1
[[ -7.76448679  -6.1036129  -13.34977341  -5.90239   ]]
3
[[ -5.60339403   0.66529888 -14.64424992  -5.64336061]]
1
[[ -7.76448679  -6.1036129  -13.34977341  -5.90239   ]]
3
[[ -5.60339403   0.66529888 -14.64424992  -5.64336061]]
1
[[ -7.76448679  -6.1036129  -13.34977341  -5.90239   ]]
3
[[ -5.60339403   0.66529888 -14.64424992  -5.64336061]]
1
[[ -7.76448679  -6.1036129  -13.34977341  -5.90239   ]]
3
[[ -5.60339403   0.66529888 -14.64424992  -5.64336061]]
1
[[ -7.76448679  -6.1036129  -13.34977341  -5.90239   ]]
3
[[ -5.60339403   0.66529888 -14.64424992  -5.64336061]]
1
[[ -7.76448679  -6.1036129  -13.34977341  -5.90239   ]]
3
[[ -5.60339403   0.66529888 -14.64424992  -5.64336061]]
1
[[ -7.76448679  -6.1036129  -13.34977341  -5.90239   ]]
3
[[ -5.60339403   0.66529888 -14.64424992  -5.64336061]]
1
[[ -7.76448679  -6.1036129  -13.34977341  -5.90239   ]]
3
[[ -5.60339403   0.66529888 -14.64424992  -5.64336061]]
1
[[ -7.76448679  -6.1036129  -13.34977341  -5.90239   ]]
3
[[ -5.60339403   0.66529888 -14.64424992  -5.64336061]]
1
[[ -7.76448679  -6.1036129  -13.34977341  -5.90239   ]]
3
[[ -5.60339403   0.66529888 -14.64424992  -5.64336061]]
1
[[ -7.76448679  -6.1036129  -13.34977341  -5.90239   ]]
3
[[ -5.60339403   0.66529888 -14.64424992  -5.64336061]]
1
[[ -7.76448679  -6.1036129  -13.34977341  -5.90239   ]]
3
[[ -5.60339403   0.66529888 -14.64424992  -5.64336061]]
1
[[ -7.76448679  -6.1036129  -13.34977341  -5.90239   ]]
3
[[ -5.60339403   0.66529888 -14.64424992  -5.64336061]]
1
[[ -7.76448679  -6.1036129  -13.34977341  -5.90239   ]]
3
[[ -5.60339403   0.66529888 -14.64424992  -5.64336061]]
1
[[ -7.76448679  -6.1036129  -13.34977341  -5.90239   ]]
3
[[ -5.60339403   0.66529888 -14.64424992  -5.64336061]]
1
[[ -7.76448679  -6.1036129  -13.34977341  -5.90239   ]]
3
[[ -5.60339403   0.66529888 -14.64424992  -5.64336061]]
1
[[ -7.76448679  -6.1036129  -13.34977341  -5.90239   ]]
3
[[ -5.60339403   0.66529888 -14.64424992  -5.64336061]]
1
[[ -7.76448679  -6.1036129  -13.34977341  -5.90239   ]]
3
[[ -5.60339403   0.66529888 -14.64424992  -5.64336061]]
1
[[ -7.76448679  -6.1036129  -13.34977341  -5.90239   ]]
3
[[ -5.60339403   0.66529888 -14.64424992  -5.64336061]]
1
[[ -7.76448679  -6.1036129  -13.34977341  -5.90239   ]]
3
[[ -5.60339403   0.66529888 -14.64424992  -5.64336061]]
1
[[ -7.76448679  -6.1036129  -13.34977341  -5.90239   ]]
3
[[ -5.60339403   0.66529888 -14.64424992  -5.64336061]]
1
[[ -7.76448679  -6.1036129  -13.34977341  -5.90239   ]]
3
[[ -5.60339403   0.66529888 -14.64424992  -5.64336061]]
1
[[ -7.76448679  -6.1036129  -13.34977341  -5.90239   ]]
3
[[ -5.60339403   0.66529888 -14.64424992  -5.64336061]]
1
[[ -7.76448679  -6.1036129  -13.34977341  -5.90239   ]]
3
[[ -5.60339403   0.66529888 -14.64424992  -5.64336061]]
1
[[ -7.76448679  -6.1036129  -13.34977341  -5.90239   ]]
3
[[ -5.60339403   0.66529888 -14.64424992  -5.64336061]]
1
[[ -7.76448679  -6.1036129  -13.34977341  -5.90239   ]]
3
[[ -5.60339403   0.66529888 -14.64424992  -5.64336061]]
1
[[ -7.76448679  -6.1036129  -13.34977341  -5.90239   ]]
3
[[ -5.60339403   0.66529888 -14.64424992  -5.64336061]]
1
[[ -7.76448679  -6.1036129  -13.34977341  -5.90239   ]]
3
[[ -5.60339403   0.66529888 -14.64424992  -5.64336061]]
1
[[ -7.76448679  -6.1036129  -13.34977341  -5.90239   ]]
3
[[ -5.60339403   0.66529888 -14.64424992  -5.64336061]]
1
[[ -7.76448679  -6.1036129  -13.34977341  -5.90239   ]]
3
[[ -5.60339403   0.66529888 -14.64424992  -5.64336061]]
1
[[ -7.76448679  -6.1036129  -13.34977341  -5.90239   ]]
3
[[ -5.60339403   0.66529888 -14.64424992  -5.64336061]]
1
[[ -7.76448679  -6.1036129  -13.34977341  -5.90239   ]]
3
[[ -5.60339403   0.66529888 -14.64424992  -5.64336061]]
1
[[ -7.76448679  -6.1036129  -13.34977341  -5.90239   ]]
3
[[ -5.60339403   0.66529888 -14.64424992  -5.64336061]]
1
[[ -7.76448679  -6.1036129  -13.34977341  -5.90239   ]]
3
FAIL
0/8
