[[-4.89920807 -5.15283108 -3.9181962  -8.42382717]]
2
[[-2.72377348 -6.50762606 -3.00065637 -8.90038776]]
0
[[-4.89920807 -5.15283108 -3.9181962  -8.42382717]]
2
[[-2.72377348 -6.50762606 -3.00065637 -8.90038776]]
0
[[-4.89920807 -5.15283108 -3.9181962  -8.42382717]]
2
[[-2.72377348 -6.50762606 -3.00065637 -8.90038776]]
0
[[-4.89920807 -5.15283108 -3.9181962  -8.42382717]]
2
[[-2.72377348 -6.50762606 -3.00065637 -8.90038776]]
0
[[-4.89920807 -5.15283108 -3.9181962  -8.42382717]]
2
[[-2.72377348 -6.50762606 -3.00065637 -8.90038776]]
0
[[-4.89920807 -5.15283108 -3.9181962  -8.42382717]]
2
[[-2.72377348 -6.50762606 -3.00065637 -8.90038776]]
0
[[-4.89920807 -5.15283108 -3.9181962  -8.42382717]]
2
[[-2.72377348 -6.50762606 -3.00065637 -8.90038776]]
0
[[-4.89920807 -5.15283108 -3.9181962  -8.42382717]]
2
[[-2.72377348 -6.50762606 -3.00065637 -8.90038776]]
0
[[-4.89920807 -5.15283108 -3.9181962  -8.42382717]]
2
[[-2.72377348 -6.50762606 -3.00065637 -8.90038776]]
0
[[-4.89920807 -5.15283108 -3.9181962  -8.42382717]]
2
[[-2.72377348 -6.50762606 -3.00065637 -8.90038776]]
0
[[-4.89920807 -5.15283108 -3.9181962  -8.42382717]]
2
[[-2.72377348 -6.50762606 -3.00065637 -8.90038776]]
0
[[-4.89920807 -5.15283108 -3.9181962  -8.42382717]]
2
[[-2.72377348 -6.50762606 -3.00065637 -8.90038776]]
0
[[-4.89920807 -5.15283108 -3.9181962  -8.42382717]]
2
[[-2.72377348 -6.50762606 -3.00065637 -8.90038776]]
0
[[-4.89920807 -5.15283108 -3.9181962  -8.42382717]]
2
[[-2.72377348 -6.50762606 -3.00065637 -8.90038776]]
0
[[-4.89920807 -5.15283108 -3.9181962  -8.42382717]]
2
[[-2.72377348 -6.50762606 -3.00065637 -8.90038776]]
0
[[-4.89920807 -5.15283108 -3.9181962  -8.42382717]]
2
[[-2.72377348 -6.50762606 -3.00065637 -8.90038776]]
0
[[-4.89920807 -5.15283108 -3.9181962  -8.42382717]]
2
[[-2.72377348 -6.50762606 -3.00065637 -8.90038776]]
0
[[-4.89920807 -5.15283108 -3.9181962  -8.42382717]]
2
[[-2.72377348 -6.50762606 -3.00065637 -8.90038776]]
0
[[-4.89920807 -5.15283108 -3.9181962  -8.42382717]]
2
[[-2.72377348 -6.50762606 -3.00065637 -8.90038776]]
0
[[-4.89920807 -5.15283108 -3.9181962  -8.42382717]]
2
[[-2.72377348 -6.50762606 -3.00065637 -8.90038776]]
0
[[-4.89920807 -5.15283108 -3.9181962  -8.42382717]]
2
[[-2.72377348 -6.50762606 -3.00065637 -8.90038776]]
0
[[-4.89920807 -5.15283108 -3.9181962  -8.42382717]]
2
[[-2.72377348 -6.50762606 -3.00065637 -8.90038776]]
0
[[-4.89920807 -5.15283108 -3.9181962  -8.42382717]]
2
[[-2.72377348 -6.50762606 -3.00065637 -8.90038776]]
0
[[-4.89920807 -5.15283108 -3.9181962  -8.42382717]]
2
[[-2.72377348 -6.50762606 -3.00065637 -8.90038776]]
0
[[-4.89920807 -5.15283108 -3.9181962  -8.42382717]]
2
[[-2.72377348 -6.50762606 -3.00065637 -8.90038776]]
0
[[-4.89920807 -5.15283108 -3.9181962  -8.42382717]]
2
[[-2.72377348 -6.50762606 -3.00065637 -8.90038776]]
0
[[-4.89920807 -5.15283108 -3.9181962  -8.42382717]]
2
[[-2.72377348 -6.50762606 -3.00065637 -8.90038776]]
0
[[-4.89920807 -5.15283108 -3.9181962  -8.42382717]]
2
[[-2.72377348 -6.50762606 -3.00065637 -8.90038776]]
0
[[-4.89920807 -5.15283108 -3.9181962  -8.42382717]]
2
[[-2.72377348 -6.50762606 -3.00065637 -8.90038776]]
0
[[-4.89920807 -5.15283108 -3.9181962  -8.42382717]]
2
[[-2.72377348 -6.50762606 -3.00065637 -8.90038776]]
0
[[-4.89920807 -5.15283108 -3.9181962  -8.42382717]]
2
[[-2.72377348 -6.50762606 -3.00065637 -8.90038776]]
0
[[-4.89920807 -5.15283108 -3.9181962  -8.42382717]]
2
[[-2.72377348 -6.50762606 -3.00065637 -8.90038776]]
0
[[-4.89920807 -5.15283108 -3.9181962  -8.42382717]]
2
[[-2.72377348 -6.50762606 -3.00065637 -8.90038776]]
0
[[-4.89920807 -5.15283108 -3.9181962  -8.42382717]]
2
[[-2.72377348 -6.50762606 -3.00065637 -8.90038776]]
0
[[-4.89920807 -5.15283108 -3.9181962  -8.42382717]]
2
[[-2.72377348 -6.50762606 -3.00065637 -8.90038776]]
0
[[-4.89920807 -5.15283108 -3.9181962  -8.42382717]]
2
[[-2.72377348 -6.50762606 -3.00065637 -8.90038776]]
0
[[-4.89920807 -5.15283108 -3.9181962  -8.42382717]]
2
[[-2.72377348 -6.50762606 -3.00065637 -8.90038776]]
0
[[-4.89920807 -5.15283108 -3.9181962  -8.42382717]]
2
[[-2.72377348 -6.50762606 -3.00065637 -8.90038776]]
0
[[-4.89920807 -5.15283108 -3.9181962  -8.42382717]]
2
[[-2.72377348 -6.50762606 -3.00065637 -8.90038776]]
0
[[-4.89920807 -5.15283108 -3.9181962  -8.42382717]]
2
[[-2.72377348 -6.50762606 -3.00065637 -8.90038776]]
0
[[-4.89920807 -5.15283108 -3.9181962  -8.42382717]]
2
[[-2.72377348 -6.50762606 -3.00065637 -8.90038776]]
0
[[-4.89920807 -5.15283108 -3.9181962  -8.42382717]]
2
[[-2.72377348 -6.50762606 -3.00065637 -8.90038776]]
0
[[-4.89920807 -5.15283108 -3.9181962  -8.42382717]]
2
[[-2.72377348 -6.50762606 -3.00065637 -8.90038776]]
0
[[-4.89920807 -5.15283108 -3.9181962  -8.42382717]]
2
[[-2.72377348 -6.50762606 -3.00065637 -8.90038776]]
0
[[-4.89920807 -5.15283108 -3.9181962  -8.42382717]]
2
[[-2.72377348 -6.50762606 -3.00065637 -8.90038776]]
0
[[-4.89920807 -5.15283108 -3.9181962  -8.42382717]]
2
[[-2.72377348 -6.50762606 -3.00065637 -8.90038776]]
0
[[-4.89920807 -5.15283108 -3.9181962  -8.42382717]]
2
[[-2.72377348 -6.50762606 -3.00065637 -8.90038776]]
0
[[-4.89920807 -5.15283108 -3.9181962  -8.42382717]]
2
[[-2.72377348 -6.50762606 -3.00065637 -8.90038776]]
0
[[-4.89920807 -5.15283108 -3.9181962  -8.42382717]]
2
[[-2.72377348 -6.50762606 -3.00065637 -8.90038776]]
0
[[-4.89920807 -5.15283108 -3.9181962  -8.42382717]]
2
[[-2.72377348 -6.50762606 -3.00065637 -8.90038776]]
0
[[-4.89920807 -5.15283108 -3.9181962  -8.42382717]]
2
FAIL
0/5
