[[-4.55363083 -8.32544613 -4.71333647 -8.27867222]]
0
[[-13.33581829 -15.90266514  -0.62308532  -8.11068916]]
2
[[-4.55363083 -8.32544613 -4.71333647 -8.27867222]]
0
[[-13.33581829 -15.90266514  -0.62308532  -8.11068916]]
2
[[-4.55363083 -8.32544613 -4.71333647 -8.27867222]]
0
[[-13.33581829 -15.90266514  -0.62308532  -8.11068916]]
2
[[-4.55363083 -8.32544613 -4.71333647 -8.27867222]]
0
[[-13.33581829 -15.90266514  -0.62308532  -8.11068916]]
2
[[-4.55363083 -8.32544613 -4.71333647 -8.27867222]]
0
[[-13.33581829 -15.90266514  -0.62308532  -8.11068916]]
2
[[-4.55363083 -8.32544613 -4.71333647 -8.27867222]]
0
[[-13.33581829 -15.90266514  -0.62308532  -8.11068916]]
2
[[-4.55363083 -8.32544613 -4.71333647 -8.27867222]]
0
[[-13.33581829 -15.90266514  -0.62308532  -8.11068916]]
2
[[-4.55363083 -8.32544613 -4.71333647 -8.27867222]]
0
[[-13.33581829 -15.90266514  -0.62308532  -8.11068916]]
2
[[-4.55363083 -8.32544613 -4.71333647 -8.27867222]]
0
[[-13.33581829 -15.90266514  -0.62308532  -8.11068916]]
2
[[-4.55363083 -8.32544613 -4.71333647 -8.27867222]]
0
[[-13.33581829 -15.90266514  -0.62308532  -8.11068916]]
2
[[-4.55363083 -8.32544613 -4.71333647 -8.27867222]]
0
[[-13.33581829 -15.90266514  -0.62308532  -8.11068916]]
2
[[-4.55363083 -8.32544613 -4.71333647 -8.27867222]]
0
[[-13.33581829 -15.90266514  -0.62308532  -8.11068916]]
2
[[-4.55363083 -8.32544613 -4.71333647 -8.27867222]]
0
[[-13.33581829 -15.90266514  -0.62308532  -8.11068916]]
2
[[-4.55363083 -8.32544613 -4.71333647 -8.27867222]]
0
[[-13.33581829 -15.90266514  -0.62308532  -8.11068916]]
2
[[-4.55363083 -8.32544613 -4.71333647 -8.27867222]]
0
[[-13.33581829 -15.90266514  -0.62308532  -8.11068916]]
2
[[-4.55363083 -8.32544613 -4.71333647 -8.27867222]]
0
[[-13.33581829 -15.90266514  -0.62308532  -8.11068916]]
2
[[-4.55363083 -8.32544613 -4.71333647 -8.27867222]]
0
[[-13.33581829 -15.90266514  -0.62308532  -8.11068916]]
2
[[-4.55363083 -8.32544613 -4.71333647 -8.27867222]]
0
[[-13.33581829 -15.90266514  -0.62308532  -8.11068916]]
2
[[-4.55363083 -8.32544613 -4.71333647 -8.27867222]]
0
[[-13.33581829 -15.90266514  -0.62308532  -8.11068916]]
2
[[-4.55363083 -8.32544613 -4.71333647 -8.27867222]]
0
[[-13.33581829 -15.90266514  -0.62308532  -8.11068916]]
2
[[-4.55363083 -8.32544613 -4.71333647 -8.27867222]]
0
[[-13.33581829 -15.90266514  -0.62308532  -8.11068916]]
2
[[-4.55363083 -8.32544613 -4.71333647 -8.27867222]]
0
[[-13.33581829 -15.90266514  -0.62308532  -8.11068916]]
2
[[-4.55363083 -8.32544613 -4.71333647 -8.27867222]]
0
[[-13.33581829 -15.90266514  -0.62308532  -8.11068916]]
2
[[-4.55363083 -8.32544613 -4.71333647 -8.27867222]]
0
[[-13.33581829 -15.90266514  -0.62308532  -8.11068916]]
2
[[-4.55363083 -8.32544613 -4.71333647 -8.27867222]]
0
[[-13.33581829 -15.90266514  -0.62308532  -8.11068916]]
2
[[-4.55363083 -8.32544613 -4.71333647 -8.27867222]]
0
[[-13.33581829 -15.90266514  -0.62308532  -8.11068916]]
2
[[-4.55363083 -8.32544613 -4.71333647 -8.27867222]]
0
[[-13.33581829 -15.90266514  -0.62308532  -8.11068916]]
2
[[-4.55363083 -8.32544613 -4.71333647 -8.27867222]]
0
[[-13.33581829 -15.90266514  -0.62308532  -8.11068916]]
2
[[-4.55363083 -8.32544613 -4.71333647 -8.27867222]]
0
[[-13.33581829 -15.90266514  -0.62308532  -8.11068916]]
2
[[-4.55363083 -8.32544613 -4.71333647 -8.27867222]]
0
[[-13.33581829 -15.90266514  -0.62308532  -8.11068916]]
2
[[-4.55363083 -8.32544613 -4.71333647 -8.27867222]]
0
[[-13.33581829 -15.90266514  -0.62308532  -8.11068916]]
2
[[-4.55363083 -8.32544613 -4.71333647 -8.27867222]]
0
[[-13.33581829 -15.90266514  -0.62308532  -8.11068916]]
2
[[-4.55363083 -8.32544613 -4.71333647 -8.27867222]]
0
[[-13.33581829 -15.90266514  -0.62308532  -8.11068916]]
2
[[-4.55363083 -8.32544613 -4.71333647 -8.27867222]]
0
[[-13.33581829 -15.90266514  -0.62308532  -8.11068916]]
2
[[-4.55363083 -8.32544613 -4.71333647 -8.27867222]]
0
[[-13.33581829 -15.90266514  -0.62308532  -8.11068916]]
2
[[-4.55363083 -8.32544613 -4.71333647 -8.27867222]]
0
[[-13.33581829 -15.90266514  -0.62308532  -8.11068916]]
2
[[-4.55363083 -8.32544613 -4.71333647 -8.27867222]]
0
[[-13.33581829 -15.90266514  -0.62308532  -8.11068916]]
2
[[-4.55363083 -8.32544613 -4.71333647 -8.27867222]]
0
[[-13.33581829 -15.90266514  -0.62308532  -8.11068916]]
2
[[-4.55363083 -8.32544613 -4.71333647 -8.27867222]]
0
[[-13.33581829 -15.90266514  -0.62308532  -8.11068916]]
2
[[-4.55363083 -8.32544613 -4.71333647 -8.27867222]]
0
[[-13.33581829 -15.90266514  -0.62308532  -8.11068916]]
2
[[-4.55363083 -8.32544613 -4.71333647 -8.27867222]]
0
[[-13.33581829 -15.90266514  -0.62308532  -8.11068916]]
2
[[-4.55363083 -8.32544613 -4.71333647 -8.27867222]]
0
[[-13.33581829 -15.90266514  -0.62308532  -8.11068916]]
2
[[-4.55363083 -8.32544613 -4.71333647 -8.27867222]]
0
[[-13.33581829 -15.90266514  -0.62308532  -8.11068916]]
2
[[-4.55363083 -8.32544613 -4.71333647 -8.27867222]]
0
[[-13.33581829 -15.90266514  -0.62308532  -8.11068916]]
2
[[-4.55363083 -8.32544613 -4.71333647 -8.27867222]]
0
[[-13.33581829 -15.90266514  -0.62308532  -8.11068916]]
2
[[-4.55363083 -8.32544613 -4.71333647 -8.27867222]]
0
[[-13.33581829 -15.90266514  -0.62308532  -8.11068916]]
2
[[-4.55363083 -8.32544613 -4.71333647 -8.27867222]]
0
[[-13.33581829 -15.90266514  -0.62308532  -8.11068916]]
2
[[-4.55363083 -8.32544613 -4.71333647 -8.27867222]]
0
[[-13.33581829 -15.90266514  -0.62308532  -8.11068916]]
2
[[-4.55363083 -8.32544613 -4.71333647 -8.27867222]]
0
[[-13.33581829 -15.90266514  -0.62308532  -8.11068916]]
2
[[-4.55363083 -8.32544613 -4.71333647 -8.27867222]]
0
[[-13.33581829 -15.90266514  -0.62308532  -8.11068916]]
2
[[-4.55363083 -8.32544613 -4.71333647 -8.27867222]]
0
FAIL
1/2
