[[  1.03083992e+08   8.47517920e+07   6.59311440e+07   6.74064320e+07]]
0
[[ 95425936.  72048864.  59402160.  51705460.]]
0
[[ 82990952.  89320440.  64343680.  55937672.]]
1
[[ 62533576.  62475060.  41927716.  64192380.]]
3
[[ 82990952.  89320440.  64343680.  55937672.]]
1
[[ 62533576.  62475060.  41927716.  64192380.]]
3
[[ 82990952.  89320440.  64343680.  55937672.]]
1
[[ 62533576.  62475060.  41927716.  64192380.]]
3
[[ 82990952.  89320440.  64343680.  55937672.]]
1
[[ 62533576.  62475060.  41927716.  64192380.]]
3
[[ 82990952.  89320440.  64343680.  55937672.]]
1
[[ 62533576.  62475060.  41927716.  64192380.]]
3
[[ 82990952.  89320440.  64343680.  55937672.]]
1
[[ 62533576.  62475060.  41927716.  64192380.]]
3
[[ 82990952.  89320440.  64343680.  55937672.]]
1
[[ 62533576.  62475060.  41927716.  64192380.]]
3
[[ 82990952.  89320440.  64343680.  55937672.]]
1
[[ 62533576.  62475060.  41927716.  64192380.]]
3
[[ 82990952.  89320440.  64343680.  55937672.]]
1
[[ 62533576.  62475060.  41927716.  64192380.]]
3
[[ 82990952.  89320440.  64343680.  55937672.]]
1
[[ 62533576.  62475060.  41927716.  64192380.]]
3
[[ 82990952.  89320440.  64343680.  55937672.]]
1
[[ 62533576.  62475060.  41927716.  64192380.]]
3
[[ 82990952.  89320440.  64343680.  55937672.]]
1
[[ 62533576.  62475060.  41927716.  64192380.]]
3
[[ 82990952.  89320440.  64343680.  55937672.]]
1
[[ 62533576.  62475060.  41927716.  64192380.]]
3
[[ 82990952.  89320440.  64343680.  55937672.]]
1
[[ 62533576.  62475060.  41927716.  64192380.]]
3
[[ 82990952.  89320440.  64343680.  55937672.]]
1
[[ 62533576.  62475060.  41927716.  64192380.]]
3
[[ 82990952.  89320440.  64343680.  55937672.]]
1
[[ 62533576.  62475060.  41927716.  64192380.]]
3
[[ 82990952.  89320440.  64343680.  55937672.]]
1
[[ 62533576.  62475060.  41927716.  64192380.]]
3
[[ 82990952.  89320440.  64343680.  55937672.]]
1
[[ 62533576.  62475060.  41927716.  64192380.]]
3
[[ 82990952.  89320440.  64343680.  55937672.]]
1
[[ 62533576.  62475060.  41927716.  64192380.]]
3
[[ 82990952.  89320440.  64343680.  55937672.]]
1
[[ 62533576.  62475060.  41927716.  64192380.]]
3
[[ 82990952.  89320440.  64343680.  55937672.]]
1
[[ 62533576.  62475060.  41927716.  64192380.]]
3
[[ 82990952.  89320440.  64343680.  55937672.]]
1
[[ 62533576.  62475060.  41927716.  64192380.]]
3
[[ 82990952.  89320440.  64343680.  55937672.]]
1
[[ 62533576.  62475060.  41927716.  64192380.]]
3
[[ 82990952.  89320440.  64343680.  55937672.]]
1
[[ 62533576.  62475060.  41927716.  64192380.]]
3
[[ 82990952.  89320440.  64343680.  55937672.]]
1
[[ 62533576.  62475060.  41927716.  64192380.]]
3
[[ 82990952.  89320440.  64343680.  55937672.]]
1
[[ 62533576.  62475060.  41927716.  64192380.]]
3
[[ 82990952.  89320440.  64343680.  55937672.]]
1
[[ 62533576.  62475060.  41927716.  64192380.]]
3
[[ 82990952.  89320440.  64343680.  55937672.]]
1
[[ 62533576.  62475060.  41927716.  64192380.]]
3
[[ 82990952.  89320440.  64343680.  55937672.]]
1
[[ 62533576.  62475060.  41927716.  64192380.]]
3
[[ 82990952.  89320440.  64343680.  55937672.]]
1
[[ 62533576.  62475060.  41927716.  64192380.]]
3
[[ 82990952.  89320440.  64343680.  55937672.]]
1
[[ 62533576.  62475060.  41927716.  64192380.]]
3
[[ 82990952.  89320440.  64343680.  55937672.]]
1
[[ 62533576.  62475060.  41927716.  64192380.]]
3
[[ 82990952.  89320440.  64343680.  55937672.]]
1
[[ 62533576.  62475060.  41927716.  64192380.]]
3
[[ 82990952.  89320440.  64343680.  55937672.]]
1
[[ 62533576.  62475060.  41927716.  64192380.]]
3
[[ 82990952.  89320440.  64343680.  55937672.]]
1
[[ 62533576.  62475060.  41927716.  64192380.]]
3
[[ 82990952.  89320440.  64343680.  55937672.]]
1
[[ 62533576.  62475060.  41927716.  64192380.]]
3
[[ 82990952.  89320440.  64343680.  55937672.]]
1
[[ 62533576.  62475060.  41927716.  64192380.]]
3
[[ 82990952.  89320440.  64343680.  55937672.]]
1
[[ 62533576.  62475060.  41927716.  64192380.]]
3
[[ 82990952.  89320440.  64343680.  55937672.]]
1
[[ 62533576.  62475060.  41927716.  64192380.]]
3
[[ 82990952.  89320440.  64343680.  55937672.]]
1
[[ 62533576.  62475060.  41927716.  64192380.]]
3
[[ 82990952.  89320440.  64343680.  55937672.]]
1
[[ 62533576.  62475060.  41927716.  64192380.]]
3
[[ 82990952.  89320440.  64343680.  55937672.]]
1
[[ 62533576.  62475060.  41927716.  64192380.]]
3
[[ 82990952.  89320440.  64343680.  55937672.]]
1
[[ 62533576.  62475060.  41927716.  64192380.]]
3
[[ 82990952.  89320440.  64343680.  55937672.]]
1
[[ 62533576.  62475060.  41927716.  64192380.]]
3
[[ 82990952.  89320440.  64343680.  55937672.]]
1
[[ 62533576.  62475060.  41927716.  64192380.]]
3
[[ 82990952.  89320440.  64343680.  55937672.]]
1
[[ 62533576.  62475060.  41927716.  64192380.]]
3
[[ 82990952.  89320440.  64343680.  55937672.]]
1
[[ 62533576.  62475060.  41927716.  64192380.]]
3
[[ 82990952.  89320440.  64343680.  55937672.]]
1
[[ 62533576.  62475060.  41927716.  64192380.]]
3
[[ 82990952.  89320440.  64343680.  55937672.]]
1
[[ 62533576.  62475060.  41927716.  64192380.]]
3
[[ 82990952.  89320440.  64343680.  55937672.]]
1
FAIL
3/8
