[[-4.92646122 -5.20873785 -4.12677288 -8.28777885]]
2
[[-2.76073885 -6.55971766 -3.21040893 -8.78019333]]
0
[[-4.92646122 -5.20873785 -4.12677288 -8.28777885]]
2
[[-2.76073885 -6.55971766 -3.21040893 -8.78019333]]
0
[[-4.92646122 -5.20873785 -4.12677288 -8.28777885]]
2
[[-2.76073885 -6.55971766 -3.21040893 -8.78019333]]
0
[[-4.92646122 -5.20873785 -4.12677288 -8.28777885]]
2
[[-2.76073885 -6.55971766 -3.21040893 -8.78019333]]
0
[[-4.92646122 -5.20873785 -4.12677288 -8.28777885]]
2
[[-2.76073885 -6.55971766 -3.21040893 -8.78019333]]
0
[[-4.92646122 -5.20873785 -4.12677288 -8.28777885]]
2
[[-2.76073885 -6.55971766 -3.21040893 -8.78019333]]
0
[[-4.92646122 -5.20873785 -4.12677288 -8.28777885]]
2
[[-2.76073885 -6.55971766 -3.21040893 -8.78019333]]
0
[[-4.92646122 -5.20873785 -4.12677288 -8.28777885]]
2
[[-2.76073885 -6.55971766 -3.21040893 -8.78019333]]
0
[[-4.92646122 -5.20873785 -4.12677288 -8.28777885]]
2
[[-2.76073885 -6.55971766 -3.21040893 -8.78019333]]
0
[[-4.92646122 -5.20873785 -4.12677288 -8.28777885]]
2
[[-2.76073885 -6.55971766 -3.21040893 -8.78019333]]
0
[[-4.92646122 -5.20873785 -4.12677288 -8.28777885]]
2
[[-2.76073885 -6.55971766 -3.21040893 -8.78019333]]
0
[[-4.92646122 -5.20873785 -4.12677288 -8.28777885]]
2
[[-2.76073885 -6.55971766 -3.21040893 -8.78019333]]
0
[[-4.92646122 -5.20873785 -4.12677288 -8.28777885]]
2
[[-2.76073885 -6.55971766 -3.21040893 -8.78019333]]
0
[[-4.92646122 -5.20873785 -4.12677288 -8.28777885]]
2
[[-2.76073885 -6.55971766 -3.21040893 -8.78019333]]
0
[[-4.92646122 -5.20873785 -4.12677288 -8.28777885]]
2
[[-2.76073885 -6.55971766 -3.21040893 -8.78019333]]
0
[[-4.92646122 -5.20873785 -4.12677288 -8.28777885]]
2
[[-2.76073885 -6.55971766 -3.21040893 -8.78019333]]
0
[[-4.92646122 -5.20873785 -4.12677288 -8.28777885]]
2
[[-2.76073885 -6.55971766 -3.21040893 -8.78019333]]
0
[[-4.92646122 -5.20873785 -4.12677288 -8.28777885]]
2
[[-2.76073885 -6.55971766 -3.21040893 -8.78019333]]
0
[[-4.92646122 -5.20873785 -4.12677288 -8.28777885]]
2
[[-2.76073885 -6.55971766 -3.21040893 -8.78019333]]
0
[[-4.92646122 -5.20873785 -4.12677288 -8.28777885]]
2
[[-2.76073885 -6.55971766 -3.21040893 -8.78019333]]
0
[[-4.92646122 -5.20873785 -4.12677288 -8.28777885]]
2
[[-2.76073885 -6.55971766 -3.21040893 -8.78019333]]
0
[[-4.92646122 -5.20873785 -4.12677288 -8.28777885]]
2
[[-2.76073885 -6.55971766 -3.21040893 -8.78019333]]
0
[[-4.92646122 -5.20873785 -4.12677288 -8.28777885]]
2
[[-2.76073885 -6.55971766 -3.21040893 -8.78019333]]
0
[[-4.92646122 -5.20873785 -4.12677288 -8.28777885]]
2
[[-2.76073885 -6.55971766 -3.21040893 -8.78019333]]
0
[[-4.92646122 -5.20873785 -4.12677288 -8.28777885]]
2
[[-2.76073885 -6.55971766 -3.21040893 -8.78019333]]
0
[[-4.92646122 -5.20873785 -4.12677288 -8.28777885]]
2
[[-2.76073885 -6.55971766 -3.21040893 -8.78019333]]
0
[[-4.92646122 -5.20873785 -4.12677288 -8.28777885]]
2
[[-2.76073885 -6.55971766 -3.21040893 -8.78019333]]
0
[[-4.92646122 -5.20873785 -4.12677288 -8.28777885]]
2
[[-2.76073885 -6.55971766 -3.21040893 -8.78019333]]
0
[[-4.92646122 -5.20873785 -4.12677288 -8.28777885]]
2
[[-2.76073885 -6.55971766 -3.21040893 -8.78019333]]
0
[[-4.92646122 -5.20873785 -4.12677288 -8.28777885]]
2
[[-2.76073885 -6.55971766 -3.21040893 -8.78019333]]
0
[[-4.92646122 -5.20873785 -4.12677288 -8.28777885]]
2
[[-2.76073885 -6.55971766 -3.21040893 -8.78019333]]
0
[[-4.92646122 -5.20873785 -4.12677288 -8.28777885]]
2
[[-2.76073885 -6.55971766 -3.21040893 -8.78019333]]
0
[[-4.92646122 -5.20873785 -4.12677288 -8.28777885]]
2
[[-2.76073885 -6.55971766 -3.21040893 -8.78019333]]
0
[[-4.92646122 -5.20873785 -4.12677288 -8.28777885]]
2
[[-2.76073885 -6.55971766 -3.21040893 -8.78019333]]
0
[[-4.92646122 -5.20873785 -4.12677288 -8.28777885]]
2
[[-2.76073885 -6.55971766 -3.21040893 -8.78019333]]
0
[[-4.92646122 -5.20873785 -4.12677288 -8.28777885]]
2
[[-2.76073885 -6.55971766 -3.21040893 -8.78019333]]
0
[[-4.92646122 -5.20873785 -4.12677288 -8.28777885]]
2
[[-2.76073885 -6.55971766 -3.21040893 -8.78019333]]
0
[[-4.92646122 -5.20873785 -4.12677288 -8.28777885]]
2
[[-2.76073885 -6.55971766 -3.21040893 -8.78019333]]
0
[[-4.92646122 -5.20873785 -4.12677288 -8.28777885]]
2
[[-2.76073885 -6.55971766 -3.21040893 -8.78019333]]
0
[[-4.92646122 -5.20873785 -4.12677288 -8.28777885]]
2
[[-2.76073885 -6.55971766 -3.21040893 -8.78019333]]
0
[[-4.92646122 -5.20873785 -4.12677288 -8.28777885]]
2
[[-2.76073885 -6.55971766 -3.21040893 -8.78019333]]
0
[[-4.92646122 -5.20873785 -4.12677288 -8.28777885]]
2
[[-2.76073885 -6.55971766 -3.21040893 -8.78019333]]
0
[[-4.92646122 -5.20873785 -4.12677288 -8.28777885]]
2
[[-2.76073885 -6.55971766 -3.21040893 -8.78019333]]
0
[[-4.92646122 -5.20873785 -4.12677288 -8.28777885]]
2
[[-2.76073885 -6.55971766 -3.21040893 -8.78019333]]
0
[[-4.92646122 -5.20873785 -4.12677288 -8.28777885]]
2
[[-2.76073885 -6.55971766 -3.21040893 -8.78019333]]
0
[[-4.92646122 -5.20873785 -4.12677288 -8.28777885]]
2
[[-2.76073885 -6.55971766 -3.21040893 -8.78019333]]
0
[[-4.92646122 -5.20873785 -4.12677288 -8.28777885]]
2
[[-2.76073885 -6.55971766 -3.21040893 -8.78019333]]
0
[[-4.92646122 -5.20873785 -4.12677288 -8.28777885]]
2
[[-2.76073885 -6.55971766 -3.21040893 -8.78019333]]
0
[[-4.92646122 -5.20873785 -4.12677288 -8.28777885]]
2
[[-2.76073885 -6.55971766 -3.21040893 -8.78019333]]
0
[[-4.92646122 -5.20873785 -4.12677288 -8.28777885]]
2
[[-2.76073885 -6.55971766 -3.21040893 -8.78019333]]
0
[[-4.92646122 -5.20873785 -4.12677288 -8.28777885]]
2
FAIL
0/5
