[[-2.71468306 -2.73307228 -2.95861983 -4.35335112]]
0
[[-3.45555162 -4.84280205 -2.87840199 -3.79640698]]
2
[[-2.71468306 -2.73307228 -2.95861983 -4.35335112]]
0
[[-3.45555162 -4.84280205 -2.87840199 -3.79640698]]
2
[[-2.71468306 -2.73307228 -2.95861983 -4.35335112]]
0
[[-3.45555162 -4.84280205 -2.87840199 -3.79640698]]
2
[[-2.71468306 -2.73307228 -2.95861983 -4.35335112]]
0
[[-3.45555162 -4.84280205 -2.87840199 -3.79640698]]
2
[[-2.71468306 -2.73307228 -2.95861983 -4.35335112]]
0
[[-3.45555162 -4.84280205 -2.87840199 -3.79640698]]
2
[[-2.71468306 -2.73307228 -2.95861983 -4.35335112]]
0
[[-3.45555162 -4.84280205 -2.87840199 -3.79640698]]
2
[[-2.71468306 -2.73307228 -2.95861983 -4.35335112]]
0
[[-3.45555162 -4.84280205 -2.87840199 -3.79640698]]
2
[[-2.71468306 -2.73307228 -2.95861983 -4.35335112]]
0
[[-3.45555162 -4.84280205 -2.87840199 -3.79640698]]
2
[[-2.71468306 -2.73307228 -2.95861983 -4.35335112]]
0
[[-3.45555162 -4.84280205 -2.87840199 -3.79640698]]
2
[[-2.71468306 -2.73307228 -2.95861983 -4.35335112]]
0
[[-3.45555162 -4.84280205 -2.87840199 -3.79640698]]
2
[[-2.71468306 -2.73307228 -2.95861983 -4.35335112]]
0
[[-3.45555162 -4.84280205 -2.87840199 -3.79640698]]
2
[[-2.71468306 -2.73307228 -2.95861983 -4.35335112]]
0
[[-3.45555162 -4.84280205 -2.87840199 -3.79640698]]
2
[[-2.71468306 -2.73307228 -2.95861983 -4.35335112]]
0
[[-3.45555162 -4.84280205 -2.87840199 -3.79640698]]
2
[[-2.71468306 -2.73307228 -2.95861983 -4.35335112]]
0
[[-3.45555162 -4.84280205 -2.87840199 -3.79640698]]
2
[[-2.71468306 -2.73307228 -2.95861983 -4.35335112]]
0
[[-3.45555162 -4.84280205 -2.87840199 -3.79640698]]
2
[[-2.71468306 -2.73307228 -2.95861983 -4.35335112]]
0
[[-3.45555162 -4.84280205 -2.87840199 -3.79640698]]
2
[[-2.71468306 -2.73307228 -2.95861983 -4.35335112]]
0
[[-3.45555162 -4.84280205 -2.87840199 -3.79640698]]
2
[[-2.71468306 -2.73307228 -2.95861983 -4.35335112]]
0
[[-3.45555162 -4.84280205 -2.87840199 -3.79640698]]
2
[[-2.71468306 -2.73307228 -2.95861983 -4.35335112]]
0
[[-3.45555162 -4.84280205 -2.87840199 -3.79640698]]
2
[[-2.71468306 -2.73307228 -2.95861983 -4.35335112]]
0
[[-3.45555162 -4.84280205 -2.87840199 -3.79640698]]
2
[[-2.71468306 -2.73307228 -2.95861983 -4.35335112]]
0
[[-3.45555162 -4.84280205 -2.87840199 -3.79640698]]
2
[[-2.71468306 -2.73307228 -2.95861983 -4.35335112]]
0
[[-3.45555162 -4.84280205 -2.87840199 -3.79640698]]
2
[[-2.71468306 -2.73307228 -2.95861983 -4.35335112]]
0
[[-3.45555162 -4.84280205 -2.87840199 -3.79640698]]
2
[[-2.71468306 -2.73307228 -2.95861983 -4.35335112]]
0
[[-3.45555162 -4.84280205 -2.87840199 -3.79640698]]
2
[[-2.71468306 -2.73307228 -2.95861983 -4.35335112]]
0
[[-3.45555162 -4.84280205 -2.87840199 -3.79640698]]
2
[[-2.71468306 -2.73307228 -2.95861983 -4.35335112]]
0
[[-3.45555162 -4.84280205 -2.87840199 -3.79640698]]
2
[[-2.71468306 -2.73307228 -2.95861983 -4.35335112]]
0
[[-3.45555162 -4.84280205 -2.87840199 -3.79640698]]
2
[[-2.71468306 -2.73307228 -2.95861983 -4.35335112]]
0
[[-3.45555162 -4.84280205 -2.87840199 -3.79640698]]
2
[[-2.71468306 -2.73307228 -2.95861983 -4.35335112]]
0
[[-3.45555162 -4.84280205 -2.87840199 -3.79640698]]
2
[[-2.71468306 -2.73307228 -2.95861983 -4.35335112]]
0
[[-3.45555162 -4.84280205 -2.87840199 -3.79640698]]
2
[[-2.71468306 -2.73307228 -2.95861983 -4.35335112]]
0
[[-3.45555162 -4.84280205 -2.87840199 -3.79640698]]
2
[[-2.71468306 -2.73307228 -2.95861983 -4.35335112]]
0
[[-3.45555162 -4.84280205 -2.87840199 -3.79640698]]
2
[[-2.71468306 -2.73307228 -2.95861983 -4.35335112]]
0
[[-3.45555162 -4.84280205 -2.87840199 -3.79640698]]
2
[[-2.71468306 -2.73307228 -2.95861983 -4.35335112]]
0
[[-3.45555162 -4.84280205 -2.87840199 -3.79640698]]
2
[[-2.71468306 -2.73307228 -2.95861983 -4.35335112]]
0
[[-3.45555162 -4.84280205 -2.87840199 -3.79640698]]
2
[[-2.71468306 -2.73307228 -2.95861983 -4.35335112]]
0
[[-3.45555162 -4.84280205 -2.87840199 -3.79640698]]
2
[[-2.71468306 -2.73307228 -2.95861983 -4.35335112]]
0
[[-3.45555162 -4.84280205 -2.87840199 -3.79640698]]
2
[[-2.71468306 -2.73307228 -2.95861983 -4.35335112]]
0
[[-3.45555162 -4.84280205 -2.87840199 -3.79640698]]
2
[[-2.71468306 -2.73307228 -2.95861983 -4.35335112]]
0
[[-3.45555162 -4.84280205 -2.87840199 -3.79640698]]
2
[[-2.71468306 -2.73307228 -2.95861983 -4.35335112]]
0
[[-3.45555162 -4.84280205 -2.87840199 -3.79640698]]
2
[[-2.71468306 -2.73307228 -2.95861983 -4.35335112]]
0
[[-3.45555162 -4.84280205 -2.87840199 -3.79640698]]
2
[[-2.71468306 -2.73307228 -2.95861983 -4.35335112]]
0
[[-3.45555162 -4.84280205 -2.87840199 -3.79640698]]
2
[[-2.71468306 -2.73307228 -2.95861983 -4.35335112]]
0
[[-3.45555162 -4.84280205 -2.87840199 -3.79640698]]
2
[[-2.71468306 -2.73307228 -2.95861983 -4.35335112]]
0
[[-3.45555162 -4.84280205 -2.87840199 -3.79640698]]
2
[[-2.71468306 -2.73307228 -2.95861983 -4.35335112]]
0
[[-3.45555162 -4.84280205 -2.87840199 -3.79640698]]
2
[[-2.71468306 -2.73307228 -2.95861983 -4.35335112]]
0
[[-3.45555162 -4.84280205 -2.87840199 -3.79640698]]
2
[[-2.71468306 -2.73307228 -2.95861983 -4.35335112]]
0
[[-3.45555162 -4.84280205 -2.87840199 -3.79640698]]
2
[[-2.71468306 -2.73307228 -2.95861983 -4.35335112]]
0
[[-3.45555162 -4.84280205 -2.87840199 -3.79640698]]
2
[[-2.71468306 -2.73307228 -2.95861983 -4.35335112]]
0
[[-3.45555162 -4.84280205 -2.87840199 -3.79640698]]
2
[[-2.71468306 -2.73307228 -2.95861983 -4.35335112]]
0
[[-3.45555162 -4.84280205 -2.87840199 -3.79640698]]
2
[[-2.71468306 -2.73307228 -2.95861983 -4.35335112]]
0
FAIL
1/2
