[[-2.73693514 -2.7734015  -3.0024581  -4.39097309]]
0
[[-3.48553991 -4.90079975 -2.945081   -3.85716057]]
2
[[-2.73693514 -2.7734015  -3.0024581  -4.39097309]]
0
[[-3.48553991 -4.90079975 -2.945081   -3.85716057]]
2
[[-2.73693514 -2.7734015  -3.0024581  -4.39097309]]
0
[[-3.48553991 -4.90079975 -2.945081   -3.85716057]]
2
[[-2.73693514 -2.7734015  -3.0024581  -4.39097309]]
0
[[-3.48553991 -4.90079975 -2.945081   -3.85716057]]
2
[[-2.73693514 -2.7734015  -3.0024581  -4.39097309]]
0
[[-3.48553991 -4.90079975 -2.945081   -3.85716057]]
2
[[-2.73693514 -2.7734015  -3.0024581  -4.39097309]]
0
[[-3.48553991 -4.90079975 -2.945081   -3.85716057]]
2
[[-2.73693514 -2.7734015  -3.0024581  -4.39097309]]
0
[[-3.48553991 -4.90079975 -2.945081   -3.85716057]]
2
[[-2.73693514 -2.7734015  -3.0024581  -4.39097309]]
0
[[-3.48553991 -4.90079975 -2.945081   -3.85716057]]
2
[[-2.73693514 -2.7734015  -3.0024581  -4.39097309]]
0
[[-3.48553991 -4.90079975 -2.945081   -3.85716057]]
2
[[-2.73693514 -2.7734015  -3.0024581  -4.39097309]]
0
[[-3.48553991 -4.90079975 -2.945081   -3.85716057]]
2
[[-2.73693514 -2.7734015  -3.0024581  -4.39097309]]
0
[[-3.48553991 -4.90079975 -2.945081   -3.85716057]]
2
[[-2.73693514 -2.7734015  -3.0024581  -4.39097309]]
0
[[-3.48553991 -4.90079975 -2.945081   -3.85716057]]
2
[[-2.73693514 -2.7734015  -3.0024581  -4.39097309]]
0
[[-3.48553991 -4.90079975 -2.945081   -3.85716057]]
2
[[-2.73693514 -2.7734015  -3.0024581  -4.39097309]]
0
[[-3.48553991 -4.90079975 -2.945081   -3.85716057]]
2
[[-2.73693514 -2.7734015  -3.0024581  -4.39097309]]
0
[[-3.48553991 -4.90079975 -2.945081   -3.85716057]]
2
[[-2.73693514 -2.7734015  -3.0024581  -4.39097309]]
0
[[-3.48553991 -4.90079975 -2.945081   -3.85716057]]
2
[[-2.73693514 -2.7734015  -3.0024581  -4.39097309]]
0
[[-3.48553991 -4.90079975 -2.945081   -3.85716057]]
2
[[-2.73693514 -2.7734015  -3.0024581  -4.39097309]]
0
[[-3.48553991 -4.90079975 -2.945081   -3.85716057]]
2
[[-2.73693514 -2.7734015  -3.0024581  -4.39097309]]
0
[[-3.48553991 -4.90079975 -2.945081   -3.85716057]]
2
[[-2.73693514 -2.7734015  -3.0024581  -4.39097309]]
0
[[-3.48553991 -4.90079975 -2.945081   -3.85716057]]
2
[[-2.73693514 -2.7734015  -3.0024581  -4.39097309]]
0
[[-3.48553991 -4.90079975 -2.945081   -3.85716057]]
2
[[-2.73693514 -2.7734015  -3.0024581  -4.39097309]]
0
[[-3.48553991 -4.90079975 -2.945081   -3.85716057]]
2
[[-2.73693514 -2.7734015  -3.0024581  -4.39097309]]
0
[[-3.48553991 -4.90079975 -2.945081   -3.85716057]]
2
[[-2.73693514 -2.7734015  -3.0024581  -4.39097309]]
0
[[-3.48553991 -4.90079975 -2.945081   -3.85716057]]
2
[[-2.73693514 -2.7734015  -3.0024581  -4.39097309]]
0
[[-3.48553991 -4.90079975 -2.945081   -3.85716057]]
2
[[-2.73693514 -2.7734015  -3.0024581  -4.39097309]]
0
[[-3.48553991 -4.90079975 -2.945081   -3.85716057]]
2
[[-2.73693514 -2.7734015  -3.0024581  -4.39097309]]
0
[[-3.48553991 -4.90079975 -2.945081   -3.85716057]]
2
[[-2.73693514 -2.7734015  -3.0024581  -4.39097309]]
0
[[-3.48553991 -4.90079975 -2.945081   -3.85716057]]
2
[[-2.73693514 -2.7734015  -3.0024581  -4.39097309]]
0
[[-3.48553991 -4.90079975 -2.945081   -3.85716057]]
2
[[-2.73693514 -2.7734015  -3.0024581  -4.39097309]]
0
[[-3.48553991 -4.90079975 -2.945081   -3.85716057]]
2
[[-2.73693514 -2.7734015  -3.0024581  -4.39097309]]
0
[[-3.48553991 -4.90079975 -2.945081   -3.85716057]]
2
[[-2.73693514 -2.7734015  -3.0024581  -4.39097309]]
0
[[-3.48553991 -4.90079975 -2.945081   -3.85716057]]
2
[[-2.73693514 -2.7734015  -3.0024581  -4.39097309]]
0
[[-3.48553991 -4.90079975 -2.945081   -3.85716057]]
2
[[-2.73693514 -2.7734015  -3.0024581  -4.39097309]]
0
[[-3.48553991 -4.90079975 -2.945081   -3.85716057]]
2
[[-2.73693514 -2.7734015  -3.0024581  -4.39097309]]
0
[[-3.48553991 -4.90079975 -2.945081   -3.85716057]]
2
[[-2.73693514 -2.7734015  -3.0024581  -4.39097309]]
0
[[-3.48553991 -4.90079975 -2.945081   -3.85716057]]
2
[[-2.73693514 -2.7734015  -3.0024581  -4.39097309]]
0
[[-3.48553991 -4.90079975 -2.945081   -3.85716057]]
2
[[-2.73693514 -2.7734015  -3.0024581  -4.39097309]]
0
[[-3.48553991 -4.90079975 -2.945081   -3.85716057]]
2
[[-2.73693514 -2.7734015  -3.0024581  -4.39097309]]
0
[[-3.48553991 -4.90079975 -2.945081   -3.85716057]]
2
[[-2.73693514 -2.7734015  -3.0024581  -4.39097309]]
0
[[-3.48553991 -4.90079975 -2.945081   -3.85716057]]
2
[[-2.73693514 -2.7734015  -3.0024581  -4.39097309]]
0
[[-3.48553991 -4.90079975 -2.945081   -3.85716057]]
2
[[-2.73693514 -2.7734015  -3.0024581  -4.39097309]]
0
[[-3.48553991 -4.90079975 -2.945081   -3.85716057]]
2
[[-2.73693514 -2.7734015  -3.0024581  -4.39097309]]
0
[[-3.48553991 -4.90079975 -2.945081   -3.85716057]]
2
[[-2.73693514 -2.7734015  -3.0024581  -4.39097309]]
0
[[-3.48553991 -4.90079975 -2.945081   -3.85716057]]
2
[[-2.73693514 -2.7734015  -3.0024581  -4.39097309]]
0
[[-3.48553991 -4.90079975 -2.945081   -3.85716057]]
2
[[-2.73693514 -2.7734015  -3.0024581  -4.39097309]]
0
[[-3.48553991 -4.90079975 -2.945081   -3.85716057]]
2
[[-2.73693514 -2.7734015  -3.0024581  -4.39097309]]
0
[[-3.48553991 -4.90079975 -2.945081   -3.85716057]]
2
[[-2.73693514 -2.7734015  -3.0024581  -4.39097309]]
0
[[-3.48553991 -4.90079975 -2.945081   -3.85716057]]
2
[[-2.73693514 -2.7734015  -3.0024581  -4.39097309]]
0
[[-3.48553991 -4.90079975 -2.945081   -3.85716057]]
2
[[-2.73693514 -2.7734015  -3.0024581  -4.39097309]]
0
[[-3.48553991 -4.90079975 -2.945081   -3.85716057]]
2
[[-2.73693514 -2.7734015  -3.0024581  -4.39097309]]
0
FAIL
1/2
