[[-2.75403428 -2.80690217 -3.03827024 -4.42782879]]
0
[[-3.51855326 -4.95744371 -3.01089001 -3.920084  ]]
2
[[-2.75403428 -2.80690217 -3.03827024 -4.42782879]]
0
[[-3.51855326 -4.95744371 -3.01089001 -3.920084  ]]
2
[[-2.75403428 -2.80690217 -3.03827024 -4.42782879]]
0
[[-3.51855326 -4.95744371 -3.01089001 -3.920084  ]]
2
[[-2.75403428 -2.80690217 -3.03827024 -4.42782879]]
0
[[-3.51855326 -4.95744371 -3.01089001 -3.920084  ]]
2
[[-2.75403428 -2.80690217 -3.03827024 -4.42782879]]
0
[[-3.51855326 -4.95744371 -3.01089001 -3.920084  ]]
2
[[-2.75403428 -2.80690217 -3.03827024 -4.42782879]]
0
[[-3.51855326 -4.95744371 -3.01089001 -3.920084  ]]
2
[[-2.75403428 -2.80690217 -3.03827024 -4.42782879]]
0
[[-3.51855326 -4.95744371 -3.01089001 -3.920084  ]]
2
[[-2.75403428 -2.80690217 -3.03827024 -4.42782879]]
0
[[-3.51855326 -4.95744371 -3.01089001 -3.920084  ]]
2
[[-2.75403428 -2.80690217 -3.03827024 -4.42782879]]
0
[[-3.51855326 -4.95744371 -3.01089001 -3.920084  ]]
2
[[-2.75403428 -2.80690217 -3.03827024 -4.42782879]]
0
[[-3.51855326 -4.95744371 -3.01089001 -3.920084  ]]
2
[[-2.75403428 -2.80690217 -3.03827024 -4.42782879]]
0
[[-3.51855326 -4.95744371 -3.01089001 -3.920084  ]]
2
[[-2.75403428 -2.80690217 -3.03827024 -4.42782879]]
0
[[-3.51855326 -4.95744371 -3.01089001 -3.920084  ]]
2
[[-2.75403428 -2.80690217 -3.03827024 -4.42782879]]
0
[[-3.51855326 -4.95744371 -3.01089001 -3.920084  ]]
2
[[-2.75403428 -2.80690217 -3.03827024 -4.42782879]]
0
[[-3.51855326 -4.95744371 -3.01089001 -3.920084  ]]
2
[[-2.75403428 -2.80690217 -3.03827024 -4.42782879]]
0
[[-3.51855326 -4.95744371 -3.01089001 -3.920084  ]]
2
[[-2.75403428 -2.80690217 -3.03827024 -4.42782879]]
0
[[-3.51855326 -4.95744371 -3.01089001 -3.920084  ]]
2
[[-2.75403428 -2.80690217 -3.03827024 -4.42782879]]
0
[[-3.51855326 -4.95744371 -3.01089001 -3.920084  ]]
2
[[-2.75403428 -2.80690217 -3.03827024 -4.42782879]]
0
[[-3.51855326 -4.95744371 -3.01089001 -3.920084  ]]
2
[[-2.75403428 -2.80690217 -3.03827024 -4.42782879]]
0
[[-3.51855326 -4.95744371 -3.01089001 -3.920084  ]]
2
[[-2.75403428 -2.80690217 -3.03827024 -4.42782879]]
0
[[-3.51855326 -4.95744371 -3.01089001 -3.920084  ]]
2
[[-2.75403428 -2.80690217 -3.03827024 -4.42782879]]
0
[[-3.51855326 -4.95744371 -3.01089001 -3.920084  ]]
2
[[-2.75403428 -2.80690217 -3.03827024 -4.42782879]]
0
[[-3.51855326 -4.95744371 -3.01089001 -3.920084  ]]
2
[[-2.75403428 -2.80690217 -3.03827024 -4.42782879]]
0
[[-3.51855326 -4.95744371 -3.01089001 -3.920084  ]]
2
[[-2.75403428 -2.80690217 -3.03827024 -4.42782879]]
0
[[-3.51855326 -4.95744371 -3.01089001 -3.920084  ]]
2
[[-2.75403428 -2.80690217 -3.03827024 -4.42782879]]
0
[[-3.51855326 -4.95744371 -3.01089001 -3.920084  ]]
2
[[-2.75403428 -2.80690217 -3.03827024 -4.42782879]]
0
[[-3.51855326 -4.95744371 -3.01089001 -3.920084  ]]
2
[[-2.75403428 -2.80690217 -3.03827024 -4.42782879]]
0
[[-3.51855326 -4.95744371 -3.01089001 -3.920084  ]]
2
[[-2.75403428 -2.80690217 -3.03827024 -4.42782879]]
0
[[-3.51855326 -4.95744371 -3.01089001 -3.920084  ]]
2
[[-2.75403428 -2.80690217 -3.03827024 -4.42782879]]
0
[[-3.51855326 -4.95744371 -3.01089001 -3.920084  ]]
2
[[-2.75403428 -2.80690217 -3.03827024 -4.42782879]]
0
[[-3.51855326 -4.95744371 -3.01089001 -3.920084  ]]
2
[[-2.75403428 -2.80690217 -3.03827024 -4.42782879]]
0
[[-3.51855326 -4.95744371 -3.01089001 -3.920084  ]]
2
[[-2.75403428 -2.80690217 -3.03827024 -4.42782879]]
0
[[-3.51855326 -4.95744371 -3.01089001 -3.920084  ]]
2
[[-2.75403428 -2.80690217 -3.03827024 -4.42782879]]
0
[[-3.51855326 -4.95744371 -3.01089001 -3.920084  ]]
2
[[-2.75403428 -2.80690217 -3.03827024 -4.42782879]]
0
[[-3.51855326 -4.95744371 -3.01089001 -3.920084  ]]
2
[[-2.75403428 -2.80690217 -3.03827024 -4.42782879]]
0
[[-3.51855326 -4.95744371 -3.01089001 -3.920084  ]]
2
[[-2.75403428 -2.80690217 -3.03827024 -4.42782879]]
0
[[-3.51855326 -4.95744371 -3.01089001 -3.920084  ]]
2
[[-2.75403428 -2.80690217 -3.03827024 -4.42782879]]
0
[[-3.51855326 -4.95744371 -3.01089001 -3.920084  ]]
2
[[-2.75403428 -2.80690217 -3.03827024 -4.42782879]]
0
[[-3.51855326 -4.95744371 -3.01089001 -3.920084  ]]
2
[[-2.75403428 -2.80690217 -3.03827024 -4.42782879]]
0
[[-3.51855326 -4.95744371 -3.01089001 -3.920084  ]]
2
[[-2.75403428 -2.80690217 -3.03827024 -4.42782879]]
0
[[-3.51855326 -4.95744371 -3.01089001 -3.920084  ]]
2
[[-2.75403428 -2.80690217 -3.03827024 -4.42782879]]
0
[[-3.51855326 -4.95744371 -3.01089001 -3.920084  ]]
2
[[-2.75403428 -2.80690217 -3.03827024 -4.42782879]]
0
[[-3.51855326 -4.95744371 -3.01089001 -3.920084  ]]
2
[[-2.75403428 -2.80690217 -3.03827024 -4.42782879]]
0
[[-3.51855326 -4.95744371 -3.01089001 -3.920084  ]]
2
[[-2.75403428 -2.80690217 -3.03827024 -4.42782879]]
0
[[-3.51855326 -4.95744371 -3.01089001 -3.920084  ]]
2
[[-2.75403428 -2.80690217 -3.03827024 -4.42782879]]
0
[[-3.51855326 -4.95744371 -3.01089001 -3.920084  ]]
2
[[-2.75403428 -2.80690217 -3.03827024 -4.42782879]]
0
[[-3.51855326 -4.95744371 -3.01089001 -3.920084  ]]
2
[[-2.75403428 -2.80690217 -3.03827024 -4.42782879]]
0
[[-3.51855326 -4.95744371 -3.01089001 -3.920084  ]]
2
[[-2.75403428 -2.80690217 -3.03827024 -4.42782879]]
0
[[-3.51855326 -4.95744371 -3.01089001 -3.920084  ]]
2
[[-2.75403428 -2.80690217 -3.03827024 -4.42782879]]
0
[[-3.51855326 -4.95744371 -3.01089001 -3.920084  ]]
2
[[-2.75403428 -2.80690217 -3.03827024 -4.42782879]]
0
[[-3.51855326 -4.95744371 -3.01089001 -3.920084  ]]
2
[[-2.75403428 -2.80690217 -3.03827024 -4.42782879]]
0
FAIL
1/2
