[[ -4.96331215   0.30434528 -13.3132906   -5.90978384]]
1
[[ -5.25301552   0.59637535 -14.80308247  -5.53259516]]
1
[[ -7.40761566  -6.14918709 -13.48755169  -5.78066015]]
3
[[ -5.25301552   0.59637535 -14.80308247  -5.53259516]]
1
[[ -7.40761566  -6.14918709 -13.48755169  -5.78066015]]
3
[[ -5.25301552   0.59637535 -14.80308247  -5.53259516]]
1
[[ -7.40761566  -6.14918709 -13.48755169  -5.78066015]]
3
[[ -5.25301552   0.59637535 -14.80308247  -5.53259516]]
1
[[ -7.40761566  -6.14918709 -13.48755169  -5.78066015]]
3
[[ -5.25301552   0.59637535 -14.80308247  -5.53259516]]
1
[[ -7.40761566  -6.14918709 -13.48755169  -5.78066015]]
3
[[ -5.25301552   0.59637535 -14.80308247  -5.53259516]]
1
[[ -7.40761566  -6.14918709 -13.48755169  -5.78066015]]
3
[[ -5.25301552   0.59637535 -14.80308247  -5.53259516]]
1
[[ -7.40761566  -6.14918709 -13.48755169  -5.78066015]]
3
[[ -5.25301552   0.59637535 -14.80308247  -5.53259516]]
1
[[ -7.40761566  -6.14918709 -13.48755169  -5.78066015]]
3
[[ -5.25301552   0.59637535 -14.80308247  -5.53259516]]
1
[[ -7.40761566  -6.14918709 -13.48755169  -5.78066015]]
3
[[ -5.25301552   0.59637535 -14.80308247  -5.53259516]]
1
[[ -7.40761566  -6.14918709 -13.48755169  -5.78066015]]
3
[[ -5.25301552   0.59637535 -14.80308247  -5.53259516]]
1
[[ -7.40761566  -6.14918709 -13.48755169  -5.78066015]]
3
[[ -5.25301552   0.59637535 -14.80308247  -5.53259516]]
1
[[ -7.40761566  -6.14918709 -13.48755169  -5.78066015]]
3
[[ -5.25301552   0.59637535 -14.80308247  -5.53259516]]
1
[[ -7.40761566  -6.14918709 -13.48755169  -5.78066015]]
3
[[ -5.25301552   0.59637535 -14.80308247  -5.53259516]]
1
[[ -7.40761566  -6.14918709 -13.48755169  -5.78066015]]
3
[[ -5.25301552   0.59637535 -14.80308247  -5.53259516]]
1
[[ -7.40761566  -6.14918709 -13.48755169  -5.78066015]]
3
[[ -5.25301552   0.59637535 -14.80308247  -5.53259516]]
1
[[ -7.40761566  -6.14918709 -13.48755169  -5.78066015]]
3
[[ -5.25301552   0.59637535 -14.80308247  -5.53259516]]
1
[[ -7.40761566  -6.14918709 -13.48755169  -5.78066015]]
3
[[ -5.25301552   0.59637535 -14.80308247  -5.53259516]]
1
[[ -7.40761566  -6.14918709 -13.48755169  -5.78066015]]
3
[[ -5.25301552   0.59637535 -14.80308247  -5.53259516]]
1
[[ -7.40761566  -6.14918709 -13.48755169  -5.78066015]]
3
[[ -5.25301552   0.59637535 -14.80308247  -5.53259516]]
1
[[ -7.40761566  -6.14918709 -13.48755169  -5.78066015]]
3
[[ -5.25301552   0.59637535 -14.80308247  -5.53259516]]
1
[[ -7.40761566  -6.14918709 -13.48755169  -5.78066015]]
3
[[ -5.25301552   0.59637535 -14.80308247  -5.53259516]]
1
[[ -7.40761566  -6.14918709 -13.48755169  -5.78066015]]
3
[[ -5.25301552   0.59637535 -14.80308247  -5.53259516]]
1
[[ -7.40761566  -6.14918709 -13.48755169  -5.78066015]]
3
[[ -5.25301552   0.59637535 -14.80308247  -5.53259516]]
1
[[ -7.40761566  -6.14918709 -13.48755169  -5.78066015]]
3
[[ -5.25301552   0.59637535 -14.80308247  -5.53259516]]
1
[[ -7.40761566  -6.14918709 -13.48755169  -5.78066015]]
3
[[ -5.25301552   0.59637535 -14.80308247  -5.53259516]]
1
[[ -7.40761566  -6.14918709 -13.48755169  -5.78066015]]
3
[[ -5.25301552   0.59637535 -14.80308247  -5.53259516]]
1
[[ -7.40761566  -6.14918709 -13.48755169  -5.78066015]]
3
[[ -5.25301552   0.59637535 -14.80308247  -5.53259516]]
1
[[ -7.40761566  -6.14918709 -13.48755169  -5.78066015]]
3
[[ -5.25301552   0.59637535 -14.80308247  -5.53259516]]
1
[[ -7.40761566  -6.14918709 -13.48755169  -5.78066015]]
3
[[ -5.25301552   0.59637535 -14.80308247  -5.53259516]]
1
[[ -7.40761566  -6.14918709 -13.48755169  -5.78066015]]
3
[[ -5.25301552   0.59637535 -14.80308247  -5.53259516]]
1
[[ -7.40761566  -6.14918709 -13.48755169  -5.78066015]]
3
[[ -5.25301552   0.59637535 -14.80308247  -5.53259516]]
1
[[ -7.40761566  -6.14918709 -13.48755169  -5.78066015]]
3
[[ -5.25301552   0.59637535 -14.80308247  -5.53259516]]
1
[[ -7.40761566  -6.14918709 -13.48755169  -5.78066015]]
3
[[ -5.25301552   0.59637535 -14.80308247  -5.53259516]]
1
[[ -7.40761566  -6.14918709 -13.48755169  -5.78066015]]
3
[[ -5.25301552   0.59637535 -14.80308247  -5.53259516]]
1
[[ -7.40761566  -6.14918709 -13.48755169  -5.78066015]]
3
[[ -5.25301552   0.59637535 -14.80308247  -5.53259516]]
1
[[ -7.40761566  -6.14918709 -13.48755169  -5.78066015]]
3
[[ -5.25301552   0.59637535 -14.80308247  -5.53259516]]
1
[[ -7.40761566  -6.14918709 -13.48755169  -5.78066015]]
3
[[ -5.25301552   0.59637535 -14.80308247  -5.53259516]]
1
[[ -7.40761566  -6.14918709 -13.48755169  -5.78066015]]
3
[[ -5.25301552   0.59637535 -14.80308247  -5.53259516]]
1
[[ -7.40761566  -6.14918709 -13.48755169  -5.78066015]]
3
[[ -5.25301552   0.59637535 -14.80308247  -5.53259516]]
1
[[ -7.40761566  -6.14918709 -13.48755169  -5.78066015]]
3
[[ -5.25301552   0.59637535 -14.80308247  -5.53259516]]
1
[[ -7.40761566  -6.14918709 -13.48755169  -5.78066015]]
3
[[ -5.25301552   0.59637535 -14.80308247  -5.53259516]]
1
[[ -7.40761566  -6.14918709 -13.48755169  -5.78066015]]
3
[[ -5.25301552   0.59637535 -14.80308247  -5.53259516]]
1
[[ -7.40761566  -6.14918709 -13.48755169  -5.78066015]]
3
[[ -5.25301552   0.59637535 -14.80308247  -5.53259516]]
1
[[ -7.40761566  -6.14918709 -13.48755169  -5.78066015]]
3
[[ -5.25301552   0.59637535 -14.80308247  -5.53259516]]
1
[[ -7.40761566  -6.14918709 -13.48755169  -5.78066015]]
3
[[ -5.25301552   0.59637535 -14.80308247  -5.53259516]]
1
[[ -7.40761566  -6.14918709 -13.48755169  -5.78066015]]
3
[[ -5.25301552   0.59637535 -14.80308247  -5.53259516]]
1
[[ -7.40761566  -6.14918709 -13.48755169  -5.78066015]]
3
[[ -5.25301552   0.59637535 -14.80308247  -5.53259516]]
1
[[ -7.40761566  -6.14918709 -13.48755169  -5.78066015]]
3
[[ -5.25301552   0.59637535 -14.80308247  -5.53259516]]
1
[[ -7.40761566  -6.14918709 -13.48755169  -5.78066015]]
3
[[ -5.25301552   0.59637535 -14.80308247  -5.53259516]]
1
[[ -7.40761566  -6.14918709 -13.48755169  -5.78066015]]
3
FAIL
0/8
