[[-4.58340836 -5.21044111 -4.06708145 -8.27379036]]
2
[[-2.43637753 -6.56342125 -3.15497732 -8.76983166]]
0
[[-4.58340836 -5.21044111 -4.06708145 -8.27379036]]
2
[[-2.43637753 -6.56342125 -3.15497732 -8.76983166]]
0
[[-4.58340836 -5.21044111 -4.06708145 -8.27379036]]
2
[[-2.43637753 -6.56342125 -3.15497732 -8.76983166]]
0
[[-4.58340836 -5.21044111 -4.06708145 -8.27379036]]
2
[[-2.43637753 -6.56342125 -3.15497732 -8.76983166]]
0
[[-4.58340836 -5.21044111 -4.06708145 -8.27379036]]
2
[[-2.43637753 -6.56342125 -3.15497732 -8.76983166]]
0
[[-4.58340836 -5.21044111 -4.06708145 -8.27379036]]
2
[[-2.43637753 -6.56342125 -3.15497732 -8.76983166]]
0
[[-4.58340836 -5.21044111 -4.06708145 -8.27379036]]
2
[[-2.43637753 -6.56342125 -3.15497732 -8.76983166]]
0
[[-4.58340836 -5.21044111 -4.06708145 -8.27379036]]
2
[[-2.43637753 -6.56342125 -3.15497732 -8.76983166]]
0
[[-4.58340836 -5.21044111 -4.06708145 -8.27379036]]
2
[[-2.43637753 -6.56342125 -3.15497732 -8.76983166]]
0
[[-4.58340836 -5.21044111 -4.06708145 -8.27379036]]
2
[[-2.43637753 -6.56342125 -3.15497732 -8.76983166]]
0
[[-4.58340836 -5.21044111 -4.06708145 -8.27379036]]
2
[[-2.43637753 -6.56342125 -3.15497732 -8.76983166]]
0
[[-4.58340836 -5.21044111 -4.06708145 -8.27379036]]
2
[[-2.43637753 -6.56342125 -3.15497732 -8.76983166]]
0
[[-4.58340836 -5.21044111 -4.06708145 -8.27379036]]
2
[[-2.43637753 -6.56342125 -3.15497732 -8.76983166]]
0
[[-4.58340836 -5.21044111 -4.06708145 -8.27379036]]
2
[[-2.43637753 -6.56342125 -3.15497732 -8.76983166]]
0
[[-4.58340836 -5.21044111 -4.06708145 -8.27379036]]
2
[[-2.43637753 -6.56342125 -3.15497732 -8.76983166]]
0
[[-4.58340836 -5.21044111 -4.06708145 -8.27379036]]
2
[[-2.43637753 -6.56342125 -3.15497732 -8.76983166]]
0
[[-4.58340836 -5.21044111 -4.06708145 -8.27379036]]
2
[[-2.43637753 -6.56342125 -3.15497732 -8.76983166]]
0
[[-4.58340836 -5.21044111 -4.06708145 -8.27379036]]
2
[[-2.43637753 -6.56342125 -3.15497732 -8.76983166]]
0
[[-4.58340836 -5.21044111 -4.06708145 -8.27379036]]
2
[[-2.43637753 -6.56342125 -3.15497732 -8.76983166]]
0
[[-4.58340836 -5.21044111 -4.06708145 -8.27379036]]
2
[[-2.43637753 -6.56342125 -3.15497732 -8.76983166]]
0
[[-4.58340836 -5.21044111 -4.06708145 -8.27379036]]
2
[[-2.43637753 -6.56342125 -3.15497732 -8.76983166]]
0
[[-4.58340836 -5.21044111 -4.06708145 -8.27379036]]
2
[[-2.43637753 -6.56342125 -3.15497732 -8.76983166]]
0
[[-4.58340836 -5.21044111 -4.06708145 -8.27379036]]
2
[[-2.43637753 -6.56342125 -3.15497732 -8.76983166]]
0
[[-4.58340836 -5.21044111 -4.06708145 -8.27379036]]
2
[[-2.43637753 -6.56342125 -3.15497732 -8.76983166]]
0
[[-4.58340836 -5.21044111 -4.06708145 -8.27379036]]
2
[[-2.43637753 -6.56342125 -3.15497732 -8.76983166]]
0
[[-4.58340836 -5.21044111 -4.06708145 -8.27379036]]
2
[[-2.43637753 -6.56342125 -3.15497732 -8.76983166]]
0
[[-4.58340836 -5.21044111 -4.06708145 -8.27379036]]
2
[[-2.43637753 -6.56342125 -3.15497732 -8.76983166]]
0
[[-4.58340836 -5.21044111 -4.06708145 -8.27379036]]
2
[[-2.43637753 -6.56342125 -3.15497732 -8.76983166]]
0
[[-4.58340836 -5.21044111 -4.06708145 -8.27379036]]
2
[[-2.43637753 -6.56342125 -3.15497732 -8.76983166]]
0
[[-4.58340836 -5.21044111 -4.06708145 -8.27379036]]
2
[[-2.43637753 -6.56342125 -3.15497732 -8.76983166]]
0
[[-4.58340836 -5.21044111 -4.06708145 -8.27379036]]
2
[[-2.43637753 -6.56342125 -3.15497732 -8.76983166]]
0
[[-4.58340836 -5.21044111 -4.06708145 -8.27379036]]
2
[[-2.43637753 -6.56342125 -3.15497732 -8.76983166]]
0
[[-4.58340836 -5.21044111 -4.06708145 -8.27379036]]
2
[[-2.43637753 -6.56342125 -3.15497732 -8.76983166]]
0
[[-4.58340836 -5.21044111 -4.06708145 -8.27379036]]
2
[[-2.43637753 -6.56342125 -3.15497732 -8.76983166]]
0
[[-4.58340836 -5.21044111 -4.06708145 -8.27379036]]
2
[[-2.43637753 -6.56342125 -3.15497732 -8.76983166]]
0
[[-4.58340836 -5.21044111 -4.06708145 -8.27379036]]
2
[[-2.43637753 -6.56342125 -3.15497732 -8.76983166]]
0
[[-4.58340836 -5.21044111 -4.06708145 -8.27379036]]
2
[[-2.43637753 -6.56342125 -3.15497732 -8.76983166]]
0
[[-4.58340836 -5.21044111 -4.06708145 -8.27379036]]
2
[[-2.43637753 -6.56342125 -3.15497732 -8.76983166]]
0
[[-4.58340836 -5.21044111 -4.06708145 -8.27379036]]
2
[[-2.43637753 -6.56342125 -3.15497732 -8.76983166]]
0
[[-4.58340836 -5.21044111 -4.06708145 -8.27379036]]
2
[[-2.43637753 -6.56342125 -3.15497732 -8.76983166]]
0
[[-4.58340836 -5.21044111 -4.06708145 -8.27379036]]
2
[[-2.43637753 -6.56342125 -3.15497732 -8.76983166]]
0
[[-4.58340836 -5.21044111 -4.06708145 -8.27379036]]
2
[[-2.43637753 -6.56342125 -3.15497732 -8.76983166]]
0
[[-4.58340836 -5.21044111 -4.06708145 -8.27379036]]
2
[[-2.43637753 -6.56342125 -3.15497732 -8.76983166]]
0
[[-4.58340836 -5.21044111 -4.06708145 -8.27379036]]
2
[[-2.43637753 -6.56342125 -3.15497732 -8.76983166]]
0
[[-4.58340836 -5.21044111 -4.06708145 -8.27379036]]
2
[[-2.43637753 -6.56342125 -3.15497732 -8.76983166]]
0
[[-4.58340836 -5.21044111 -4.06708145 -8.27379036]]
2
[[-2.43637753 -6.56342125 -3.15497732 -8.76983166]]
0
[[-4.58340836 -5.21044111 -4.06708145 -8.27379036]]
2
[[-2.43637753 -6.56342125 -3.15497732 -8.76983166]]
0
[[-4.58340836 -5.21044111 -4.06708145 -8.27379036]]
2
[[-2.43637753 -6.56342125 -3.15497732 -8.76983166]]
0
[[-4.58340836 -5.21044111 -4.06708145 -8.27379036]]
2
[[-2.43637753 -6.56342125 -3.15497732 -8.76983166]]
0
[[-4.58340836 -5.21044111 -4.06708145 -8.27379036]]
2
[[-2.43637753 -6.56342125 -3.15497732 -8.76983166]]
0
[[-4.58340836 -5.21044111 -4.06708145 -8.27379036]]
2
FAIL
0/5
