[[-4.21607399 -8.33664227 -4.6393652  -8.26839256]]
0
[[-12.98337841 -15.90073013  -0.52960312  -8.08787441]]
2
[[-4.21607399 -8.33664227 -4.6393652  -8.26839256]]
0
[[-12.98337841 -15.90073013  -0.52960312  -8.08787441]]
2
[[-4.21607399 -8.33664227 -4.6393652  -8.26839256]]
0
[[-12.98337841 -15.90073013  -0.52960312  -8.08787441]]
2
[[-4.21607399 -8.33664227 -4.6393652  -8.26839256]]
0
[[-12.98337841 -15.90073013  -0.52960312  -8.08787441]]
2
[[-4.21607399 -8.33664227 -4.6393652  -8.26839256]]
0
[[-12.98337841 -15.90073013  -0.52960312  -8.08787441]]
2
[[-4.21607399 -8.33664227 -4.6393652  -8.26839256]]
0
[[-12.98337841 -15.90073013  -0.52960312  -8.08787441]]
2
[[-4.21607399 -8.33664227 -4.6393652  -8.26839256]]
0
[[-12.98337841 -15.90073013  -0.52960312  -8.08787441]]
2
[[-4.21607399 -8.33664227 -4.6393652  -8.26839256]]
0
[[-12.98337841 -15.90073013  -0.52960312  -8.08787441]]
2
[[-4.21607399 -8.33664227 -4.6393652  -8.26839256]]
0
[[-12.98337841 -15.90073013  -0.52960312  -8.08787441]]
2
[[-4.21607399 -8.33664227 -4.6393652  -8.26839256]]
0
[[-12.98337841 -15.90073013  -0.52960312  -8.08787441]]
2
[[-4.21607399 -8.33664227 -4.6393652  -8.26839256]]
0
[[-12.98337841 -15.90073013  -0.52960312  -8.08787441]]
2
[[-4.21607399 -8.33664227 -4.6393652  -8.26839256]]
0
[[-12.98337841 -15.90073013  -0.52960312  -8.08787441]]
2
[[-4.21607399 -8.33664227 -4.6393652  -8.26839256]]
0
[[-12.98337841 -15.90073013  -0.52960312  -8.08787441]]
2
[[-4.21607399 -8.33664227 -4.6393652  -8.26839256]]
0
[[-12.98337841 -15.90073013  -0.52960312  -8.08787441]]
2
[[-4.21607399 -8.33664227 -4.6393652  -8.26839256]]
0
[[-12.98337841 -15.90073013  -0.52960312  -8.08787441]]
2
[[-4.21607399 -8.33664227 -4.6393652  -8.26839256]]
0
[[-12.98337841 -15.90073013  -0.52960312  -8.08787441]]
2
[[-4.21607399 -8.33664227 -4.6393652  -8.26839256]]
0
[[-12.98337841 -15.90073013  -0.52960312  -8.08787441]]
2
[[-4.21607399 -8.33664227 -4.6393652  -8.26839256]]
0
[[-12.98337841 -15.90073013  -0.52960312  -8.08787441]]
2
[[-4.21607399 -8.33664227 -4.6393652  -8.26839256]]
0
[[-12.98337841 -15.90073013  -0.52960312  -8.08787441]]
2
[[-4.21607399 -8.33664227 -4.6393652  -8.26839256]]
0
[[-12.98337841 -15.90073013  -0.52960312  -8.08787441]]
2
[[-4.21607399 -8.33664227 -4.6393652  -8.26839256]]
0
[[-12.98337841 -15.90073013  -0.52960312  -8.08787441]]
2
[[-4.21607399 -8.33664227 -4.6393652  -8.26839256]]
0
[[-12.98337841 -15.90073013  -0.52960312  -8.08787441]]
2
[[-4.21607399 -8.33664227 -4.6393652  -8.26839256]]
0
[[-12.98337841 -15.90073013  -0.52960312  -8.08787441]]
2
[[-4.21607399 -8.33664227 -4.6393652  -8.26839256]]
0
[[-12.98337841 -15.90073013  -0.52960312  -8.08787441]]
2
[[-4.21607399 -8.33664227 -4.6393652  -8.26839256]]
0
[[-12.98337841 -15.90073013  -0.52960312  -8.08787441]]
2
[[-4.21607399 -8.33664227 -4.6393652  -8.26839256]]
0
[[-12.98337841 -15.90073013  -0.52960312  -8.08787441]]
2
[[-4.21607399 -8.33664227 -4.6393652  -8.26839256]]
0
[[-12.98337841 -15.90073013  -0.52960312  -8.08787441]]
2
[[-4.21607399 -8.33664227 -4.6393652  -8.26839256]]
0
[[-12.98337841 -15.90073013  -0.52960312  -8.08787441]]
2
[[-4.21607399 -8.33664227 -4.6393652  -8.26839256]]
0
[[-12.98337841 -15.90073013  -0.52960312  -8.08787441]]
2
[[-4.21607399 -8.33664227 -4.6393652  -8.26839256]]
0
[[-12.98337841 -15.90073013  -0.52960312  -8.08787441]]
2
[[-4.21607399 -8.33664227 -4.6393652  -8.26839256]]
0
[[-12.98337841 -15.90073013  -0.52960312  -8.08787441]]
2
[[-4.21607399 -8.33664227 -4.6393652  -8.26839256]]
0
[[-12.98337841 -15.90073013  -0.52960312  -8.08787441]]
2
[[-4.21607399 -8.33664227 -4.6393652  -8.26839256]]
0
[[-12.98337841 -15.90073013  -0.52960312  -8.08787441]]
2
[[-4.21607399 -8.33664227 -4.6393652  -8.26839256]]
0
[[-12.98337841 -15.90073013  -0.52960312  -8.08787441]]
2
[[-4.21607399 -8.33664227 -4.6393652  -8.26839256]]
0
[[-12.98337841 -15.90073013  -0.52960312  -8.08787441]]
2
[[-4.21607399 -8.33664227 -4.6393652  -8.26839256]]
0
[[-12.98337841 -15.90073013  -0.52960312  -8.08787441]]
2
[[-4.21607399 -8.33664227 -4.6393652  -8.26839256]]
0
[[-12.98337841 -15.90073013  -0.52960312  -8.08787441]]
2
[[-4.21607399 -8.33664227 -4.6393652  -8.26839256]]
0
[[-12.98337841 -15.90073013  -0.52960312  -8.08787441]]
2
[[-4.21607399 -8.33664227 -4.6393652  -8.26839256]]
0
[[-12.98337841 -15.90073013  -0.52960312  -8.08787441]]
2
[[-4.21607399 -8.33664227 -4.6393652  -8.26839256]]
0
[[-12.98337841 -15.90073013  -0.52960312  -8.08787441]]
2
[[-4.21607399 -8.33664227 -4.6393652  -8.26839256]]
0
[[-12.98337841 -15.90073013  -0.52960312  -8.08787441]]
2
[[-4.21607399 -8.33664227 -4.6393652  -8.26839256]]
0
[[-12.98337841 -15.90073013  -0.52960312  -8.08787441]]
2
[[-4.21607399 -8.33664227 -4.6393652  -8.26839256]]
0
[[-12.98337841 -15.90073013  -0.52960312  -8.08787441]]
2
[[-4.21607399 -8.33664227 -4.6393652  -8.26839256]]
0
[[-12.98337841 -15.90073013  -0.52960312  -8.08787441]]
2
[[-4.21607399 -8.33664227 -4.6393652  -8.26839256]]
0
[[-12.98337841 -15.90073013  -0.52960312  -8.08787441]]
2
[[-4.21607399 -8.33664227 -4.6393652  -8.26839256]]
0
[[-12.98337841 -15.90073013  -0.52960312  -8.08787441]]
2
[[-4.21607399 -8.33664227 -4.6393652  -8.26839256]]
0
[[-12.98337841 -15.90073013  -0.52960312  -8.08787441]]
2
[[-4.21607399 -8.33664227 -4.6393652  -8.26839256]]
0
[[-12.98337841 -15.90073013  -0.52960312  -8.08787441]]
2
[[-4.21607399 -8.33664227 -4.6393652  -8.26839256]]
0
[[-12.98337841 -15.90073013  -0.52960312  -8.08787441]]
2
[[-4.21607399 -8.33664227 -4.6393652  -8.26839256]]
0
[[-12.98337841 -15.90073013  -0.52960312  -8.08787441]]
2
[[-4.21607399 -8.33664227 -4.6393652  -8.26839256]]
0
FAIL
1/2
