[[-2.76440406 -2.82679844 -3.07092547 -4.45087671]]
0
[[-3.54861951 -5.00612068 -3.07992196 -3.98454952]]
2
[[-2.76440406 -2.82679844 -3.07092547 -4.45087671]]
0
[[-3.54861951 -5.00612068 -3.07992196 -3.98454952]]
2
[[-2.76440406 -2.82679844 -3.07092547 -4.45087671]]
0
[[-3.54861951 -5.00612068 -3.07992196 -3.98454952]]
2
[[-2.76440406 -2.82679844 -3.07092547 -4.45087671]]
0
[[-3.54861951 -5.00612068 -3.07992196 -3.98454952]]
2
[[-2.76440406 -2.82679844 -3.07092547 -4.45087671]]
0
[[-3.54861951 -5.00612068 -3.07992196 -3.98454952]]
2
[[-2.76440406 -2.82679844 -3.07092547 -4.45087671]]
0
[[-3.54861951 -5.00612068 -3.07992196 -3.98454952]]
2
[[-2.76440406 -2.82679844 -3.07092547 -4.45087671]]
0
[[-3.54861951 -5.00612068 -3.07992196 -3.98454952]]
2
[[-2.76440406 -2.82679844 -3.07092547 -4.45087671]]
0
[[-3.54861951 -5.00612068 -3.07992196 -3.98454952]]
2
[[-2.76440406 -2.82679844 -3.07092547 -4.45087671]]
0
[[-3.54861951 -5.00612068 -3.07992196 -3.98454952]]
2
[[-2.76440406 -2.82679844 -3.07092547 -4.45087671]]
0
[[-3.54861951 -5.00612068 -3.07992196 -3.98454952]]
2
[[-2.76440406 -2.82679844 -3.07092547 -4.45087671]]
0
[[-3.54861951 -5.00612068 -3.07992196 -3.98454952]]
2
[[-2.76440406 -2.82679844 -3.07092547 -4.45087671]]
0
[[-3.54861951 -5.00612068 -3.07992196 -3.98454952]]
2
[[-2.76440406 -2.82679844 -3.07092547 -4.45087671]]
0
[[-3.54861951 -5.00612068 -3.07992196 -3.98454952]]
2
[[-2.76440406 -2.82679844 -3.07092547 -4.45087671]]
0
[[-3.54861951 -5.00612068 -3.07992196 -3.98454952]]
2
[[-2.76440406 -2.82679844 -3.07092547 -4.45087671]]
0
[[-3.54861951 -5.00612068 -3.07992196 -3.98454952]]
2
[[-2.76440406 -2.82679844 -3.07092547 -4.45087671]]
0
[[-3.54861951 -5.00612068 -3.07992196 -3.98454952]]
2
[[-2.76440406 -2.82679844 -3.07092547 -4.45087671]]
0
[[-3.54861951 -5.00612068 -3.07992196 -3.98454952]]
2
[[-2.76440406 -2.82679844 -3.07092547 -4.45087671]]
0
[[-3.54861951 -5.00612068 -3.07992196 -3.98454952]]
2
[[-2.76440406 -2.82679844 -3.07092547 -4.45087671]]
0
[[-3.54861951 -5.00612068 -3.07992196 -3.98454952]]
2
[[-2.76440406 -2.82679844 -3.07092547 -4.45087671]]
0
[[-3.54861951 -5.00612068 -3.07992196 -3.98454952]]
2
[[-2.76440406 -2.82679844 -3.07092547 -4.45087671]]
0
[[-3.54861951 -5.00612068 -3.07992196 -3.98454952]]
2
[[-2.76440406 -2.82679844 -3.07092547 -4.45087671]]
0
[[-3.54861951 -5.00612068 -3.07992196 -3.98454952]]
2
[[-2.76440406 -2.82679844 -3.07092547 -4.45087671]]
0
[[-3.54861951 -5.00612068 -3.07992196 -3.98454952]]
2
[[-2.76440406 -2.82679844 -3.07092547 -4.45087671]]
0
[[-3.54861951 -5.00612068 -3.07992196 -3.98454952]]
2
[[-2.76440406 -2.82679844 -3.07092547 -4.45087671]]
0
[[-3.54861951 -5.00612068 -3.07992196 -3.98454952]]
2
[[-2.76440406 -2.82679844 -3.07092547 -4.45087671]]
0
[[-3.54861951 -5.00612068 -3.07992196 -3.98454952]]
2
[[-2.76440406 -2.82679844 -3.07092547 -4.45087671]]
0
[[-3.54861951 -5.00612068 -3.07992196 -3.98454952]]
2
[[-2.76440406 -2.82679844 -3.07092547 -4.45087671]]
0
[[-3.54861951 -5.00612068 -3.07992196 -3.98454952]]
2
[[-2.76440406 -2.82679844 -3.07092547 -4.45087671]]
0
[[-3.54861951 -5.00612068 -3.07992196 -3.98454952]]
2
[[-2.76440406 -2.82679844 -3.07092547 -4.45087671]]
0
[[-3.54861951 -5.00612068 -3.07992196 -3.98454952]]
2
[[-2.76440406 -2.82679844 -3.07092547 -4.45087671]]
0
[[-3.54861951 -5.00612068 -3.07992196 -3.98454952]]
2
[[-2.76440406 -2.82679844 -3.07092547 -4.45087671]]
0
[[-3.54861951 -5.00612068 -3.07992196 -3.98454952]]
2
[[-2.76440406 -2.82679844 -3.07092547 -4.45087671]]
0
[[-3.54861951 -5.00612068 -3.07992196 -3.98454952]]
2
[[-2.76440406 -2.82679844 -3.07092547 -4.45087671]]
0
[[-3.54861951 -5.00612068 -3.07992196 -3.98454952]]
2
[[-2.76440406 -2.82679844 -3.07092547 -4.45087671]]
0
[[-3.54861951 -5.00612068 -3.07992196 -3.98454952]]
2
[[-2.76440406 -2.82679844 -3.07092547 -4.45087671]]
0
[[-3.54861951 -5.00612068 -3.07992196 -3.98454952]]
2
[[-2.76440406 -2.82679844 -3.07092547 -4.45087671]]
0
[[-3.54861951 -5.00612068 -3.07992196 -3.98454952]]
2
[[-2.76440406 -2.82679844 -3.07092547 -4.45087671]]
0
[[-3.54861951 -5.00612068 -3.07992196 -3.98454952]]
2
[[-2.76440406 -2.82679844 -3.07092547 -4.45087671]]
0
[[-3.54861951 -5.00612068 -3.07992196 -3.98454952]]
2
[[-2.76440406 -2.82679844 -3.07092547 -4.45087671]]
0
[[-3.54861951 -5.00612068 -3.07992196 -3.98454952]]
2
[[-2.76440406 -2.82679844 -3.07092547 -4.45087671]]
0
[[-3.54861951 -5.00612068 -3.07992196 -3.98454952]]
2
[[-2.76440406 -2.82679844 -3.07092547 -4.45087671]]
0
[[-3.54861951 -5.00612068 -3.07992196 -3.98454952]]
2
[[-2.76440406 -2.82679844 -3.07092547 -4.45087671]]
0
[[-3.54861951 -5.00612068 -3.07992196 -3.98454952]]
2
[[-2.76440406 -2.82679844 -3.07092547 -4.45087671]]
0
[[-3.54861951 -5.00612068 -3.07992196 -3.98454952]]
2
[[-2.76440406 -2.82679844 -3.07092547 -4.45087671]]
0
[[-3.54861951 -5.00612068 -3.07992196 -3.98454952]]
2
[[-2.76440406 -2.82679844 -3.07092547 -4.45087671]]
0
[[-3.54861951 -5.00612068 -3.07992196 -3.98454952]]
2
[[-2.76440406 -2.82679844 -3.07092547 -4.45087671]]
0
[[-3.54861951 -5.00612068 -3.07992196 -3.98454952]]
2
[[-2.76440406 -2.82679844 -3.07092547 -4.45087671]]
0
[[-3.54861951 -5.00612068 -3.07992196 -3.98454952]]
2
[[-2.76440406 -2.82679844 -3.07092547 -4.45087671]]
0
[[-3.54861951 -5.00612068 -3.07992196 -3.98454952]]
2
[[-2.76440406 -2.82679844 -3.07092547 -4.45087671]]
0
[[-3.54861951 -5.00612068 -3.07992196 -3.98454952]]
2
[[-2.76440406 -2.82679844 -3.07092547 -4.45087671]]
0
FAIL
1/2
