[[-2.78680754 -2.85988855 -3.12498975 -4.48957396]]
0
[[-3.58272576 -5.05742264 -3.15444517 -4.04886913]]
2
[[-2.78680754 -2.85988855 -3.12498975 -4.48957396]]
0
[[-3.58272576 -5.05742264 -3.15444517 -4.04886913]]
2
[[-2.78680754 -2.85988855 -3.12498975 -4.48957396]]
0
[[-3.58272576 -5.05742264 -3.15444517 -4.04886913]]
2
[[-2.78680754 -2.85988855 -3.12498975 -4.48957396]]
0
[[-3.58272576 -5.05742264 -3.15444517 -4.04886913]]
2
[[-2.78680754 -2.85988855 -3.12498975 -4.48957396]]
0
[[-3.58272576 -5.05742264 -3.15444517 -4.04886913]]
2
[[-2.78680754 -2.85988855 -3.12498975 -4.48957396]]
0
[[-3.58272576 -5.05742264 -3.15444517 -4.04886913]]
2
[[-2.78680754 -2.85988855 -3.12498975 -4.48957396]]
0
[[-3.58272576 -5.05742264 -3.15444517 -4.04886913]]
2
[[-2.78680754 -2.85988855 -3.12498975 -4.48957396]]
0
[[-3.58272576 -5.05742264 -3.15444517 -4.04886913]]
2
[[-2.78680754 -2.85988855 -3.12498975 -4.48957396]]
0
[[-3.58272576 -5.05742264 -3.15444517 -4.04886913]]
2
[[-2.78680754 -2.85988855 -3.12498975 -4.48957396]]
0
[[-3.58272576 -5.05742264 -3.15444517 -4.04886913]]
2
[[-2.78680754 -2.85988855 -3.12498975 -4.48957396]]
0
[[-3.58272576 -5.05742264 -3.15444517 -4.04886913]]
2
[[-2.78680754 -2.85988855 -3.12498975 -4.48957396]]
0
[[-3.58272576 -5.05742264 -3.15444517 -4.04886913]]
2
[[-2.78680754 -2.85988855 -3.12498975 -4.48957396]]
0
[[-3.58272576 -5.05742264 -3.15444517 -4.04886913]]
2
[[-2.78680754 -2.85988855 -3.12498975 -4.48957396]]
0
[[-3.58272576 -5.05742264 -3.15444517 -4.04886913]]
2
[[-2.78680754 -2.85988855 -3.12498975 -4.48957396]]
0
[[-3.58272576 -5.05742264 -3.15444517 -4.04886913]]
2
[[-2.78680754 -2.85988855 -3.12498975 -4.48957396]]
0
[[-3.58272576 -5.05742264 -3.15444517 -4.04886913]]
2
[[-2.78680754 -2.85988855 -3.12498975 -4.48957396]]
0
[[-3.58272576 -5.05742264 -3.15444517 -4.04886913]]
2
[[-2.78680754 -2.85988855 -3.12498975 -4.48957396]]
0
[[-3.58272576 -5.05742264 -3.15444517 -4.04886913]]
2
[[-2.78680754 -2.85988855 -3.12498975 -4.48957396]]
0
[[-3.58272576 -5.05742264 -3.15444517 -4.04886913]]
2
[[-2.78680754 -2.85988855 -3.12498975 -4.48957396]]
0
[[-3.58272576 -5.05742264 -3.15444517 -4.04886913]]
2
[[-2.78680754 -2.85988855 -3.12498975 -4.48957396]]
0
[[-3.58272576 -5.05742264 -3.15444517 -4.04886913]]
2
[[-2.78680754 -2.85988855 -3.12498975 -4.48957396]]
0
[[-3.58272576 -5.05742264 -3.15444517 -4.04886913]]
2
[[-2.78680754 -2.85988855 -3.12498975 -4.48957396]]
0
[[-3.58272576 -5.05742264 -3.15444517 -4.04886913]]
2
[[-2.78680754 -2.85988855 -3.12498975 -4.48957396]]
0
[[-3.58272576 -5.05742264 -3.15444517 -4.04886913]]
2
[[-2.78680754 -2.85988855 -3.12498975 -4.48957396]]
0
[[-3.58272576 -5.05742264 -3.15444517 -4.04886913]]
2
[[-2.78680754 -2.85988855 -3.12498975 -4.48957396]]
0
[[-3.58272576 -5.05742264 -3.15444517 -4.04886913]]
2
[[-2.78680754 -2.85988855 -3.12498975 -4.48957396]]
0
[[-3.58272576 -5.05742264 -3.15444517 -4.04886913]]
2
[[-2.78680754 -2.85988855 -3.12498975 -4.48957396]]
0
[[-3.58272576 -5.05742264 -3.15444517 -4.04886913]]
2
[[-2.78680754 -2.85988855 -3.12498975 -4.48957396]]
0
[[-3.58272576 -5.05742264 -3.15444517 -4.04886913]]
2
[[-2.78680754 -2.85988855 -3.12498975 -4.48957396]]
0
[[-3.58272576 -5.05742264 -3.15444517 -4.04886913]]
2
[[-2.78680754 -2.85988855 -3.12498975 -4.48957396]]
0
[[-3.58272576 -5.05742264 -3.15444517 -4.04886913]]
2
[[-2.78680754 -2.85988855 -3.12498975 -4.48957396]]
0
[[-3.58272576 -5.05742264 -3.15444517 -4.04886913]]
2
[[-2.78680754 -2.85988855 -3.12498975 -4.48957396]]
0
[[-3.58272576 -5.05742264 -3.15444517 -4.04886913]]
2
[[-2.78680754 -2.85988855 -3.12498975 -4.48957396]]
0
[[-3.58272576 -5.05742264 -3.15444517 -4.04886913]]
2
[[-2.78680754 -2.85988855 -3.12498975 -4.48957396]]
0
[[-3.58272576 -5.05742264 -3.15444517 -4.04886913]]
2
[[-2.78680754 -2.85988855 -3.12498975 -4.48957396]]
0
[[-3.58272576 -5.05742264 -3.15444517 -4.04886913]]
2
[[-2.78680754 -2.85988855 -3.12498975 -4.48957396]]
0
[[-3.58272576 -5.05742264 -3.15444517 -4.04886913]]
2
[[-2.78680754 -2.85988855 -3.12498975 -4.48957396]]
0
[[-3.58272576 -5.05742264 -3.15444517 -4.04886913]]
2
[[-2.78680754 -2.85988855 -3.12498975 -4.48957396]]
0
[[-3.58272576 -5.05742264 -3.15444517 -4.04886913]]
2
[[-2.78680754 -2.85988855 -3.12498975 -4.48957396]]
0
[[-3.58272576 -5.05742264 -3.15444517 -4.04886913]]
2
[[-2.78680754 -2.85988855 -3.12498975 -4.48957396]]
0
[[-3.58272576 -5.05742264 -3.15444517 -4.04886913]]
2
[[-2.78680754 -2.85988855 -3.12498975 -4.48957396]]
0
[[-3.58272576 -5.05742264 -3.15444517 -4.04886913]]
2
[[-2.78680754 -2.85988855 -3.12498975 -4.48957396]]
0
[[-3.58272576 -5.05742264 -3.15444517 -4.04886913]]
2
[[-2.78680754 -2.85988855 -3.12498975 -4.48957396]]
0
[[-3.58272576 -5.05742264 -3.15444517 -4.04886913]]
2
[[-2.78680754 -2.85988855 -3.12498975 -4.48957396]]
0
[[-3.58272576 -5.05742264 -3.15444517 -4.04886913]]
2
[[-2.78680754 -2.85988855 -3.12498975 -4.48957396]]
0
[[-3.58272576 -5.05742264 -3.15444517 -4.04886913]]
2
[[-2.78680754 -2.85988855 -3.12498975 -4.48957396]]
0
[[-3.58272576 -5.05742264 -3.15444517 -4.04886913]]
2
[[-2.78680754 -2.85988855 -3.12498975 -4.48957396]]
0
[[-3.58272576 -5.05742264 -3.15444517 -4.04886913]]
2
[[-2.78680754 -2.85988855 -3.12498975 -4.48957396]]
0
[[-3.58272576 -5.05742264 -3.15444517 -4.04886913]]
2
[[-2.78680754 -2.85988855 -3.12498975 -4.48957396]]
0
[[-3.58272576 -5.05742264 -3.15444517 -4.04886913]]
2
[[-2.78680754 -2.85988855 -3.12498975 -4.48957396]]
0
FAIL
1/2
