[[-2.80964708 -2.89317489 -3.17570305 -4.52766657]]
0
[[-3.61829591 -5.11137962 -3.22927833 -4.11566162]]
2
[[-2.80964708 -2.89317489 -3.17570305 -4.52766657]]
0
[[-3.61829591 -5.11137962 -3.22927833 -4.11566162]]
2
[[-2.80964708 -2.89317489 -3.17570305 -4.52766657]]
0
[[-3.61829591 -5.11137962 -3.22927833 -4.11566162]]
2
[[-2.80964708 -2.89317489 -3.17570305 -4.52766657]]
0
[[-3.61829591 -5.11137962 -3.22927833 -4.11566162]]
2
[[-2.80964708 -2.89317489 -3.17570305 -4.52766657]]
0
[[-3.61829591 -5.11137962 -3.22927833 -4.11566162]]
2
[[-2.80964708 -2.89317489 -3.17570305 -4.52766657]]
0
[[-3.61829591 -5.11137962 -3.22927833 -4.11566162]]
2
[[-2.80964708 -2.89317489 -3.17570305 -4.52766657]]
0
[[-3.61829591 -5.11137962 -3.22927833 -4.11566162]]
2
[[-2.80964708 -2.89317489 -3.17570305 -4.52766657]]
0
[[-3.61829591 -5.11137962 -3.22927833 -4.11566162]]
2
[[-2.80964708 -2.89317489 -3.17570305 -4.52766657]]
0
[[-3.61829591 -5.11137962 -3.22927833 -4.11566162]]
2
[[-2.80964708 -2.89317489 -3.17570305 -4.52766657]]
0
[[-3.61829591 -5.11137962 -3.22927833 -4.11566162]]
2
[[-2.80964708 -2.89317489 -3.17570305 -4.52766657]]
0
[[-3.61829591 -5.11137962 -3.22927833 -4.11566162]]
2
[[-2.80964708 -2.89317489 -3.17570305 -4.52766657]]
0
[[-3.61829591 -5.11137962 -3.22927833 -4.11566162]]
2
[[-2.80964708 -2.89317489 -3.17570305 -4.52766657]]
0
[[-3.61829591 -5.11137962 -3.22927833 -4.11566162]]
2
[[-2.80964708 -2.89317489 -3.17570305 -4.52766657]]
0
[[-3.61829591 -5.11137962 -3.22927833 -4.11566162]]
2
[[-2.80964708 -2.89317489 -3.17570305 -4.52766657]]
0
[[-3.61829591 -5.11137962 -3.22927833 -4.11566162]]
2
[[-2.80964708 -2.89317489 -3.17570305 -4.52766657]]
0
[[-3.61829591 -5.11137962 -3.22927833 -4.11566162]]
2
[[-2.80964708 -2.89317489 -3.17570305 -4.52766657]]
0
[[-3.61829591 -5.11137962 -3.22927833 -4.11566162]]
2
[[-2.80964708 -2.89317489 -3.17570305 -4.52766657]]
0
[[-3.61829591 -5.11137962 -3.22927833 -4.11566162]]
2
[[-2.80964708 -2.89317489 -3.17570305 -4.52766657]]
0
[[-3.61829591 -5.11137962 -3.22927833 -4.11566162]]
2
[[-2.80964708 -2.89317489 -3.17570305 -4.52766657]]
0
[[-3.61829591 -5.11137962 -3.22927833 -4.11566162]]
2
[[-2.80964708 -2.89317489 -3.17570305 -4.52766657]]
0
[[-3.61829591 -5.11137962 -3.22927833 -4.11566162]]
2
[[-2.80964708 -2.89317489 -3.17570305 -4.52766657]]
0
[[-3.61829591 -5.11137962 -3.22927833 -4.11566162]]
2
[[-2.80964708 -2.89317489 -3.17570305 -4.52766657]]
0
[[-3.61829591 -5.11137962 -3.22927833 -4.11566162]]
2
[[-2.80964708 -2.89317489 -3.17570305 -4.52766657]]
0
[[-3.61829591 -5.11137962 -3.22927833 -4.11566162]]
2
[[-2.80964708 -2.89317489 -3.17570305 -4.52766657]]
0
[[-3.61829591 -5.11137962 -3.22927833 -4.11566162]]
2
[[-2.80964708 -2.89317489 -3.17570305 -4.52766657]]
0
[[-3.61829591 -5.11137962 -3.22927833 -4.11566162]]
2
[[-2.80964708 -2.89317489 -3.17570305 -4.52766657]]
0
[[-3.61829591 -5.11137962 -3.22927833 -4.11566162]]
2
[[-2.80964708 -2.89317489 -3.17570305 -4.52766657]]
0
[[-3.61829591 -5.11137962 -3.22927833 -4.11566162]]
2
[[-2.80964708 -2.89317489 -3.17570305 -4.52766657]]
0
[[-3.61829591 -5.11137962 -3.22927833 -4.11566162]]
2
[[-2.80964708 -2.89317489 -3.17570305 -4.52766657]]
0
[[-3.61829591 -5.11137962 -3.22927833 -4.11566162]]
2
[[-2.80964708 -2.89317489 -3.17570305 -4.52766657]]
0
[[-3.61829591 -5.11137962 -3.22927833 -4.11566162]]
2
[[-2.80964708 -2.89317489 -3.17570305 -4.52766657]]
0
[[-3.61829591 -5.11137962 -3.22927833 -4.11566162]]
2
[[-2.80964708 -2.89317489 -3.17570305 -4.52766657]]
0
[[-3.61829591 -5.11137962 -3.22927833 -4.11566162]]
2
[[-2.80964708 -2.89317489 -3.17570305 -4.52766657]]
0
[[-3.61829591 -5.11137962 -3.22927833 -4.11566162]]
2
[[-2.80964708 -2.89317489 -3.17570305 -4.52766657]]
0
[[-3.61829591 -5.11137962 -3.22927833 -4.11566162]]
2
[[-2.80964708 -2.89317489 -3.17570305 -4.52766657]]
0
[[-3.61829591 -5.11137962 -3.22927833 -4.11566162]]
2
[[-2.80964708 -2.89317489 -3.17570305 -4.52766657]]
0
[[-3.61829591 -5.11137962 -3.22927833 -4.11566162]]
2
[[-2.80964708 -2.89317489 -3.17570305 -4.52766657]]
0
[[-3.61829591 -5.11137962 -3.22927833 -4.11566162]]
2
[[-2.80964708 -2.89317489 -3.17570305 -4.52766657]]
0
[[-3.61829591 -5.11137962 -3.22927833 -4.11566162]]
2
[[-2.80964708 -2.89317489 -3.17570305 -4.52766657]]
0
[[-3.61829591 -5.11137962 -3.22927833 -4.11566162]]
2
[[-2.80964708 -2.89317489 -3.17570305 -4.52766657]]
0
[[-3.61829591 -5.11137962 -3.22927833 -4.11566162]]
2
[[-2.80964708 -2.89317489 -3.17570305 -4.52766657]]
0
[[-3.61829591 -5.11137962 -3.22927833 -4.11566162]]
2
[[-2.80964708 -2.89317489 -3.17570305 -4.52766657]]
0
[[-3.61829591 -5.11137962 -3.22927833 -4.11566162]]
2
[[-2.80964708 -2.89317489 -3.17570305 -4.52766657]]
0
[[-3.61829591 -5.11137962 -3.22927833 -4.11566162]]
2
[[-2.80964708 -2.89317489 -3.17570305 -4.52766657]]
0
[[-3.61829591 -5.11137962 -3.22927833 -4.11566162]]
2
[[-2.80964708 -2.89317489 -3.17570305 -4.52766657]]
0
[[-3.61829591 -5.11137962 -3.22927833 -4.11566162]]
2
[[-2.80964708 -2.89317489 -3.17570305 -4.52766657]]
0
[[-3.61829591 -5.11137962 -3.22927833 -4.11566162]]
2
[[-2.80964708 -2.89317489 -3.17570305 -4.52766657]]
0
[[-3.61829591 -5.11137962 -3.22927833 -4.11566162]]
2
[[-2.80964708 -2.89317489 -3.17570305 -4.52766657]]
0
[[-3.61829591 -5.11137962 -3.22927833 -4.11566162]]
2
[[-2.80964708 -2.89317489 -3.17570305 -4.52766657]]
0
[[-3.61829591 -5.11137962 -3.22927833 -4.11566162]]
2
[[-2.80964708 -2.89317489 -3.17570305 -4.52766657]]
0
FAIL
1/2
