[[-2.84067869 -2.93399644 -3.23177981 -4.57429695]]
0
[[-3.66134024 -5.17103481 -3.3042624  -4.18487263]]
2
[[-2.84067869 -2.93399644 -3.23177981 -4.57429695]]
0
[[-3.66134024 -5.17103481 -3.3042624  -4.18487263]]
2
[[-2.84067869 -2.93399644 -3.23177981 -4.57429695]]
0
[[-3.66134024 -5.17103481 -3.3042624  -4.18487263]]
2
[[-2.84067869 -2.93399644 -3.23177981 -4.57429695]]
0
[[-3.66134024 -5.17103481 -3.3042624  -4.18487263]]
2
[[-2.84067869 -2.93399644 -3.23177981 -4.57429695]]
0
[[-3.66134024 -5.17103481 -3.3042624  -4.18487263]]
2
[[-2.84067869 -2.93399644 -3.23177981 -4.57429695]]
0
[[-3.66134024 -5.17103481 -3.3042624  -4.18487263]]
2
[[-2.84067869 -2.93399644 -3.23177981 -4.57429695]]
0
[[-3.66134024 -5.17103481 -3.3042624  -4.18487263]]
2
[[-2.84067869 -2.93399644 -3.23177981 -4.57429695]]
0
[[-3.66134024 -5.17103481 -3.3042624  -4.18487263]]
2
[[-2.84067869 -2.93399644 -3.23177981 -4.57429695]]
0
[[-3.66134024 -5.17103481 -3.3042624  -4.18487263]]
2
[[-2.84067869 -2.93399644 -3.23177981 -4.57429695]]
0
[[-3.66134024 -5.17103481 -3.3042624  -4.18487263]]
2
[[-2.84067869 -2.93399644 -3.23177981 -4.57429695]]
0
[[-3.66134024 -5.17103481 -3.3042624  -4.18487263]]
2
[[-2.84067869 -2.93399644 -3.23177981 -4.57429695]]
0
[[-3.66134024 -5.17103481 -3.3042624  -4.18487263]]
2
[[-2.84067869 -2.93399644 -3.23177981 -4.57429695]]
0
[[-3.66134024 -5.17103481 -3.3042624  -4.18487263]]
2
[[-2.84067869 -2.93399644 -3.23177981 -4.57429695]]
0
[[-3.66134024 -5.17103481 -3.3042624  -4.18487263]]
2
[[-2.84067869 -2.93399644 -3.23177981 -4.57429695]]
0
[[-3.66134024 -5.17103481 -3.3042624  -4.18487263]]
2
[[-2.84067869 -2.93399644 -3.23177981 -4.57429695]]
0
[[-3.66134024 -5.17103481 -3.3042624  -4.18487263]]
2
[[-2.84067869 -2.93399644 -3.23177981 -4.57429695]]
0
[[-3.66134024 -5.17103481 -3.3042624  -4.18487263]]
2
[[-2.84067869 -2.93399644 -3.23177981 -4.57429695]]
0
[[-3.66134024 -5.17103481 -3.3042624  -4.18487263]]
2
[[-2.84067869 -2.93399644 -3.23177981 -4.57429695]]
0
[[-3.66134024 -5.17103481 -3.3042624  -4.18487263]]
2
[[-2.84067869 -2.93399644 -3.23177981 -4.57429695]]
0
[[-3.66134024 -5.17103481 -3.3042624  -4.18487263]]
2
[[-2.84067869 -2.93399644 -3.23177981 -4.57429695]]
0
[[-3.66134024 -5.17103481 -3.3042624  -4.18487263]]
2
[[-2.84067869 -2.93399644 -3.23177981 -4.57429695]]
0
[[-3.66134024 -5.17103481 -3.3042624  -4.18487263]]
2
[[-2.84067869 -2.93399644 -3.23177981 -4.57429695]]
0
[[-3.66134024 -5.17103481 -3.3042624  -4.18487263]]
2
[[-2.84067869 -2.93399644 -3.23177981 -4.57429695]]
0
[[-3.66134024 -5.17103481 -3.3042624  -4.18487263]]
2
[[-2.84067869 -2.93399644 -3.23177981 -4.57429695]]
0
[[-3.66134024 -5.17103481 -3.3042624  -4.18487263]]
2
[[-2.84067869 -2.93399644 -3.23177981 -4.57429695]]
0
[[-3.66134024 -5.17103481 -3.3042624  -4.18487263]]
2
[[-2.84067869 -2.93399644 -3.23177981 -4.57429695]]
0
[[-3.66134024 -5.17103481 -3.3042624  -4.18487263]]
2
[[-2.84067869 -2.93399644 -3.23177981 -4.57429695]]
0
[[-3.66134024 -5.17103481 -3.3042624  -4.18487263]]
2
[[-2.84067869 -2.93399644 -3.23177981 -4.57429695]]
0
[[-3.66134024 -5.17103481 -3.3042624  -4.18487263]]
2
[[-2.84067869 -2.93399644 -3.23177981 -4.57429695]]
0
[[-3.66134024 -5.17103481 -3.3042624  -4.18487263]]
2
[[-2.84067869 -2.93399644 -3.23177981 -4.57429695]]
0
[[-3.66134024 -5.17103481 -3.3042624  -4.18487263]]
2
[[-2.84067869 -2.93399644 -3.23177981 -4.57429695]]
0
[[-3.66134024 -5.17103481 -3.3042624  -4.18487263]]
2
[[-2.84067869 -2.93399644 -3.23177981 -4.57429695]]
0
[[-3.66134024 -5.17103481 -3.3042624  -4.18487263]]
2
[[-2.84067869 -2.93399644 -3.23177981 -4.57429695]]
0
[[-3.66134024 -5.17103481 -3.3042624  -4.18487263]]
2
[[-2.84067869 -2.93399644 -3.23177981 -4.57429695]]
0
[[-3.66134024 -5.17103481 -3.3042624  -4.18487263]]
2
[[-2.84067869 -2.93399644 -3.23177981 -4.57429695]]
0
[[-3.66134024 -5.17103481 -3.3042624  -4.18487263]]
2
[[-2.84067869 -2.93399644 -3.23177981 -4.57429695]]
0
[[-3.66134024 -5.17103481 -3.3042624  -4.18487263]]
2
[[-2.84067869 -2.93399644 -3.23177981 -4.57429695]]
0
[[-3.66134024 -5.17103481 -3.3042624  -4.18487263]]
2
[[-2.84067869 -2.93399644 -3.23177981 -4.57429695]]
0
[[-3.66134024 -5.17103481 -3.3042624  -4.18487263]]
2
[[-2.84067869 -2.93399644 -3.23177981 -4.57429695]]
0
[[-3.66134024 -5.17103481 -3.3042624  -4.18487263]]
2
[[-2.84067869 -2.93399644 -3.23177981 -4.57429695]]
0
[[-3.66134024 -5.17103481 -3.3042624  -4.18487263]]
2
[[-2.84067869 -2.93399644 -3.23177981 -4.57429695]]
0
[[-3.66134024 -5.17103481 -3.3042624  -4.18487263]]
2
[[-2.84067869 -2.93399644 -3.23177981 -4.57429695]]
0
[[-3.66134024 -5.17103481 -3.3042624  -4.18487263]]
2
[[-2.84067869 -2.93399644 -3.23177981 -4.57429695]]
0
[[-3.66134024 -5.17103481 -3.3042624  -4.18487263]]
2
[[-2.84067869 -2.93399644 -3.23177981 -4.57429695]]
0
[[-3.66134024 -5.17103481 -3.3042624  -4.18487263]]
2
[[-2.84067869 -2.93399644 -3.23177981 -4.57429695]]
0
[[-3.66134024 -5.17103481 -3.3042624  -4.18487263]]
2
[[-2.84067869 -2.93399644 -3.23177981 -4.57429695]]
0
[[-3.66134024 -5.17103481 -3.3042624  -4.18487263]]
2
[[-2.84067869 -2.93399644 -3.23177981 -4.57429695]]
0
[[-3.66134024 -5.17103481 -3.3042624  -4.18487263]]
2
[[-2.84067869 -2.93399644 -3.23177981 -4.57429695]]
0
[[-3.66134024 -5.17103481 -3.3042624  -4.18487263]]
2
[[-2.84067869 -2.93399644 -3.23177981 -4.57429695]]
0
[[-3.66134024 -5.17103481 -3.3042624  -4.18487263]]
2
[[-2.84067869 -2.93399644 -3.23177981 -4.57429695]]
0
FAIL
1/2
