[[-2.86898851 -2.97197914 -3.28280997 -4.61781454]]
0
[[-3.70336628 -5.22536135 -3.37223339 -4.24853277]]
2
[[-2.86898851 -2.97197914 -3.28280997 -4.61781454]]
0
[[-3.70336628 -5.22536135 -3.37223339 -4.24853277]]
2
[[-2.86898851 -2.97197914 -3.28280997 -4.61781454]]
0
[[-3.70336628 -5.22536135 -3.37223339 -4.24853277]]
2
[[-2.86898851 -2.97197914 -3.28280997 -4.61781454]]
0
[[-3.70336628 -5.22536135 -3.37223339 -4.24853277]]
2
[[-2.86898851 -2.97197914 -3.28280997 -4.61781454]]
0
[[-3.70336628 -5.22536135 -3.37223339 -4.24853277]]
2
[[-2.86898851 -2.97197914 -3.28280997 -4.61781454]]
0
[[-3.70336628 -5.22536135 -3.37223339 -4.24853277]]
2
[[-2.86898851 -2.97197914 -3.28280997 -4.61781454]]
0
[[-3.70336628 -5.22536135 -3.37223339 -4.24853277]]
2
[[-2.86898851 -2.97197914 -3.28280997 -4.61781454]]
0
[[-3.70336628 -5.22536135 -3.37223339 -4.24853277]]
2
[[-2.86898851 -2.97197914 -3.28280997 -4.61781454]]
0
[[-3.70336628 -5.22536135 -3.37223339 -4.24853277]]
2
[[-2.86898851 -2.97197914 -3.28280997 -4.61781454]]
0
[[-3.70336628 -5.22536135 -3.37223339 -4.24853277]]
2
[[-2.86898851 -2.97197914 -3.28280997 -4.61781454]]
0
[[-3.70336628 -5.22536135 -3.37223339 -4.24853277]]
2
[[-2.86898851 -2.97197914 -3.28280997 -4.61781454]]
0
[[-3.70336628 -5.22536135 -3.37223339 -4.24853277]]
2
[[-2.86898851 -2.97197914 -3.28280997 -4.61781454]]
0
[[-3.70336628 -5.22536135 -3.37223339 -4.24853277]]
2
[[-2.86898851 -2.97197914 -3.28280997 -4.61781454]]
0
[[-3.70336628 -5.22536135 -3.37223339 -4.24853277]]
2
[[-2.86898851 -2.97197914 -3.28280997 -4.61781454]]
0
[[-3.70336628 -5.22536135 -3.37223339 -4.24853277]]
2
[[-2.86898851 -2.97197914 -3.28280997 -4.61781454]]
0
[[-3.70336628 -5.22536135 -3.37223339 -4.24853277]]
2
[[-2.86898851 -2.97197914 -3.28280997 -4.61781454]]
0
[[-3.70336628 -5.22536135 -3.37223339 -4.24853277]]
2
[[-2.86898851 -2.97197914 -3.28280997 -4.61781454]]
0
[[-3.70336628 -5.22536135 -3.37223339 -4.24853277]]
2
[[-2.86898851 -2.97197914 -3.28280997 -4.61781454]]
0
[[-3.70336628 -5.22536135 -3.37223339 -4.24853277]]
2
[[-2.86898851 -2.97197914 -3.28280997 -4.61781454]]
0
[[-3.70336628 -5.22536135 -3.37223339 -4.24853277]]
2
[[-2.86898851 -2.97197914 -3.28280997 -4.61781454]]
0
[[-3.70336628 -5.22536135 -3.37223339 -4.24853277]]
2
[[-2.86898851 -2.97197914 -3.28280997 -4.61781454]]
0
[[-3.70336628 -5.22536135 -3.37223339 -4.24853277]]
2
[[-2.86898851 -2.97197914 -3.28280997 -4.61781454]]
0
[[-3.70336628 -5.22536135 -3.37223339 -4.24853277]]
2
[[-2.86898851 -2.97197914 -3.28280997 -4.61781454]]
0
[[-3.70336628 -5.22536135 -3.37223339 -4.24853277]]
2
[[-2.86898851 -2.97197914 -3.28280997 -4.61781454]]
0
[[-3.70336628 -5.22536135 -3.37223339 -4.24853277]]
2
[[-2.86898851 -2.97197914 -3.28280997 -4.61781454]]
0
[[-3.70336628 -5.22536135 -3.37223339 -4.24853277]]
2
[[-2.86898851 -2.97197914 -3.28280997 -4.61781454]]
0
[[-3.70336628 -5.22536135 -3.37223339 -4.24853277]]
2
[[-2.86898851 -2.97197914 -3.28280997 -4.61781454]]
0
[[-3.70336628 -5.22536135 -3.37223339 -4.24853277]]
2
[[-2.86898851 -2.97197914 -3.28280997 -4.61781454]]
0
[[-3.70336628 -5.22536135 -3.37223339 -4.24853277]]
2
[[-2.86898851 -2.97197914 -3.28280997 -4.61781454]]
0
[[-3.70336628 -5.22536135 -3.37223339 -4.24853277]]
2
[[-2.86898851 -2.97197914 -3.28280997 -4.61781454]]
0
[[-3.70336628 -5.22536135 -3.37223339 -4.24853277]]
2
[[-2.86898851 -2.97197914 -3.28280997 -4.61781454]]
0
[[-3.70336628 -5.22536135 -3.37223339 -4.24853277]]
2
[[-2.86898851 -2.97197914 -3.28280997 -4.61781454]]
0
[[-3.70336628 -5.22536135 -3.37223339 -4.24853277]]
2
[[-2.86898851 -2.97197914 -3.28280997 -4.61781454]]
0
[[-3.70336628 -5.22536135 -3.37223339 -4.24853277]]
2
[[-2.86898851 -2.97197914 -3.28280997 -4.61781454]]
0
[[-3.70336628 -5.22536135 -3.37223339 -4.24853277]]
2
[[-2.86898851 -2.97197914 -3.28280997 -4.61781454]]
0
[[-3.70336628 -5.22536135 -3.37223339 -4.24853277]]
2
[[-2.86898851 -2.97197914 -3.28280997 -4.61781454]]
0
[[-3.70336628 -5.22536135 -3.37223339 -4.24853277]]
2
[[-2.86898851 -2.97197914 -3.28280997 -4.61781454]]
0
[[-3.70336628 -5.22536135 -3.37223339 -4.24853277]]
2
[[-2.86898851 -2.97197914 -3.28280997 -4.61781454]]
0
[[-3.70336628 -5.22536135 -3.37223339 -4.24853277]]
2
[[-2.86898851 -2.97197914 -3.28280997 -4.61781454]]
0
[[-3.70336628 -5.22536135 -3.37223339 -4.24853277]]
2
[[-2.86898851 -2.97197914 -3.28280997 -4.61781454]]
0
[[-3.70336628 -5.22536135 -3.37223339 -4.24853277]]
2
[[-2.86898851 -2.97197914 -3.28280997 -4.61781454]]
0
[[-3.70336628 -5.22536135 -3.37223339 -4.24853277]]
2
[[-2.86898851 -2.97197914 -3.28280997 -4.61781454]]
0
[[-3.70336628 -5.22536135 -3.37223339 -4.24853277]]
2
[[-2.86898851 -2.97197914 -3.28280997 -4.61781454]]
0
[[-3.70336628 -5.22536135 -3.37223339 -4.24853277]]
2
[[-2.86898851 -2.97197914 -3.28280997 -4.61781454]]
0
[[-3.70336628 -5.22536135 -3.37223339 -4.24853277]]
2
[[-2.86898851 -2.97197914 -3.28280997 -4.61781454]]
0
[[-3.70336628 -5.22536135 -3.37223339 -4.24853277]]
2
[[-2.86898851 -2.97197914 -3.28280997 -4.61781454]]
0
[[-3.70336628 -5.22536135 -3.37223339 -4.24853277]]
2
[[-2.86898851 -2.97197914 -3.28280997 -4.61781454]]
0
[[-3.70336628 -5.22536135 -3.37223339 -4.24853277]]
2
[[-2.86898851 -2.97197914 -3.28280997 -4.61781454]]
0
[[-3.70336628 -5.22536135 -3.37223339 -4.24853277]]
2
[[-2.86898851 -2.97197914 -3.28280997 -4.61781454]]
0
[[-3.70336628 -5.22536135 -3.37223339 -4.24853277]]
2
[[-2.86898851 -2.97197914 -3.28280997 -4.61781454]]
0
FAIL
1/2
