[[-2.88661718 -2.99463415 -3.32370782 -4.65338421]]
0
[[-3.73547411 -5.26696301 -3.43150997 -4.30437231]]
2
[[-2.88661718 -2.99463415 -3.32370782 -4.65338421]]
0
[[-3.73547411 -5.26696301 -3.43150997 -4.30437231]]
2
[[-2.88661718 -2.99463415 -3.32370782 -4.65338421]]
0
[[-3.73547411 -5.26696301 -3.43150997 -4.30437231]]
2
[[-2.88661718 -2.99463415 -3.32370782 -4.65338421]]
0
[[-3.73547411 -5.26696301 -3.43150997 -4.30437231]]
2
[[-2.88661718 -2.99463415 -3.32370782 -4.65338421]]
0
[[-3.73547411 -5.26696301 -3.43150997 -4.30437231]]
2
[[-2.88661718 -2.99463415 -3.32370782 -4.65338421]]
0
[[-3.73547411 -5.26696301 -3.43150997 -4.30437231]]
2
[[-2.88661718 -2.99463415 -3.32370782 -4.65338421]]
0
[[-3.73547411 -5.26696301 -3.43150997 -4.30437231]]
2
[[-2.88661718 -2.99463415 -3.32370782 -4.65338421]]
0
[[-3.73547411 -5.26696301 -3.43150997 -4.30437231]]
2
[[-2.88661718 -2.99463415 -3.32370782 -4.65338421]]
0
[[-3.73547411 -5.26696301 -3.43150997 -4.30437231]]
2
[[-2.88661718 -2.99463415 -3.32370782 -4.65338421]]
0
[[-3.73547411 -5.26696301 -3.43150997 -4.30437231]]
2
[[-2.88661718 -2.99463415 -3.32370782 -4.65338421]]
0
[[-3.73547411 -5.26696301 -3.43150997 -4.30437231]]
2
[[-2.88661718 -2.99463415 -3.32370782 -4.65338421]]
0
[[-3.73547411 -5.26696301 -3.43150997 -4.30437231]]
2
[[-2.88661718 -2.99463415 -3.32370782 -4.65338421]]
0
[[-3.73547411 -5.26696301 -3.43150997 -4.30437231]]
2
[[-2.88661718 -2.99463415 -3.32370782 -4.65338421]]
0
[[-3.73547411 -5.26696301 -3.43150997 -4.30437231]]
2
[[-2.88661718 -2.99463415 -3.32370782 -4.65338421]]
0
[[-3.73547411 -5.26696301 -3.43150997 -4.30437231]]
2
[[-2.88661718 -2.99463415 -3.32370782 -4.65338421]]
0
[[-3.73547411 -5.26696301 -3.43150997 -4.30437231]]
2
[[-2.88661718 -2.99463415 -3.32370782 -4.65338421]]
0
[[-3.73547411 -5.26696301 -3.43150997 -4.30437231]]
2
[[-2.88661718 -2.99463415 -3.32370782 -4.65338421]]
0
[[-3.73547411 -5.26696301 -3.43150997 -4.30437231]]
2
[[-2.88661718 -2.99463415 -3.32370782 -4.65338421]]
0
[[-3.73547411 -5.26696301 -3.43150997 -4.30437231]]
2
[[-2.88661718 -2.99463415 -3.32370782 -4.65338421]]
0
[[-3.73547411 -5.26696301 -3.43150997 -4.30437231]]
2
[[-2.88661718 -2.99463415 -3.32370782 -4.65338421]]
0
[[-3.73547411 -5.26696301 -3.43150997 -4.30437231]]
2
[[-2.88661718 -2.99463415 -3.32370782 -4.65338421]]
0
[[-3.73547411 -5.26696301 -3.43150997 -4.30437231]]
2
[[-2.88661718 -2.99463415 -3.32370782 -4.65338421]]
0
[[-3.73547411 -5.26696301 -3.43150997 -4.30437231]]
2
[[-2.88661718 -2.99463415 -3.32370782 -4.65338421]]
0
[[-3.73547411 -5.26696301 -3.43150997 -4.30437231]]
2
[[-2.88661718 -2.99463415 -3.32370782 -4.65338421]]
0
[[-3.73547411 -5.26696301 -3.43150997 -4.30437231]]
2
[[-2.88661718 -2.99463415 -3.32370782 -4.65338421]]
0
[[-3.73547411 -5.26696301 -3.43150997 -4.30437231]]
2
[[-2.88661718 -2.99463415 -3.32370782 -4.65338421]]
0
[[-3.73547411 -5.26696301 -3.43150997 -4.30437231]]
2
[[-2.88661718 -2.99463415 -3.32370782 -4.65338421]]
0
[[-3.73547411 -5.26696301 -3.43150997 -4.30437231]]
2
[[-2.88661718 -2.99463415 -3.32370782 -4.65338421]]
0
[[-3.73547411 -5.26696301 -3.43150997 -4.30437231]]
2
[[-2.88661718 -2.99463415 -3.32370782 -4.65338421]]
0
[[-3.73547411 -5.26696301 -3.43150997 -4.30437231]]
2
[[-2.88661718 -2.99463415 -3.32370782 -4.65338421]]
0
[[-3.73547411 -5.26696301 -3.43150997 -4.30437231]]
2
[[-2.88661718 -2.99463415 -3.32370782 -4.65338421]]
0
[[-3.73547411 -5.26696301 -3.43150997 -4.30437231]]
2
[[-2.88661718 -2.99463415 -3.32370782 -4.65338421]]
0
[[-3.73547411 -5.26696301 -3.43150997 -4.30437231]]
2
[[-2.88661718 -2.99463415 -3.32370782 -4.65338421]]
0
[[-3.73547411 -5.26696301 -3.43150997 -4.30437231]]
2
[[-2.88661718 -2.99463415 -3.32370782 -4.65338421]]
0
[[-3.73547411 -5.26696301 -3.43150997 -4.30437231]]
2
[[-2.88661718 -2.99463415 -3.32370782 -4.65338421]]
0
[[-3.73547411 -5.26696301 -3.43150997 -4.30437231]]
2
[[-2.88661718 -2.99463415 -3.32370782 -4.65338421]]
0
[[-3.73547411 -5.26696301 -3.43150997 -4.30437231]]
2
[[-2.88661718 -2.99463415 -3.32370782 -4.65338421]]
0
[[-3.73547411 -5.26696301 -3.43150997 -4.30437231]]
2
[[-2.88661718 -2.99463415 -3.32370782 -4.65338421]]
0
[[-3.73547411 -5.26696301 -3.43150997 -4.30437231]]
2
[[-2.88661718 -2.99463415 -3.32370782 -4.65338421]]
0
[[-3.73547411 -5.26696301 -3.43150997 -4.30437231]]
2
[[-2.88661718 -2.99463415 -3.32370782 -4.65338421]]
0
[[-3.73547411 -5.26696301 -3.43150997 -4.30437231]]
2
[[-2.88661718 -2.99463415 -3.32370782 -4.65338421]]
0
[[-3.73547411 -5.26696301 -3.43150997 -4.30437231]]
2
[[-2.88661718 -2.99463415 -3.32370782 -4.65338421]]
0
[[-3.73547411 -5.26696301 -3.43150997 -4.30437231]]
2
[[-2.88661718 -2.99463415 -3.32370782 -4.65338421]]
0
[[-3.73547411 -5.26696301 -3.43150997 -4.30437231]]
2
[[-2.88661718 -2.99463415 -3.32370782 -4.65338421]]
0
[[-3.73547411 -5.26696301 -3.43150997 -4.30437231]]
2
[[-2.88661718 -2.99463415 -3.32370782 -4.65338421]]
0
[[-3.73547411 -5.26696301 -3.43150997 -4.30437231]]
2
[[-2.88661718 -2.99463415 -3.32370782 -4.65338421]]
0
[[-3.73547411 -5.26696301 -3.43150997 -4.30437231]]
2
[[-2.88661718 -2.99463415 -3.32370782 -4.65338421]]
0
[[-3.73547411 -5.26696301 -3.43150997 -4.30437231]]
2
[[-2.88661718 -2.99463415 -3.32370782 -4.65338421]]
0
[[-3.73547411 -5.26696301 -3.43150997 -4.30437231]]
2
[[-2.88661718 -2.99463415 -3.32370782 -4.65338421]]
0
[[-3.73547411 -5.26696301 -3.43150997 -4.30437231]]
2
[[-2.88661718 -2.99463415 -3.32370782 -4.65338421]]
0
FAIL
1/2
