[[-2.89677048 -3.00962758 -3.35668278 -4.68076324]]
0
[[-3.75975966 -5.30097151 -3.48386121 -4.34970617]]
2
[[-2.89677048 -3.00962758 -3.35668278 -4.68076324]]
0
[[-3.75975966 -5.30097151 -3.48386121 -4.34970617]]
2
[[-2.89677048 -3.00962758 -3.35668278 -4.68076324]]
0
[[-3.75975966 -5.30097151 -3.48386121 -4.34970617]]
2
[[-2.89677048 -3.00962758 -3.35668278 -4.68076324]]
0
[[-3.75975966 -5.30097151 -3.48386121 -4.34970617]]
2
[[-2.89677048 -3.00962758 -3.35668278 -4.68076324]]
0
[[-3.75975966 -5.30097151 -3.48386121 -4.34970617]]
2
[[-2.89677048 -3.00962758 -3.35668278 -4.68076324]]
0
[[-3.75975966 -5.30097151 -3.48386121 -4.34970617]]
2
[[-2.89677048 -3.00962758 -3.35668278 -4.68076324]]
0
[[-3.75975966 -5.30097151 -3.48386121 -4.34970617]]
2
[[-2.89677048 -3.00962758 -3.35668278 -4.68076324]]
0
[[-3.75975966 -5.30097151 -3.48386121 -4.34970617]]
2
[[-2.89677048 -3.00962758 -3.35668278 -4.68076324]]
0
[[-3.75975966 -5.30097151 -3.48386121 -4.34970617]]
2
[[-2.89677048 -3.00962758 -3.35668278 -4.68076324]]
0
[[-3.75975966 -5.30097151 -3.48386121 -4.34970617]]
2
[[-2.89677048 -3.00962758 -3.35668278 -4.68076324]]
0
[[-3.75975966 -5.30097151 -3.48386121 -4.34970617]]
2
[[-2.89677048 -3.00962758 -3.35668278 -4.68076324]]
0
[[-3.75975966 -5.30097151 -3.48386121 -4.34970617]]
2
[[-2.89677048 -3.00962758 -3.35668278 -4.68076324]]
0
[[-3.75975966 -5.30097151 -3.48386121 -4.34970617]]
2
[[-2.89677048 -3.00962758 -3.35668278 -4.68076324]]
0
[[-3.75975966 -5.30097151 -3.48386121 -4.34970617]]
2
[[-2.89677048 -3.00962758 -3.35668278 -4.68076324]]
0
[[-3.75975966 -5.30097151 -3.48386121 -4.34970617]]
2
[[-2.89677048 -3.00962758 -3.35668278 -4.68076324]]
0
[[-3.75975966 -5.30097151 -3.48386121 -4.34970617]]
2
[[-2.89677048 -3.00962758 -3.35668278 -4.68076324]]
0
[[-3.75975966 -5.30097151 -3.48386121 -4.34970617]]
2
[[-2.89677048 -3.00962758 -3.35668278 -4.68076324]]
0
[[-3.75975966 -5.30097151 -3.48386121 -4.34970617]]
2
[[-2.89677048 -3.00962758 -3.35668278 -4.68076324]]
0
[[-3.75975966 -5.30097151 -3.48386121 -4.34970617]]
2
[[-2.89677048 -3.00962758 -3.35668278 -4.68076324]]
0
[[-3.75975966 -5.30097151 -3.48386121 -4.34970617]]
2
[[-2.89677048 -3.00962758 -3.35668278 -4.68076324]]
0
[[-3.75975966 -5.30097151 -3.48386121 -4.34970617]]
2
[[-2.89677048 -3.00962758 -3.35668278 -4.68076324]]
0
[[-3.75975966 -5.30097151 -3.48386121 -4.34970617]]
2
[[-2.89677048 -3.00962758 -3.35668278 -4.68076324]]
0
[[-3.75975966 -5.30097151 -3.48386121 -4.34970617]]
2
[[-2.89677048 -3.00962758 -3.35668278 -4.68076324]]
0
[[-3.75975966 -5.30097151 -3.48386121 -4.34970617]]
2
[[-2.89677048 -3.00962758 -3.35668278 -4.68076324]]
0
[[-3.75975966 -5.30097151 -3.48386121 -4.34970617]]
2
[[-2.89677048 -3.00962758 -3.35668278 -4.68076324]]
0
[[-3.75975966 -5.30097151 -3.48386121 -4.34970617]]
2
[[-2.89677048 -3.00962758 -3.35668278 -4.68076324]]
0
[[-3.75975966 -5.30097151 -3.48386121 -4.34970617]]
2
[[-2.89677048 -3.00962758 -3.35668278 -4.68076324]]
0
[[-3.75975966 -5.30097151 -3.48386121 -4.34970617]]
2
[[-2.89677048 -3.00962758 -3.35668278 -4.68076324]]
0
[[-3.75975966 -5.30097151 -3.48386121 -4.34970617]]
2
[[-2.89677048 -3.00962758 -3.35668278 -4.68076324]]
0
[[-3.75975966 -5.30097151 -3.48386121 -4.34970617]]
2
[[-2.89677048 -3.00962758 -3.35668278 -4.68076324]]
0
[[-3.75975966 -5.30097151 -3.48386121 -4.34970617]]
2
[[-2.89677048 -3.00962758 -3.35668278 -4.68076324]]
0
[[-3.75975966 -5.30097151 -3.48386121 -4.34970617]]
2
[[-2.89677048 -3.00962758 -3.35668278 -4.68076324]]
0
[[-3.75975966 -5.30097151 -3.48386121 -4.34970617]]
2
[[-2.89677048 -3.00962758 -3.35668278 -4.68076324]]
0
[[-3.75975966 -5.30097151 -3.48386121 -4.34970617]]
2
[[-2.89677048 -3.00962758 -3.35668278 -4.68076324]]
0
[[-3.75975966 -5.30097151 -3.48386121 -4.34970617]]
2
[[-2.89677048 -3.00962758 -3.35668278 -4.68076324]]
0
[[-3.75975966 -5.30097151 -3.48386121 -4.34970617]]
2
[[-2.89677048 -3.00962758 -3.35668278 -4.68076324]]
0
[[-3.75975966 -5.30097151 -3.48386121 -4.34970617]]
2
[[-2.89677048 -3.00962758 -3.35668278 -4.68076324]]
0
[[-3.75975966 -5.30097151 -3.48386121 -4.34970617]]
2
[[-2.89677048 -3.00962758 -3.35668278 -4.68076324]]
0
[[-3.75975966 -5.30097151 -3.48386121 -4.34970617]]
2
[[-2.89677048 -3.00962758 -3.35668278 -4.68076324]]
0
[[-3.75975966 -5.30097151 -3.48386121 -4.34970617]]
2
[[-2.89677048 -3.00962758 -3.35668278 -4.68076324]]
0
[[-3.75975966 -5.30097151 -3.48386121 -4.34970617]]
2
[[-2.89677048 -3.00962758 -3.35668278 -4.68076324]]
0
[[-3.75975966 -5.30097151 -3.48386121 -4.34970617]]
2
[[-2.89677048 -3.00962758 -3.35668278 -4.68076324]]
0
[[-3.75975966 -5.30097151 -3.48386121 -4.34970617]]
2
[[-2.89677048 -3.00962758 -3.35668278 -4.68076324]]
0
[[-3.75975966 -5.30097151 -3.48386121 -4.34970617]]
2
[[-2.89677048 -3.00962758 -3.35668278 -4.68076324]]
0
[[-3.75975966 -5.30097151 -3.48386121 -4.34970617]]
2
[[-2.89677048 -3.00962758 -3.35668278 -4.68076324]]
0
[[-3.75975966 -5.30097151 -3.48386121 -4.34970617]]
2
[[-2.89677048 -3.00962758 -3.35668278 -4.68076324]]
0
[[-3.75975966 -5.30097151 -3.48386121 -4.34970617]]
2
[[-2.89677048 -3.00962758 -3.35668278 -4.68076324]]
0
[[-3.75975966 -5.30097151 -3.48386121 -4.34970617]]
2
[[-2.89677048 -3.00962758 -3.35668278 -4.68076324]]
0
[[-3.75975966 -5.30097151 -3.48386121 -4.34970617]]
2
[[-2.89677048 -3.00962758 -3.35668278 -4.68076324]]
0
[[-3.75975966 -5.30097151 -3.48386121 -4.34970617]]
2
[[-2.89677048 -3.00962758 -3.35668278 -4.68076324]]
0
FAIL
1/2
