[[-2.90743065 -3.02592182 -3.38861346 -4.70852566]]
0
[[-3.78624153 -5.33682251 -3.53682446 -4.39625978]]
2
[[-2.90743065 -3.02592182 -3.38861346 -4.70852566]]
0
[[-3.78624153 -5.33682251 -3.53682446 -4.39625978]]
2
[[-2.90743065 -3.02592182 -3.38861346 -4.70852566]]
0
[[-3.78624153 -5.33682251 -3.53682446 -4.39625978]]
2
[[-2.90743065 -3.02592182 -3.38861346 -4.70852566]]
0
[[-3.78624153 -5.33682251 -3.53682446 -4.39625978]]
2
[[-2.90743065 -3.02592182 -3.38861346 -4.70852566]]
0
[[-3.78624153 -5.33682251 -3.53682446 -4.39625978]]
2
[[-2.90743065 -3.02592182 -3.38861346 -4.70852566]]
0
[[-3.78624153 -5.33682251 -3.53682446 -4.39625978]]
2
[[-2.90743065 -3.02592182 -3.38861346 -4.70852566]]
0
[[-3.78624153 -5.33682251 -3.53682446 -4.39625978]]
2
[[-2.90743065 -3.02592182 -3.38861346 -4.70852566]]
0
[[-3.78624153 -5.33682251 -3.53682446 -4.39625978]]
2
[[-2.90743065 -3.02592182 -3.38861346 -4.70852566]]
0
[[-3.78624153 -5.33682251 -3.53682446 -4.39625978]]
2
[[-2.90743065 -3.02592182 -3.38861346 -4.70852566]]
0
[[-3.78624153 -5.33682251 -3.53682446 -4.39625978]]
2
[[-2.90743065 -3.02592182 -3.38861346 -4.70852566]]
0
[[-3.78624153 -5.33682251 -3.53682446 -4.39625978]]
2
[[-2.90743065 -3.02592182 -3.38861346 -4.70852566]]
0
[[-3.78624153 -5.33682251 -3.53682446 -4.39625978]]
2
[[-2.90743065 -3.02592182 -3.38861346 -4.70852566]]
0
[[-3.78624153 -5.33682251 -3.53682446 -4.39625978]]
2
[[-2.90743065 -3.02592182 -3.38861346 -4.70852566]]
0
[[-3.78624153 -5.33682251 -3.53682446 -4.39625978]]
2
[[-2.90743065 -3.02592182 -3.38861346 -4.70852566]]
0
[[-3.78624153 -5.33682251 -3.53682446 -4.39625978]]
2
[[-2.90743065 -3.02592182 -3.38861346 -4.70852566]]
0
[[-3.78624153 -5.33682251 -3.53682446 -4.39625978]]
2
[[-2.90743065 -3.02592182 -3.38861346 -4.70852566]]
0
[[-3.78624153 -5.33682251 -3.53682446 -4.39625978]]
2
[[-2.90743065 -3.02592182 -3.38861346 -4.70852566]]
0
[[-3.78624153 -5.33682251 -3.53682446 -4.39625978]]
2
[[-2.90743065 -3.02592182 -3.38861346 -4.70852566]]
0
[[-3.78624153 -5.33682251 -3.53682446 -4.39625978]]
2
[[-2.90743065 -3.02592182 -3.38861346 -4.70852566]]
0
[[-3.78624153 -5.33682251 -3.53682446 -4.39625978]]
2
[[-2.90743065 -3.02592182 -3.38861346 -4.70852566]]
0
[[-3.78624153 -5.33682251 -3.53682446 -4.39625978]]
2
[[-2.90743065 -3.02592182 -3.38861346 -4.70852566]]
0
[[-3.78624153 -5.33682251 -3.53682446 -4.39625978]]
2
[[-2.90743065 -3.02592182 -3.38861346 -4.70852566]]
0
[[-3.78624153 -5.33682251 -3.53682446 -4.39625978]]
2
[[-2.90743065 -3.02592182 -3.38861346 -4.70852566]]
0
[[-3.78624153 -5.33682251 -3.53682446 -4.39625978]]
2
[[-2.90743065 -3.02592182 -3.38861346 -4.70852566]]
0
[[-3.78624153 -5.33682251 -3.53682446 -4.39625978]]
2
[[-2.90743065 -3.02592182 -3.38861346 -4.70852566]]
0
[[-3.78624153 -5.33682251 -3.53682446 -4.39625978]]
2
[[-2.90743065 -3.02592182 -3.38861346 -4.70852566]]
0
[[-3.78624153 -5.33682251 -3.53682446 -4.39625978]]
2
[[-2.90743065 -3.02592182 -3.38861346 -4.70852566]]
0
[[-3.78624153 -5.33682251 -3.53682446 -4.39625978]]
2
[[-2.90743065 -3.02592182 -3.38861346 -4.70852566]]
0
[[-3.78624153 -5.33682251 -3.53682446 -4.39625978]]
2
[[-2.90743065 -3.02592182 -3.38861346 -4.70852566]]
0
[[-3.78624153 -5.33682251 -3.53682446 -4.39625978]]
2
[[-2.90743065 -3.02592182 -3.38861346 -4.70852566]]
0
[[-3.78624153 -5.33682251 -3.53682446 -4.39625978]]
2
[[-2.90743065 -3.02592182 -3.38861346 -4.70852566]]
0
[[-3.78624153 -5.33682251 -3.53682446 -4.39625978]]
2
[[-2.90743065 -3.02592182 -3.38861346 -4.70852566]]
0
[[-3.78624153 -5.33682251 -3.53682446 -4.39625978]]
2
[[-2.90743065 -3.02592182 -3.38861346 -4.70852566]]
0
[[-3.78624153 -5.33682251 -3.53682446 -4.39625978]]
2
[[-2.90743065 -3.02592182 -3.38861346 -4.70852566]]
0
[[-3.78624153 -5.33682251 -3.53682446 -4.39625978]]
2
[[-2.90743065 -3.02592182 -3.38861346 -4.70852566]]
0
[[-3.78624153 -5.33682251 -3.53682446 -4.39625978]]
2
[[-2.90743065 -3.02592182 -3.38861346 -4.70852566]]
0
[[-3.78624153 -5.33682251 -3.53682446 -4.39625978]]
2
[[-2.90743065 -3.02592182 -3.38861346 -4.70852566]]
0
[[-3.78624153 -5.33682251 -3.53682446 -4.39625978]]
2
[[-2.90743065 -3.02592182 -3.38861346 -4.70852566]]
0
[[-3.78624153 -5.33682251 -3.53682446 -4.39625978]]
2
[[-2.90743065 -3.02592182 -3.38861346 -4.70852566]]
0
[[-3.78624153 -5.33682251 -3.53682446 -4.39625978]]
2
[[-2.90743065 -3.02592182 -3.38861346 -4.70852566]]
0
[[-3.78624153 -5.33682251 -3.53682446 -4.39625978]]
2
[[-2.90743065 -3.02592182 -3.38861346 -4.70852566]]
0
[[-3.78624153 -5.33682251 -3.53682446 -4.39625978]]
2
[[-2.90743065 -3.02592182 -3.38861346 -4.70852566]]
0
[[-3.78624153 -5.33682251 -3.53682446 -4.39625978]]
2
[[-2.90743065 -3.02592182 -3.38861346 -4.70852566]]
0
[[-3.78624153 -5.33682251 -3.53682446 -4.39625978]]
2
[[-2.90743065 -3.02592182 -3.38861346 -4.70852566]]
0
[[-3.78624153 -5.33682251 -3.53682446 -4.39625978]]
2
[[-2.90743065 -3.02592182 -3.38861346 -4.70852566]]
0
[[-3.78624153 -5.33682251 -3.53682446 -4.39625978]]
2
[[-2.90743065 -3.02592182 -3.38861346 -4.70852566]]
0
[[-3.78624153 -5.33682251 -3.53682446 -4.39625978]]
2
[[-2.90743065 -3.02592182 -3.38861346 -4.70852566]]
0
[[-3.78624153 -5.33682251 -3.53682446 -4.39625978]]
2
[[-2.90743065 -3.02592182 -3.38861346 -4.70852566]]
0
[[-3.78624153 -5.33682251 -3.53682446 -4.39625978]]
2
[[-2.90743065 -3.02592182 -3.38861346 -4.70852566]]
0
[[-3.78624153 -5.33682251 -3.53682446 -4.39625978]]
2
[[-2.90743065 -3.02592182 -3.38861346 -4.70852566]]
0
FAIL
1/2
