[[-2.91414332 -3.03768444 -3.4161756  -4.72948313]]
0
[[-3.81135631 -5.37134981 -3.59189939 -4.44186926]]
2
[[-2.91414332 -3.03768444 -3.4161756  -4.72948313]]
0
[[-3.81135631 -5.37134981 -3.59189939 -4.44186926]]
2
[[-2.91414332 -3.03768444 -3.4161756  -4.72948313]]
0
[[-3.81135631 -5.37134981 -3.59189939 -4.44186926]]
2
[[-2.91414332 -3.03768444 -3.4161756  -4.72948313]]
0
[[-3.81135631 -5.37134981 -3.59189939 -4.44186926]]
2
[[-2.91414332 -3.03768444 -3.4161756  -4.72948313]]
0
[[-3.81135631 -5.37134981 -3.59189939 -4.44186926]]
2
[[-2.91414332 -3.03768444 -3.4161756  -4.72948313]]
0
[[-3.81135631 -5.37134981 -3.59189939 -4.44186926]]
2
[[-2.91414332 -3.03768444 -3.4161756  -4.72948313]]
0
[[-3.81135631 -5.37134981 -3.59189939 -4.44186926]]
2
[[-2.91414332 -3.03768444 -3.4161756  -4.72948313]]
0
[[-3.81135631 -5.37134981 -3.59189939 -4.44186926]]
2
[[-2.91414332 -3.03768444 -3.4161756  -4.72948313]]
0
[[-3.81135631 -5.37134981 -3.59189939 -4.44186926]]
2
[[-2.91414332 -3.03768444 -3.4161756  -4.72948313]]
0
[[-3.81135631 -5.37134981 -3.59189939 -4.44186926]]
2
[[-2.91414332 -3.03768444 -3.4161756  -4.72948313]]
0
[[-3.81135631 -5.37134981 -3.59189939 -4.44186926]]
2
[[-2.91414332 -3.03768444 -3.4161756  -4.72948313]]
0
[[-3.81135631 -5.37134981 -3.59189939 -4.44186926]]
2
[[-2.91414332 -3.03768444 -3.4161756  -4.72948313]]
0
[[-3.81135631 -5.37134981 -3.59189939 -4.44186926]]
2
[[-2.91414332 -3.03768444 -3.4161756  -4.72948313]]
0
[[-3.81135631 -5.37134981 -3.59189939 -4.44186926]]
2
[[-2.91414332 -3.03768444 -3.4161756  -4.72948313]]
0
[[-3.81135631 -5.37134981 -3.59189939 -4.44186926]]
2
[[-2.91414332 -3.03768444 -3.4161756  -4.72948313]]
0
[[-3.81135631 -5.37134981 -3.59189939 -4.44186926]]
2
[[-2.91414332 -3.03768444 -3.4161756  -4.72948313]]
0
[[-3.81135631 -5.37134981 -3.59189939 -4.44186926]]
2
[[-2.91414332 -3.03768444 -3.4161756  -4.72948313]]
0
[[-3.81135631 -5.37134981 -3.59189939 -4.44186926]]
2
[[-2.91414332 -3.03768444 -3.4161756  -4.72948313]]
0
[[-3.81135631 -5.37134981 -3.59189939 -4.44186926]]
2
[[-2.91414332 -3.03768444 -3.4161756  -4.72948313]]
0
[[-3.81135631 -5.37134981 -3.59189939 -4.44186926]]
2
[[-2.91414332 -3.03768444 -3.4161756  -4.72948313]]
0
[[-3.81135631 -5.37134981 -3.59189939 -4.44186926]]
2
[[-2.91414332 -3.03768444 -3.4161756  -4.72948313]]
0
[[-3.81135631 -5.37134981 -3.59189939 -4.44186926]]
2
[[-2.91414332 -3.03768444 -3.4161756  -4.72948313]]
0
[[-3.81135631 -5.37134981 -3.59189939 -4.44186926]]
2
[[-2.91414332 -3.03768444 -3.4161756  -4.72948313]]
0
[[-3.81135631 -5.37134981 -3.59189939 -4.44186926]]
2
[[-2.91414332 -3.03768444 -3.4161756  -4.72948313]]
0
[[-3.81135631 -5.37134981 -3.59189939 -4.44186926]]
2
[[-2.91414332 -3.03768444 -3.4161756  -4.72948313]]
0
[[-3.81135631 -5.37134981 -3.59189939 -4.44186926]]
2
[[-2.91414332 -3.03768444 -3.4161756  -4.72948313]]
0
[[-3.81135631 -5.37134981 -3.59189939 -4.44186926]]
2
[[-2.91414332 -3.03768444 -3.4161756  -4.72948313]]
0
[[-3.81135631 -5.37134981 -3.59189939 -4.44186926]]
2
[[-2.91414332 -3.03768444 -3.4161756  -4.72948313]]
0
[[-3.81135631 -5.37134981 -3.59189939 -4.44186926]]
2
[[-2.91414332 -3.03768444 -3.4161756  -4.72948313]]
0
[[-3.81135631 -5.37134981 -3.59189939 -4.44186926]]
2
[[-2.91414332 -3.03768444 -3.4161756  -4.72948313]]
0
[[-3.81135631 -5.37134981 -3.59189939 -4.44186926]]
2
[[-2.91414332 -3.03768444 -3.4161756  -4.72948313]]
0
[[-3.81135631 -5.37134981 -3.59189939 -4.44186926]]
2
[[-2.91414332 -3.03768444 -3.4161756  -4.72948313]]
0
[[-3.81135631 -5.37134981 -3.59189939 -4.44186926]]
2
[[-2.91414332 -3.03768444 -3.4161756  -4.72948313]]
0
[[-3.81135631 -5.37134981 -3.59189939 -4.44186926]]
2
[[-2.91414332 -3.03768444 -3.4161756  -4.72948313]]
0
[[-3.81135631 -5.37134981 -3.59189939 -4.44186926]]
2
[[-2.91414332 -3.03768444 -3.4161756  -4.72948313]]
0
[[-3.81135631 -5.37134981 -3.59189939 -4.44186926]]
2
[[-2.91414332 -3.03768444 -3.4161756  -4.72948313]]
0
[[-3.81135631 -5.37134981 -3.59189939 -4.44186926]]
2
[[-2.91414332 -3.03768444 -3.4161756  -4.72948313]]
0
[[-3.81135631 -5.37134981 -3.59189939 -4.44186926]]
2
[[-2.91414332 -3.03768444 -3.4161756  -4.72948313]]
0
[[-3.81135631 -5.37134981 -3.59189939 -4.44186926]]
2
[[-2.91414332 -3.03768444 -3.4161756  -4.72948313]]
0
[[-3.81135631 -5.37134981 -3.59189939 -4.44186926]]
2
[[-2.91414332 -3.03768444 -3.4161756  -4.72948313]]
0
[[-3.81135631 -5.37134981 -3.59189939 -4.44186926]]
2
[[-2.91414332 -3.03768444 -3.4161756  -4.72948313]]
0
[[-3.81135631 -5.37134981 -3.59189939 -4.44186926]]
2
[[-2.91414332 -3.03768444 -3.4161756  -4.72948313]]
0
[[-3.81135631 -5.37134981 -3.59189939 -4.44186926]]
2
[[-2.91414332 -3.03768444 -3.4161756  -4.72948313]]
0
[[-3.81135631 -5.37134981 -3.59189939 -4.44186926]]
2
[[-2.91414332 -3.03768444 -3.4161756  -4.72948313]]
0
[[-3.81135631 -5.37134981 -3.59189939 -4.44186926]]
2
[[-2.91414332 -3.03768444 -3.4161756  -4.72948313]]
0
[[-3.81135631 -5.37134981 -3.59189939 -4.44186926]]
2
[[-2.91414332 -3.03768444 -3.4161756  -4.72948313]]
0
[[-3.81135631 -5.37134981 -3.59189939 -4.44186926]]
2
[[-2.91414332 -3.03768444 -3.4161756  -4.72948313]]
0
[[-3.81135631 -5.37134981 -3.59189939 -4.44186926]]
2
[[-2.91414332 -3.03768444 -3.4161756  -4.72948313]]
0
[[-3.81135631 -5.37134981 -3.59189939 -4.44186926]]
2
[[-2.91414332 -3.03768444 -3.4161756  -4.72948313]]
0
[[-3.81135631 -5.37134981 -3.59189939 -4.44186926]]
2
[[-2.91414332 -3.03768444 -3.4161756  -4.72948313]]
0
FAIL
1/2
