[[-2.92246866 -3.05050111 -3.44575071 -4.75310802]]
0
[[-3.83574367 -5.40590954 -3.64555931 -4.48862839]]
2
[[-2.92246866 -3.05050111 -3.44575071 -4.75310802]]
0
[[-3.83574367 -5.40590954 -3.64555931 -4.48862839]]
2
[[-2.92246866 -3.05050111 -3.44575071 -4.75310802]]
0
[[-3.83574367 -5.40590954 -3.64555931 -4.48862839]]
2
[[-2.92246866 -3.05050111 -3.44575071 -4.75310802]]
0
[[-3.83574367 -5.40590954 -3.64555931 -4.48862839]]
2
[[-2.92246866 -3.05050111 -3.44575071 -4.75310802]]
0
[[-3.83574367 -5.40590954 -3.64555931 -4.48862839]]
2
[[-2.92246866 -3.05050111 -3.44575071 -4.75310802]]
0
[[-3.83574367 -5.40590954 -3.64555931 -4.48862839]]
2
[[-2.92246866 -3.05050111 -3.44575071 -4.75310802]]
0
[[-3.83574367 -5.40590954 -3.64555931 -4.48862839]]
2
[[-2.92246866 -3.05050111 -3.44575071 -4.75310802]]
0
[[-3.83574367 -5.40590954 -3.64555931 -4.48862839]]
2
[[-2.92246866 -3.05050111 -3.44575071 -4.75310802]]
0
[[-3.83574367 -5.40590954 -3.64555931 -4.48862839]]
2
[[-2.92246866 -3.05050111 -3.44575071 -4.75310802]]
0
[[-3.83574367 -5.40590954 -3.64555931 -4.48862839]]
2
[[-2.92246866 -3.05050111 -3.44575071 -4.75310802]]
0
[[-3.83574367 -5.40590954 -3.64555931 -4.48862839]]
2
[[-2.92246866 -3.05050111 -3.44575071 -4.75310802]]
0
[[-3.83574367 -5.40590954 -3.64555931 -4.48862839]]
2
[[-2.92246866 -3.05050111 -3.44575071 -4.75310802]]
0
[[-3.83574367 -5.40590954 -3.64555931 -4.48862839]]
2
[[-2.92246866 -3.05050111 -3.44575071 -4.75310802]]
0
[[-3.83574367 -5.40590954 -3.64555931 -4.48862839]]
2
[[-2.92246866 -3.05050111 -3.44575071 -4.75310802]]
0
[[-3.83574367 -5.40590954 -3.64555931 -4.48862839]]
2
[[-2.92246866 -3.05050111 -3.44575071 -4.75310802]]
0
[[-3.83574367 -5.40590954 -3.64555931 -4.48862839]]
2
[[-2.92246866 -3.05050111 -3.44575071 -4.75310802]]
0
[[-3.83574367 -5.40590954 -3.64555931 -4.48862839]]
2
[[-2.92246866 -3.05050111 -3.44575071 -4.75310802]]
0
[[-3.83574367 -5.40590954 -3.64555931 -4.48862839]]
2
[[-2.92246866 -3.05050111 -3.44575071 -4.75310802]]
0
[[-3.83574367 -5.40590954 -3.64555931 -4.48862839]]
2
[[-2.92246866 -3.05050111 -3.44575071 -4.75310802]]
0
[[-3.83574367 -5.40590954 -3.64555931 -4.48862839]]
2
[[-2.92246866 -3.05050111 -3.44575071 -4.75310802]]
0
[[-3.83574367 -5.40590954 -3.64555931 -4.48862839]]
2
[[-2.92246866 -3.05050111 -3.44575071 -4.75310802]]
0
[[-3.83574367 -5.40590954 -3.64555931 -4.48862839]]
2
[[-2.92246866 -3.05050111 -3.44575071 -4.75310802]]
0
[[-3.83574367 -5.40590954 -3.64555931 -4.48862839]]
2
[[-2.92246866 -3.05050111 -3.44575071 -4.75310802]]
0
[[-3.83574367 -5.40590954 -3.64555931 -4.48862839]]
2
[[-2.92246866 -3.05050111 -3.44575071 -4.75310802]]
0
[[-3.83574367 -5.40590954 -3.64555931 -4.48862839]]
2
[[-2.92246866 -3.05050111 -3.44575071 -4.75310802]]
0
[[-3.83574367 -5.40590954 -3.64555931 -4.48862839]]
2
[[-2.92246866 -3.05050111 -3.44575071 -4.75310802]]
0
[[-3.83574367 -5.40590954 -3.64555931 -4.48862839]]
2
[[-2.92246866 -3.05050111 -3.44575071 -4.75310802]]
0
[[-3.83574367 -5.40590954 -3.64555931 -4.48862839]]
2
[[-2.92246866 -3.05050111 -3.44575071 -4.75310802]]
0
[[-3.83574367 -5.40590954 -3.64555931 -4.48862839]]
2
[[-2.92246866 -3.05050111 -3.44575071 -4.75310802]]
0
[[-3.83574367 -5.40590954 -3.64555931 -4.48862839]]
2
[[-2.92246866 -3.05050111 -3.44575071 -4.75310802]]
0
[[-3.83574367 -5.40590954 -3.64555931 -4.48862839]]
2
[[-2.92246866 -3.05050111 -3.44575071 -4.75310802]]
0
[[-3.83574367 -5.40590954 -3.64555931 -4.48862839]]
2
[[-2.92246866 -3.05050111 -3.44575071 -4.75310802]]
0
[[-3.83574367 -5.40590954 -3.64555931 -4.48862839]]
2
[[-2.92246866 -3.05050111 -3.44575071 -4.75310802]]
0
[[-3.83574367 -5.40590954 -3.64555931 -4.48862839]]
2
[[-2.92246866 -3.05050111 -3.44575071 -4.75310802]]
0
[[-3.83574367 -5.40590954 -3.64555931 -4.48862839]]
2
[[-2.92246866 -3.05050111 -3.44575071 -4.75310802]]
0
[[-3.83574367 -5.40590954 -3.64555931 -4.48862839]]
2
[[-2.92246866 -3.05050111 -3.44575071 -4.75310802]]
0
[[-3.83574367 -5.40590954 -3.64555931 -4.48862839]]
2
[[-2.92246866 -3.05050111 -3.44575071 -4.75310802]]
0
[[-3.83574367 -5.40590954 -3.64555931 -4.48862839]]
2
[[-2.92246866 -3.05050111 -3.44575071 -4.75310802]]
0
[[-3.83574367 -5.40590954 -3.64555931 -4.48862839]]
2
[[-2.92246866 -3.05050111 -3.44575071 -4.75310802]]
0
[[-3.83574367 -5.40590954 -3.64555931 -4.48862839]]
2
[[-2.92246866 -3.05050111 -3.44575071 -4.75310802]]
0
[[-3.83574367 -5.40590954 -3.64555931 -4.48862839]]
2
[[-2.92246866 -3.05050111 -3.44575071 -4.75310802]]
0
[[-3.83574367 -5.40590954 -3.64555931 -4.48862839]]
2
[[-2.92246866 -3.05050111 -3.44575071 -4.75310802]]
0
[[-3.83574367 -5.40590954 -3.64555931 -4.48862839]]
2
[[-2.92246866 -3.05050111 -3.44575071 -4.75310802]]
0
[[-3.83574367 -5.40590954 -3.64555931 -4.48862839]]
2
[[-2.92246866 -3.05050111 -3.44575071 -4.75310802]]
0
[[-3.83574367 -5.40590954 -3.64555931 -4.48862839]]
2
[[-2.92246866 -3.05050111 -3.44575071 -4.75310802]]
0
[[-3.83574367 -5.40590954 -3.64555931 -4.48862839]]
2
[[-2.92246866 -3.05050111 -3.44575071 -4.75310802]]
0
[[-3.83574367 -5.40590954 -3.64555931 -4.48862839]]
2
[[-2.92246866 -3.05050111 -3.44575071 -4.75310802]]
0
[[-3.83574367 -5.40590954 -3.64555931 -4.48862839]]
2
[[-2.92246866 -3.05050111 -3.44575071 -4.75310802]]
0
[[-3.83574367 -5.40590954 -3.64555931 -4.48862839]]
2
[[-2.92246866 -3.05050111 -3.44575071 -4.75310802]]
0
[[-3.83574367 -5.40590954 -3.64555931 -4.48862839]]
2
[[-2.92246866 -3.05050111 -3.44575071 -4.75310802]]
0
FAIL
1/2
