[[-4.9251585  -5.22609043 -3.86577678 -8.13932323]]
2
[[-2.79661608 -6.5772748  -2.95361114 -8.63726425]]
0
[[-4.9251585  -5.22609043 -3.86577678 -8.13932323]]
2
[[-2.79661608 -6.5772748  -2.95361114 -8.63726425]]
0
[[-4.9251585  -5.22609043 -3.86577678 -8.13932323]]
2
[[-2.79661608 -6.5772748  -2.95361114 -8.63726425]]
0
[[-4.9251585  -5.22609043 -3.86577678 -8.13932323]]
2
[[-2.79661608 -6.5772748  -2.95361114 -8.63726425]]
0
[[-4.9251585  -5.22609043 -3.86577678 -8.13932323]]
2
[[-2.79661608 -6.5772748  -2.95361114 -8.63726425]]
0
[[-4.9251585  -5.22609043 -3.86577678 -8.13932323]]
2
[[-2.79661608 -6.5772748  -2.95361114 -8.63726425]]
0
[[-4.9251585  -5.22609043 -3.86577678 -8.13932323]]
2
[[-2.79661608 -6.5772748  -2.95361114 -8.63726425]]
0
[[-4.9251585  -5.22609043 -3.86577678 -8.13932323]]
2
[[-2.79661608 -6.5772748  -2.95361114 -8.63726425]]
0
[[-4.9251585  -5.22609043 -3.86577678 -8.13932323]]
2
[[-2.79661608 -6.5772748  -2.95361114 -8.63726425]]
0
[[-4.9251585  -5.22609043 -3.86577678 -8.13932323]]
2
[[-2.79661608 -6.5772748  -2.95361114 -8.63726425]]
0
[[-4.9251585  -5.22609043 -3.86577678 -8.13932323]]
2
[[-2.79661608 -6.5772748  -2.95361114 -8.63726425]]
0
[[-4.9251585  -5.22609043 -3.86577678 -8.13932323]]
2
[[-2.79661608 -6.5772748  -2.95361114 -8.63726425]]
0
[[-4.9251585  -5.22609043 -3.86577678 -8.13932323]]
2
[[-2.79661608 -6.5772748  -2.95361114 -8.63726425]]
0
[[-4.9251585  -5.22609043 -3.86577678 -8.13932323]]
2
[[-2.79661608 -6.5772748  -2.95361114 -8.63726425]]
0
[[-4.9251585  -5.22609043 -3.86577678 -8.13932323]]
2
[[-2.79661608 -6.5772748  -2.95361114 -8.63726425]]
0
[[-4.9251585  -5.22609043 -3.86577678 -8.13932323]]
2
[[-2.79661608 -6.5772748  -2.95361114 -8.63726425]]
0
[[-4.9251585  -5.22609043 -3.86577678 -8.13932323]]
2
[[-2.79661608 -6.5772748  -2.95361114 -8.63726425]]
0
[[-4.9251585  -5.22609043 -3.86577678 -8.13932323]]
2
[[-2.79661608 -6.5772748  -2.95361114 -8.63726425]]
0
[[-4.9251585  -5.22609043 -3.86577678 -8.13932323]]
2
[[-2.79661608 -6.5772748  -2.95361114 -8.63726425]]
0
[[-4.9251585  -5.22609043 -3.86577678 -8.13932323]]
2
[[-2.79661608 -6.5772748  -2.95361114 -8.63726425]]
0
[[-4.9251585  -5.22609043 -3.86577678 -8.13932323]]
2
[[-2.79661608 -6.5772748  -2.95361114 -8.63726425]]
0
[[-4.9251585  -5.22609043 -3.86577678 -8.13932323]]
2
[[-2.79661608 -6.5772748  -2.95361114 -8.63726425]]
0
[[-4.9251585  -5.22609043 -3.86577678 -8.13932323]]
2
[[-2.79661608 -6.5772748  -2.95361114 -8.63726425]]
0
[[-4.9251585  -5.22609043 -3.86577678 -8.13932323]]
2
[[-2.79661608 -6.5772748  -2.95361114 -8.63726425]]
0
[[-4.9251585  -5.22609043 -3.86577678 -8.13932323]]
2
[[-2.79661608 -6.5772748  -2.95361114 -8.63726425]]
0
[[-4.9251585  -5.22609043 -3.86577678 -8.13932323]]
2
[[-2.79661608 -6.5772748  -2.95361114 -8.63726425]]
0
[[-4.9251585  -5.22609043 -3.86577678 -8.13932323]]
2
[[-2.79661608 -6.5772748  -2.95361114 -8.63726425]]
0
[[-4.9251585  -5.22609043 -3.86577678 -8.13932323]]
2
[[-2.79661608 -6.5772748  -2.95361114 -8.63726425]]
0
[[-4.9251585  -5.22609043 -3.86577678 -8.13932323]]
2
[[-2.79661608 -6.5772748  -2.95361114 -8.63726425]]
0
[[-4.9251585  -5.22609043 -3.86577678 -8.13932323]]
2
[[-2.79661608 -6.5772748  -2.95361114 -8.63726425]]
0
[[-4.9251585  -5.22609043 -3.86577678 -8.13932323]]
2
[[-2.79661608 -6.5772748  -2.95361114 -8.63726425]]
0
[[-4.9251585  -5.22609043 -3.86577678 -8.13932323]]
2
[[-2.79661608 -6.5772748  -2.95361114 -8.63726425]]
0
[[-4.9251585  -5.22609043 -3.86577678 -8.13932323]]
2
[[-2.79661608 -6.5772748  -2.95361114 -8.63726425]]
0
[[-4.9251585  -5.22609043 -3.86577678 -8.13932323]]
2
[[-2.79661608 -6.5772748  -2.95361114 -8.63726425]]
0
[[-4.9251585  -5.22609043 -3.86577678 -8.13932323]]
2
[[-2.79661608 -6.5772748  -2.95361114 -8.63726425]]
0
[[-4.9251585  -5.22609043 -3.86577678 -8.13932323]]
2
[[-2.79661608 -6.5772748  -2.95361114 -8.63726425]]
0
[[-4.9251585  -5.22609043 -3.86577678 -8.13932323]]
2
[[-2.79661608 -6.5772748  -2.95361114 -8.63726425]]
0
[[-4.9251585  -5.22609043 -3.86577678 -8.13932323]]
2
[[-2.79661608 -6.5772748  -2.95361114 -8.63726425]]
0
[[-4.9251585  -5.22609043 -3.86577678 -8.13932323]]
2
[[-2.79661608 -6.5772748  -2.95361114 -8.63726425]]
0
[[-4.9251585  -5.22609043 -3.86577678 -8.13932323]]
2
[[-2.79661608 -6.5772748  -2.95361114 -8.63726425]]
0
[[-4.9251585  -5.22609043 -3.86577678 -8.13932323]]
2
[[-2.79661608 -6.5772748  -2.95361114 -8.63726425]]
0
[[-4.9251585  -5.22609043 -3.86577678 -8.13932323]]
2
[[-2.79661608 -6.5772748  -2.95361114 -8.63726425]]
0
[[-4.9251585  -5.22609043 -3.86577678 -8.13932323]]
2
[[-2.79661608 -6.5772748  -2.95361114 -8.63726425]]
0
[[-4.9251585  -5.22609043 -3.86577678 -8.13932323]]
2
[[-2.79661608 -6.5772748  -2.95361114 -8.63726425]]
0
[[-4.9251585  -5.22609043 -3.86577678 -8.13932323]]
2
[[-2.79661608 -6.5772748  -2.95361114 -8.63726425]]
0
[[-4.9251585  -5.22609043 -3.86577678 -8.13932323]]
2
[[-2.79661608 -6.5772748  -2.95361114 -8.63726425]]
0
[[-4.9251585  -5.22609043 -3.86577678 -8.13932323]]
2
[[-2.79661608 -6.5772748  -2.95361114 -8.63726425]]
0
[[-4.9251585  -5.22609043 -3.86577678 -8.13932323]]
2
[[-2.79661608 -6.5772748  -2.95361114 -8.63726425]]
0
[[-4.9251585  -5.22609043 -3.86577678 -8.13932323]]
2
[[-2.79661608 -6.5772748  -2.95361114 -8.63726425]]
0
[[-4.9251585  -5.22609043 -3.86577678 -8.13932323]]
2
[[-2.79661608 -6.5772748  -2.95361114 -8.63726425]]
0
[[-4.9251585  -5.22609043 -3.86577678 -8.13932323]]
2
FAIL
0/5
