[[-2.9226954  -3.05062532 -3.46519208 -4.77211285]]
0
[[-3.85243154 -5.43278694 -3.6861701  -4.53071308]]
2
[[-2.9226954  -3.05062532 -3.46519208 -4.77211285]]
0
[[-3.85243154 -5.43278694 -3.6861701  -4.53071308]]
2
[[-2.9226954  -3.05062532 -3.46519208 -4.77211285]]
0
[[-3.85243154 -5.43278694 -3.6861701  -4.53071308]]
2
[[-2.9226954  -3.05062532 -3.46519208 -4.77211285]]
0
[[-3.85243154 -5.43278694 -3.6861701  -4.53071308]]
2
[[-2.9226954  -3.05062532 -3.46519208 -4.77211285]]
0
[[-3.85243154 -5.43278694 -3.6861701  -4.53071308]]
2
[[-2.9226954  -3.05062532 -3.46519208 -4.77211285]]
0
[[-3.85243154 -5.43278694 -3.6861701  -4.53071308]]
2
[[-2.9226954  -3.05062532 -3.46519208 -4.77211285]]
0
[[-3.85243154 -5.43278694 -3.6861701  -4.53071308]]
2
[[-2.9226954  -3.05062532 -3.46519208 -4.77211285]]
0
[[-3.85243154 -5.43278694 -3.6861701  -4.53071308]]
2
[[-2.9226954  -3.05062532 -3.46519208 -4.77211285]]
0
[[-3.85243154 -5.43278694 -3.6861701  -4.53071308]]
2
[[-2.9226954  -3.05062532 -3.46519208 -4.77211285]]
0
[[-3.85243154 -5.43278694 -3.6861701  -4.53071308]]
2
[[-2.9226954  -3.05062532 -3.46519208 -4.77211285]]
0
[[-3.85243154 -5.43278694 -3.6861701  -4.53071308]]
2
[[-2.9226954  -3.05062532 -3.46519208 -4.77211285]]
0
[[-3.85243154 -5.43278694 -3.6861701  -4.53071308]]
2
[[-2.9226954  -3.05062532 -3.46519208 -4.77211285]]
0
[[-3.85243154 -5.43278694 -3.6861701  -4.53071308]]
2
[[-2.9226954  -3.05062532 -3.46519208 -4.77211285]]
0
[[-3.85243154 -5.43278694 -3.6861701  -4.53071308]]
2
[[-2.9226954  -3.05062532 -3.46519208 -4.77211285]]
0
[[-3.85243154 -5.43278694 -3.6861701  -4.53071308]]
2
[[-2.9226954  -3.05062532 -3.46519208 -4.77211285]]
0
[[-3.85243154 -5.43278694 -3.6861701  -4.53071308]]
2
[[-2.9226954  -3.05062532 -3.46519208 -4.77211285]]
0
[[-3.85243154 -5.43278694 -3.6861701  -4.53071308]]
2
[[-2.9226954  -3.05062532 -3.46519208 -4.77211285]]
0
[[-3.85243154 -5.43278694 -3.6861701  -4.53071308]]
2
[[-2.9226954  -3.05062532 -3.46519208 -4.77211285]]
0
[[-3.85243154 -5.43278694 -3.6861701  -4.53071308]]
2
[[-2.9226954  -3.05062532 -3.46519208 -4.77211285]]
0
[[-3.85243154 -5.43278694 -3.6861701  -4.53071308]]
2
[[-2.9226954  -3.05062532 -3.46519208 -4.77211285]]
0
[[-3.85243154 -5.43278694 -3.6861701  -4.53071308]]
2
[[-2.9226954  -3.05062532 -3.46519208 -4.77211285]]
0
[[-3.85243154 -5.43278694 -3.6861701  -4.53071308]]
2
[[-2.9226954  -3.05062532 -3.46519208 -4.77211285]]
0
[[-3.85243154 -5.43278694 -3.6861701  -4.53071308]]
2
[[-2.9226954  -3.05062532 -3.46519208 -4.77211285]]
0
[[-3.85243154 -5.43278694 -3.6861701  -4.53071308]]
2
[[-2.9226954  -3.05062532 -3.46519208 -4.77211285]]
0
[[-3.85243154 -5.43278694 -3.6861701  -4.53071308]]
2
[[-2.9226954  -3.05062532 -3.46519208 -4.77211285]]
0
[[-3.85243154 -5.43278694 -3.6861701  -4.53071308]]
2
[[-2.9226954  -3.05062532 -3.46519208 -4.77211285]]
0
[[-3.85243154 -5.43278694 -3.6861701  -4.53071308]]
2
[[-2.9226954  -3.05062532 -3.46519208 -4.77211285]]
0
[[-3.85243154 -5.43278694 -3.6861701  -4.53071308]]
2
[[-2.9226954  -3.05062532 -3.46519208 -4.77211285]]
0
[[-3.85243154 -5.43278694 -3.6861701  -4.53071308]]
2
[[-2.9226954  -3.05062532 -3.46519208 -4.77211285]]
0
[[-3.85243154 -5.43278694 -3.6861701  -4.53071308]]
2
[[-2.9226954  -3.05062532 -3.46519208 -4.77211285]]
0
[[-3.85243154 -5.43278694 -3.6861701  -4.53071308]]
2
[[-2.9226954  -3.05062532 -3.46519208 -4.77211285]]
0
[[-3.85243154 -5.43278694 -3.6861701  -4.53071308]]
2
[[-2.9226954  -3.05062532 -3.46519208 -4.77211285]]
0
[[-3.85243154 -5.43278694 -3.6861701  -4.53071308]]
2
[[-2.9226954  -3.05062532 -3.46519208 -4.77211285]]
0
[[-3.85243154 -5.43278694 -3.6861701  -4.53071308]]
2
[[-2.9226954  -3.05062532 -3.46519208 -4.77211285]]
0
[[-3.85243154 -5.43278694 -3.6861701  -4.53071308]]
2
[[-2.9226954  -3.05062532 -3.46519208 -4.77211285]]
0
[[-3.85243154 -5.43278694 -3.6861701  -4.53071308]]
2
[[-2.9226954  -3.05062532 -3.46519208 -4.77211285]]
0
[[-3.85243154 -5.43278694 -3.6861701  -4.53071308]]
2
[[-2.9226954  -3.05062532 -3.46519208 -4.77211285]]
0
[[-3.85243154 -5.43278694 -3.6861701  -4.53071308]]
2
[[-2.9226954  -3.05062532 -3.46519208 -4.77211285]]
0
[[-3.85243154 -5.43278694 -3.6861701  -4.53071308]]
2
[[-2.9226954  -3.05062532 -3.46519208 -4.77211285]]
0
[[-3.85243154 -5.43278694 -3.6861701  -4.53071308]]
2
[[-2.9226954  -3.05062532 -3.46519208 -4.77211285]]
0
[[-3.85243154 -5.43278694 -3.6861701  -4.53071308]]
2
[[-2.9226954  -3.05062532 -3.46519208 -4.77211285]]
0
[[-3.85243154 -5.43278694 -3.6861701  -4.53071308]]
2
[[-2.9226954  -3.05062532 -3.46519208 -4.77211285]]
0
[[-3.85243154 -5.43278694 -3.6861701  -4.53071308]]
2
[[-2.9226954  -3.05062532 -3.46519208 -4.77211285]]
0
[[-3.85243154 -5.43278694 -3.6861701  -4.53071308]]
2
[[-2.9226954  -3.05062532 -3.46519208 -4.77211285]]
0
[[-3.85243154 -5.43278694 -3.6861701  -4.53071308]]
2
[[-2.9226954  -3.05062532 -3.46519208 -4.77211285]]
0
[[-3.85243154 -5.43278694 -3.6861701  -4.53071308]]
2
[[-2.9226954  -3.05062532 -3.46519208 -4.77211285]]
0
[[-3.85243154 -5.43278694 -3.6861701  -4.53071308]]
2
[[-2.9226954  -3.05062532 -3.46519208 -4.77211285]]
0
[[-3.85243154 -5.43278694 -3.6861701  -4.53071308]]
2
[[-2.9226954  -3.05062532 -3.46519208 -4.77211285]]
0
[[-3.85243154 -5.43278694 -3.6861701  -4.53071308]]
2
[[-2.9226954  -3.05062532 -3.46519208 -4.77211285]]
0
[[-3.85243154 -5.43278694 -3.6861701  -4.53071308]]
2
[[-2.9226954  -3.05062532 -3.46519208 -4.77211285]]
0
FAIL
1/2
