[[ 19465816.  16242272.  19222164.  11666227.]]
0
[[ 18673204.  15167725.  18965076.  10517297.]]
2
[[ 19465816.  16242272.  19222164.  11666227.]]
0
[[ 18673204.  15167725.  18965076.  10517297.]]
2
[[ 19465816.  16242272.  19222164.  11666227.]]
0
[[ 18673204.  15167725.  18965076.  10517297.]]
2
[[ 19465816.  16242272.  19222164.  11666227.]]
0
[[ 18673204.  15167725.  18965076.  10517297.]]
2
[[ 19465816.  16242272.  19222164.  11666227.]]
0
[[ 18673204.  15167725.  18965076.  10517297.]]
2
[[ 19465816.  16242272.  19222164.  11666227.]]
0
[[ 18673204.  15167725.  18965076.  10517297.]]
2
[[ 19465816.  16242272.  19222164.  11666227.]]
0
[[ 18673204.  15167725.  18965076.  10517297.]]
2
[[ 19465816.  16242272.  19222164.  11666227.]]
0
[[ 18673204.  15167725.  18965076.  10517297.]]
2
[[ 19465816.  16242272.  19222164.  11666227.]]
0
[[ 18673204.  15167725.  18965076.  10517297.]]
2
[[ 19465816.  16242272.  19222164.  11666227.]]
0
[[ 18673204.  15167725.  18965076.  10517297.]]
2
[[ 19465816.  16242272.  19222164.  11666227.]]
0
[[ 18673204.  15167725.  18965076.  10517297.]]
2
[[ 19465816.  16242272.  19222164.  11666227.]]
0
[[ 18673204.  15167725.  18965076.  10517297.]]
2
[[ 19465816.  16242272.  19222164.  11666227.]]
0
[[ 18673204.  15167725.  18965076.  10517297.]]
2
[[ 19465816.  16242272.  19222164.  11666227.]]
0
[[ 18673204.  15167725.  18965076.  10517297.]]
2
[[ 19465816.  16242272.  19222164.  11666227.]]
0
[[ 18673204.  15167725.  18965076.  10517297.]]
2
[[ 19465816.  16242272.  19222164.  11666227.]]
0
[[ 18673204.  15167725.  18965076.  10517297.]]
2
[[ 19465816.  16242272.  19222164.  11666227.]]
0
[[ 18673204.  15167725.  18965076.  10517297.]]
2
[[ 19465816.  16242272.  19222164.  11666227.]]
0
[[ 18673204.  15167725.  18965076.  10517297.]]
2
[[ 19465816.  16242272.  19222164.  11666227.]]
0
[[ 18673204.  15167725.  18965076.  10517297.]]
2
[[ 19465816.  16242272.  19222164.  11666227.]]
0
[[ 18673204.  15167725.  18965076.  10517297.]]
2
[[ 19465816.  16242272.  19222164.  11666227.]]
0
[[ 18673204.  15167725.  18965076.  10517297.]]
2
[[ 19465816.  16242272.  19222164.  11666227.]]
0
[[ 18673204.  15167725.  18965076.  10517297.]]
2
[[ 19465816.  16242272.  19222164.  11666227.]]
0
[[ 18673204.  15167725.  18965076.  10517297.]]
2
[[ 19465816.  16242272.  19222164.  11666227.]]
0
[[ 18673204.  15167725.  18965076.  10517297.]]
2
[[ 19465816.  16242272.  19222164.  11666227.]]
0
[[ 18673204.  15167725.  18965076.  10517297.]]
2
[[ 19465816.  16242272.  19222164.  11666227.]]
0
[[ 18673204.  15167725.  18965076.  10517297.]]
2
[[ 19465816.  16242272.  19222164.  11666227.]]
0
[[ 18673204.  15167725.  18965076.  10517297.]]
2
[[ 19465816.  16242272.  19222164.  11666227.]]
0
[[ 18673204.  15167725.  18965076.  10517297.]]
2
[[ 19465816.  16242272.  19222164.  11666227.]]
0
[[ 18673204.  15167725.  18965076.  10517297.]]
2
[[ 19465816.  16242272.  19222164.  11666227.]]
0
[[ 18673204.  15167725.  18965076.  10517297.]]
2
[[ 19465816.  16242272.  19222164.  11666227.]]
0
[[ 18673204.  15167725.  18965076.  10517297.]]
2
[[ 19465816.  16242272.  19222164.  11666227.]]
0
[[ 18673204.  15167725.  18965076.  10517297.]]
2
[[ 19465816.  16242272.  19222164.  11666227.]]
0
[[ 18673204.  15167725.  18965076.  10517297.]]
2
[[ 19465816.  16242272.  19222164.  11666227.]]
0
[[ 18673204.  15167725.  18965076.  10517297.]]
2
[[ 19465816.  16242272.  19222164.  11666227.]]
0
[[ 18673204.  15167725.  18965076.  10517297.]]
2
[[ 19465816.  16242272.  19222164.  11666227.]]
0
[[ 18673204.  15167725.  18965076.  10517297.]]
2
[[ 19465816.  16242272.  19222164.  11666227.]]
0
[[ 18673204.  15167725.  18965076.  10517297.]]
2
[[ 19465816.  16242272.  19222164.  11666227.]]
0
[[ 18673204.  15167725.  18965076.  10517297.]]
2
[[ 19465816.  16242272.  19222164.  11666227.]]
0
[[ 18673204.  15167725.  18965076.  10517297.]]
2
[[ 19465816.  16242272.  19222164.  11666227.]]
0
[[ 18673204.  15167725.  18965076.  10517297.]]
2
[[ 19465816.  16242272.  19222164.  11666227.]]
0
[[ 18673204.  15167725.  18965076.  10517297.]]
2
[[ 19465816.  16242272.  19222164.  11666227.]]
0
[[ 18673204.  15167725.  18965076.  10517297.]]
2
[[ 19465816.  16242272.  19222164.  11666227.]]
0
[[ 18673204.  15167725.  18965076.  10517297.]]
2
[[ 19465816.  16242272.  19222164.  11666227.]]
0
[[ 18673204.  15167725.  18965076.  10517297.]]
2
[[ 19465816.  16242272.  19222164.  11666227.]]
0
[[ 18673204.  15167725.  18965076.  10517297.]]
2
[[ 19465816.  16242272.  19222164.  11666227.]]
0
[[ 18673204.  15167725.  18965076.  10517297.]]
2
[[ 19465816.  16242272.  19222164.  11666227.]]
0
[[ 18673204.  15167725.  18965076.  10517297.]]
2
[[ 19465816.  16242272.  19222164.  11666227.]]
0
[[ 18673204.  15167725.  18965076.  10517297.]]
2
[[ 19465816.  16242272.  19222164.  11666227.]]
0
[[ 18673204.  15167725.  18965076.  10517297.]]
2
[[ 19465816.  16242272.  19222164.  11666227.]]
0
[[ 18673204.  15167725.  18965076.  10517297.]]
2
[[ 19465816.  16242272.  19222164.  11666227.]]
0
FAIL
1/8
