[[-2.95901203 -3.07453585 -3.5292387  -4.83633041]]
0
[[-3.93757606 -5.5069623  -3.78923917 -4.62338114]]
2
[[-2.95901203 -3.07453585 -3.5292387  -4.83633041]]
0
[[-3.93757606 -5.5069623  -3.78923917 -4.62338114]]
2
[[-2.95901203 -3.07453585 -3.5292387  -4.83633041]]
0
[[-3.93757606 -5.5069623  -3.78923917 -4.62338114]]
2
[[-2.95901203 -3.07453585 -3.5292387  -4.83633041]]
0
[[-3.93757606 -5.5069623  -3.78923917 -4.62338114]]
2
[[-2.95901203 -3.07453585 -3.5292387  -4.83633041]]
0
[[-3.93757606 -5.5069623  -3.78923917 -4.62338114]]
2
[[-2.95901203 -3.07453585 -3.5292387  -4.83633041]]
0
[[-3.93757606 -5.5069623  -3.78923917 -4.62338114]]
2
[[-2.95901203 -3.07453585 -3.5292387  -4.83633041]]
0
[[-3.93757606 -5.5069623  -3.78923917 -4.62338114]]
2
[[-2.95901203 -3.07453585 -3.5292387  -4.83633041]]
0
[[-3.93757606 -5.5069623  -3.78923917 -4.62338114]]
2
[[-2.95901203 -3.07453585 -3.5292387  -4.83633041]]
0
[[-3.93757606 -5.5069623  -3.78923917 -4.62338114]]
2
[[-2.95901203 -3.07453585 -3.5292387  -4.83633041]]
0
[[-3.93757606 -5.5069623  -3.78923917 -4.62338114]]
2
[[-2.95901203 -3.07453585 -3.5292387  -4.83633041]]
0
[[-3.93757606 -5.5069623  -3.78923917 -4.62338114]]
2
[[-2.95901203 -3.07453585 -3.5292387  -4.83633041]]
0
[[-3.93757606 -5.5069623  -3.78923917 -4.62338114]]
2
[[-2.95901203 -3.07453585 -3.5292387  -4.83633041]]
0
[[-3.93757606 -5.5069623  -3.78923917 -4.62338114]]
2
[[-2.95901203 -3.07453585 -3.5292387  -4.83633041]]
0
[[-3.93757606 -5.5069623  -3.78923917 -4.62338114]]
2
[[-2.95901203 -3.07453585 -3.5292387  -4.83633041]]
0
[[-3.93757606 -5.5069623  -3.78923917 -4.62338114]]
2
[[-2.95901203 -3.07453585 -3.5292387  -4.83633041]]
0
[[-3.93757606 -5.5069623  -3.78923917 -4.62338114]]
2
[[-2.95901203 -3.07453585 -3.5292387  -4.83633041]]
0
[[-3.93757606 -5.5069623  -3.78923917 -4.62338114]]
2
[[-2.95901203 -3.07453585 -3.5292387  -4.83633041]]
0
[[-3.93757606 -5.5069623  -3.78923917 -4.62338114]]
2
[[-2.95901203 -3.07453585 -3.5292387  -4.83633041]]
0
[[-3.93757606 -5.5069623  -3.78923917 -4.62338114]]
2
[[-2.95901203 -3.07453585 -3.5292387  -4.83633041]]
0
[[-3.93757606 -5.5069623  -3.78923917 -4.62338114]]
2
[[-2.95901203 -3.07453585 -3.5292387  -4.83633041]]
0
[[-3.93757606 -5.5069623  -3.78923917 -4.62338114]]
2
[[-2.95901203 -3.07453585 -3.5292387  -4.83633041]]
0
[[-3.93757606 -5.5069623  -3.78923917 -4.62338114]]
2
[[-2.95901203 -3.07453585 -3.5292387  -4.83633041]]
0
[[-3.93757606 -5.5069623  -3.78923917 -4.62338114]]
2
[[-2.95901203 -3.07453585 -3.5292387  -4.83633041]]
0
[[-3.93757606 -5.5069623  -3.78923917 -4.62338114]]
2
[[-2.95901203 -3.07453585 -3.5292387  -4.83633041]]
0
[[-3.93757606 -5.5069623  -3.78923917 -4.62338114]]
2
[[-2.95901203 -3.07453585 -3.5292387  -4.83633041]]
0
[[-3.93757606 -5.5069623  -3.78923917 -4.62338114]]
2
[[-2.95901203 -3.07453585 -3.5292387  -4.83633041]]
0
[[-3.93757606 -5.5069623  -3.78923917 -4.62338114]]
2
[[-2.95901203 -3.07453585 -3.5292387  -4.83633041]]
0
[[-3.93757606 -5.5069623  -3.78923917 -4.62338114]]
2
[[-2.95901203 -3.07453585 -3.5292387  -4.83633041]]
0
[[-3.93757606 -5.5069623  -3.78923917 -4.62338114]]
2
[[-2.95901203 -3.07453585 -3.5292387  -4.83633041]]
0
[[-3.93757606 -5.5069623  -3.78923917 -4.62338114]]
2
[[-2.95901203 -3.07453585 -3.5292387  -4.83633041]]
0
[[-3.93757606 -5.5069623  -3.78923917 -4.62338114]]
2
[[-2.95901203 -3.07453585 -3.5292387  -4.83633041]]
0
[[-3.93757606 -5.5069623  -3.78923917 -4.62338114]]
2
[[-2.95901203 -3.07453585 -3.5292387  -4.83633041]]
0
[[-3.93757606 -5.5069623  -3.78923917 -4.62338114]]
2
[[-2.95901203 -3.07453585 -3.5292387  -4.83633041]]
0
[[-3.93757606 -5.5069623  -3.78923917 -4.62338114]]
2
[[-2.95901203 -3.07453585 -3.5292387  -4.83633041]]
0
[[-3.93757606 -5.5069623  -3.78923917 -4.62338114]]
2
[[-2.95901203 -3.07453585 -3.5292387  -4.83633041]]
0
[[-3.93757606 -5.5069623  -3.78923917 -4.62338114]]
2
[[-2.95901203 -3.07453585 -3.5292387  -4.83633041]]
0
[[-3.93757606 -5.5069623  -3.78923917 -4.62338114]]
2
[[-2.95901203 -3.07453585 -3.5292387  -4.83633041]]
0
[[-3.93757606 -5.5069623  -3.78923917 -4.62338114]]
2
[[-2.95901203 -3.07453585 -3.5292387  -4.83633041]]
0
[[-3.93757606 -5.5069623  -3.78923917 -4.62338114]]
2
[[-2.95901203 -3.07453585 -3.5292387  -4.83633041]]
0
[[-3.93757606 -5.5069623  -3.78923917 -4.62338114]]
2
[[-2.95901203 -3.07453585 -3.5292387  -4.83633041]]
0
[[-3.93757606 -5.5069623  -3.78923917 -4.62338114]]
2
[[-2.95901203 -3.07453585 -3.5292387  -4.83633041]]
0
[[-3.93757606 -5.5069623  -3.78923917 -4.62338114]]
2
[[-2.95901203 -3.07453585 -3.5292387  -4.83633041]]
0
[[-3.93757606 -5.5069623  -3.78923917 -4.62338114]]
2
[[-2.95901203 -3.07453585 -3.5292387  -4.83633041]]
0
[[-3.93757606 -5.5069623  -3.78923917 -4.62338114]]
2
[[-2.95901203 -3.07453585 -3.5292387  -4.83633041]]
0
[[-3.93757606 -5.5069623  -3.78923917 -4.62338114]]
2
[[-2.95901203 -3.07453585 -3.5292387  -4.83633041]]
0
[[-3.93757606 -5.5069623  -3.78923917 -4.62338114]]
2
[[-2.95901203 -3.07453585 -3.5292387  -4.83633041]]
0
[[-3.93757606 -5.5069623  -3.78923917 -4.62338114]]
2
[[-2.95901203 -3.07453585 -3.5292387  -4.83633041]]
0
[[-3.93757606 -5.5069623  -3.78923917 -4.62338114]]
2
[[-2.95901203 -3.07453585 -3.5292387  -4.83633041]]
0
[[-3.93757606 -5.5069623  -3.78923917 -4.62338114]]
2
[[-2.95901203 -3.07453585 -3.5292387  -4.83633041]]
0
[[-3.93757606 -5.5069623  -3.78923917 -4.62338114]]
2
[[-2.95901203 -3.07453585 -3.5292387  -4.83633041]]
0
FAIL
1/2
