[[-3.03516626 -3.15274739 -3.62926149 -4.94845819]]
0
[[-4.08142376 -5.65285587 -3.94815278 -4.77960348]]
2
[[-3.03516626 -3.15274739 -3.62926149 -4.94845819]]
0
[[-4.08142376 -5.65285587 -3.94815278 -4.77960348]]
2
[[-3.03516626 -3.15274739 -3.62926149 -4.94845819]]
0
[[-4.08142376 -5.65285587 -3.94815278 -4.77960348]]
2
[[-3.03516626 -3.15274739 -3.62926149 -4.94845819]]
0
[[-4.08142376 -5.65285587 -3.94815278 -4.77960348]]
2
[[-3.03516626 -3.15274739 -3.62926149 -4.94845819]]
0
[[-4.08142376 -5.65285587 -3.94815278 -4.77960348]]
2
[[-3.03516626 -3.15274739 -3.62926149 -4.94845819]]
0
[[-4.08142376 -5.65285587 -3.94815278 -4.77960348]]
2
[[-3.03516626 -3.15274739 -3.62926149 -4.94845819]]
0
[[-4.08142376 -5.65285587 -3.94815278 -4.77960348]]
2
[[-3.03516626 -3.15274739 -3.62926149 -4.94845819]]
0
[[-4.08142376 -5.65285587 -3.94815278 -4.77960348]]
2
[[-3.03516626 -3.15274739 -3.62926149 -4.94845819]]
0
[[-4.08142376 -5.65285587 -3.94815278 -4.77960348]]
2
[[-3.03516626 -3.15274739 -3.62926149 -4.94845819]]
0
[[-4.08142376 -5.65285587 -3.94815278 -4.77960348]]
2
[[-3.03516626 -3.15274739 -3.62926149 -4.94845819]]
0
[[-4.08142376 -5.65285587 -3.94815278 -4.77960348]]
2
[[-3.03516626 -3.15274739 -3.62926149 -4.94845819]]
0
[[-4.08142376 -5.65285587 -3.94815278 -4.77960348]]
2
[[-3.03516626 -3.15274739 -3.62926149 -4.94845819]]
0
[[-4.08142376 -5.65285587 -3.94815278 -4.77960348]]
2
[[-3.03516626 -3.15274739 -3.62926149 -4.94845819]]
0
[[-4.08142376 -5.65285587 -3.94815278 -4.77960348]]
2
[[-3.03516626 -3.15274739 -3.62926149 -4.94845819]]
0
[[-4.08142376 -5.65285587 -3.94815278 -4.77960348]]
2
[[-3.03516626 -3.15274739 -3.62926149 -4.94845819]]
0
[[-4.08142376 -5.65285587 -3.94815278 -4.77960348]]
2
[[-3.03516626 -3.15274739 -3.62926149 -4.94845819]]
0
[[-4.08142376 -5.65285587 -3.94815278 -4.77960348]]
2
[[-3.03516626 -3.15274739 -3.62926149 -4.94845819]]
0
[[-4.08142376 -5.65285587 -3.94815278 -4.77960348]]
2
[[-3.03516626 -3.15274739 -3.62926149 -4.94845819]]
0
[[-4.08142376 -5.65285587 -3.94815278 -4.77960348]]
2
[[-3.03516626 -3.15274739 -3.62926149 -4.94845819]]
0
[[-4.08142376 -5.65285587 -3.94815278 -4.77960348]]
2
[[-3.03516626 -3.15274739 -3.62926149 -4.94845819]]
0
[[-4.08142376 -5.65285587 -3.94815278 -4.77960348]]
2
[[-3.03516626 -3.15274739 -3.62926149 -4.94845819]]
0
[[-4.08142376 -5.65285587 -3.94815278 -4.77960348]]
2
[[-3.03516626 -3.15274739 -3.62926149 -4.94845819]]
0
[[-4.08142376 -5.65285587 -3.94815278 -4.77960348]]
2
[[-3.03516626 -3.15274739 -3.62926149 -4.94845819]]
0
[[-4.08142376 -5.65285587 -3.94815278 -4.77960348]]
2
[[-3.03516626 -3.15274739 -3.62926149 -4.94845819]]
0
[[-4.08142376 -5.65285587 -3.94815278 -4.77960348]]
2
[[-3.03516626 -3.15274739 -3.62926149 -4.94845819]]
0
[[-4.08142376 -5.65285587 -3.94815278 -4.77960348]]
2
[[-3.03516626 -3.15274739 -3.62926149 -4.94845819]]
0
[[-4.08142376 -5.65285587 -3.94815278 -4.77960348]]
2
[[-3.03516626 -3.15274739 -3.62926149 -4.94845819]]
0
[[-4.08142376 -5.65285587 -3.94815278 -4.77960348]]
2
[[-3.03516626 -3.15274739 -3.62926149 -4.94845819]]
0
[[-4.08142376 -5.65285587 -3.94815278 -4.77960348]]
2
[[-3.03516626 -3.15274739 -3.62926149 -4.94845819]]
0
[[-4.08142376 -5.65285587 -3.94815278 -4.77960348]]
2
[[-3.03516626 -3.15274739 -3.62926149 -4.94845819]]
0
[[-4.08142376 -5.65285587 -3.94815278 -4.77960348]]
2
[[-3.03516626 -3.15274739 -3.62926149 -4.94845819]]
0
[[-4.08142376 -5.65285587 -3.94815278 -4.77960348]]
2
[[-3.03516626 -3.15274739 -3.62926149 -4.94845819]]
0
[[-4.08142376 -5.65285587 -3.94815278 -4.77960348]]
2
[[-3.03516626 -3.15274739 -3.62926149 -4.94845819]]
0
[[-4.08142376 -5.65285587 -3.94815278 -4.77960348]]
2
[[-3.03516626 -3.15274739 -3.62926149 -4.94845819]]
0
[[-4.08142376 -5.65285587 -3.94815278 -4.77960348]]
2
[[-3.03516626 -3.15274739 -3.62926149 -4.94845819]]
0
[[-4.08142376 -5.65285587 -3.94815278 -4.77960348]]
2
[[-3.03516626 -3.15274739 -3.62926149 -4.94845819]]
0
[[-4.08142376 -5.65285587 -3.94815278 -4.77960348]]
2
[[-3.03516626 -3.15274739 -3.62926149 -4.94845819]]
0
[[-4.08142376 -5.65285587 -3.94815278 -4.77960348]]
2
[[-3.03516626 -3.15274739 -3.62926149 -4.94845819]]
0
[[-4.08142376 -5.65285587 -3.94815278 -4.77960348]]
2
[[-3.03516626 -3.15274739 -3.62926149 -4.94845819]]
0
[[-4.08142376 -5.65285587 -3.94815278 -4.77960348]]
2
[[-3.03516626 -3.15274739 -3.62926149 -4.94845819]]
0
[[-4.08142376 -5.65285587 -3.94815278 -4.77960348]]
2
[[-3.03516626 -3.15274739 -3.62926149 -4.94845819]]
0
[[-4.08142376 -5.65285587 -3.94815278 -4.77960348]]
2
[[-3.03516626 -3.15274739 -3.62926149 -4.94845819]]
0
[[-4.08142376 -5.65285587 -3.94815278 -4.77960348]]
2
[[-3.03516626 -3.15274739 -3.62926149 -4.94845819]]
0
[[-4.08142376 -5.65285587 -3.94815278 -4.77960348]]
2
[[-3.03516626 -3.15274739 -3.62926149 -4.94845819]]
0
[[-4.08142376 -5.65285587 -3.94815278 -4.77960348]]
2
[[-3.03516626 -3.15274739 -3.62926149 -4.94845819]]
0
[[-4.08142376 -5.65285587 -3.94815278 -4.77960348]]
2
[[-3.03516626 -3.15274739 -3.62926149 -4.94845819]]
0
[[-4.08142376 -5.65285587 -3.94815278 -4.77960348]]
2
[[-3.03516626 -3.15274739 -3.62926149 -4.94845819]]
0
[[-4.08142376 -5.65285587 -3.94815278 -4.77960348]]
2
[[-3.03516626 -3.15274739 -3.62926149 -4.94845819]]
0
[[-4.08142376 -5.65285587 -3.94815278 -4.77960348]]
2
[[-3.03516626 -3.15274739 -3.62926149 -4.94845819]]
0
[[-4.08142376 -5.65285587 -3.94815278 -4.77960348]]
2
[[-3.03516626 -3.15274739 -3.62926149 -4.94845819]]
0
FAIL
1/2
