[[-3.0973649  -3.21739435 -3.72394204 -5.05540419]]
0
[[-4.20808744 -5.7813673  -4.09658241 -4.93379927]]
2
[[-3.0973649  -3.21739435 -3.72394204 -5.05540419]]
0
[[-4.20808744 -5.7813673  -4.09658241 -4.93379927]]
2
[[-3.0973649  -3.21739435 -3.72394204 -5.05540419]]
0
[[-4.20808744 -5.7813673  -4.09658241 -4.93379927]]
2
[[-3.0973649  -3.21739435 -3.72394204 -5.05540419]]
0
[[-4.20808744 -5.7813673  -4.09658241 -4.93379927]]
2
[[-3.0973649  -3.21739435 -3.72394204 -5.05540419]]
0
[[-4.20808744 -5.7813673  -4.09658241 -4.93379927]]
2
[[-3.0973649  -3.21739435 -3.72394204 -5.05540419]]
0
[[-4.20808744 -5.7813673  -4.09658241 -4.93379927]]
2
[[-3.0973649  -3.21739435 -3.72394204 -5.05540419]]
0
[[-4.20808744 -5.7813673  -4.09658241 -4.93379927]]
2
[[-3.0973649  -3.21739435 -3.72394204 -5.05540419]]
0
[[-4.20808744 -5.7813673  -4.09658241 -4.93379927]]
2
[[-3.0973649  -3.21739435 -3.72394204 -5.05540419]]
0
[[-4.20808744 -5.7813673  -4.09658241 -4.93379927]]
2
[[-3.0973649  -3.21739435 -3.72394204 -5.05540419]]
0
[[-4.20808744 -5.7813673  -4.09658241 -4.93379927]]
2
[[-3.0973649  -3.21739435 -3.72394204 -5.05540419]]
0
[[-4.20808744 -5.7813673  -4.09658241 -4.93379927]]
2
[[-3.0973649  -3.21739435 -3.72394204 -5.05540419]]
0
[[-4.20808744 -5.7813673  -4.09658241 -4.93379927]]
2
[[-3.0973649  -3.21739435 -3.72394204 -5.05540419]]
0
[[-4.20808744 -5.7813673  -4.09658241 -4.93379927]]
2
[[-3.0973649  -3.21739435 -3.72394204 -5.05540419]]
0
[[-4.20808744 -5.7813673  -4.09658241 -4.93379927]]
2
[[-3.0973649  -3.21739435 -3.72394204 -5.05540419]]
0
[[-4.20808744 -5.7813673  -4.09658241 -4.93379927]]
2
[[-3.0973649  -3.21739435 -3.72394204 -5.05540419]]
0
[[-4.20808744 -5.7813673  -4.09658241 -4.93379927]]
2
[[-3.0973649  -3.21739435 -3.72394204 -5.05540419]]
0
[[-4.20808744 -5.7813673  -4.09658241 -4.93379927]]
2
[[-3.0973649  -3.21739435 -3.72394204 -5.05540419]]
0
[[-4.20808744 -5.7813673  -4.09658241 -4.93379927]]
2
[[-3.0973649  -3.21739435 -3.72394204 -5.05540419]]
0
[[-4.20808744 -5.7813673  -4.09658241 -4.93379927]]
2
[[-3.0973649  -3.21739435 -3.72394204 -5.05540419]]
0
[[-4.20808744 -5.7813673  -4.09658241 -4.93379927]]
2
[[-3.0973649  -3.21739435 -3.72394204 -5.05540419]]
0
[[-4.20808744 -5.7813673  -4.09658241 -4.93379927]]
2
[[-3.0973649  -3.21739435 -3.72394204 -5.05540419]]
0
[[-4.20808744 -5.7813673  -4.09658241 -4.93379927]]
2
[[-3.0973649  -3.21739435 -3.72394204 -5.05540419]]
0
[[-4.20808744 -5.7813673  -4.09658241 -4.93379927]]
2
[[-3.0973649  -3.21739435 -3.72394204 -5.05540419]]
0
[[-4.20808744 -5.7813673  -4.09658241 -4.93379927]]
2
[[-3.0973649  -3.21739435 -3.72394204 -5.05540419]]
0
[[-4.20808744 -5.7813673  -4.09658241 -4.93379927]]
2
[[-3.0973649  -3.21739435 -3.72394204 -5.05540419]]
0
[[-4.20808744 -5.7813673  -4.09658241 -4.93379927]]
2
[[-3.0973649  -3.21739435 -3.72394204 -5.05540419]]
0
[[-4.20808744 -5.7813673  -4.09658241 -4.93379927]]
2
[[-3.0973649  -3.21739435 -3.72394204 -5.05540419]]
0
[[-4.20808744 -5.7813673  -4.09658241 -4.93379927]]
2
[[-3.0973649  -3.21739435 -3.72394204 -5.05540419]]
0
[[-4.20808744 -5.7813673  -4.09658241 -4.93379927]]
2
[[-3.0973649  -3.21739435 -3.72394204 -5.05540419]]
0
[[-4.20808744 -5.7813673  -4.09658241 -4.93379927]]
2
[[-3.0973649  -3.21739435 -3.72394204 -5.05540419]]
0
[[-4.20808744 -5.7813673  -4.09658241 -4.93379927]]
2
[[-3.0973649  -3.21739435 -3.72394204 -5.05540419]]
0
[[-4.20808744 -5.7813673  -4.09658241 -4.93379927]]
2
[[-3.0973649  -3.21739435 -3.72394204 -5.05540419]]
0
[[-4.20808744 -5.7813673  -4.09658241 -4.93379927]]
2
[[-3.0973649  -3.21739435 -3.72394204 -5.05540419]]
0
[[-4.20808744 -5.7813673  -4.09658241 -4.93379927]]
2
[[-3.0973649  -3.21739435 -3.72394204 -5.05540419]]
0
[[-4.20808744 -5.7813673  -4.09658241 -4.93379927]]
2
[[-3.0973649  -3.21739435 -3.72394204 -5.05540419]]
0
[[-4.20808744 -5.7813673  -4.09658241 -4.93379927]]
2
[[-3.0973649  -3.21739435 -3.72394204 -5.05540419]]
0
[[-4.20808744 -5.7813673  -4.09658241 -4.93379927]]
2
[[-3.0973649  -3.21739435 -3.72394204 -5.05540419]]
0
[[-4.20808744 -5.7813673  -4.09658241 -4.93379927]]
2
[[-3.0973649  -3.21739435 -3.72394204 -5.05540419]]
0
[[-4.20808744 -5.7813673  -4.09658241 -4.93379927]]
2
[[-3.0973649  -3.21739435 -3.72394204 -5.05540419]]
0
[[-4.20808744 -5.7813673  -4.09658241 -4.93379927]]
2
[[-3.0973649  -3.21739435 -3.72394204 -5.05540419]]
0
[[-4.20808744 -5.7813673  -4.09658241 -4.93379927]]
2
[[-3.0973649  -3.21739435 -3.72394204 -5.05540419]]
0
[[-4.20808744 -5.7813673  -4.09658241 -4.93379927]]
2
[[-3.0973649  -3.21739435 -3.72394204 -5.05540419]]
0
[[-4.20808744 -5.7813673  -4.09658241 -4.93379927]]
2
[[-3.0973649  -3.21739435 -3.72394204 -5.05540419]]
0
[[-4.20808744 -5.7813673  -4.09658241 -4.93379927]]
2
[[-3.0973649  -3.21739435 -3.72394204 -5.05540419]]
0
[[-4.20808744 -5.7813673  -4.09658241 -4.93379927]]
2
[[-3.0973649  -3.21739435 -3.72394204 -5.05540419]]
0
[[-4.20808744 -5.7813673  -4.09658241 -4.93379927]]
2
[[-3.0973649  -3.21739435 -3.72394204 -5.05540419]]
0
[[-4.20808744 -5.7813673  -4.09658241 -4.93379927]]
2
[[-3.0973649  -3.21739435 -3.72394204 -5.05540419]]
0
[[-4.20808744 -5.7813673  -4.09658241 -4.93379927]]
2
[[-3.0973649  -3.21739435 -3.72394204 -5.05540419]]
0
[[-4.20808744 -5.7813673  -4.09658241 -4.93379927]]
2
[[-3.0973649  -3.21739435 -3.72394204 -5.05540419]]
0
[[-4.20808744 -5.7813673  -4.09658241 -4.93379927]]
2
[[-3.0973649  -3.21739435 -3.72394204 -5.05540419]]
0
FAIL
1/2
