[[-3.14735126 -3.26946926 -3.80922079 -5.15586519]]
0
[[-4.31979322 -5.89551163 -4.23081779 -5.07176828]]
2
[[-3.14735126 -3.26946926 -3.80922079 -5.15586519]]
0
[[-4.31979322 -5.89551163 -4.23081779 -5.07176828]]
2
[[-3.14735126 -3.26946926 -3.80922079 -5.15586519]]
0
[[-4.31979322 -5.89551163 -4.23081779 -5.07176828]]
2
[[-3.14735126 -3.26946926 -3.80922079 -5.15586519]]
0
[[-4.31979322 -5.89551163 -4.23081779 -5.07176828]]
2
[[-3.14735126 -3.26946926 -3.80922079 -5.15586519]]
0
[[-4.31979322 -5.89551163 -4.23081779 -5.07176828]]
2
[[-3.14735126 -3.26946926 -3.80922079 -5.15586519]]
0
[[-4.31979322 -5.89551163 -4.23081779 -5.07176828]]
2
[[-3.14735126 -3.26946926 -3.80922079 -5.15586519]]
0
[[-4.31979322 -5.89551163 -4.23081779 -5.07176828]]
2
[[-3.14735126 -3.26946926 -3.80922079 -5.15586519]]
0
[[-4.31979322 -5.89551163 -4.23081779 -5.07176828]]
2
[[-3.14735126 -3.26946926 -3.80922079 -5.15586519]]
0
[[-4.31979322 -5.89551163 -4.23081779 -5.07176828]]
2
[[-3.14735126 -3.26946926 -3.80922079 -5.15586519]]
0
[[-4.31979322 -5.89551163 -4.23081779 -5.07176828]]
2
[[-3.14735126 -3.26946926 -3.80922079 -5.15586519]]
0
[[-4.31979322 -5.89551163 -4.23081779 -5.07176828]]
2
[[-3.14735126 -3.26946926 -3.80922079 -5.15586519]]
0
[[-4.31979322 -5.89551163 -4.23081779 -5.07176828]]
2
[[-3.14735126 -3.26946926 -3.80922079 -5.15586519]]
0
[[-4.31979322 -5.89551163 -4.23081779 -5.07176828]]
2
[[-3.14735126 -3.26946926 -3.80922079 -5.15586519]]
0
[[-4.31979322 -5.89551163 -4.23081779 -5.07176828]]
2
[[-3.14735126 -3.26946926 -3.80922079 -5.15586519]]
0
[[-4.31979322 -5.89551163 -4.23081779 -5.07176828]]
2
[[-3.14735126 -3.26946926 -3.80922079 -5.15586519]]
0
[[-4.31979322 -5.89551163 -4.23081779 -5.07176828]]
2
[[-3.14735126 -3.26946926 -3.80922079 -5.15586519]]
0
[[-4.31979322 -5.89551163 -4.23081779 -5.07176828]]
2
[[-3.14735126 -3.26946926 -3.80922079 -5.15586519]]
0
[[-4.31979322 -5.89551163 -4.23081779 -5.07176828]]
2
[[-3.14735126 -3.26946926 -3.80922079 -5.15586519]]
0
[[-4.31979322 -5.89551163 -4.23081779 -5.07176828]]
2
[[-3.14735126 -3.26946926 -3.80922079 -5.15586519]]
0
[[-4.31979322 -5.89551163 -4.23081779 -5.07176828]]
2
[[-3.14735126 -3.26946926 -3.80922079 -5.15586519]]
0
[[-4.31979322 -5.89551163 -4.23081779 -5.07176828]]
2
[[-3.14735126 -3.26946926 -3.80922079 -5.15586519]]
0
[[-4.31979322 -5.89551163 -4.23081779 -5.07176828]]
2
[[-3.14735126 -3.26946926 -3.80922079 -5.15586519]]
0
[[-4.31979322 -5.89551163 -4.23081779 -5.07176828]]
2
[[-3.14735126 -3.26946926 -3.80922079 -5.15586519]]
0
[[-4.31979322 -5.89551163 -4.23081779 -5.07176828]]
2
[[-3.14735126 -3.26946926 -3.80922079 -5.15586519]]
0
[[-4.31979322 -5.89551163 -4.23081779 -5.07176828]]
2
[[-3.14735126 -3.26946926 -3.80922079 -5.15586519]]
0
[[-4.31979322 -5.89551163 -4.23081779 -5.07176828]]
2
[[-3.14735126 -3.26946926 -3.80922079 -5.15586519]]
0
[[-4.31979322 -5.89551163 -4.23081779 -5.07176828]]
2
[[-3.14735126 -3.26946926 -3.80922079 -5.15586519]]
0
[[-4.31979322 -5.89551163 -4.23081779 -5.07176828]]
2
[[-3.14735126 -3.26946926 -3.80922079 -5.15586519]]
0
[[-4.31979322 -5.89551163 -4.23081779 -5.07176828]]
2
[[-3.14735126 -3.26946926 -3.80922079 -5.15586519]]
0
[[-4.31979322 -5.89551163 -4.23081779 -5.07176828]]
2
[[-3.14735126 -3.26946926 -3.80922079 -5.15586519]]
0
[[-4.31979322 -5.89551163 -4.23081779 -5.07176828]]
2
[[-3.14735126 -3.26946926 -3.80922079 -5.15586519]]
0
[[-4.31979322 -5.89551163 -4.23081779 -5.07176828]]
2
[[-3.14735126 -3.26946926 -3.80922079 -5.15586519]]
0
[[-4.31979322 -5.89551163 -4.23081779 -5.07176828]]
2
[[-3.14735126 -3.26946926 -3.80922079 -5.15586519]]
0
[[-4.31979322 -5.89551163 -4.23081779 -5.07176828]]
2
[[-3.14735126 -3.26946926 -3.80922079 -5.15586519]]
0
[[-4.31979322 -5.89551163 -4.23081779 -5.07176828]]
2
[[-3.14735126 -3.26946926 -3.80922079 -5.15586519]]
0
[[-4.31979322 -5.89551163 -4.23081779 -5.07176828]]
2
[[-3.14735126 -3.26946926 -3.80922079 -5.15586519]]
0
[[-4.31979322 -5.89551163 -4.23081779 -5.07176828]]
2
[[-3.14735126 -3.26946926 -3.80922079 -5.15586519]]
0
[[-4.31979322 -5.89551163 -4.23081779 -5.07176828]]
2
[[-3.14735126 -3.26946926 -3.80922079 -5.15586519]]
0
[[-4.31979322 -5.89551163 -4.23081779 -5.07176828]]
2
[[-3.14735126 -3.26946926 -3.80922079 -5.15586519]]
0
[[-4.31979322 -5.89551163 -4.23081779 -5.07176828]]
2
[[-3.14735126 -3.26946926 -3.80922079 -5.15586519]]
0
[[-4.31979322 -5.89551163 -4.23081779 -5.07176828]]
2
[[-3.14735126 -3.26946926 -3.80922079 -5.15586519]]
0
[[-4.31979322 -5.89551163 -4.23081779 -5.07176828]]
2
[[-3.14735126 -3.26946926 -3.80922079 -5.15586519]]
0
[[-4.31979322 -5.89551163 -4.23081779 -5.07176828]]
2
[[-3.14735126 -3.26946926 -3.80922079 -5.15586519]]
0
[[-4.31979322 -5.89551163 -4.23081779 -5.07176828]]
2
[[-3.14735126 -3.26946926 -3.80922079 -5.15586519]]
0
[[-4.31979322 -5.89551163 -4.23081779 -5.07176828]]
2
[[-3.14735126 -3.26946926 -3.80922079 -5.15586519]]
0
[[-4.31979322 -5.89551163 -4.23081779 -5.07176828]]
2
[[-3.14735126 -3.26946926 -3.80922079 -5.15586519]]
0
[[-4.31979322 -5.89551163 -4.23081779 -5.07176828]]
2
[[-3.14735126 -3.26946926 -3.80922079 -5.15586519]]
0
[[-4.31979322 -5.89551163 -4.23081779 -5.07176828]]
2
[[-3.14735126 -3.26946926 -3.80922079 -5.15586519]]
0
[[-4.31979322 -5.89551163 -4.23081779 -5.07176828]]
2
[[-3.14735126 -3.26946926 -3.80922079 -5.15586519]]
0
[[-4.31979322 -5.89551163 -4.23081779 -5.07176828]]
2
[[-3.14735126 -3.26946926 -3.80922079 -5.15586519]]
0
FAIL
1/2
