[[-3.19634795 -3.32217741 -3.89191818 -5.25195408]]
0
[[-4.4257865  -6.0049243  -4.35885382 -5.20421696]]
2
[[-3.19634795 -3.32217741 -3.89191818 -5.25195408]]
0
[[-4.4257865  -6.0049243  -4.35885382 -5.20421696]]
2
[[-3.19634795 -3.32217741 -3.89191818 -5.25195408]]
0
[[-4.4257865  -6.0049243  -4.35885382 -5.20421696]]
2
[[-3.19634795 -3.32217741 -3.89191818 -5.25195408]]
0
[[-4.4257865  -6.0049243  -4.35885382 -5.20421696]]
2
[[-3.19634795 -3.32217741 -3.89191818 -5.25195408]]
0
[[-4.4257865  -6.0049243  -4.35885382 -5.20421696]]
2
[[-3.19634795 -3.32217741 -3.89191818 -5.25195408]]
0
[[-4.4257865  -6.0049243  -4.35885382 -5.20421696]]
2
[[-3.19634795 -3.32217741 -3.89191818 -5.25195408]]
0
[[-4.4257865  -6.0049243  -4.35885382 -5.20421696]]
2
[[-3.19634795 -3.32217741 -3.89191818 -5.25195408]]
0
[[-4.4257865  -6.0049243  -4.35885382 -5.20421696]]
2
[[-3.19634795 -3.32217741 -3.89191818 -5.25195408]]
0
[[-4.4257865  -6.0049243  -4.35885382 -5.20421696]]
2
[[-3.19634795 -3.32217741 -3.89191818 -5.25195408]]
0
[[-4.4257865  -6.0049243  -4.35885382 -5.20421696]]
2
[[-3.19634795 -3.32217741 -3.89191818 -5.25195408]]
0
[[-4.4257865  -6.0049243  -4.35885382 -5.20421696]]
2
[[-3.19634795 -3.32217741 -3.89191818 -5.25195408]]
0
[[-4.4257865  -6.0049243  -4.35885382 -5.20421696]]
2
[[-3.19634795 -3.32217741 -3.89191818 -5.25195408]]
0
[[-4.4257865  -6.0049243  -4.35885382 -5.20421696]]
2
[[-3.19634795 -3.32217741 -3.89191818 -5.25195408]]
0
[[-4.4257865  -6.0049243  -4.35885382 -5.20421696]]
2
[[-3.19634795 -3.32217741 -3.89191818 -5.25195408]]
0
[[-4.4257865  -6.0049243  -4.35885382 -5.20421696]]
2
[[-3.19634795 -3.32217741 -3.89191818 -5.25195408]]
0
[[-4.4257865  -6.0049243  -4.35885382 -5.20421696]]
2
[[-3.19634795 -3.32217741 -3.89191818 -5.25195408]]
0
[[-4.4257865  -6.0049243  -4.35885382 -5.20421696]]
2
[[-3.19634795 -3.32217741 -3.89191818 -5.25195408]]
0
[[-4.4257865  -6.0049243  -4.35885382 -5.20421696]]
2
[[-3.19634795 -3.32217741 -3.89191818 -5.25195408]]
0
[[-4.4257865  -6.0049243  -4.35885382 -5.20421696]]
2
[[-3.19634795 -3.32217741 -3.89191818 -5.25195408]]
0
[[-4.4257865  -6.0049243  -4.35885382 -5.20421696]]
2
[[-3.19634795 -3.32217741 -3.89191818 -5.25195408]]
0
[[-4.4257865  -6.0049243  -4.35885382 -5.20421696]]
2
[[-3.19634795 -3.32217741 -3.89191818 -5.25195408]]
0
[[-4.4257865  -6.0049243  -4.35885382 -5.20421696]]
2
[[-3.19634795 -3.32217741 -3.89191818 -5.25195408]]
0
[[-4.4257865  -6.0049243  -4.35885382 -5.20421696]]
2
[[-3.19634795 -3.32217741 -3.89191818 -5.25195408]]
0
[[-4.4257865  -6.0049243  -4.35885382 -5.20421696]]
2
[[-3.19634795 -3.32217741 -3.89191818 -5.25195408]]
0
[[-4.4257865  -6.0049243  -4.35885382 -5.20421696]]
2
[[-3.19634795 -3.32217741 -3.89191818 -5.25195408]]
0
[[-4.4257865  -6.0049243  -4.35885382 -5.20421696]]
2
[[-3.19634795 -3.32217741 -3.89191818 -5.25195408]]
0
[[-4.4257865  -6.0049243  -4.35885382 -5.20421696]]
2
[[-3.19634795 -3.32217741 -3.89191818 -5.25195408]]
0
[[-4.4257865  -6.0049243  -4.35885382 -5.20421696]]
2
[[-3.19634795 -3.32217741 -3.89191818 -5.25195408]]
0
[[-4.4257865  -6.0049243  -4.35885382 -5.20421696]]
2
[[-3.19634795 -3.32217741 -3.89191818 -5.25195408]]
0
[[-4.4257865  -6.0049243  -4.35885382 -5.20421696]]
2
[[-3.19634795 -3.32217741 -3.89191818 -5.25195408]]
0
[[-4.4257865  -6.0049243  -4.35885382 -5.20421696]]
2
[[-3.19634795 -3.32217741 -3.89191818 -5.25195408]]
0
[[-4.4257865  -6.0049243  -4.35885382 -5.20421696]]
2
[[-3.19634795 -3.32217741 -3.89191818 -5.25195408]]
0
[[-4.4257865  -6.0049243  -4.35885382 -5.20421696]]
2
[[-3.19634795 -3.32217741 -3.89191818 -5.25195408]]
0
[[-4.4257865  -6.0049243  -4.35885382 -5.20421696]]
2
[[-3.19634795 -3.32217741 -3.89191818 -5.25195408]]
0
[[-4.4257865  -6.0049243  -4.35885382 -5.20421696]]
2
[[-3.19634795 -3.32217741 -3.89191818 -5.25195408]]
0
[[-4.4257865  -6.0049243  -4.35885382 -5.20421696]]
2
[[-3.19634795 -3.32217741 -3.89191818 -5.25195408]]
0
[[-4.4257865  -6.0049243  -4.35885382 -5.20421696]]
2
[[-3.19634795 -3.32217741 -3.89191818 -5.25195408]]
0
[[-4.4257865  -6.0049243  -4.35885382 -5.20421696]]
2
[[-3.19634795 -3.32217741 -3.89191818 -5.25195408]]
0
[[-4.4257865  -6.0049243  -4.35885382 -5.20421696]]
2
[[-3.19634795 -3.32217741 -3.89191818 -5.25195408]]
0
[[-4.4257865  -6.0049243  -4.35885382 -5.20421696]]
2
[[-3.19634795 -3.32217741 -3.89191818 -5.25195408]]
0
[[-4.4257865  -6.0049243  -4.35885382 -5.20421696]]
2
[[-3.19634795 -3.32217741 -3.89191818 -5.25195408]]
0
[[-4.4257865  -6.0049243  -4.35885382 -5.20421696]]
2
[[-3.19634795 -3.32217741 -3.89191818 -5.25195408]]
0
[[-4.4257865  -6.0049243  -4.35885382 -5.20421696]]
2
[[-3.19634795 -3.32217741 -3.89191818 -5.25195408]]
0
[[-4.4257865  -6.0049243  -4.35885382 -5.20421696]]
2
[[-3.19634795 -3.32217741 -3.89191818 -5.25195408]]
0
[[-4.4257865  -6.0049243  -4.35885382 -5.20421696]]
2
[[-3.19634795 -3.32217741 -3.89191818 -5.25195408]]
0
[[-4.4257865  -6.0049243  -4.35885382 -5.20421696]]
2
[[-3.19634795 -3.32217741 -3.89191818 -5.25195408]]
0
[[-4.4257865  -6.0049243  -4.35885382 -5.20421696]]
2
[[-3.19634795 -3.32217741 -3.89191818 -5.25195408]]
0
[[-4.4257865  -6.0049243  -4.35885382 -5.20421696]]
2
[[-3.19634795 -3.32217741 -3.89191818 -5.25195408]]
0
[[-4.4257865  -6.0049243  -4.35885382 -5.20421696]]
2
[[-3.19634795 -3.32217741 -3.89191818 -5.25195408]]
0
[[-4.4257865  -6.0049243  -4.35885382 -5.20421696]]
2
[[-3.19634795 -3.32217741 -3.89191818 -5.25195408]]
0
FAIL
1/2
