[[-3.23777676 -3.36748672 -3.96874785 -5.34314823]]
0
[[-4.5265069  -6.10848713 -4.48484421 -5.33857584]]
2
[[-3.23777676 -3.36748672 -3.96874785 -5.34314823]]
0
[[-4.5265069  -6.10848713 -4.48484421 -5.33857584]]
2
[[-3.23777676 -3.36748672 -3.96874785 -5.34314823]]
0
[[-4.5265069  -6.10848713 -4.48484421 -5.33857584]]
2
[[-3.23777676 -3.36748672 -3.96874785 -5.34314823]]
0
[[-4.5265069  -6.10848713 -4.48484421 -5.33857584]]
2
[[-3.23777676 -3.36748672 -3.96874785 -5.34314823]]
0
[[-4.5265069  -6.10848713 -4.48484421 -5.33857584]]
2
[[-3.23777676 -3.36748672 -3.96874785 -5.34314823]]
0
[[-4.5265069  -6.10848713 -4.48484421 -5.33857584]]
2
[[-3.23777676 -3.36748672 -3.96874785 -5.34314823]]
0
[[-4.5265069  -6.10848713 -4.48484421 -5.33857584]]
2
[[-3.23777676 -3.36748672 -3.96874785 -5.34314823]]
0
[[-4.5265069  -6.10848713 -4.48484421 -5.33857584]]
2
[[-3.23777676 -3.36748672 -3.96874785 -5.34314823]]
0
[[-4.5265069  -6.10848713 -4.48484421 -5.33857584]]
2
[[-3.23777676 -3.36748672 -3.96874785 -5.34314823]]
0
[[-4.5265069  -6.10848713 -4.48484421 -5.33857584]]
2
[[-3.23777676 -3.36748672 -3.96874785 -5.34314823]]
0
[[-4.5265069  -6.10848713 -4.48484421 -5.33857584]]
2
[[-3.23777676 -3.36748672 -3.96874785 -5.34314823]]
0
[[-4.5265069  -6.10848713 -4.48484421 -5.33857584]]
2
[[-3.23777676 -3.36748672 -3.96874785 -5.34314823]]
0
[[-4.5265069  -6.10848713 -4.48484421 -5.33857584]]
2
[[-3.23777676 -3.36748672 -3.96874785 -5.34314823]]
0
[[-4.5265069  -6.10848713 -4.48484421 -5.33857584]]
2
[[-3.23777676 -3.36748672 -3.96874785 -5.34314823]]
0
[[-4.5265069  -6.10848713 -4.48484421 -5.33857584]]
2
[[-3.23777676 -3.36748672 -3.96874785 -5.34314823]]
0
[[-4.5265069  -6.10848713 -4.48484421 -5.33857584]]
2
[[-3.23777676 -3.36748672 -3.96874785 -5.34314823]]
0
[[-4.5265069  -6.10848713 -4.48484421 -5.33857584]]
2
[[-3.23777676 -3.36748672 -3.96874785 -5.34314823]]
0
[[-4.5265069  -6.10848713 -4.48484421 -5.33857584]]
2
[[-3.23777676 -3.36748672 -3.96874785 -5.34314823]]
0
[[-4.5265069  -6.10848713 -4.48484421 -5.33857584]]
2
[[-3.23777676 -3.36748672 -3.96874785 -5.34314823]]
0
[[-4.5265069  -6.10848713 -4.48484421 -5.33857584]]
2
[[-3.23777676 -3.36748672 -3.96874785 -5.34314823]]
0
[[-4.5265069  -6.10848713 -4.48484421 -5.33857584]]
2
[[-3.23777676 -3.36748672 -3.96874785 -5.34314823]]
0
[[-4.5265069  -6.10848713 -4.48484421 -5.33857584]]
2
[[-3.23777676 -3.36748672 -3.96874785 -5.34314823]]
0
[[-4.5265069  -6.10848713 -4.48484421 -5.33857584]]
2
[[-3.23777676 -3.36748672 -3.96874785 -5.34314823]]
0
[[-4.5265069  -6.10848713 -4.48484421 -5.33857584]]
2
[[-3.23777676 -3.36748672 -3.96874785 -5.34314823]]
0
[[-4.5265069  -6.10848713 -4.48484421 -5.33857584]]
2
[[-3.23777676 -3.36748672 -3.96874785 -5.34314823]]
0
[[-4.5265069  -6.10848713 -4.48484421 -5.33857584]]
2
[[-3.23777676 -3.36748672 -3.96874785 -5.34314823]]
0
[[-4.5265069  -6.10848713 -4.48484421 -5.33857584]]
2
[[-3.23777676 -3.36748672 -3.96874785 -5.34314823]]
0
[[-4.5265069  -6.10848713 -4.48484421 -5.33857584]]
2
[[-3.23777676 -3.36748672 -3.96874785 -5.34314823]]
0
[[-4.5265069  -6.10848713 -4.48484421 -5.33857584]]
2
[[-3.23777676 -3.36748672 -3.96874785 -5.34314823]]
0
[[-4.5265069  -6.10848713 -4.48484421 -5.33857584]]
2
[[-3.23777676 -3.36748672 -3.96874785 -5.34314823]]
0
[[-4.5265069  -6.10848713 -4.48484421 -5.33857584]]
2
[[-3.23777676 -3.36748672 -3.96874785 -5.34314823]]
0
[[-4.5265069  -6.10848713 -4.48484421 -5.33857584]]
2
[[-3.23777676 -3.36748672 -3.96874785 -5.34314823]]
0
[[-4.5265069  -6.10848713 -4.48484421 -5.33857584]]
2
[[-3.23777676 -3.36748672 -3.96874785 -5.34314823]]
0
[[-4.5265069  -6.10848713 -4.48484421 -5.33857584]]
2
[[-3.23777676 -3.36748672 -3.96874785 -5.34314823]]
0
[[-4.5265069  -6.10848713 -4.48484421 -5.33857584]]
2
[[-3.23777676 -3.36748672 -3.96874785 -5.34314823]]
0
[[-4.5265069  -6.10848713 -4.48484421 -5.33857584]]
2
[[-3.23777676 -3.36748672 -3.96874785 -5.34314823]]
0
[[-4.5265069  -6.10848713 -4.48484421 -5.33857584]]
2
[[-3.23777676 -3.36748672 -3.96874785 -5.34314823]]
0
[[-4.5265069  -6.10848713 -4.48484421 -5.33857584]]
2
[[-3.23777676 -3.36748672 -3.96874785 -5.34314823]]
0
[[-4.5265069  -6.10848713 -4.48484421 -5.33857584]]
2
[[-3.23777676 -3.36748672 -3.96874785 -5.34314823]]
0
[[-4.5265069  -6.10848713 -4.48484421 -5.33857584]]
2
[[-3.23777676 -3.36748672 -3.96874785 -5.34314823]]
0
[[-4.5265069  -6.10848713 -4.48484421 -5.33857584]]
2
[[-3.23777676 -3.36748672 -3.96874785 -5.34314823]]
0
[[-4.5265069  -6.10848713 -4.48484421 -5.33857584]]
2
[[-3.23777676 -3.36748672 -3.96874785 -5.34314823]]
0
[[-4.5265069  -6.10848713 -4.48484421 -5.33857584]]
2
[[-3.23777676 -3.36748672 -3.96874785 -5.34314823]]
0
[[-4.5265069  -6.10848713 -4.48484421 -5.33857584]]
2
[[-3.23777676 -3.36748672 -3.96874785 -5.34314823]]
0
[[-4.5265069  -6.10848713 -4.48484421 -5.33857584]]
2
[[-3.23777676 -3.36748672 -3.96874785 -5.34314823]]
0
[[-4.5265069  -6.10848713 -4.48484421 -5.33857584]]
2
[[-3.23777676 -3.36748672 -3.96874785 -5.34314823]]
0
[[-4.5265069  -6.10848713 -4.48484421 -5.33857584]]
2
[[-3.23777676 -3.36748672 -3.96874785 -5.34314823]]
0
[[-4.5265069  -6.10848713 -4.48484421 -5.33857584]]
2
[[-3.23777676 -3.36748672 -3.96874785 -5.34314823]]
0
[[-4.5265069  -6.10848713 -4.48484421 -5.33857584]]
2
[[-3.23777676 -3.36748672 -3.96874785 -5.34314823]]
0
[[-4.5265069  -6.10848713 -4.48484421 -5.33857584]]
2
[[-3.23777676 -3.36748672 -3.96874785 -5.34314823]]
0
FAIL
1/2
