[[-3.28168964 -3.41651511 -4.04683256 -5.43777466]]
0
[[-4.61533928 -6.200284   -4.59877682 -5.46907043]]
2
[[-3.28168964 -3.41651511 -4.04683256 -5.43777466]]
0
[[-4.61533928 -6.200284   -4.59877682 -5.46907043]]
2
[[-3.28168964 -3.41651511 -4.04683256 -5.43777466]]
0
[[-4.61533928 -6.200284   -4.59877682 -5.46907043]]
2
[[-3.28168964 -3.41651511 -4.04683256 -5.43777466]]
0
[[-4.61533928 -6.200284   -4.59877682 -5.46907043]]
2
[[-3.28168964 -3.41651511 -4.04683256 -5.43777466]]
0
[[-4.61533928 -6.200284   -4.59877682 -5.46907043]]
2
[[-3.28168964 -3.41651511 -4.04683256 -5.43777466]]
0
[[-4.61533928 -6.200284   -4.59877682 -5.46907043]]
2
[[-3.28168964 -3.41651511 -4.04683256 -5.43777466]]
0
[[-4.61533928 -6.200284   -4.59877682 -5.46907043]]
2
[[-3.28168964 -3.41651511 -4.04683256 -5.43777466]]
0
[[-4.61533928 -6.200284   -4.59877682 -5.46907043]]
2
[[-3.28168964 -3.41651511 -4.04683256 -5.43777466]]
0
[[-4.61533928 -6.200284   -4.59877682 -5.46907043]]
2
[[-3.28168964 -3.41651511 -4.04683256 -5.43777466]]
0
[[-4.61533928 -6.200284   -4.59877682 -5.46907043]]
2
[[-3.28168964 -3.41651511 -4.04683256 -5.43777466]]
0
[[-4.61533928 -6.200284   -4.59877682 -5.46907043]]
2
[[-3.28168964 -3.41651511 -4.04683256 -5.43777466]]
0
[[-4.61533928 -6.200284   -4.59877682 -5.46907043]]
2
[[-3.28168964 -3.41651511 -4.04683256 -5.43777466]]
0
[[-4.61533928 -6.200284   -4.59877682 -5.46907043]]
2
[[-3.28168964 -3.41651511 -4.04683256 -5.43777466]]
0
[[-4.61533928 -6.200284   -4.59877682 -5.46907043]]
2
[[-3.28168964 -3.41651511 -4.04683256 -5.43777466]]
0
[[-4.61533928 -6.200284   -4.59877682 -5.46907043]]
2
[[-3.28168964 -3.41651511 -4.04683256 -5.43777466]]
0
[[-4.61533928 -6.200284   -4.59877682 -5.46907043]]
2
[[-3.28168964 -3.41651511 -4.04683256 -5.43777466]]
0
[[-4.61533928 -6.200284   -4.59877682 -5.46907043]]
2
[[-3.28168964 -3.41651511 -4.04683256 -5.43777466]]
0
[[-4.61533928 -6.200284   -4.59877682 -5.46907043]]
2
[[-3.28168964 -3.41651511 -4.04683256 -5.43777466]]
0
[[-4.61533928 -6.200284   -4.59877682 -5.46907043]]
2
[[-3.28168964 -3.41651511 -4.04683256 -5.43777466]]
0
[[-4.61533928 -6.200284   -4.59877682 -5.46907043]]
2
[[-3.28168964 -3.41651511 -4.04683256 -5.43777466]]
0
[[-4.61533928 -6.200284   -4.59877682 -5.46907043]]
2
[[-3.28168964 -3.41651511 -4.04683256 -5.43777466]]
0
[[-4.61533928 -6.200284   -4.59877682 -5.46907043]]
2
[[-3.28168964 -3.41651511 -4.04683256 -5.43777466]]
0
[[-4.61533928 -6.200284   -4.59877682 -5.46907043]]
2
[[-3.28168964 -3.41651511 -4.04683256 -5.43777466]]
0
[[-4.61533928 -6.200284   -4.59877682 -5.46907043]]
2
[[-3.28168964 -3.41651511 -4.04683256 -5.43777466]]
0
[[-4.61533928 -6.200284   -4.59877682 -5.46907043]]
2
[[-3.28168964 -3.41651511 -4.04683256 -5.43777466]]
0
[[-4.61533928 -6.200284   -4.59877682 -5.46907043]]
2
[[-3.28168964 -3.41651511 -4.04683256 -5.43777466]]
0
[[-4.61533928 -6.200284   -4.59877682 -5.46907043]]
2
[[-3.28168964 -3.41651511 -4.04683256 -5.43777466]]
0
[[-4.61533928 -6.200284   -4.59877682 -5.46907043]]
2
[[-3.28168964 -3.41651511 -4.04683256 -5.43777466]]
0
[[-4.61533928 -6.200284   -4.59877682 -5.46907043]]
2
[[-3.28168964 -3.41651511 -4.04683256 -5.43777466]]
0
[[-4.61533928 -6.200284   -4.59877682 -5.46907043]]
2
[[-3.28168964 -3.41651511 -4.04683256 -5.43777466]]
0
[[-4.61533928 -6.200284   -4.59877682 -5.46907043]]
2
[[-3.28168964 -3.41651511 -4.04683256 -5.43777466]]
0
[[-4.61533928 -6.200284   -4.59877682 -5.46907043]]
2
[[-3.28168964 -3.41651511 -4.04683256 -5.43777466]]
0
[[-4.61533928 -6.200284   -4.59877682 -5.46907043]]
2
[[-3.28168964 -3.41651511 -4.04683256 -5.43777466]]
0
[[-4.61533928 -6.200284   -4.59877682 -5.46907043]]
2
[[-3.28168964 -3.41651511 -4.04683256 -5.43777466]]
0
[[-4.61533928 -6.200284   -4.59877682 -5.46907043]]
2
[[-3.28168964 -3.41651511 -4.04683256 -5.43777466]]
0
[[-4.61533928 -6.200284   -4.59877682 -5.46907043]]
2
[[-3.28168964 -3.41651511 -4.04683256 -5.43777466]]
0
[[-4.61533928 -6.200284   -4.59877682 -5.46907043]]
2
[[-3.28168964 -3.41651511 -4.04683256 -5.43777466]]
0
[[-4.61533928 -6.200284   -4.59877682 -5.46907043]]
2
[[-3.28168964 -3.41651511 -4.04683256 -5.43777466]]
0
[[-4.61533928 -6.200284   -4.59877682 -5.46907043]]
2
[[-3.28168964 -3.41651511 -4.04683256 -5.43777466]]
0
[[-4.61533928 -6.200284   -4.59877682 -5.46907043]]
2
[[-3.28168964 -3.41651511 -4.04683256 -5.43777466]]
0
[[-4.61533928 -6.200284   -4.59877682 -5.46907043]]
2
[[-3.28168964 -3.41651511 -4.04683256 -5.43777466]]
0
[[-4.61533928 -6.200284   -4.59877682 -5.46907043]]
2
[[-3.28168964 -3.41651511 -4.04683256 -5.43777466]]
0
[[-4.61533928 -6.200284   -4.59877682 -5.46907043]]
2
[[-3.28168964 -3.41651511 -4.04683256 -5.43777466]]
0
[[-4.61533928 -6.200284   -4.59877682 -5.46907043]]
2
[[-3.28168964 -3.41651511 -4.04683256 -5.43777466]]
0
[[-4.61533928 -6.200284   -4.59877682 -5.46907043]]
2
[[-3.28168964 -3.41651511 -4.04683256 -5.43777466]]
0
[[-4.61533928 -6.200284   -4.59877682 -5.46907043]]
2
[[-3.28168964 -3.41651511 -4.04683256 -5.43777466]]
0
[[-4.61533928 -6.200284   -4.59877682 -5.46907043]]
2
[[-3.28168964 -3.41651511 -4.04683256 -5.43777466]]
0
[[-4.61533928 -6.200284   -4.59877682 -5.46907043]]
2
[[-3.28168964 -3.41651511 -4.04683256 -5.43777466]]
0
[[-4.61533928 -6.200284   -4.59877682 -5.46907043]]
2
[[-3.28168964 -3.41651511 -4.04683256 -5.43777466]]
0
[[-4.61533928 -6.200284   -4.59877682 -5.46907043]]
2
[[-3.28168964 -3.41651511 -4.04683256 -5.43777466]]
0
FAIL
1/2
