[[-3.32693315 -3.47036576 -4.12286901 -5.53160858]]
0
[[-4.70251083 -6.29339314 -4.70221758 -5.59111643]]
2
[[-3.32693315 -3.47036576 -4.12286901 -5.53160858]]
0
[[-4.70251083 -6.29339314 -4.70221758 -5.59111643]]
2
[[-3.32693315 -3.47036576 -4.12286901 -5.53160858]]
0
[[-4.70251083 -6.29339314 -4.70221758 -5.59111643]]
2
[[-3.32693315 -3.47036576 -4.12286901 -5.53160858]]
0
[[-4.70251083 -6.29339314 -4.70221758 -5.59111643]]
2
[[-3.32693315 -3.47036576 -4.12286901 -5.53160858]]
0
[[-4.70251083 -6.29339314 -4.70221758 -5.59111643]]
2
[[-3.32693315 -3.47036576 -4.12286901 -5.53160858]]
0
[[-4.70251083 -6.29339314 -4.70221758 -5.59111643]]
2
[[-3.32693315 -3.47036576 -4.12286901 -5.53160858]]
0
[[-4.70251083 -6.29339314 -4.70221758 -5.59111643]]
2
[[-3.32693315 -3.47036576 -4.12286901 -5.53160858]]
0
[[-4.70251083 -6.29339314 -4.70221758 -5.59111643]]
2
[[-3.32693315 -3.47036576 -4.12286901 -5.53160858]]
0
[[-4.70251083 -6.29339314 -4.70221758 -5.59111643]]
2
[[-3.32693315 -3.47036576 -4.12286901 -5.53160858]]
0
[[-4.70251083 -6.29339314 -4.70221758 -5.59111643]]
2
[[-3.32693315 -3.47036576 -4.12286901 -5.53160858]]
0
[[-4.70251083 -6.29339314 -4.70221758 -5.59111643]]
2
[[-3.32693315 -3.47036576 -4.12286901 -5.53160858]]
0
[[-4.70251083 -6.29339314 -4.70221758 -5.59111643]]
2
[[-3.32693315 -3.47036576 -4.12286901 -5.53160858]]
0
[[-4.70251083 -6.29339314 -4.70221758 -5.59111643]]
2
[[-3.32693315 -3.47036576 -4.12286901 -5.53160858]]
0
[[-4.70251083 -6.29339314 -4.70221758 -5.59111643]]
2
[[-3.32693315 -3.47036576 -4.12286901 -5.53160858]]
0
[[-4.70251083 -6.29339314 -4.70221758 -5.59111643]]
2
[[-3.32693315 -3.47036576 -4.12286901 -5.53160858]]
0
[[-4.70251083 -6.29339314 -4.70221758 -5.59111643]]
2
[[-3.32693315 -3.47036576 -4.12286901 -5.53160858]]
0
[[-4.70251083 -6.29339314 -4.70221758 -5.59111643]]
2
[[-3.32693315 -3.47036576 -4.12286901 -5.53160858]]
0
[[-4.70251083 -6.29339314 -4.70221758 -5.59111643]]
2
[[-3.32693315 -3.47036576 -4.12286901 -5.53160858]]
0
[[-4.70251083 -6.29339314 -4.70221758 -5.59111643]]
2
[[-3.32693315 -3.47036576 -4.12286901 -5.53160858]]
0
[[-4.70251083 -6.29339314 -4.70221758 -5.59111643]]
2
[[-3.32693315 -3.47036576 -4.12286901 -5.53160858]]
0
[[-4.70251083 -6.29339314 -4.70221758 -5.59111643]]
2
[[-3.32693315 -3.47036576 -4.12286901 -5.53160858]]
0
[[-4.70251083 -6.29339314 -4.70221758 -5.59111643]]
2
[[-3.32693315 -3.47036576 -4.12286901 -5.53160858]]
0
[[-4.70251083 -6.29339314 -4.70221758 -5.59111643]]
2
[[-3.32693315 -3.47036576 -4.12286901 -5.53160858]]
0
[[-4.70251083 -6.29339314 -4.70221758 -5.59111643]]
2
[[-3.32693315 -3.47036576 -4.12286901 -5.53160858]]
0
[[-4.70251083 -6.29339314 -4.70221758 -5.59111643]]
2
[[-3.32693315 -3.47036576 -4.12286901 -5.53160858]]
0
[[-4.70251083 -6.29339314 -4.70221758 -5.59111643]]
2
[[-3.32693315 -3.47036576 -4.12286901 -5.53160858]]
0
[[-4.70251083 -6.29339314 -4.70221758 -5.59111643]]
2
[[-3.32693315 -3.47036576 -4.12286901 -5.53160858]]
0
[[-4.70251083 -6.29339314 -4.70221758 -5.59111643]]
2
[[-3.32693315 -3.47036576 -4.12286901 -5.53160858]]
0
[[-4.70251083 -6.29339314 -4.70221758 -5.59111643]]
2
[[-3.32693315 -3.47036576 -4.12286901 -5.53160858]]
0
[[-4.70251083 -6.29339314 -4.70221758 -5.59111643]]
2
[[-3.32693315 -3.47036576 -4.12286901 -5.53160858]]
0
[[-4.70251083 -6.29339314 -4.70221758 -5.59111643]]
2
[[-3.32693315 -3.47036576 -4.12286901 -5.53160858]]
0
[[-4.70251083 -6.29339314 -4.70221758 -5.59111643]]
2
[[-3.32693315 -3.47036576 -4.12286901 -5.53160858]]
0
[[-4.70251083 -6.29339314 -4.70221758 -5.59111643]]
2
[[-3.32693315 -3.47036576 -4.12286901 -5.53160858]]
0
[[-4.70251083 -6.29339314 -4.70221758 -5.59111643]]
2
[[-3.32693315 -3.47036576 -4.12286901 -5.53160858]]
0
[[-4.70251083 -6.29339314 -4.70221758 -5.59111643]]
2
[[-3.32693315 -3.47036576 -4.12286901 -5.53160858]]
0
[[-4.70251083 -6.29339314 -4.70221758 -5.59111643]]
2
[[-3.32693315 -3.47036576 -4.12286901 -5.53160858]]
0
[[-4.70251083 -6.29339314 -4.70221758 -5.59111643]]
2
[[-3.32693315 -3.47036576 -4.12286901 -5.53160858]]
0
[[-4.70251083 -6.29339314 -4.70221758 -5.59111643]]
2
[[-3.32693315 -3.47036576 -4.12286901 -5.53160858]]
0
[[-4.70251083 -6.29339314 -4.70221758 -5.59111643]]
2
[[-3.32693315 -3.47036576 -4.12286901 -5.53160858]]
0
[[-4.70251083 -6.29339314 -4.70221758 -5.59111643]]
2
[[-3.32693315 -3.47036576 -4.12286901 -5.53160858]]
0
[[-4.70251083 -6.29339314 -4.70221758 -5.59111643]]
2
[[-3.32693315 -3.47036576 -4.12286901 -5.53160858]]
0
[[-4.70251083 -6.29339314 -4.70221758 -5.59111643]]
2
[[-3.32693315 -3.47036576 -4.12286901 -5.53160858]]
0
[[-4.70251083 -6.29339314 -4.70221758 -5.59111643]]
2
[[-3.32693315 -3.47036576 -4.12286901 -5.53160858]]
0
[[-4.70251083 -6.29339314 -4.70221758 -5.59111643]]
2
[[-3.32693315 -3.47036576 -4.12286901 -5.53160858]]
0
[[-4.70251083 -6.29339314 -4.70221758 -5.59111643]]
2
[[-3.32693315 -3.47036576 -4.12286901 -5.53160858]]
0
[[-4.70251083 -6.29339314 -4.70221758 -5.59111643]]
2
[[-3.32693315 -3.47036576 -4.12286901 -5.53160858]]
0
[[-4.70251083 -6.29339314 -4.70221758 -5.59111643]]
2
[[-3.32693315 -3.47036576 -4.12286901 -5.53160858]]
0
[[-4.70251083 -6.29339314 -4.70221758 -5.59111643]]
2
[[-3.32693315 -3.47036576 -4.12286901 -5.53160858]]
0
[[-4.70251083 -6.29339314 -4.70221758 -5.59111643]]
2
[[-3.32693315 -3.47036576 -4.12286901 -5.53160858]]
0
[[-4.70251083 -6.29339314 -4.70221758 -5.59111643]]
2
[[-3.32693315 -3.47036576 -4.12286901 -5.53160858]]
0
FAIL
1/2
