[[-4.86408901 -5.22804689 -3.95714474 -8.23500538]]
2
[[-2.75614834 -6.60069323 -3.04045653 -8.74754238]]
0
[[-4.86408901 -5.22804689 -3.95714474 -8.23500538]]
2
[[-2.75614834 -6.60069323 -3.04045653 -8.74754238]]
0
[[-4.86408901 -5.22804689 -3.95714474 -8.23500538]]
2
[[-2.75614834 -6.60069323 -3.04045653 -8.74754238]]
0
[[-4.86408901 -5.22804689 -3.95714474 -8.23500538]]
2
[[-2.75614834 -6.60069323 -3.04045653 -8.74754238]]
0
[[-4.86408901 -5.22804689 -3.95714474 -8.23500538]]
2
[[-2.75614834 -6.60069323 -3.04045653 -8.74754238]]
0
[[-4.86408901 -5.22804689 -3.95714474 -8.23500538]]
2
[[-2.75614834 -6.60069323 -3.04045653 -8.74754238]]
0
[[-4.86408901 -5.22804689 -3.95714474 -8.23500538]]
2
[[-2.75614834 -6.60069323 -3.04045653 -8.74754238]]
0
[[-4.86408901 -5.22804689 -3.95714474 -8.23500538]]
2
[[-2.75614834 -6.60069323 -3.04045653 -8.74754238]]
0
[[-4.86408901 -5.22804689 -3.95714474 -8.23500538]]
2
[[-2.75614834 -6.60069323 -3.04045653 -8.74754238]]
0
[[-4.86408901 -5.22804689 -3.95714474 -8.23500538]]
2
[[-2.75614834 -6.60069323 -3.04045653 -8.74754238]]
0
[[-4.86408901 -5.22804689 -3.95714474 -8.23500538]]
2
[[-2.75614834 -6.60069323 -3.04045653 -8.74754238]]
0
[[-4.86408901 -5.22804689 -3.95714474 -8.23500538]]
2
[[-2.75614834 -6.60069323 -3.04045653 -8.74754238]]
0
[[-4.86408901 -5.22804689 -3.95714474 -8.23500538]]
2
[[-2.75614834 -6.60069323 -3.04045653 -8.74754238]]
0
[[-4.86408901 -5.22804689 -3.95714474 -8.23500538]]
2
[[-2.75614834 -6.60069323 -3.04045653 -8.74754238]]
0
[[-4.86408901 -5.22804689 -3.95714474 -8.23500538]]
2
[[-2.75614834 -6.60069323 -3.04045653 -8.74754238]]
0
[[-4.86408901 -5.22804689 -3.95714474 -8.23500538]]
2
[[-2.75614834 -6.60069323 -3.04045653 -8.74754238]]
0
[[-4.86408901 -5.22804689 -3.95714474 -8.23500538]]
2
[[-2.75614834 -6.60069323 -3.04045653 -8.74754238]]
0
[[-4.86408901 -5.22804689 -3.95714474 -8.23500538]]
2
[[-2.75614834 -6.60069323 -3.04045653 -8.74754238]]
0
[[-4.86408901 -5.22804689 -3.95714474 -8.23500538]]
2
[[-2.75614834 -6.60069323 -3.04045653 -8.74754238]]
0
[[-4.86408901 -5.22804689 -3.95714474 -8.23500538]]
2
[[-2.75614834 -6.60069323 -3.04045653 -8.74754238]]
0
[[-4.86408901 -5.22804689 -3.95714474 -8.23500538]]
2
[[-2.75614834 -6.60069323 -3.04045653 -8.74754238]]
0
[[-4.86408901 -5.22804689 -3.95714474 -8.23500538]]
2
[[-2.75614834 -6.60069323 -3.04045653 -8.74754238]]
0
[[-4.86408901 -5.22804689 -3.95714474 -8.23500538]]
2
[[-2.75614834 -6.60069323 -3.04045653 -8.74754238]]
0
[[-4.86408901 -5.22804689 -3.95714474 -8.23500538]]
2
[[-2.75614834 -6.60069323 -3.04045653 -8.74754238]]
0
[[-4.86408901 -5.22804689 -3.95714474 -8.23500538]]
2
[[-2.75614834 -6.60069323 -3.04045653 -8.74754238]]
0
[[-4.86408901 -5.22804689 -3.95714474 -8.23500538]]
2
[[-2.75614834 -6.60069323 -3.04045653 -8.74754238]]
0
[[-4.86408901 -5.22804689 -3.95714474 -8.23500538]]
2
[[-2.75614834 -6.60069323 -3.04045653 -8.74754238]]
0
[[-4.86408901 -5.22804689 -3.95714474 -8.23500538]]
2
[[-2.75614834 -6.60069323 -3.04045653 -8.74754238]]
0
[[-4.86408901 -5.22804689 -3.95714474 -8.23500538]]
2
[[-2.75614834 -6.60069323 -3.04045653 -8.74754238]]
0
[[-4.86408901 -5.22804689 -3.95714474 -8.23500538]]
2
[[-2.75614834 -6.60069323 -3.04045653 -8.74754238]]
0
[[-4.86408901 -5.22804689 -3.95714474 -8.23500538]]
2
[[-2.75614834 -6.60069323 -3.04045653 -8.74754238]]
0
[[-4.86408901 -5.22804689 -3.95714474 -8.23500538]]
2
[[-2.75614834 -6.60069323 -3.04045653 -8.74754238]]
0
[[-4.86408901 -5.22804689 -3.95714474 -8.23500538]]
2
[[-2.75614834 -6.60069323 -3.04045653 -8.74754238]]
0
[[-4.86408901 -5.22804689 -3.95714474 -8.23500538]]
2
[[-2.75614834 -6.60069323 -3.04045653 -8.74754238]]
0
[[-4.86408901 -5.22804689 -3.95714474 -8.23500538]]
2
[[-2.75614834 -6.60069323 -3.04045653 -8.74754238]]
0
[[-4.86408901 -5.22804689 -3.95714474 -8.23500538]]
2
[[-2.75614834 -6.60069323 -3.04045653 -8.74754238]]
0
[[-4.86408901 -5.22804689 -3.95714474 -8.23500538]]
2
[[-2.75614834 -6.60069323 -3.04045653 -8.74754238]]
0
[[-4.86408901 -5.22804689 -3.95714474 -8.23500538]]
2
[[-2.75614834 -6.60069323 -3.04045653 -8.74754238]]
0
[[-4.86408901 -5.22804689 -3.95714474 -8.23500538]]
2
[[-2.75614834 -6.60069323 -3.04045653 -8.74754238]]
0
[[-4.86408901 -5.22804689 -3.95714474 -8.23500538]]
2
[[-2.75614834 -6.60069323 -3.04045653 -8.74754238]]
0
[[-4.86408901 -5.22804689 -3.95714474 -8.23500538]]
2
[[-2.75614834 -6.60069323 -3.04045653 -8.74754238]]
0
[[-4.86408901 -5.22804689 -3.95714474 -8.23500538]]
2
[[-2.75614834 -6.60069323 -3.04045653 -8.74754238]]
0
[[-4.86408901 -5.22804689 -3.95714474 -8.23500538]]
2
[[-2.75614834 -6.60069323 -3.04045653 -8.74754238]]
0
[[-4.86408901 -5.22804689 -3.95714474 -8.23500538]]
2
[[-2.75614834 -6.60069323 -3.04045653 -8.74754238]]
0
[[-4.86408901 -5.22804689 -3.95714474 -8.23500538]]
2
[[-2.75614834 -6.60069323 -3.04045653 -8.74754238]]
0
[[-4.86408901 -5.22804689 -3.95714474 -8.23500538]]
2
[[-2.75614834 -6.60069323 -3.04045653 -8.74754238]]
0
[[-4.86408901 -5.22804689 -3.95714474 -8.23500538]]
2
[[-2.75614834 -6.60069323 -3.04045653 -8.74754238]]
0
[[-4.86408901 -5.22804689 -3.95714474 -8.23500538]]
2
[[-2.75614834 -6.60069323 -3.04045653 -8.74754238]]
0
[[-4.86408901 -5.22804689 -3.95714474 -8.23500538]]
2
[[-2.75614834 -6.60069323 -3.04045653 -8.74754238]]
0
[[-4.86408901 -5.22804689 -3.95714474 -8.23500538]]
2
[[-2.75614834 -6.60069323 -3.04045653 -8.74754238]]
0
[[-4.86408901 -5.22804689 -3.95714474 -8.23500538]]
2
FAIL
0/5
