[[ 79559976.  76210720.  48158008.  60152192.]]
0
[[ 76794032.  66984528.  44461500.  46998696.]]
0
[[ 52440724.  74797248.  41553120.  46780804.]]
1
[[ 40924256.  51095568.  30297538.  65538176.]]
3
[[ 52440724.  74797248.  41553120.  46780804.]]
1
[[ 40924256.  51095568.  30297538.  65538176.]]
3
[[ 52440724.  74797248.  41553120.  46780804.]]
1
[[ 40924256.  51095568.  30297538.  65538176.]]
3
[[ 52440724.  74797248.  41553120.  46780804.]]
1
[[ 40924256.  51095568.  30297538.  65538176.]]
3
[[ 52440724.  74797248.  41553120.  46780804.]]
1
[[ 40924256.  51095568.  30297538.  65538176.]]
3
[[ 52440724.  74797248.  41553120.  46780804.]]
1
[[ 40924256.  51095568.  30297538.  65538176.]]
3
[[ 52440724.  74797248.  41553120.  46780804.]]
1
[[ 40924256.  51095568.  30297538.  65538176.]]
3
[[ 52440724.  74797248.  41553120.  46780804.]]
1
[[ 40924256.  51095568.  30297538.  65538176.]]
3
[[ 52440724.  74797248.  41553120.  46780804.]]
1
[[ 40924256.  51095568.  30297538.  65538176.]]
3
[[ 52440724.  74797248.  41553120.  46780804.]]
1
[[ 40924256.  51095568.  30297538.  65538176.]]
3
[[ 52440724.  74797248.  41553120.  46780804.]]
1
[[ 40924256.  51095568.  30297538.  65538176.]]
3
[[ 52440724.  74797248.  41553120.  46780804.]]
1
[[ 40924256.  51095568.  30297538.  65538176.]]
3
[[ 52440724.  74797248.  41553120.  46780804.]]
1
[[ 40924256.  51095568.  30297538.  65538176.]]
3
[[ 52440724.  74797248.  41553120.  46780804.]]
1
[[ 40924256.  51095568.  30297538.  65538176.]]
3
[[ 52440724.  74797248.  41553120.  46780804.]]
1
[[ 40924256.  51095568.  30297538.  65538176.]]
3
[[ 52440724.  74797248.  41553120.  46780804.]]
1
[[ 40924256.  51095568.  30297538.  65538176.]]
3
[[ 52440724.  74797248.  41553120.  46780804.]]
1
[[ 40924256.  51095568.  30297538.  65538176.]]
3
[[ 52440724.  74797248.  41553120.  46780804.]]
1
[[ 40924256.  51095568.  30297538.  65538176.]]
3
[[ 52440724.  74797248.  41553120.  46780804.]]
1
[[ 40924256.  51095568.  30297538.  65538176.]]
3
[[ 52440724.  74797248.  41553120.  46780804.]]
1
[[ 40924256.  51095568.  30297538.  65538176.]]
3
[[ 52440724.  74797248.  41553120.  46780804.]]
1
[[ 40924256.  51095568.  30297538.  65538176.]]
3
[[ 52440724.  74797248.  41553120.  46780804.]]
1
[[ 40924256.  51095568.  30297538.  65538176.]]
3
[[ 52440724.  74797248.  41553120.  46780804.]]
1
[[ 40924256.  51095568.  30297538.  65538176.]]
3
[[ 52440724.  74797248.  41553120.  46780804.]]
1
[[ 40924256.  51095568.  30297538.  65538176.]]
3
[[ 52440724.  74797248.  41553120.  46780804.]]
1
[[ 40924256.  51095568.  30297538.  65538176.]]
3
[[ 52440724.  74797248.  41553120.  46780804.]]
1
[[ 40924256.  51095568.  30297538.  65538176.]]
3
[[ 52440724.  74797248.  41553120.  46780804.]]
1
[[ 40924256.  51095568.  30297538.  65538176.]]
3
[[ 52440724.  74797248.  41553120.  46780804.]]
1
[[ 40924256.  51095568.  30297538.  65538176.]]
3
[[ 52440724.  74797248.  41553120.  46780804.]]
1
[[ 40924256.  51095568.  30297538.  65538176.]]
3
[[ 52440724.  74797248.  41553120.  46780804.]]
1
[[ 40924256.  51095568.  30297538.  65538176.]]
3
[[ 52440724.  74797248.  41553120.  46780804.]]
1
[[ 40924256.  51095568.  30297538.  65538176.]]
3
[[ 52440724.  74797248.  41553120.  46780804.]]
1
[[ 40924256.  51095568.  30297538.  65538176.]]
3
[[ 52440724.  74797248.  41553120.  46780804.]]
1
[[ 40924256.  51095568.  30297538.  65538176.]]
3
[[ 52440724.  74797248.  41553120.  46780804.]]
1
[[ 40924256.  51095568.  30297538.  65538176.]]
3
[[ 52440724.  74797248.  41553120.  46780804.]]
1
[[ 40924256.  51095568.  30297538.  65538176.]]
3
[[ 52440724.  74797248.  41553120.  46780804.]]
1
[[ 40924256.  51095568.  30297538.  65538176.]]
3
[[ 52440724.  74797248.  41553120.  46780804.]]
1
[[ 40924256.  51095568.  30297538.  65538176.]]
3
[[ 52440724.  74797248.  41553120.  46780804.]]
1
[[ 40924256.  51095568.  30297538.  65538176.]]
3
[[ 52440724.  74797248.  41553120.  46780804.]]
1
[[ 40924256.  51095568.  30297538.  65538176.]]
3
[[ 52440724.  74797248.  41553120.  46780804.]]
1
[[ 40924256.  51095568.  30297538.  65538176.]]
3
[[ 52440724.  74797248.  41553120.  46780804.]]
1
[[ 40924256.  51095568.  30297538.  65538176.]]
3
[[ 52440724.  74797248.  41553120.  46780804.]]
1
[[ 40924256.  51095568.  30297538.  65538176.]]
3
[[ 52440724.  74797248.  41553120.  46780804.]]
1
[[ 40924256.  51095568.  30297538.  65538176.]]
3
[[ 52440724.  74797248.  41553120.  46780804.]]
1
[[ 40924256.  51095568.  30297538.  65538176.]]
3
[[ 52440724.  74797248.  41553120.  46780804.]]
1
[[ 40924256.  51095568.  30297538.  65538176.]]
3
[[ 52440724.  74797248.  41553120.  46780804.]]
1
[[ 40924256.  51095568.  30297538.  65538176.]]
3
[[ 52440724.  74797248.  41553120.  46780804.]]
1
[[ 40924256.  51095568.  30297538.  65538176.]]
3
[[ 52440724.  74797248.  41553120.  46780804.]]
1
[[ 40924256.  51095568.  30297538.  65538176.]]
3
[[ 52440724.  74797248.  41553120.  46780804.]]
1
[[ 40924256.  51095568.  30297538.  65538176.]]
3
[[ 52440724.  74797248.  41553120.  46780804.]]
1
FAIL
3/8
