[[-4.42873096 -8.3312521  -4.51289988 -8.20071411]]
0
[[-13.15700626 -15.86241627  -0.3922886   -8.00534821]]
2
[[-4.42873096 -8.3312521  -4.51289988 -8.20071411]]
0
[[-13.15700626 -15.86241627  -0.3922886   -8.00534821]]
2
[[-4.42873096 -8.3312521  -4.51289988 -8.20071411]]
0
[[-13.15700626 -15.86241627  -0.3922886   -8.00534821]]
2
[[-4.42873096 -8.3312521  -4.51289988 -8.20071411]]
0
[[-13.15700626 -15.86241627  -0.3922886   -8.00534821]]
2
[[-4.42873096 -8.3312521  -4.51289988 -8.20071411]]
0
[[-13.15700626 -15.86241627  -0.3922886   -8.00534821]]
2
[[-4.42873096 -8.3312521  -4.51289988 -8.20071411]]
0
[[-13.15700626 -15.86241627  -0.3922886   -8.00534821]]
2
[[-4.42873096 -8.3312521  -4.51289988 -8.20071411]]
0
[[-13.15700626 -15.86241627  -0.3922886   -8.00534821]]
2
[[-4.42873096 -8.3312521  -4.51289988 -8.20071411]]
0
[[-13.15700626 -15.86241627  -0.3922886   -8.00534821]]
2
[[-4.42873096 -8.3312521  -4.51289988 -8.20071411]]
0
[[-13.15700626 -15.86241627  -0.3922886   -8.00534821]]
2
[[-4.42873096 -8.3312521  -4.51289988 -8.20071411]]
0
[[-13.15700626 -15.86241627  -0.3922886   -8.00534821]]
2
[[-4.42873096 -8.3312521  -4.51289988 -8.20071411]]
0
[[-13.15700626 -15.86241627  -0.3922886   -8.00534821]]
2
[[-4.42873096 -8.3312521  -4.51289988 -8.20071411]]
0
[[-13.15700626 -15.86241627  -0.3922886   -8.00534821]]
2
[[-4.42873096 -8.3312521  -4.51289988 -8.20071411]]
0
[[-13.15700626 -15.86241627  -0.3922886   -8.00534821]]
2
[[-4.42873096 -8.3312521  -4.51289988 -8.20071411]]
0
[[-13.15700626 -15.86241627  -0.3922886   -8.00534821]]
2
[[-4.42873096 -8.3312521  -4.51289988 -8.20071411]]
0
[[-13.15700626 -15.86241627  -0.3922886   -8.00534821]]
2
[[-4.42873096 -8.3312521  -4.51289988 -8.20071411]]
0
[[-13.15700626 -15.86241627  -0.3922886   -8.00534821]]
2
[[-4.42873096 -8.3312521  -4.51289988 -8.20071411]]
0
[[-13.15700626 -15.86241627  -0.3922886   -8.00534821]]
2
[[-4.42873096 -8.3312521  -4.51289988 -8.20071411]]
0
[[-13.15700626 -15.86241627  -0.3922886   -8.00534821]]
2
[[-4.42873096 -8.3312521  -4.51289988 -8.20071411]]
0
[[-13.15700626 -15.86241627  -0.3922886   -8.00534821]]
2
[[-4.42873096 -8.3312521  -4.51289988 -8.20071411]]
0
[[-13.15700626 -15.86241627  -0.3922886   -8.00534821]]
2
[[-4.42873096 -8.3312521  -4.51289988 -8.20071411]]
0
[[-13.15700626 -15.86241627  -0.3922886   -8.00534821]]
2
[[-4.42873096 -8.3312521  -4.51289988 -8.20071411]]
0
[[-13.15700626 -15.86241627  -0.3922886   -8.00534821]]
2
[[-4.42873096 -8.3312521  -4.51289988 -8.20071411]]
0
[[-13.15700626 -15.86241627  -0.3922886   -8.00534821]]
2
[[-4.42873096 -8.3312521  -4.51289988 -8.20071411]]
0
[[-13.15700626 -15.86241627  -0.3922886   -8.00534821]]
2
[[-4.42873096 -8.3312521  -4.51289988 -8.20071411]]
0
[[-13.15700626 -15.86241627  -0.3922886   -8.00534821]]
2
[[-4.42873096 -8.3312521  -4.51289988 -8.20071411]]
0
[[-13.15700626 -15.86241627  -0.3922886   -8.00534821]]
2
[[-4.42873096 -8.3312521  -4.51289988 -8.20071411]]
0
[[-13.15700626 -15.86241627  -0.3922886   -8.00534821]]
2
[[-4.42873096 -8.3312521  -4.51289988 -8.20071411]]
0
[[-13.15700626 -15.86241627  -0.3922886   -8.00534821]]
2
[[-4.42873096 -8.3312521  -4.51289988 -8.20071411]]
0
[[-13.15700626 -15.86241627  -0.3922886   -8.00534821]]
2
[[-4.42873096 -8.3312521  -4.51289988 -8.20071411]]
0
[[-13.15700626 -15.86241627  -0.3922886   -8.00534821]]
2
[[-4.42873096 -8.3312521  -4.51289988 -8.20071411]]
0
[[-13.15700626 -15.86241627  -0.3922886   -8.00534821]]
2
[[-4.42873096 -8.3312521  -4.51289988 -8.20071411]]
0
[[-13.15700626 -15.86241627  -0.3922886   -8.00534821]]
2
[[-4.42873096 -8.3312521  -4.51289988 -8.20071411]]
0
[[-13.15700626 -15.86241627  -0.3922886   -8.00534821]]
2
[[-4.42873096 -8.3312521  -4.51289988 -8.20071411]]
0
[[-13.15700626 -15.86241627  -0.3922886   -8.00534821]]
2
[[-4.42873096 -8.3312521  -4.51289988 -8.20071411]]
0
[[-13.15700626 -15.86241627  -0.3922886   -8.00534821]]
2
[[-4.42873096 -8.3312521  -4.51289988 -8.20071411]]
0
[[-13.15700626 -15.86241627  -0.3922886   -8.00534821]]
2
[[-4.42873096 -8.3312521  -4.51289988 -8.20071411]]
0
[[-13.15700626 -15.86241627  -0.3922886   -8.00534821]]
2
[[-4.42873096 -8.3312521  -4.51289988 -8.20071411]]
0
[[-13.15700626 -15.86241627  -0.3922886   -8.00534821]]
2
[[-4.42873096 -8.3312521  -4.51289988 -8.20071411]]
0
[[-13.15700626 -15.86241627  -0.3922886   -8.00534821]]
2
[[-4.42873096 -8.3312521  -4.51289988 -8.20071411]]
0
[[-13.15700626 -15.86241627  -0.3922886   -8.00534821]]
2
[[-4.42873096 -8.3312521  -4.51289988 -8.20071411]]
0
[[-13.15700626 -15.86241627  -0.3922886   -8.00534821]]
2
[[-4.42873096 -8.3312521  -4.51289988 -8.20071411]]
0
[[-13.15700626 -15.86241627  -0.3922886   -8.00534821]]
2
[[-4.42873096 -8.3312521  -4.51289988 -8.20071411]]
0
[[-13.15700626 -15.86241627  -0.3922886   -8.00534821]]
2
[[-4.42873096 -8.3312521  -4.51289988 -8.20071411]]
0
[[-13.15700626 -15.86241627  -0.3922886   -8.00534821]]
2
[[-4.42873096 -8.3312521  -4.51289988 -8.20071411]]
0
[[-13.15700626 -15.86241627  -0.3922886   -8.00534821]]
2
[[-4.42873096 -8.3312521  -4.51289988 -8.20071411]]
0
[[-13.15700626 -15.86241627  -0.3922886   -8.00534821]]
2
[[-4.42873096 -8.3312521  -4.51289988 -8.20071411]]
0
[[-13.15700626 -15.86241627  -0.3922886   -8.00534821]]
2
[[-4.42873096 -8.3312521  -4.51289988 -8.20071411]]
0
[[-13.15700626 -15.86241627  -0.3922886   -8.00534821]]
2
[[-4.42873096 -8.3312521  -4.51289988 -8.20071411]]
0
[[-13.15700626 -15.86241627  -0.3922886   -8.00534821]]
2
[[-4.42873096 -8.3312521  -4.51289988 -8.20071411]]
0
[[-13.15700626 -15.86241627  -0.3922886   -8.00534821]]
2
[[-4.42873096 -8.3312521  -4.51289988 -8.20071411]]
0
FAIL
1/2
