[[-4.89080524 -5.08462191 -4.07422018 -8.31720543]]
2
[[-2.79308033 -6.46230459 -3.14774704 -8.83963299]]
0
[[-4.89080524 -5.08462191 -4.07422018 -8.31720543]]
2
[[-2.79308033 -6.46230459 -3.14774704 -8.83963299]]
0
[[-4.89080524 -5.08462191 -4.07422018 -8.31720543]]
2
[[-2.79308033 -6.46230459 -3.14774704 -8.83963299]]
0
[[-4.89080524 -5.08462191 -4.07422018 -8.31720543]]
2
[[-2.79308033 -6.46230459 -3.14774704 -8.83963299]]
0
[[-4.89080524 -5.08462191 -4.07422018 -8.31720543]]
2
[[-2.79308033 -6.46230459 -3.14774704 -8.83963299]]
0
[[-4.89080524 -5.08462191 -4.07422018 -8.31720543]]
2
[[-2.79308033 -6.46230459 -3.14774704 -8.83963299]]
0
[[-4.89080524 -5.08462191 -4.07422018 -8.31720543]]
2
[[-2.79308033 -6.46230459 -3.14774704 -8.83963299]]
0
[[-4.89080524 -5.08462191 -4.07422018 -8.31720543]]
2
[[-2.79308033 -6.46230459 -3.14774704 -8.83963299]]
0
[[-4.89080524 -5.08462191 -4.07422018 -8.31720543]]
2
[[-2.79308033 -6.46230459 -3.14774704 -8.83963299]]
0
[[-4.89080524 -5.08462191 -4.07422018 -8.31720543]]
2
[[-2.79308033 -6.46230459 -3.14774704 -8.83963299]]
0
[[-4.89080524 -5.08462191 -4.07422018 -8.31720543]]
2
[[-2.79308033 -6.46230459 -3.14774704 -8.83963299]]
0
[[-4.89080524 -5.08462191 -4.07422018 -8.31720543]]
2
[[-2.79308033 -6.46230459 -3.14774704 -8.83963299]]
0
[[-4.89080524 -5.08462191 -4.07422018 -8.31720543]]
2
[[-2.79308033 -6.46230459 -3.14774704 -8.83963299]]
0
[[-4.89080524 -5.08462191 -4.07422018 -8.31720543]]
2
[[-2.79308033 -6.46230459 -3.14774704 -8.83963299]]
0
[[-4.89080524 -5.08462191 -4.07422018 -8.31720543]]
2
[[-2.79308033 -6.46230459 -3.14774704 -8.83963299]]
0
[[-4.89080524 -5.08462191 -4.07422018 -8.31720543]]
2
[[-2.79308033 -6.46230459 -3.14774704 -8.83963299]]
0
[[-4.89080524 -5.08462191 -4.07422018 -8.31720543]]
2
[[-2.79308033 -6.46230459 -3.14774704 -8.83963299]]
0
[[-4.89080524 -5.08462191 -4.07422018 -8.31720543]]
2
[[-2.79308033 -6.46230459 -3.14774704 -8.83963299]]
0
[[-4.89080524 -5.08462191 -4.07422018 -8.31720543]]
2
[[-2.79308033 -6.46230459 -3.14774704 -8.83963299]]
0
[[-4.89080524 -5.08462191 -4.07422018 -8.31720543]]
2
[[-2.79308033 -6.46230459 -3.14774704 -8.83963299]]
0
[[-4.89080524 -5.08462191 -4.07422018 -8.31720543]]
2
[[-2.79308033 -6.46230459 -3.14774704 -8.83963299]]
0
[[-4.89080524 -5.08462191 -4.07422018 -8.31720543]]
2
[[-2.79308033 -6.46230459 -3.14774704 -8.83963299]]
0
[[-4.89080524 -5.08462191 -4.07422018 -8.31720543]]
2
[[-2.79308033 -6.46230459 -3.14774704 -8.83963299]]
0
[[-4.89080524 -5.08462191 -4.07422018 -8.31720543]]
2
[[-2.79308033 -6.46230459 -3.14774704 -8.83963299]]
0
[[-4.89080524 -5.08462191 -4.07422018 -8.31720543]]
2
[[-2.79308033 -6.46230459 -3.14774704 -8.83963299]]
0
[[-4.89080524 -5.08462191 -4.07422018 -8.31720543]]
2
[[-2.79308033 -6.46230459 -3.14774704 -8.83963299]]
0
[[-4.89080524 -5.08462191 -4.07422018 -8.31720543]]
2
[[-2.79308033 -6.46230459 -3.14774704 -8.83963299]]
0
[[-4.89080524 -5.08462191 -4.07422018 -8.31720543]]
2
[[-2.79308033 -6.46230459 -3.14774704 -8.83963299]]
0
[[-4.89080524 -5.08462191 -4.07422018 -8.31720543]]
2
[[-2.79308033 -6.46230459 -3.14774704 -8.83963299]]
0
[[-4.89080524 -5.08462191 -4.07422018 -8.31720543]]
2
[[-2.79308033 -6.46230459 -3.14774704 -8.83963299]]
0
[[-4.89080524 -5.08462191 -4.07422018 -8.31720543]]
2
[[-2.79308033 -6.46230459 -3.14774704 -8.83963299]]
0
[[-4.89080524 -5.08462191 -4.07422018 -8.31720543]]
2
[[-2.79308033 -6.46230459 -3.14774704 -8.83963299]]
0
[[-4.89080524 -5.08462191 -4.07422018 -8.31720543]]
2
[[-2.79308033 -6.46230459 -3.14774704 -8.83963299]]
0
[[-4.89080524 -5.08462191 -4.07422018 -8.31720543]]
2
[[-2.79308033 -6.46230459 -3.14774704 -8.83963299]]
0
[[-4.89080524 -5.08462191 -4.07422018 -8.31720543]]
2
[[-2.79308033 -6.46230459 -3.14774704 -8.83963299]]
0
[[-4.89080524 -5.08462191 -4.07422018 -8.31720543]]
2
[[-2.79308033 -6.46230459 -3.14774704 -8.83963299]]
0
[[-4.89080524 -5.08462191 -4.07422018 -8.31720543]]
2
[[-2.79308033 -6.46230459 -3.14774704 -8.83963299]]
0
[[-4.89080524 -5.08462191 -4.07422018 -8.31720543]]
2
[[-2.79308033 -6.46230459 -3.14774704 -8.83963299]]
0
[[-4.89080524 -5.08462191 -4.07422018 -8.31720543]]
2
[[-2.79308033 -6.46230459 -3.14774704 -8.83963299]]
0
[[-4.89080524 -5.08462191 -4.07422018 -8.31720543]]
2
[[-2.79308033 -6.46230459 -3.14774704 -8.83963299]]
0
[[-4.89080524 -5.08462191 -4.07422018 -8.31720543]]
2
[[-2.79308033 -6.46230459 -3.14774704 -8.83963299]]
0
[[-4.89080524 -5.08462191 -4.07422018 -8.31720543]]
2
[[-2.79308033 -6.46230459 -3.14774704 -8.83963299]]
0
[[-4.89080524 -5.08462191 -4.07422018 -8.31720543]]
2
[[-2.79308033 -6.46230459 -3.14774704 -8.83963299]]
0
[[-4.89080524 -5.08462191 -4.07422018 -8.31720543]]
2
[[-2.79308033 -6.46230459 -3.14774704 -8.83963299]]
0
[[-4.89080524 -5.08462191 -4.07422018 -8.31720543]]
2
[[-2.79308033 -6.46230459 -3.14774704 -8.83963299]]
0
[[-4.89080524 -5.08462191 -4.07422018 -8.31720543]]
2
[[-2.79308033 -6.46230459 -3.14774704 -8.83963299]]
0
[[-4.89080524 -5.08462191 -4.07422018 -8.31720543]]
2
[[-2.79308033 -6.46230459 -3.14774704 -8.83963299]]
0
[[-4.89080524 -5.08462191 -4.07422018 -8.31720543]]
2
[[-2.79308033 -6.46230459 -3.14774704 -8.83963299]]
0
[[-4.89080524 -5.08462191 -4.07422018 -8.31720543]]
2
[[-2.79308033 -6.46230459 -3.14774704 -8.83963299]]
0
[[-4.89080524 -5.08462191 -4.07422018 -8.31720543]]
2
[[-2.79308033 -6.46230459 -3.14774704 -8.83963299]]
0
[[-4.89080524 -5.08462191 -4.07422018 -8.31720543]]
2
FAIL
0/5
