[[ 71435920.  62374264.  48848944.  57703096.]]
0
[[ 62791672.  54104352.  45161800.  41876072.]]
0
[[ 43340084.  64935176.  43432936.  44043392.]]
1
[[ 36318788.  43334676.  29845666.  60287224.]]
3
[[ 43340084.  64935176.  43432936.  44043392.]]
1
[[ 36318788.  43334676.  29845666.  60287224.]]
3
[[ 43340084.  64935176.  43432936.  44043392.]]
1
[[ 36318788.  43334676.  29845666.  60287224.]]
3
[[ 43340084.  64935176.  43432936.  44043392.]]
1
[[ 36318788.  43334676.  29845666.  60287224.]]
3
[[ 43340084.  64935176.  43432936.  44043392.]]
1
[[ 36318788.  43334676.  29845666.  60287224.]]
3
[[ 43340084.  64935176.  43432936.  44043392.]]
1
[[ 36318788.  43334676.  29845666.  60287224.]]
3
[[ 43340084.  64935176.  43432936.  44043392.]]
1
[[ 36318788.  43334676.  29845666.  60287224.]]
3
[[ 43340084.  64935176.  43432936.  44043392.]]
1
[[ 36318788.  43334676.  29845666.  60287224.]]
3
[[ 43340084.  64935176.  43432936.  44043392.]]
1
[[ 36318788.  43334676.  29845666.  60287224.]]
3
[[ 43340084.  64935176.  43432936.  44043392.]]
1
[[ 36318788.  43334676.  29845666.  60287224.]]
3
[[ 43340084.  64935176.  43432936.  44043392.]]
1
[[ 36318788.  43334676.  29845666.  60287224.]]
3
[[ 43340084.  64935176.  43432936.  44043392.]]
1
[[ 36318788.  43334676.  29845666.  60287224.]]
3
[[ 43340084.  64935176.  43432936.  44043392.]]
1
[[ 36318788.  43334676.  29845666.  60287224.]]
3
[[ 43340084.  64935176.  43432936.  44043392.]]
1
[[ 36318788.  43334676.  29845666.  60287224.]]
3
[[ 43340084.  64935176.  43432936.  44043392.]]
1
[[ 36318788.  43334676.  29845666.  60287224.]]
3
[[ 43340084.  64935176.  43432936.  44043392.]]
1
[[ 36318788.  43334676.  29845666.  60287224.]]
3
[[ 43340084.  64935176.  43432936.  44043392.]]
1
[[ 36318788.  43334676.  29845666.  60287224.]]
3
[[ 43340084.  64935176.  43432936.  44043392.]]
1
[[ 36318788.  43334676.  29845666.  60287224.]]
3
[[ 43340084.  64935176.  43432936.  44043392.]]
1
[[ 36318788.  43334676.  29845666.  60287224.]]
3
[[ 43340084.  64935176.  43432936.  44043392.]]
1
[[ 36318788.  43334676.  29845666.  60287224.]]
3
[[ 43340084.  64935176.  43432936.  44043392.]]
1
[[ 36318788.  43334676.  29845666.  60287224.]]
3
[[ 43340084.  64935176.  43432936.  44043392.]]
1
[[ 36318788.  43334676.  29845666.  60287224.]]
3
[[ 43340084.  64935176.  43432936.  44043392.]]
1
[[ 36318788.  43334676.  29845666.  60287224.]]
3
[[ 43340084.  64935176.  43432936.  44043392.]]
1
[[ 36318788.  43334676.  29845666.  60287224.]]
3
[[ 43340084.  64935176.  43432936.  44043392.]]
1
[[ 36318788.  43334676.  29845666.  60287224.]]
3
[[ 43340084.  64935176.  43432936.  44043392.]]
1
[[ 36318788.  43334676.  29845666.  60287224.]]
3
[[ 43340084.  64935176.  43432936.  44043392.]]
1
[[ 36318788.  43334676.  29845666.  60287224.]]
3
[[ 43340084.  64935176.  43432936.  44043392.]]
1
[[ 36318788.  43334676.  29845666.  60287224.]]
3
[[ 43340084.  64935176.  43432936.  44043392.]]
1
[[ 36318788.  43334676.  29845666.  60287224.]]
3
[[ 43340084.  64935176.  43432936.  44043392.]]
1
[[ 36318788.  43334676.  29845666.  60287224.]]
3
[[ 43340084.  64935176.  43432936.  44043392.]]
1
[[ 36318788.  43334676.  29845666.  60287224.]]
3
[[ 43340084.  64935176.  43432936.  44043392.]]
1
[[ 36318788.  43334676.  29845666.  60287224.]]
3
[[ 43340084.  64935176.  43432936.  44043392.]]
1
[[ 36318788.  43334676.  29845666.  60287224.]]
3
[[ 43340084.  64935176.  43432936.  44043392.]]
1
[[ 36318788.  43334676.  29845666.  60287224.]]
3
[[ 43340084.  64935176.  43432936.  44043392.]]
1
[[ 36318788.  43334676.  29845666.  60287224.]]
3
[[ 43340084.  64935176.  43432936.  44043392.]]
1
[[ 36318788.  43334676.  29845666.  60287224.]]
3
[[ 43340084.  64935176.  43432936.  44043392.]]
1
[[ 36318788.  43334676.  29845666.  60287224.]]
3
[[ 43340084.  64935176.  43432936.  44043392.]]
1
[[ 36318788.  43334676.  29845666.  60287224.]]
3
[[ 43340084.  64935176.  43432936.  44043392.]]
1
[[ 36318788.  43334676.  29845666.  60287224.]]
3
[[ 43340084.  64935176.  43432936.  44043392.]]
1
[[ 36318788.  43334676.  29845666.  60287224.]]
3
[[ 43340084.  64935176.  43432936.  44043392.]]
1
[[ 36318788.  43334676.  29845666.  60287224.]]
3
[[ 43340084.  64935176.  43432936.  44043392.]]
1
[[ 36318788.  43334676.  29845666.  60287224.]]
3
[[ 43340084.  64935176.  43432936.  44043392.]]
1
[[ 36318788.  43334676.  29845666.  60287224.]]
3
[[ 43340084.  64935176.  43432936.  44043392.]]
1
[[ 36318788.  43334676.  29845666.  60287224.]]
3
[[ 43340084.  64935176.  43432936.  44043392.]]
1
[[ 36318788.  43334676.  29845666.  60287224.]]
3
[[ 43340084.  64935176.  43432936.  44043392.]]
1
[[ 36318788.  43334676.  29845666.  60287224.]]
3
[[ 43340084.  64935176.  43432936.  44043392.]]
1
[[ 36318788.  43334676.  29845666.  60287224.]]
3
[[ 43340084.  64935176.  43432936.  44043392.]]
1
[[ 36318788.  43334676.  29845666.  60287224.]]
3
[[ 43340084.  64935176.  43432936.  44043392.]]
1
[[ 36318788.  43334676.  29845666.  60287224.]]
3
[[ 43340084.  64935176.  43432936.  44043392.]]
1
FAIL
3/8
