[[-4.42204142 -8.19247246 -4.62440109 -8.25116348]]
0
[[-13.13793564 -15.70897007  -0.48805833  -8.03944874]]
2
[[-4.42204142 -8.19247246 -4.62440109 -8.25116348]]
0
[[-13.13793564 -15.70897007  -0.48805833  -8.03944874]]
2
[[-4.42204142 -8.19247246 -4.62440109 -8.25116348]]
0
[[-13.13793564 -15.70897007  -0.48805833  -8.03944874]]
2
[[-4.42204142 -8.19247246 -4.62440109 -8.25116348]]
0
[[-13.13793564 -15.70897007  -0.48805833  -8.03944874]]
2
[[-4.42204142 -8.19247246 -4.62440109 -8.25116348]]
0
[[-13.13793564 -15.70897007  -0.48805833  -8.03944874]]
2
[[-4.42204142 -8.19247246 -4.62440109 -8.25116348]]
0
[[-13.13793564 -15.70897007  -0.48805833  -8.03944874]]
2
[[-4.42204142 -8.19247246 -4.62440109 -8.25116348]]
0
[[-13.13793564 -15.70897007  -0.48805833  -8.03944874]]
2
[[-4.42204142 -8.19247246 -4.62440109 -8.25116348]]
0
[[-13.13793564 -15.70897007  -0.48805833  -8.03944874]]
2
[[-4.42204142 -8.19247246 -4.62440109 -8.25116348]]
0
[[-13.13793564 -15.70897007  -0.48805833  -8.03944874]]
2
[[-4.42204142 -8.19247246 -4.62440109 -8.25116348]]
0
[[-13.13793564 -15.70897007  -0.48805833  -8.03944874]]
2
[[-4.42204142 -8.19247246 -4.62440109 -8.25116348]]
0
[[-13.13793564 -15.70897007  -0.48805833  -8.03944874]]
2
[[-4.42204142 -8.19247246 -4.62440109 -8.25116348]]
0
[[-13.13793564 -15.70897007  -0.48805833  -8.03944874]]
2
[[-4.42204142 -8.19247246 -4.62440109 -8.25116348]]
0
[[-13.13793564 -15.70897007  -0.48805833  -8.03944874]]
2
[[-4.42204142 -8.19247246 -4.62440109 -8.25116348]]
0
[[-13.13793564 -15.70897007  -0.48805833  -8.03944874]]
2
[[-4.42204142 -8.19247246 -4.62440109 -8.25116348]]
0
[[-13.13793564 -15.70897007  -0.48805833  -8.03944874]]
2
[[-4.42204142 -8.19247246 -4.62440109 -8.25116348]]
0
[[-13.13793564 -15.70897007  -0.48805833  -8.03944874]]
2
[[-4.42204142 -8.19247246 -4.62440109 -8.25116348]]
0
[[-13.13793564 -15.70897007  -0.48805833  -8.03944874]]
2
[[-4.42204142 -8.19247246 -4.62440109 -8.25116348]]
0
[[-13.13793564 -15.70897007  -0.48805833  -8.03944874]]
2
[[-4.42204142 -8.19247246 -4.62440109 -8.25116348]]
0
[[-13.13793564 -15.70897007  -0.48805833  -8.03944874]]
2
[[-4.42204142 -8.19247246 -4.62440109 -8.25116348]]
0
[[-13.13793564 -15.70897007  -0.48805833  -8.03944874]]
2
[[-4.42204142 -8.19247246 -4.62440109 -8.25116348]]
0
[[-13.13793564 -15.70897007  -0.48805833  -8.03944874]]
2
[[-4.42204142 -8.19247246 -4.62440109 -8.25116348]]
0
[[-13.13793564 -15.70897007  -0.48805833  -8.03944874]]
2
[[-4.42204142 -8.19247246 -4.62440109 -8.25116348]]
0
[[-13.13793564 -15.70897007  -0.48805833  -8.03944874]]
2
[[-4.42204142 -8.19247246 -4.62440109 -8.25116348]]
0
[[-13.13793564 -15.70897007  -0.48805833  -8.03944874]]
2
[[-4.42204142 -8.19247246 -4.62440109 -8.25116348]]
0
[[-13.13793564 -15.70897007  -0.48805833  -8.03944874]]
2
[[-4.42204142 -8.19247246 -4.62440109 -8.25116348]]
0
[[-13.13793564 -15.70897007  -0.48805833  -8.03944874]]
2
[[-4.42204142 -8.19247246 -4.62440109 -8.25116348]]
0
[[-13.13793564 -15.70897007  -0.48805833  -8.03944874]]
2
[[-4.42204142 -8.19247246 -4.62440109 -8.25116348]]
0
[[-13.13793564 -15.70897007  -0.48805833  -8.03944874]]
2
[[-4.42204142 -8.19247246 -4.62440109 -8.25116348]]
0
[[-13.13793564 -15.70897007  -0.48805833  -8.03944874]]
2
[[-4.42204142 -8.19247246 -4.62440109 -8.25116348]]
0
[[-13.13793564 -15.70897007  -0.48805833  -8.03944874]]
2
[[-4.42204142 -8.19247246 -4.62440109 -8.25116348]]
0
[[-13.13793564 -15.70897007  -0.48805833  -8.03944874]]
2
[[-4.42204142 -8.19247246 -4.62440109 -8.25116348]]
0
[[-13.13793564 -15.70897007  -0.48805833  -8.03944874]]
2
[[-4.42204142 -8.19247246 -4.62440109 -8.25116348]]
0
[[-13.13793564 -15.70897007  -0.48805833  -8.03944874]]
2
[[-4.42204142 -8.19247246 -4.62440109 -8.25116348]]
0
[[-13.13793564 -15.70897007  -0.48805833  -8.03944874]]
2
[[-4.42204142 -8.19247246 -4.62440109 -8.25116348]]
0
[[-13.13793564 -15.70897007  -0.48805833  -8.03944874]]
2
[[-4.42204142 -8.19247246 -4.62440109 -8.25116348]]
0
[[-13.13793564 -15.70897007  -0.48805833  -8.03944874]]
2
[[-4.42204142 -8.19247246 -4.62440109 -8.25116348]]
0
[[-13.13793564 -15.70897007  -0.48805833  -8.03944874]]
2
[[-4.42204142 -8.19247246 -4.62440109 -8.25116348]]
0
[[-13.13793564 -15.70897007  -0.48805833  -8.03944874]]
2
[[-4.42204142 -8.19247246 -4.62440109 -8.25116348]]
0
[[-13.13793564 -15.70897007  -0.48805833  -8.03944874]]
2
[[-4.42204142 -8.19247246 -4.62440109 -8.25116348]]
0
[[-13.13793564 -15.70897007  -0.48805833  -8.03944874]]
2
[[-4.42204142 -8.19247246 -4.62440109 -8.25116348]]
0
[[-13.13793564 -15.70897007  -0.48805833  -8.03944874]]
2
[[-4.42204142 -8.19247246 -4.62440109 -8.25116348]]
0
[[-13.13793564 -15.70897007  -0.48805833  -8.03944874]]
2
[[-4.42204142 -8.19247246 -4.62440109 -8.25116348]]
0
[[-13.13793564 -15.70897007  -0.48805833  -8.03944874]]
2
[[-4.42204142 -8.19247246 -4.62440109 -8.25116348]]
0
[[-13.13793564 -15.70897007  -0.48805833  -8.03944874]]
2
[[-4.42204142 -8.19247246 -4.62440109 -8.25116348]]
0
[[-13.13793564 -15.70897007  -0.48805833  -8.03944874]]
2
[[-4.42204142 -8.19247246 -4.62440109 -8.25116348]]
0
[[-13.13793564 -15.70897007  -0.48805833  -8.03944874]]
2
[[-4.42204142 -8.19247246 -4.62440109 -8.25116348]]
0
[[-13.13793564 -15.70897007  -0.48805833  -8.03944874]]
2
[[-4.42204142 -8.19247246 -4.62440109 -8.25116348]]
0
[[-13.13793564 -15.70897007  -0.48805833  -8.03944874]]
2
[[-4.42204142 -8.19247246 -4.62440109 -8.25116348]]
0
[[-13.13793564 -15.70897007  -0.48805833  -8.03944874]]
2
[[-4.42204142 -8.19247246 -4.62440109 -8.25116348]]
0
[[-13.13793564 -15.70897007  -0.48805833  -8.03944874]]
2
[[-4.42204142 -8.19247246 -4.62440109 -8.25116348]]
0
FAIL
1/2
