[[-4.42998409 -8.10226536 -4.44253302 -8.38881969]]
0
[[-13.12702656 -15.60024261  -0.29509646  -8.1586628 ]]
2
[[-4.42998409 -8.10226536 -4.44253302 -8.38881969]]
0
[[-13.12702656 -15.60024261  -0.29509646  -8.1586628 ]]
2
[[-4.42998409 -8.10226536 -4.44253302 -8.38881969]]
0
[[-13.12702656 -15.60024261  -0.29509646  -8.1586628 ]]
2
[[-4.42998409 -8.10226536 -4.44253302 -8.38881969]]
0
[[-13.12702656 -15.60024261  -0.29509646  -8.1586628 ]]
2
[[-4.42998409 -8.10226536 -4.44253302 -8.38881969]]
0
[[-13.12702656 -15.60024261  -0.29509646  -8.1586628 ]]
2
[[-4.42998409 -8.10226536 -4.44253302 -8.38881969]]
0
[[-13.12702656 -15.60024261  -0.29509646  -8.1586628 ]]
2
[[-4.42998409 -8.10226536 -4.44253302 -8.38881969]]
0
[[-13.12702656 -15.60024261  -0.29509646  -8.1586628 ]]
2
[[-4.42998409 -8.10226536 -4.44253302 -8.38881969]]
0
[[-13.12702656 -15.60024261  -0.29509646  -8.1586628 ]]
2
[[-4.42998409 -8.10226536 -4.44253302 -8.38881969]]
0
[[-13.12702656 -15.60024261  -0.29509646  -8.1586628 ]]
2
[[-4.42998409 -8.10226536 -4.44253302 -8.38881969]]
0
[[-13.12702656 -15.60024261  -0.29509646  -8.1586628 ]]
2
[[-4.42998409 -8.10226536 -4.44253302 -8.38881969]]
0
[[-13.12702656 -15.60024261  -0.29509646  -8.1586628 ]]
2
[[-4.42998409 -8.10226536 -4.44253302 -8.38881969]]
0
[[-13.12702656 -15.60024261  -0.29509646  -8.1586628 ]]
2
[[-4.42998409 -8.10226536 -4.44253302 -8.38881969]]
0
[[-13.12702656 -15.60024261  -0.29509646  -8.1586628 ]]
2
[[-4.42998409 -8.10226536 -4.44253302 -8.38881969]]
0
[[-13.12702656 -15.60024261  -0.29509646  -8.1586628 ]]
2
[[-4.42998409 -8.10226536 -4.44253302 -8.38881969]]
0
[[-13.12702656 -15.60024261  -0.29509646  -8.1586628 ]]
2
[[-4.42998409 -8.10226536 -4.44253302 -8.38881969]]
0
[[-13.12702656 -15.60024261  -0.29509646  -8.1586628 ]]
2
[[-4.42998409 -8.10226536 -4.44253302 -8.38881969]]
0
[[-13.12702656 -15.60024261  -0.29509646  -8.1586628 ]]
2
[[-4.42998409 -8.10226536 -4.44253302 -8.38881969]]
0
[[-13.12702656 -15.60024261  -0.29509646  -8.1586628 ]]
2
[[-4.42998409 -8.10226536 -4.44253302 -8.38881969]]
0
[[-13.12702656 -15.60024261  -0.29509646  -8.1586628 ]]
2
[[-4.42998409 -8.10226536 -4.44253302 -8.38881969]]
0
[[-13.12702656 -15.60024261  -0.29509646  -8.1586628 ]]
2
[[-4.42998409 -8.10226536 -4.44253302 -8.38881969]]
0
[[-13.12702656 -15.60024261  -0.29509646  -8.1586628 ]]
2
[[-4.42998409 -8.10226536 -4.44253302 -8.38881969]]
0
[[-13.12702656 -15.60024261  -0.29509646  -8.1586628 ]]
2
[[-4.42998409 -8.10226536 -4.44253302 -8.38881969]]
0
[[-13.12702656 -15.60024261  -0.29509646  -8.1586628 ]]
2
[[-4.42998409 -8.10226536 -4.44253302 -8.38881969]]
0
[[-13.12702656 -15.60024261  -0.29509646  -8.1586628 ]]
2
[[-4.42998409 -8.10226536 -4.44253302 -8.38881969]]
0
[[-13.12702656 -15.60024261  -0.29509646  -8.1586628 ]]
2
[[-4.42998409 -8.10226536 -4.44253302 -8.38881969]]
0
[[-13.12702656 -15.60024261  -0.29509646  -8.1586628 ]]
2
[[-4.42998409 -8.10226536 -4.44253302 -8.38881969]]
0
[[-13.12702656 -15.60024261  -0.29509646  -8.1586628 ]]
2
[[-4.42998409 -8.10226536 -4.44253302 -8.38881969]]
0
[[-13.12702656 -15.60024261  -0.29509646  -8.1586628 ]]
2
[[-4.42998409 -8.10226536 -4.44253302 -8.38881969]]
0
[[-13.12702656 -15.60024261  -0.29509646  -8.1586628 ]]
2
[[-4.42998409 -8.10226536 -4.44253302 -8.38881969]]
0
[[-13.12702656 -15.60024261  -0.29509646  -8.1586628 ]]
2
[[-4.42998409 -8.10226536 -4.44253302 -8.38881969]]
0
[[-13.12702656 -15.60024261  -0.29509646  -8.1586628 ]]
2
[[-4.42998409 -8.10226536 -4.44253302 -8.38881969]]
0
[[-13.12702656 -15.60024261  -0.29509646  -8.1586628 ]]
2
[[-4.42998409 -8.10226536 -4.44253302 -8.38881969]]
0
[[-13.12702656 -15.60024261  -0.29509646  -8.1586628 ]]
2
[[-4.42998409 -8.10226536 -4.44253302 -8.38881969]]
0
[[-13.12702656 -15.60024261  -0.29509646  -8.1586628 ]]
2
[[-4.42998409 -8.10226536 -4.44253302 -8.38881969]]
0
[[-13.12702656 -15.60024261  -0.29509646  -8.1586628 ]]
2
[[-4.42998409 -8.10226536 -4.44253302 -8.38881969]]
0
[[-13.12702656 -15.60024261  -0.29509646  -8.1586628 ]]
2
[[-4.42998409 -8.10226536 -4.44253302 -8.38881969]]
0
[[-13.12702656 -15.60024261  -0.29509646  -8.1586628 ]]
2
[[-4.42998409 -8.10226536 -4.44253302 -8.38881969]]
0
[[-13.12702656 -15.60024261  -0.29509646  -8.1586628 ]]
2
[[-4.42998409 -8.10226536 -4.44253302 -8.38881969]]
0
[[-13.12702656 -15.60024261  -0.29509646  -8.1586628 ]]
2
[[-4.42998409 -8.10226536 -4.44253302 -8.38881969]]
0
[[-13.12702656 -15.60024261  -0.29509646  -8.1586628 ]]
2
[[-4.42998409 -8.10226536 -4.44253302 -8.38881969]]
0
[[-13.12702656 -15.60024261  -0.29509646  -8.1586628 ]]
2
[[-4.42998409 -8.10226536 -4.44253302 -8.38881969]]
0
[[-13.12702656 -15.60024261  -0.29509646  -8.1586628 ]]
2
[[-4.42998409 -8.10226536 -4.44253302 -8.38881969]]
0
[[-13.12702656 -15.60024261  -0.29509646  -8.1586628 ]]
2
[[-4.42998409 -8.10226536 -4.44253302 -8.38881969]]
0
[[-13.12702656 -15.60024261  -0.29509646  -8.1586628 ]]
2
[[-4.42998409 -8.10226536 -4.44253302 -8.38881969]]
0
[[-13.12702656 -15.60024261  -0.29509646  -8.1586628 ]]
2
[[-4.42998409 -8.10226536 -4.44253302 -8.38881969]]
0
[[-13.12702656 -15.60024261  -0.29509646  -8.1586628 ]]
2
[[-4.42998409 -8.10226536 -4.44253302 -8.38881969]]
0
[[-13.12702656 -15.60024261  -0.29509646  -8.1586628 ]]
2
[[-4.42998409 -8.10226536 -4.44253302 -8.38881969]]
0
[[-13.12702656 -15.60024261  -0.29509646  -8.1586628 ]]
2
[[-4.42998409 -8.10226536 -4.44253302 -8.38881969]]
0
[[-13.12702656 -15.60024261  -0.29509646  -8.1586628 ]]
2
[[-4.42998409 -8.10226536 -4.44253302 -8.38881969]]
0
[[-13.12702656 -15.60024261  -0.29509646  -8.1586628 ]]
2
[[-4.42998409 -8.10226536 -4.44253302 -8.38881969]]
0
FAIL
1/2
