[[ 81306848.  73653344.  65508384.  63834676.]]
0
[[ 73770256.  66179544.  63166856.  51983292.]]
0
[[ 57716680.  75836704.  64573828.  61600032.]]
1
[[ 53107904.  56255928.  42878720.  72003744.]]
3
[[ 57716680.  75836704.  64573828.  61600032.]]
1
[[ 53107904.  56255928.  42878720.  72003744.]]
3
[[ 57716680.  75836704.  64573828.  61600032.]]
1
[[ 53107904.  56255928.  42878720.  72003744.]]
3
[[ 57716680.  75836704.  64573828.  61600032.]]
1
[[ 53107904.  56255928.  42878720.  72003744.]]
3
[[ 57716680.  75836704.  64573828.  61600032.]]
1
[[ 53107904.  56255928.  42878720.  72003744.]]
3
[[ 57716680.  75836704.  64573828.  61600032.]]
1
[[ 53107904.  56255928.  42878720.  72003744.]]
3
[[ 57716680.  75836704.  64573828.  61600032.]]
1
[[ 53107904.  56255928.  42878720.  72003744.]]
3
[[ 57716680.  75836704.  64573828.  61600032.]]
1
[[ 53107904.  56255928.  42878720.  72003744.]]
3
[[ 57716680.  75836704.  64573828.  61600032.]]
1
[[ 53107904.  56255928.  42878720.  72003744.]]
3
[[ 57716680.  75836704.  64573828.  61600032.]]
1
[[ 53107904.  56255928.  42878720.  72003744.]]
3
[[ 57716680.  75836704.  64573828.  61600032.]]
1
[[ 53107904.  56255928.  42878720.  72003744.]]
3
[[ 57716680.  75836704.  64573828.  61600032.]]
1
[[ 53107904.  56255928.  42878720.  72003744.]]
3
[[ 57716680.  75836704.  64573828.  61600032.]]
1
[[ 53107904.  56255928.  42878720.  72003744.]]
3
[[ 57716680.  75836704.  64573828.  61600032.]]
1
[[ 53107904.  56255928.  42878720.  72003744.]]
3
[[ 57716680.  75836704.  64573828.  61600032.]]
1
[[ 53107904.  56255928.  42878720.  72003744.]]
3
[[ 57716680.  75836704.  64573828.  61600032.]]
1
[[ 53107904.  56255928.  42878720.  72003744.]]
3
[[ 57716680.  75836704.  64573828.  61600032.]]
1
[[ 53107904.  56255928.  42878720.  72003744.]]
3
[[ 57716680.  75836704.  64573828.  61600032.]]
1
[[ 53107904.  56255928.  42878720.  72003744.]]
3
[[ 57716680.  75836704.  64573828.  61600032.]]
1
[[ 53107904.  56255928.  42878720.  72003744.]]
3
[[ 57716680.  75836704.  64573828.  61600032.]]
1
[[ 53107904.  56255928.  42878720.  72003744.]]
3
[[ 57716680.  75836704.  64573828.  61600032.]]
1
[[ 53107904.  56255928.  42878720.  72003744.]]
3
[[ 57716680.  75836704.  64573828.  61600032.]]
1
[[ 53107904.  56255928.  42878720.  72003744.]]
3
[[ 57716680.  75836704.  64573828.  61600032.]]
1
[[ 53107904.  56255928.  42878720.  72003744.]]
3
[[ 57716680.  75836704.  64573828.  61600032.]]
1
[[ 53107904.  56255928.  42878720.  72003744.]]
3
[[ 57716680.  75836704.  64573828.  61600032.]]
1
[[ 53107904.  56255928.  42878720.  72003744.]]
3
[[ 57716680.  75836704.  64573828.  61600032.]]
1
[[ 53107904.  56255928.  42878720.  72003744.]]
3
[[ 57716680.  75836704.  64573828.  61600032.]]
1
[[ 53107904.  56255928.  42878720.  72003744.]]
3
[[ 57716680.  75836704.  64573828.  61600032.]]
1
[[ 53107904.  56255928.  42878720.  72003744.]]
3
[[ 57716680.  75836704.  64573828.  61600032.]]
1
[[ 53107904.  56255928.  42878720.  72003744.]]
3
[[ 57716680.  75836704.  64573828.  61600032.]]
1
[[ 53107904.  56255928.  42878720.  72003744.]]
3
[[ 57716680.  75836704.  64573828.  61600032.]]
1
[[ 53107904.  56255928.  42878720.  72003744.]]
3
[[ 57716680.  75836704.  64573828.  61600032.]]
1
[[ 53107904.  56255928.  42878720.  72003744.]]
3
[[ 57716680.  75836704.  64573828.  61600032.]]
1
[[ 53107904.  56255928.  42878720.  72003744.]]
3
[[ 57716680.  75836704.  64573828.  61600032.]]
1
[[ 53107904.  56255928.  42878720.  72003744.]]
3
[[ 57716680.  75836704.  64573828.  61600032.]]
1
[[ 53107904.  56255928.  42878720.  72003744.]]
3
[[ 57716680.  75836704.  64573828.  61600032.]]
1
[[ 53107904.  56255928.  42878720.  72003744.]]
3
[[ 57716680.  75836704.  64573828.  61600032.]]
1
[[ 53107904.  56255928.  42878720.  72003744.]]
3
[[ 57716680.  75836704.  64573828.  61600032.]]
1
[[ 53107904.  56255928.  42878720.  72003744.]]
3
[[ 57716680.  75836704.  64573828.  61600032.]]
1
[[ 53107904.  56255928.  42878720.  72003744.]]
3
[[ 57716680.  75836704.  64573828.  61600032.]]
1
[[ 53107904.  56255928.  42878720.  72003744.]]
3
[[ 57716680.  75836704.  64573828.  61600032.]]
1
[[ 53107904.  56255928.  42878720.  72003744.]]
3
[[ 57716680.  75836704.  64573828.  61600032.]]
1
[[ 53107904.  56255928.  42878720.  72003744.]]
3
[[ 57716680.  75836704.  64573828.  61600032.]]
1
[[ 53107904.  56255928.  42878720.  72003744.]]
3
[[ 57716680.  75836704.  64573828.  61600032.]]
1
[[ 53107904.  56255928.  42878720.  72003744.]]
3
[[ 57716680.  75836704.  64573828.  61600032.]]
1
[[ 53107904.  56255928.  42878720.  72003744.]]
3
[[ 57716680.  75836704.  64573828.  61600032.]]
1
[[ 53107904.  56255928.  42878720.  72003744.]]
3
[[ 57716680.  75836704.  64573828.  61600032.]]
1
[[ 53107904.  56255928.  42878720.  72003744.]]
3
[[ 57716680.  75836704.  64573828.  61600032.]]
1
[[ 53107904.  56255928.  42878720.  72003744.]]
3
[[ 57716680.  75836704.  64573828.  61600032.]]
1
[[ 53107904.  56255928.  42878720.  72003744.]]
3
[[ 57716680.  75836704.  64573828.  61600032.]]
1
FAIL
3/8
