[[-4.91749048 -5.00456905 -3.93327808 -8.46712112]]
2
[[-2.82677794 -6.38948011 -2.99828053 -9.0023489 ]]
0
[[-4.91749048 -5.00456905 -3.93327808 -8.46712112]]
2
[[-2.82677794 -6.38948011 -2.99828053 -9.0023489 ]]
0
[[-4.91749048 -5.00456905 -3.93327808 -8.46712112]]
2
[[-2.82677794 -6.38948011 -2.99828053 -9.0023489 ]]
0
[[-4.91749048 -5.00456905 -3.93327808 -8.46712112]]
2
[[-2.82677794 -6.38948011 -2.99828053 -9.0023489 ]]
0
[[-4.91749048 -5.00456905 -3.93327808 -8.46712112]]
2
[[-2.82677794 -6.38948011 -2.99828053 -9.0023489 ]]
0
[[-4.91749048 -5.00456905 -3.93327808 -8.46712112]]
2
[[-2.82677794 -6.38948011 -2.99828053 -9.0023489 ]]
0
[[-4.91749048 -5.00456905 -3.93327808 -8.46712112]]
2
[[-2.82677794 -6.38948011 -2.99828053 -9.0023489 ]]
0
[[-4.91749048 -5.00456905 -3.93327808 -8.46712112]]
2
[[-2.82677794 -6.38948011 -2.99828053 -9.0023489 ]]
0
[[-4.91749048 -5.00456905 -3.93327808 -8.46712112]]
2
[[-2.82677794 -6.38948011 -2.99828053 -9.0023489 ]]
0
[[-4.91749048 -5.00456905 -3.93327808 -8.46712112]]
2
[[-2.82677794 -6.38948011 -2.99828053 -9.0023489 ]]
0
[[-4.91749048 -5.00456905 -3.93327808 -8.46712112]]
2
[[-2.82677794 -6.38948011 -2.99828053 -9.0023489 ]]
0
[[-4.91749048 -5.00456905 -3.93327808 -8.46712112]]
2
[[-2.82677794 -6.38948011 -2.99828053 -9.0023489 ]]
0
[[-4.91749048 -5.00456905 -3.93327808 -8.46712112]]
2
[[-2.82677794 -6.38948011 -2.99828053 -9.0023489 ]]
0
[[-4.91749048 -5.00456905 -3.93327808 -8.46712112]]
2
[[-2.82677794 -6.38948011 -2.99828053 -9.0023489 ]]
0
[[-4.91749048 -5.00456905 -3.93327808 -8.46712112]]
2
[[-2.82677794 -6.38948011 -2.99828053 -9.0023489 ]]
0
[[-4.91749048 -5.00456905 -3.93327808 -8.46712112]]
2
[[-2.82677794 -6.38948011 -2.99828053 -9.0023489 ]]
0
[[-4.91749048 -5.00456905 -3.93327808 -8.46712112]]
2
[[-2.82677794 -6.38948011 -2.99828053 -9.0023489 ]]
0
[[-4.91749048 -5.00456905 -3.93327808 -8.46712112]]
2
[[-2.82677794 -6.38948011 -2.99828053 -9.0023489 ]]
0
[[-4.91749048 -5.00456905 -3.93327808 -8.46712112]]
2
[[-2.82677794 -6.38948011 -2.99828053 -9.0023489 ]]
0
[[-4.91749048 -5.00456905 -3.93327808 -8.46712112]]
2
[[-2.82677794 -6.38948011 -2.99828053 -9.0023489 ]]
0
[[-4.91749048 -5.00456905 -3.93327808 -8.46712112]]
2
[[-2.82677794 -6.38948011 -2.99828053 -9.0023489 ]]
0
[[-4.91749048 -5.00456905 -3.93327808 -8.46712112]]
2
[[-2.82677794 -6.38948011 -2.99828053 -9.0023489 ]]
0
[[-4.91749048 -5.00456905 -3.93327808 -8.46712112]]
2
[[-2.82677794 -6.38948011 -2.99828053 -9.0023489 ]]
0
[[-4.91749048 -5.00456905 -3.93327808 -8.46712112]]
2
[[-2.82677794 -6.38948011 -2.99828053 -9.0023489 ]]
0
[[-4.91749048 -5.00456905 -3.93327808 -8.46712112]]
2
[[-2.82677794 -6.38948011 -2.99828053 -9.0023489 ]]
0
[[-4.91749048 -5.00456905 -3.93327808 -8.46712112]]
2
[[-2.82677794 -6.38948011 -2.99828053 -9.0023489 ]]
0
[[-4.91749048 -5.00456905 -3.93327808 -8.46712112]]
2
[[-2.82677794 -6.38948011 -2.99828053 -9.0023489 ]]
0
[[-4.91749048 -5.00456905 -3.93327808 -8.46712112]]
2
[[-2.82677794 -6.38948011 -2.99828053 -9.0023489 ]]
0
[[-4.91749048 -5.00456905 -3.93327808 -8.46712112]]
2
[[-2.82677794 -6.38948011 -2.99828053 -9.0023489 ]]
0
[[-4.91749048 -5.00456905 -3.93327808 -8.46712112]]
2
[[-2.82677794 -6.38948011 -2.99828053 -9.0023489 ]]
0
[[-4.91749048 -5.00456905 -3.93327808 -8.46712112]]
2
[[-2.82677794 -6.38948011 -2.99828053 -9.0023489 ]]
0
[[-4.91749048 -5.00456905 -3.93327808 -8.46712112]]
2
[[-2.82677794 -6.38948011 -2.99828053 -9.0023489 ]]
0
[[-4.91749048 -5.00456905 -3.93327808 -8.46712112]]
2
[[-2.82677794 -6.38948011 -2.99828053 -9.0023489 ]]
0
[[-4.91749048 -5.00456905 -3.93327808 -8.46712112]]
2
[[-2.82677794 -6.38948011 -2.99828053 -9.0023489 ]]
0
[[-4.91749048 -5.00456905 -3.93327808 -8.46712112]]
2
[[-2.82677794 -6.38948011 -2.99828053 -9.0023489 ]]
0
[[-4.91749048 -5.00456905 -3.93327808 -8.46712112]]
2
[[-2.82677794 -6.38948011 -2.99828053 -9.0023489 ]]
0
[[-4.91749048 -5.00456905 -3.93327808 -8.46712112]]
2
[[-2.82677794 -6.38948011 -2.99828053 -9.0023489 ]]
0
[[-4.91749048 -5.00456905 -3.93327808 -8.46712112]]
2
[[-2.82677794 -6.38948011 -2.99828053 -9.0023489 ]]
0
[[-4.91749048 -5.00456905 -3.93327808 -8.46712112]]
2
[[-2.82677794 -6.38948011 -2.99828053 -9.0023489 ]]
0
[[-4.91749048 -5.00456905 -3.93327808 -8.46712112]]
2
[[-2.82677794 -6.38948011 -2.99828053 -9.0023489 ]]
0
[[-4.91749048 -5.00456905 -3.93327808 -8.46712112]]
2
[[-2.82677794 -6.38948011 -2.99828053 -9.0023489 ]]
0
[[-4.91749048 -5.00456905 -3.93327808 -8.46712112]]
2
[[-2.82677794 -6.38948011 -2.99828053 -9.0023489 ]]
0
[[-4.91749048 -5.00456905 -3.93327808 -8.46712112]]
2
[[-2.82677794 -6.38948011 -2.99828053 -9.0023489 ]]
0
[[-4.91749048 -5.00456905 -3.93327808 -8.46712112]]
2
[[-2.82677794 -6.38948011 -2.99828053 -9.0023489 ]]
0
[[-4.91749048 -5.00456905 -3.93327808 -8.46712112]]
2
[[-2.82677794 -6.38948011 -2.99828053 -9.0023489 ]]
0
[[-4.91749048 -5.00456905 -3.93327808 -8.46712112]]
2
[[-2.82677794 -6.38948011 -2.99828053 -9.0023489 ]]
0
[[-4.91749048 -5.00456905 -3.93327808 -8.46712112]]
2
[[-2.82677794 -6.38948011 -2.99828053 -9.0023489 ]]
0
[[-4.91749048 -5.00456905 -3.93327808 -8.46712112]]
2
[[-2.82677794 -6.38948011 -2.99828053 -9.0023489 ]]
0
[[-4.91749048 -5.00456905 -3.93327808 -8.46712112]]
2
[[-2.82677794 -6.38948011 -2.99828053 -9.0023489 ]]
0
[[-4.91749048 -5.00456905 -3.93327808 -8.46712112]]
2
[[-2.82677794 -6.38948011 -2.99828053 -9.0023489 ]]
0
[[-4.91749048 -5.00456905 -3.93327808 -8.46712112]]
2
FAIL
0/5
