[[ 10676048.   9203998.  10660410.   5495450.]]
0
[[ 10306000.   9694859.  10835641.   5338289.]]
2
[[ 10676048.   9203998.  10660410.   5495450.]]
0
[[ 10306000.   9694859.  10835641.   5338289.]]
2
[[ 10676048.   9203998.  10660410.   5495450.]]
0
[[ 10306000.   9694859.  10835641.   5338289.]]
2
[[ 10676048.   9203998.  10660410.   5495450.]]
0
[[ 10306000.   9694859.  10835641.   5338289.]]
2
[[ 10676048.   9203998.  10660410.   5495450.]]
0
[[ 10306000.   9694859.  10835641.   5338289.]]
2
[[ 10676048.   9203998.  10660410.   5495450.]]
0
[[ 10306000.   9694859.  10835641.   5338289.]]
2
[[ 10676048.   9203998.  10660410.   5495450.]]
0
[[ 10306000.   9694859.  10835641.   5338289.]]
2
[[ 10676048.   9203998.  10660410.   5495450.]]
0
[[ 10306000.   9694859.  10835641.   5338289.]]
2
[[ 10676048.   9203998.  10660410.   5495450.]]
0
[[ 10306000.   9694859.  10835641.   5338289.]]
2
[[ 10676048.   9203998.  10660410.   5495450.]]
0
[[ 10306000.   9694859.  10835641.   5338289.]]
2
[[ 10676048.   9203998.  10660410.   5495450.]]
0
[[ 10306000.   9694859.  10835641.   5338289.]]
2
[[ 10676048.   9203998.  10660410.   5495450.]]
0
[[ 10306000.   9694859.  10835641.   5338289.]]
2
[[ 10676048.   9203998.  10660410.   5495450.]]
0
[[ 10306000.   9694859.  10835641.   5338289.]]
2
[[ 10676048.   9203998.  10660410.   5495450.]]
0
[[ 10306000.   9694859.  10835641.   5338289.]]
2
[[ 10676048.   9203998.  10660410.   5495450.]]
0
[[ 10306000.   9694859.  10835641.   5338289.]]
2
[[ 10676048.   9203998.  10660410.   5495450.]]
0
[[ 10306000.   9694859.  10835641.   5338289.]]
2
[[ 10676048.   9203998.  10660410.   5495450.]]
0
[[ 10306000.   9694859.  10835641.   5338289.]]
2
[[ 10676048.   9203998.  10660410.   5495450.]]
0
[[ 10306000.   9694859.  10835641.   5338289.]]
2
[[ 10676048.   9203998.  10660410.   5495450.]]
0
[[ 10306000.   9694859.  10835641.   5338289.]]
2
[[ 10676048.   9203998.  10660410.   5495450.]]
0
[[ 10306000.   9694859.  10835641.   5338289.]]
2
[[ 10676048.   9203998.  10660410.   5495450.]]
0
[[ 10306000.   9694859.  10835641.   5338289.]]
2
[[ 10676048.   9203998.  10660410.   5495450.]]
0
[[ 10306000.   9694859.  10835641.   5338289.]]
2
[[ 10676048.   9203998.  10660410.   5495450.]]
0
[[ 10306000.   9694859.  10835641.   5338289.]]
2
[[ 10676048.   9203998.  10660410.   5495450.]]
0
[[ 10306000.   9694859.  10835641.   5338289.]]
2
[[ 10676048.   9203998.  10660410.   5495450.]]
0
[[ 10306000.   9694859.  10835641.   5338289.]]
2
[[ 10676048.   9203998.  10660410.   5495450.]]
0
[[ 10306000.   9694859.  10835641.   5338289.]]
2
[[ 10676048.   9203998.  10660410.   5495450.]]
0
[[ 10306000.   9694859.  10835641.   5338289.]]
2
[[ 10676048.   9203998.  10660410.   5495450.]]
0
[[ 10306000.   9694859.  10835641.   5338289.]]
2
[[ 10676048.   9203998.  10660410.   5495450.]]
0
[[ 10306000.   9694859.  10835641.   5338289.]]
2
[[ 10676048.   9203998.  10660410.   5495450.]]
0
[[ 10306000.   9694859.  10835641.   5338289.]]
2
[[ 10676048.   9203998.  10660410.   5495450.]]
0
[[ 10306000.   9694859.  10835641.   5338289.]]
2
[[ 10676048.   9203998.  10660410.   5495450.]]
0
[[ 10306000.   9694859.  10835641.   5338289.]]
2
[[ 10676048.   9203998.  10660410.   5495450.]]
0
[[ 10306000.   9694859.  10835641.   5338289.]]
2
[[ 10676048.   9203998.  10660410.   5495450.]]
0
[[ 10306000.   9694859.  10835641.   5338289.]]
2
[[ 10676048.   9203998.  10660410.   5495450.]]
0
[[ 10306000.   9694859.  10835641.   5338289.]]
2
[[ 10676048.   9203998.  10660410.   5495450.]]
0
[[ 10306000.   9694859.  10835641.   5338289.]]
2
[[ 10676048.   9203998.  10660410.   5495450.]]
0
[[ 10306000.   9694859.  10835641.   5338289.]]
2
[[ 10676048.   9203998.  10660410.   5495450.]]
0
[[ 10306000.   9694859.  10835641.   5338289.]]
2
[[ 10676048.   9203998.  10660410.   5495450.]]
0
[[ 10306000.   9694859.  10835641.   5338289.]]
2
[[ 10676048.   9203998.  10660410.   5495450.]]
0
[[ 10306000.   9694859.  10835641.   5338289.]]
2
[[ 10676048.   9203998.  10660410.   5495450.]]
0
[[ 10306000.   9694859.  10835641.   5338289.]]
2
[[ 10676048.   9203998.  10660410.   5495450.]]
0
[[ 10306000.   9694859.  10835641.   5338289.]]
2
[[ 10676048.   9203998.  10660410.   5495450.]]
0
[[ 10306000.   9694859.  10835641.   5338289.]]
2
[[ 10676048.   9203998.  10660410.   5495450.]]
0
[[ 10306000.   9694859.  10835641.   5338289.]]
2
[[ 10676048.   9203998.  10660410.   5495450.]]
0
[[ 10306000.   9694859.  10835641.   5338289.]]
2
[[ 10676048.   9203998.  10660410.   5495450.]]
0
[[ 10306000.   9694859.  10835641.   5338289.]]
2
[[ 10676048.   9203998.  10660410.   5495450.]]
0
[[ 10306000.   9694859.  10835641.   5338289.]]
2
[[ 10676048.   9203998.  10660410.   5495450.]]
0
[[ 10306000.   9694859.  10835641.   5338289.]]
2
[[ 10676048.   9203998.  10660410.   5495450.]]
0
[[ 10306000.   9694859.  10835641.   5338289.]]
2
[[ 10676048.   9203998.  10660410.   5495450.]]
0
[[ 10306000.   9694859.  10835641.   5338289.]]
2
[[ 10676048.   9203998.  10660410.   5495450.]]
0
FAIL
1/5
