[[ -5.22993755   0.37154144 -13.09879971  -5.93964958]]
1
[[ -5.54547691   0.66144365 -14.58977604  -5.57117462]]
1
[[ -7.64053154  -6.0415926  -13.22707748  -5.7890892 ]]
3
[[ -5.54547691   0.66144365 -14.58977604  -5.57117462]]
1
[[ -7.64053154  -6.0415926  -13.22707748  -5.7890892 ]]
3
[[ -5.54547691   0.66144365 -14.58977604  -5.57117462]]
1
[[ -7.64053154  -6.0415926  -13.22707748  -5.7890892 ]]
3
[[ -5.54547691   0.66144365 -14.58977604  -5.57117462]]
1
[[ -7.64053154  -6.0415926  -13.22707748  -5.7890892 ]]
3
[[ -5.54547691   0.66144365 -14.58977604  -5.57117462]]
1
[[ -7.64053154  -6.0415926  -13.22707748  -5.7890892 ]]
3
[[ -5.54547691   0.66144365 -14.58977604  -5.57117462]]
1
[[ -7.64053154  -6.0415926  -13.22707748  -5.7890892 ]]
3
[[ -5.54547691   0.66144365 -14.58977604  -5.57117462]]
1
[[ -7.64053154  -6.0415926  -13.22707748  -5.7890892 ]]
3
[[ -5.54547691   0.66144365 -14.58977604  -5.57117462]]
1
[[ -7.64053154  -6.0415926  -13.22707748  -5.7890892 ]]
3
[[ -5.54547691   0.66144365 -14.58977604  -5.57117462]]
1
[[ -7.64053154  -6.0415926  -13.22707748  -5.7890892 ]]
3
[[ -5.54547691   0.66144365 -14.58977604  -5.57117462]]
1
[[ -7.64053154  -6.0415926  -13.22707748  -5.7890892 ]]
3
[[ -5.54547691   0.66144365 -14.58977604  -5.57117462]]
1
[[ -7.64053154  -6.0415926  -13.22707748  -5.7890892 ]]
3
[[ -5.54547691   0.66144365 -14.58977604  -5.57117462]]
1
[[ -7.64053154  -6.0415926  -13.22707748  -5.7890892 ]]
3
[[ -5.54547691   0.66144365 -14.58977604  -5.57117462]]
1
[[ -7.64053154  -6.0415926  -13.22707748  -5.7890892 ]]
3
[[ -5.54547691   0.66144365 -14.58977604  -5.57117462]]
1
[[ -7.64053154  -6.0415926  -13.22707748  -5.7890892 ]]
3
[[ -5.54547691   0.66144365 -14.58977604  -5.57117462]]
1
[[ -7.64053154  -6.0415926  -13.22707748  -5.7890892 ]]
3
[[ -5.54547691   0.66144365 -14.58977604  -5.57117462]]
1
[[ -7.64053154  -6.0415926  -13.22707748  -5.7890892 ]]
3
[[ -5.54547691   0.66144365 -14.58977604  -5.57117462]]
1
[[ -7.64053154  -6.0415926  -13.22707748  -5.7890892 ]]
3
[[ -5.54547691   0.66144365 -14.58977604  -5.57117462]]
1
[[ -7.64053154  -6.0415926  -13.22707748  -5.7890892 ]]
3
[[ -5.54547691   0.66144365 -14.58977604  -5.57117462]]
1
[[ -7.64053154  -6.0415926  -13.22707748  -5.7890892 ]]
3
[[ -5.54547691   0.66144365 -14.58977604  -5.57117462]]
1
[[ -7.64053154  -6.0415926  -13.22707748  -5.7890892 ]]
3
[[ -5.54547691   0.66144365 -14.58977604  -5.57117462]]
1
[[ -7.64053154  -6.0415926  -13.22707748  -5.7890892 ]]
3
[[ -5.54547691   0.66144365 -14.58977604  -5.57117462]]
1
[[ -7.64053154  -6.0415926  -13.22707748  -5.7890892 ]]
3
[[ -5.54547691   0.66144365 -14.58977604  -5.57117462]]
1
[[ -7.64053154  -6.0415926  -13.22707748  -5.7890892 ]]
3
[[ -5.54547691   0.66144365 -14.58977604  -5.57117462]]
1
[[ -7.64053154  -6.0415926  -13.22707748  -5.7890892 ]]
3
[[ -5.54547691   0.66144365 -14.58977604  -5.57117462]]
1
[[ -7.64053154  -6.0415926  -13.22707748  -5.7890892 ]]
3
[[ -5.54547691   0.66144365 -14.58977604  -5.57117462]]
1
[[ -7.64053154  -6.0415926  -13.22707748  -5.7890892 ]]
3
[[ -5.54547691   0.66144365 -14.58977604  -5.57117462]]
1
[[ -7.64053154  -6.0415926  -13.22707748  -5.7890892 ]]
3
[[ -5.54547691   0.66144365 -14.58977604  -5.57117462]]
1
[[ -7.64053154  -6.0415926  -13.22707748  -5.7890892 ]]
3
[[ -5.54547691   0.66144365 -14.58977604  -5.57117462]]
1
[[ -7.64053154  -6.0415926  -13.22707748  -5.7890892 ]]
3
[[ -5.54547691   0.66144365 -14.58977604  -5.57117462]]
1
[[ -7.64053154  -6.0415926  -13.22707748  -5.7890892 ]]
3
[[ -5.54547691   0.66144365 -14.58977604  -5.57117462]]
1
[[ -7.64053154  -6.0415926  -13.22707748  -5.7890892 ]]
3
[[ -5.54547691   0.66144365 -14.58977604  -5.57117462]]
1
[[ -7.64053154  -6.0415926  -13.22707748  -5.7890892 ]]
3
[[ -5.54547691   0.66144365 -14.58977604  -5.57117462]]
1
[[ -7.64053154  -6.0415926  -13.22707748  -5.7890892 ]]
3
[[ -5.54547691   0.66144365 -14.58977604  -5.57117462]]
1
[[ -7.64053154  -6.0415926  -13.22707748  -5.7890892 ]]
3
[[ -5.54547691   0.66144365 -14.58977604  -5.57117462]]
1
[[ -7.64053154  -6.0415926  -13.22707748  -5.7890892 ]]
3
[[ -5.54547691   0.66144365 -14.58977604  -5.57117462]]
1
[[ -7.64053154  -6.0415926  -13.22707748  -5.7890892 ]]
3
[[ -5.54547691   0.66144365 -14.58977604  -5.57117462]]
1
[[ -7.64053154  -6.0415926  -13.22707748  -5.7890892 ]]
3
[[ -5.54547691   0.66144365 -14.58977604  -5.57117462]]
1
[[ -7.64053154  -6.0415926  -13.22707748  -5.7890892 ]]
3
[[ -5.54547691   0.66144365 -14.58977604  -5.57117462]]
1
[[ -7.64053154  -6.0415926  -13.22707748  -5.7890892 ]]
3
[[ -5.54547691   0.66144365 -14.58977604  -5.57117462]]
1
[[ -7.64053154  -6.0415926  -13.22707748  -5.7890892 ]]
3
[[ -5.54547691   0.66144365 -14.58977604  -5.57117462]]
1
[[ -7.64053154  -6.0415926  -13.22707748  -5.7890892 ]]
3
[[ -5.54547691   0.66144365 -14.58977604  -5.57117462]]
1
[[ -7.64053154  -6.0415926  -13.22707748  -5.7890892 ]]
3
[[ -5.54547691   0.66144365 -14.58977604  -5.57117462]]
1
[[ -7.64053154  -6.0415926  -13.22707748  -5.7890892 ]]
3
[[ -5.54547691   0.66144365 -14.58977604  -5.57117462]]
1
[[ -7.64053154  -6.0415926  -13.22707748  -5.7890892 ]]
3
[[ -5.54547691   0.66144365 -14.58977604  -5.57117462]]
1
[[ -7.64053154  -6.0415926  -13.22707748  -5.7890892 ]]
3
[[ -5.54547691   0.66144365 -14.58977604  -5.57117462]]
1
[[ -7.64053154  -6.0415926  -13.22707748  -5.7890892 ]]
3
[[ -5.54547691   0.66144365 -14.58977604  -5.57117462]]
1
[[ -7.64053154  -6.0415926  -13.22707748  -5.7890892 ]]
3
[[ -5.54547691   0.66144365 -14.58977604  -5.57117462]]
1
[[ -7.64053154  -6.0415926  -13.22707748  -5.7890892 ]]
3
[[ -5.54547691   0.66144365 -14.58977604  -5.57117462]]
1
[[ -7.64053154  -6.0415926  -13.22707748  -5.7890892 ]]
3
[[ -5.54547691   0.66144365 -14.58977604  -5.57117462]]
1
[[ -7.64053154  -6.0415926  -13.22707748  -5.7890892 ]]
3
FAIL
0/8
