[[-4.18500328 -8.370471   -4.77860117 -8.25146866]]
0
[[-12.85978413 -15.82934952  -0.61365056  -7.99146175]]
2
[[-4.18500328 -8.370471   -4.77860117 -8.25146866]]
0
[[-12.85978413 -15.82934952  -0.61365056  -7.99146175]]
2
[[-4.18500328 -8.370471   -4.77860117 -8.25146866]]
0
[[-12.85978413 -15.82934952  -0.61365056  -7.99146175]]
2
[[-4.18500328 -8.370471   -4.77860117 -8.25146866]]
0
[[-12.85978413 -15.82934952  -0.61365056  -7.99146175]]
2
[[-4.18500328 -8.370471   -4.77860117 -8.25146866]]
0
[[-12.85978413 -15.82934952  -0.61365056  -7.99146175]]
2
[[-4.18500328 -8.370471   -4.77860117 -8.25146866]]
0
[[-12.85978413 -15.82934952  -0.61365056  -7.99146175]]
2
[[-4.18500328 -8.370471   -4.77860117 -8.25146866]]
0
[[-12.85978413 -15.82934952  -0.61365056  -7.99146175]]
2
[[-4.18500328 -8.370471   -4.77860117 -8.25146866]]
0
[[-12.85978413 -15.82934952  -0.61365056  -7.99146175]]
2
[[-4.18500328 -8.370471   -4.77860117 -8.25146866]]
0
[[-12.85978413 -15.82934952  -0.61365056  -7.99146175]]
2
[[-4.18500328 -8.370471   -4.77860117 -8.25146866]]
0
[[-12.85978413 -15.82934952  -0.61365056  -7.99146175]]
2
[[-4.18500328 -8.370471   -4.77860117 -8.25146866]]
0
[[-12.85978413 -15.82934952  -0.61365056  -7.99146175]]
2
[[-4.18500328 -8.370471   -4.77860117 -8.25146866]]
0
[[-12.85978413 -15.82934952  -0.61365056  -7.99146175]]
2
[[-4.18500328 -8.370471   -4.77860117 -8.25146866]]
0
[[-12.85978413 -15.82934952  -0.61365056  -7.99146175]]
2
[[-4.18500328 -8.370471   -4.77860117 -8.25146866]]
0
[[-12.85978413 -15.82934952  -0.61365056  -7.99146175]]
2
[[-4.18500328 -8.370471   -4.77860117 -8.25146866]]
0
[[-12.85978413 -15.82934952  -0.61365056  -7.99146175]]
2
[[-4.18500328 -8.370471   -4.77860117 -8.25146866]]
0
[[-12.85978413 -15.82934952  -0.61365056  -7.99146175]]
2
[[-4.18500328 -8.370471   -4.77860117 -8.25146866]]
0
[[-12.85978413 -15.82934952  -0.61365056  -7.99146175]]
2
[[-4.18500328 -8.370471   -4.77860117 -8.25146866]]
0
[[-12.85978413 -15.82934952  -0.61365056  -7.99146175]]
2
[[-4.18500328 -8.370471   -4.77860117 -8.25146866]]
0
[[-12.85978413 -15.82934952  -0.61365056  -7.99146175]]
2
[[-4.18500328 -8.370471   -4.77860117 -8.25146866]]
0
[[-12.85978413 -15.82934952  -0.61365056  -7.99146175]]
2
[[-4.18500328 -8.370471   -4.77860117 -8.25146866]]
0
[[-12.85978413 -15.82934952  -0.61365056  -7.99146175]]
2
[[-4.18500328 -8.370471   -4.77860117 -8.25146866]]
0
[[-12.85978413 -15.82934952  -0.61365056  -7.99146175]]
2
[[-4.18500328 -8.370471   -4.77860117 -8.25146866]]
0
[[-12.85978413 -15.82934952  -0.61365056  -7.99146175]]
2
[[-4.18500328 -8.370471   -4.77860117 -8.25146866]]
0
[[-12.85978413 -15.82934952  -0.61365056  -7.99146175]]
2
[[-4.18500328 -8.370471   -4.77860117 -8.25146866]]
0
[[-12.85978413 -15.82934952  -0.61365056  -7.99146175]]
2
[[-4.18500328 -8.370471   -4.77860117 -8.25146866]]
0
[[-12.85978413 -15.82934952  -0.61365056  -7.99146175]]
2
[[-4.18500328 -8.370471   -4.77860117 -8.25146866]]
0
[[-12.85978413 -15.82934952  -0.61365056  -7.99146175]]
2
[[-4.18500328 -8.370471   -4.77860117 -8.25146866]]
0
[[-12.85978413 -15.82934952  -0.61365056  -7.99146175]]
2
[[-4.18500328 -8.370471   -4.77860117 -8.25146866]]
0
[[-12.85978413 -15.82934952  -0.61365056  -7.99146175]]
2
[[-4.18500328 -8.370471   -4.77860117 -8.25146866]]
0
[[-12.85978413 -15.82934952  -0.61365056  -7.99146175]]
2
[[-4.18500328 -8.370471   -4.77860117 -8.25146866]]
0
[[-12.85978413 -15.82934952  -0.61365056  -7.99146175]]
2
[[-4.18500328 -8.370471   -4.77860117 -8.25146866]]
0
[[-12.85978413 -15.82934952  -0.61365056  -7.99146175]]
2
[[-4.18500328 -8.370471   -4.77860117 -8.25146866]]
0
[[-12.85978413 -15.82934952  -0.61365056  -7.99146175]]
2
[[-4.18500328 -8.370471   -4.77860117 -8.25146866]]
0
[[-12.85978413 -15.82934952  -0.61365056  -7.99146175]]
2
[[-4.18500328 -8.370471   -4.77860117 -8.25146866]]
0
[[-12.85978413 -15.82934952  -0.61365056  -7.99146175]]
2
[[-4.18500328 -8.370471   -4.77860117 -8.25146866]]
0
[[-12.85978413 -15.82934952  -0.61365056  -7.99146175]]
2
[[-4.18500328 -8.370471   -4.77860117 -8.25146866]]
0
[[-12.85978413 -15.82934952  -0.61365056  -7.99146175]]
2
[[-4.18500328 -8.370471   -4.77860117 -8.25146866]]
0
[[-12.85978413 -15.82934952  -0.61365056  -7.99146175]]
2
[[-4.18500328 -8.370471   -4.77860117 -8.25146866]]
0
[[-12.85978413 -15.82934952  -0.61365056  -7.99146175]]
2
[[-4.18500328 -8.370471   -4.77860117 -8.25146866]]
0
[[-12.85978413 -15.82934952  -0.61365056  -7.99146175]]
2
[[-4.18500328 -8.370471   -4.77860117 -8.25146866]]
0
[[-12.85978413 -15.82934952  -0.61365056  -7.99146175]]
2
[[-4.18500328 -8.370471   -4.77860117 -8.25146866]]
0
[[-12.85978413 -15.82934952  -0.61365056  -7.99146175]]
2
[[-4.18500328 -8.370471   -4.77860117 -8.25146866]]
0
[[-12.85978413 -15.82934952  -0.61365056  -7.99146175]]
2
[[-4.18500328 -8.370471   -4.77860117 -8.25146866]]
0
[[-12.85978413 -15.82934952  -0.61365056  -7.99146175]]
2
[[-4.18500328 -8.370471   -4.77860117 -8.25146866]]
0
[[-12.85978413 -15.82934952  -0.61365056  -7.99146175]]
2
[[-4.18500328 -8.370471   -4.77860117 -8.25146866]]
0
[[-12.85978413 -15.82934952  -0.61365056  -7.99146175]]
2
[[-4.18500328 -8.370471   -4.77860117 -8.25146866]]
0
[[-12.85978413 -15.82934952  -0.61365056  -7.99146175]]
2
[[-4.18500328 -8.370471   -4.77860117 -8.25146866]]
0
[[-12.85978413 -15.82934952  -0.61365056  -7.99146175]]
2
[[-4.18500328 -8.370471   -4.77860117 -8.25146866]]
0
[[-12.85978413 -15.82934952  -0.61365056  -7.99146175]]
2
[[-4.18500328 -8.370471   -4.77860117 -8.25146866]]
0
[[-12.85978413 -15.82934952  -0.61365056  -7.99146175]]
2
[[-4.18500328 -8.370471   -4.77860117 -8.25146866]]
0
FAIL
1/2
