[[-4.71268559 -5.25160408 -4.27289486 -8.31223679]]
2
[[-2.63153505 -6.63964462 -3.32714367 -8.86297894]]
0
[[-4.71268559 -5.25160408 -4.27289486 -8.31223679]]
2
[[-2.63153505 -6.63964462 -3.32714367 -8.86297894]]
0
[[-4.71268559 -5.25160408 -4.27289486 -8.31223679]]
2
[[-2.63153505 -6.63964462 -3.32714367 -8.86297894]]
0
[[-4.71268559 -5.25160408 -4.27289486 -8.31223679]]
2
[[-2.63153505 -6.63964462 -3.32714367 -8.86297894]]
0
[[-4.71268559 -5.25160408 -4.27289486 -8.31223679]]
2
[[-2.63153505 -6.63964462 -3.32714367 -8.86297894]]
0
[[-4.71268559 -5.25160408 -4.27289486 -8.31223679]]
2
[[-2.63153505 -6.63964462 -3.32714367 -8.86297894]]
0
[[-4.71268559 -5.25160408 -4.27289486 -8.31223679]]
2
[[-2.63153505 -6.63964462 -3.32714367 -8.86297894]]
0
[[-4.71268559 -5.25160408 -4.27289486 -8.31223679]]
2
[[-2.63153505 -6.63964462 -3.32714367 -8.86297894]]
0
[[-4.71268559 -5.25160408 -4.27289486 -8.31223679]]
2
[[-2.63153505 -6.63964462 -3.32714367 -8.86297894]]
0
[[-4.71268559 -5.25160408 -4.27289486 -8.31223679]]
2
[[-2.63153505 -6.63964462 -3.32714367 -8.86297894]]
0
[[-4.71268559 -5.25160408 -4.27289486 -8.31223679]]
2
[[-2.63153505 -6.63964462 -3.32714367 -8.86297894]]
0
[[-4.71268559 -5.25160408 -4.27289486 -8.31223679]]
2
[[-2.63153505 -6.63964462 -3.32714367 -8.86297894]]
0
[[-4.71268559 -5.25160408 -4.27289486 -8.31223679]]
2
[[-2.63153505 -6.63964462 -3.32714367 -8.86297894]]
0
[[-4.71268559 -5.25160408 -4.27289486 -8.31223679]]
2
[[-2.63153505 -6.63964462 -3.32714367 -8.86297894]]
0
[[-4.71268559 -5.25160408 -4.27289486 -8.31223679]]
2
[[-2.63153505 -6.63964462 -3.32714367 -8.86297894]]
0
[[-4.71268559 -5.25160408 -4.27289486 -8.31223679]]
2
[[-2.63153505 -6.63964462 -3.32714367 -8.86297894]]
0
[[-4.71268559 -5.25160408 -4.27289486 -8.31223679]]
2
[[-2.63153505 -6.63964462 -3.32714367 -8.86297894]]
0
[[-4.71268559 -5.25160408 -4.27289486 -8.31223679]]
2
[[-2.63153505 -6.63964462 -3.32714367 -8.86297894]]
0
[[-4.71268559 -5.25160408 -4.27289486 -8.31223679]]
2
[[-2.63153505 -6.63964462 -3.32714367 -8.86297894]]
0
[[-4.71268559 -5.25160408 -4.27289486 -8.31223679]]
2
[[-2.63153505 -6.63964462 -3.32714367 -8.86297894]]
0
[[-4.71268559 -5.25160408 -4.27289486 -8.31223679]]
2
[[-2.63153505 -6.63964462 -3.32714367 -8.86297894]]
0
[[-4.71268559 -5.25160408 -4.27289486 -8.31223679]]
2
[[-2.63153505 -6.63964462 -3.32714367 -8.86297894]]
0
[[-4.71268559 -5.25160408 -4.27289486 -8.31223679]]
2
[[-2.63153505 -6.63964462 -3.32714367 -8.86297894]]
0
[[-4.71268559 -5.25160408 -4.27289486 -8.31223679]]
2
[[-2.63153505 -6.63964462 -3.32714367 -8.86297894]]
0
[[-4.71268559 -5.25160408 -4.27289486 -8.31223679]]
2
[[-2.63153505 -6.63964462 -3.32714367 -8.86297894]]
0
[[-4.71268559 -5.25160408 -4.27289486 -8.31223679]]
2
[[-2.63153505 -6.63964462 -3.32714367 -8.86297894]]
0
[[-4.71268559 -5.25160408 -4.27289486 -8.31223679]]
2
[[-2.63153505 -6.63964462 -3.32714367 -8.86297894]]
0
[[-4.71268559 -5.25160408 -4.27289486 -8.31223679]]
2
[[-2.63153505 -6.63964462 -3.32714367 -8.86297894]]
0
[[-4.71268559 -5.25160408 -4.27289486 -8.31223679]]
2
[[-2.63153505 -6.63964462 -3.32714367 -8.86297894]]
0
[[-4.71268559 -5.25160408 -4.27289486 -8.31223679]]
2
[[-2.63153505 -6.63964462 -3.32714367 -8.86297894]]
0
[[-4.71268559 -5.25160408 -4.27289486 -8.31223679]]
2
[[-2.63153505 -6.63964462 -3.32714367 -8.86297894]]
0
[[-4.71268559 -5.25160408 -4.27289486 -8.31223679]]
2
[[-2.63153505 -6.63964462 -3.32714367 -8.86297894]]
0
[[-4.71268559 -5.25160408 -4.27289486 -8.31223679]]
2
[[-2.63153505 -6.63964462 -3.32714367 -8.86297894]]
0
[[-4.71268559 -5.25160408 -4.27289486 -8.31223679]]
2
[[-2.63153505 -6.63964462 -3.32714367 -8.86297894]]
0
[[-4.71268559 -5.25160408 -4.27289486 -8.31223679]]
2
[[-2.63153505 -6.63964462 -3.32714367 -8.86297894]]
0
[[-4.71268559 -5.25160408 -4.27289486 -8.31223679]]
2
[[-2.63153505 -6.63964462 -3.32714367 -8.86297894]]
0
[[-4.71268559 -5.25160408 -4.27289486 -8.31223679]]
2
[[-2.63153505 -6.63964462 -3.32714367 -8.86297894]]
0
[[-4.71268559 -5.25160408 -4.27289486 -8.31223679]]
2
[[-2.63153505 -6.63964462 -3.32714367 -8.86297894]]
0
[[-4.71268559 -5.25160408 -4.27289486 -8.31223679]]
2
[[-2.63153505 -6.63964462 -3.32714367 -8.86297894]]
0
[[-4.71268559 -5.25160408 -4.27289486 -8.31223679]]
2
[[-2.63153505 -6.63964462 -3.32714367 -8.86297894]]
0
[[-4.71268559 -5.25160408 -4.27289486 -8.31223679]]
2
[[-2.63153505 -6.63964462 -3.32714367 -8.86297894]]
0
[[-4.71268559 -5.25160408 -4.27289486 -8.31223679]]
2
[[-2.63153505 -6.63964462 -3.32714367 -8.86297894]]
0
[[-4.71268559 -5.25160408 -4.27289486 -8.31223679]]
2
[[-2.63153505 -6.63964462 -3.32714367 -8.86297894]]
0
[[-4.71268559 -5.25160408 -4.27289486 -8.31223679]]
2
[[-2.63153505 -6.63964462 -3.32714367 -8.86297894]]
0
[[-4.71268559 -5.25160408 -4.27289486 -8.31223679]]
2
[[-2.63153505 -6.63964462 -3.32714367 -8.86297894]]
0
[[-4.71268559 -5.25160408 -4.27289486 -8.31223679]]
2
[[-2.63153505 -6.63964462 -3.32714367 -8.86297894]]
0
[[-4.71268559 -5.25160408 -4.27289486 -8.31223679]]
2
[[-2.63153505 -6.63964462 -3.32714367 -8.86297894]]
0
[[-4.71268559 -5.25160408 -4.27289486 -8.31223679]]
2
[[-2.63153505 -6.63964462 -3.32714367 -8.86297894]]
0
[[-4.71268559 -5.25160408 -4.27289486 -8.31223679]]
2
[[-2.63153505 -6.63964462 -3.32714367 -8.86297894]]
0
[[-4.71268559 -5.25160408 -4.27289486 -8.31223679]]
2
[[-2.63153505 -6.63964462 -3.32714367 -8.86297894]]
0
[[-4.71268559 -5.25160408 -4.27289486 -8.31223679]]
2
FAIL
0/5
