[[ 15395619.   13184665.   14877814.    8193891.5]]
0
[[ 14533378.  10995355.  14947232.   6898215.]]
2
[[ 15395619.   13184665.   14877814.    8193891.5]]
0
[[ 14533378.  10995355.  14947232.   6898215.]]
2
[[ 15395619.   13184665.   14877814.    8193891.5]]
0
[[ 14533378.  10995355.  14947232.   6898215.]]
2
[[ 15395619.   13184665.   14877814.    8193891.5]]
0
[[ 14533378.  10995355.  14947232.   6898215.]]
2
[[ 15395619.   13184665.   14877814.    8193891.5]]
0
[[ 14533378.  10995355.  14947232.   6898215.]]
2
[[ 15395619.   13184665.   14877814.    8193891.5]]
0
[[ 14533378.  10995355.  14947232.   6898215.]]
2
[[ 15395619.   13184665.   14877814.    8193891.5]]
0
[[ 14533378.  10995355.  14947232.   6898215.]]
2
[[ 15395619.   13184665.   14877814.    8193891.5]]
0
[[ 14533378.  10995355.  14947232.   6898215.]]
2
[[ 15395619.   13184665.   14877814.    8193891.5]]
0
[[ 14533378.  10995355.  14947232.   6898215.]]
2
[[ 15395619.   13184665.   14877814.    8193891.5]]
0
[[ 14533378.  10995355.  14947232.   6898215.]]
2
[[ 15395619.   13184665.   14877814.    8193891.5]]
0
[[ 14533378.  10995355.  14947232.   6898215.]]
2
[[ 15395619.   13184665.   14877814.    8193891.5]]
0
[[ 14533378.  10995355.  14947232.   6898215.]]
2
[[ 15395619.   13184665.   14877814.    8193891.5]]
0
[[ 14533378.  10995355.  14947232.   6898215.]]
2
[[ 15395619.   13184665.   14877814.    8193891.5]]
0
[[ 14533378.  10995355.  14947232.   6898215.]]
2
[[ 15395619.   13184665.   14877814.    8193891.5]]
0
[[ 14533378.  10995355.  14947232.   6898215.]]
2
[[ 15395619.   13184665.   14877814.    8193891.5]]
0
[[ 14533378.  10995355.  14947232.   6898215.]]
2
[[ 15395619.   13184665.   14877814.    8193891.5]]
0
[[ 14533378.  10995355.  14947232.   6898215.]]
2
[[ 15395619.   13184665.   14877814.    8193891.5]]
0
[[ 14533378.  10995355.  14947232.   6898215.]]
2
[[ 15395619.   13184665.   14877814.    8193891.5]]
0
[[ 14533378.  10995355.  14947232.   6898215.]]
2
[[ 15395619.   13184665.   14877814.    8193891.5]]
0
[[ 14533378.  10995355.  14947232.   6898215.]]
2
[[ 15395619.   13184665.   14877814.    8193891.5]]
0
[[ 14533378.  10995355.  14947232.   6898215.]]
2
[[ 15395619.   13184665.   14877814.    8193891.5]]
0
[[ 14533378.  10995355.  14947232.   6898215.]]
2
[[ 15395619.   13184665.   14877814.    8193891.5]]
0
[[ 14533378.  10995355.  14947232.   6898215.]]
2
[[ 15395619.   13184665.   14877814.    8193891.5]]
0
[[ 14533378.  10995355.  14947232.   6898215.]]
2
[[ 15395619.   13184665.   14877814.    8193891.5]]
0
[[ 14533378.  10995355.  14947232.   6898215.]]
2
[[ 15395619.   13184665.   14877814.    8193891.5]]
0
[[ 14533378.  10995355.  14947232.   6898215.]]
2
[[ 15395619.   13184665.   14877814.    8193891.5]]
0
[[ 14533378.  10995355.  14947232.   6898215.]]
2
[[ 15395619.   13184665.   14877814.    8193891.5]]
0
[[ 14533378.  10995355.  14947232.   6898215.]]
2
[[ 15395619.   13184665.   14877814.    8193891.5]]
0
[[ 14533378.  10995355.  14947232.   6898215.]]
2
[[ 15395619.   13184665.   14877814.    8193891.5]]
0
[[ 14533378.  10995355.  14947232.   6898215.]]
2
[[ 15395619.   13184665.   14877814.    8193891.5]]
0
[[ 14533378.  10995355.  14947232.   6898215.]]
2
[[ 15395619.   13184665.   14877814.    8193891.5]]
0
[[ 14533378.  10995355.  14947232.   6898215.]]
2
[[ 15395619.   13184665.   14877814.    8193891.5]]
0
[[ 14533378.  10995355.  14947232.   6898215.]]
2
[[ 15395619.   13184665.   14877814.    8193891.5]]
0
[[ 14533378.  10995355.  14947232.   6898215.]]
2
[[ 15395619.   13184665.   14877814.    8193891.5]]
0
[[ 14533378.  10995355.  14947232.   6898215.]]
2
[[ 15395619.   13184665.   14877814.    8193891.5]]
0
[[ 14533378.  10995355.  14947232.   6898215.]]
2
[[ 15395619.   13184665.   14877814.    8193891.5]]
0
[[ 14533378.  10995355.  14947232.   6898215.]]
2
[[ 15395619.   13184665.   14877814.    8193891.5]]
0
[[ 14533378.  10995355.  14947232.   6898215.]]
2
[[ 15395619.   13184665.   14877814.    8193891.5]]
0
[[ 14533378.  10995355.  14947232.   6898215.]]
2
[[ 15395619.   13184665.   14877814.    8193891.5]]
0
[[ 14533378.  10995355.  14947232.   6898215.]]
2
[[ 15395619.   13184665.   14877814.    8193891.5]]
0
[[ 14533378.  10995355.  14947232.   6898215.]]
2
[[ 15395619.   13184665.   14877814.    8193891.5]]
0
[[ 14533378.  10995355.  14947232.   6898215.]]
2
[[ 15395619.   13184665.   14877814.    8193891.5]]
0
[[ 14533378.  10995355.  14947232.   6898215.]]
2
[[ 15395619.   13184665.   14877814.    8193891.5]]
0
[[ 14533378.  10995355.  14947232.   6898215.]]
2
[[ 15395619.   13184665.   14877814.    8193891.5]]
0
[[ 14533378.  10995355.  14947232.   6898215.]]
2
[[ 15395619.   13184665.   14877814.    8193891.5]]
0
[[ 14533378.  10995355.  14947232.   6898215.]]
2
[[ 15395619.   13184665.   14877814.    8193891.5]]
0
[[ 14533378.  10995355.  14947232.   6898215.]]
2
[[ 15395619.   13184665.   14877814.    8193891.5]]
0
[[ 14533378.  10995355.  14947232.   6898215.]]
2
[[ 15395619.   13184665.   14877814.    8193891.5]]
0
[[ 14533378.  10995355.  14947232.   6898215.]]
2
[[ 15395619.   13184665.   14877814.    8193891.5]]
0
[[ 14533378.  10995355.  14947232.   6898215.]]
2
[[ 15395619.   13184665.   14877814.    8193891.5]]
0
FAIL
1/8
