[[-4.20773983 -8.08080387 -4.31214619 -8.40516758]]
0
[[-12.86542702 -15.53386688  -0.14211605  -8.13501549]]
2
[[-4.20773983 -8.08080387 -4.31214619 -8.40516758]]
0
[[-12.86542702 -15.53386688  -0.14211605  -8.13501549]]
2
[[-4.20773983 -8.08080387 -4.31214619 -8.40516758]]
0
[[-12.86542702 -15.53386688  -0.14211605  -8.13501549]]
2
[[-4.20773983 -8.08080387 -4.31214619 -8.40516758]]
0
[[-12.86542702 -15.53386688  -0.14211605  -8.13501549]]
2
[[-4.20773983 -8.08080387 -4.31214619 -8.40516758]]
0
[[-12.86542702 -15.53386688  -0.14211605  -8.13501549]]
2
[[-4.20773983 -8.08080387 -4.31214619 -8.40516758]]
0
[[-12.86542702 -15.53386688  -0.14211605  -8.13501549]]
2
[[-4.20773983 -8.08080387 -4.31214619 -8.40516758]]
0
[[-12.86542702 -15.53386688  -0.14211605  -8.13501549]]
2
[[-4.20773983 -8.08080387 -4.31214619 -8.40516758]]
0
[[-12.86542702 -15.53386688  -0.14211605  -8.13501549]]
2
[[-4.20773983 -8.08080387 -4.31214619 -8.40516758]]
0
[[-12.86542702 -15.53386688  -0.14211605  -8.13501549]]
2
[[-4.20773983 -8.08080387 -4.31214619 -8.40516758]]
0
[[-12.86542702 -15.53386688  -0.14211605  -8.13501549]]
2
[[-4.20773983 -8.08080387 -4.31214619 -8.40516758]]
0
[[-12.86542702 -15.53386688  -0.14211605  -8.13501549]]
2
[[-4.20773983 -8.08080387 -4.31214619 -8.40516758]]
0
[[-12.86542702 -15.53386688  -0.14211605  -8.13501549]]
2
[[-4.20773983 -8.08080387 -4.31214619 -8.40516758]]
0
[[-12.86542702 -15.53386688  -0.14211605  -8.13501549]]
2
[[-4.20773983 -8.08080387 -4.31214619 -8.40516758]]
0
[[-12.86542702 -15.53386688  -0.14211605  -8.13501549]]
2
[[-4.20773983 -8.08080387 -4.31214619 -8.40516758]]
0
[[-12.86542702 -15.53386688  -0.14211605  -8.13501549]]
2
[[-4.20773983 -8.08080387 -4.31214619 -8.40516758]]
0
[[-12.86542702 -15.53386688  -0.14211605  -8.13501549]]
2
[[-4.20773983 -8.08080387 -4.31214619 -8.40516758]]
0
[[-12.86542702 -15.53386688  -0.14211605  -8.13501549]]
2
[[-4.20773983 -8.08080387 -4.31214619 -8.40516758]]
0
[[-12.86542702 -15.53386688  -0.14211605  -8.13501549]]
2
[[-4.20773983 -8.08080387 -4.31214619 -8.40516758]]
0
[[-12.86542702 -15.53386688  -0.14211605  -8.13501549]]
2
[[-4.20773983 -8.08080387 -4.31214619 -8.40516758]]
0
[[-12.86542702 -15.53386688  -0.14211605  -8.13501549]]
2
[[-4.20773983 -8.08080387 -4.31214619 -8.40516758]]
0
[[-12.86542702 -15.53386688  -0.14211605  -8.13501549]]
2
[[-4.20773983 -8.08080387 -4.31214619 -8.40516758]]
0
[[-12.86542702 -15.53386688  -0.14211605  -8.13501549]]
2
[[-4.20773983 -8.08080387 -4.31214619 -8.40516758]]
0
[[-12.86542702 -15.53386688  -0.14211605  -8.13501549]]
2
[[-4.20773983 -8.08080387 -4.31214619 -8.40516758]]
0
[[-12.86542702 -15.53386688  -0.14211605  -8.13501549]]
2
[[-4.20773983 -8.08080387 -4.31214619 -8.40516758]]
0
[[-12.86542702 -15.53386688  -0.14211605  -8.13501549]]
2
[[-4.20773983 -8.08080387 -4.31214619 -8.40516758]]
0
[[-12.86542702 -15.53386688  -0.14211605  -8.13501549]]
2
[[-4.20773983 -8.08080387 -4.31214619 -8.40516758]]
0
[[-12.86542702 -15.53386688  -0.14211605  -8.13501549]]
2
[[-4.20773983 -8.08080387 -4.31214619 -8.40516758]]
0
[[-12.86542702 -15.53386688  -0.14211605  -8.13501549]]
2
[[-4.20773983 -8.08080387 -4.31214619 -8.40516758]]
0
[[-12.86542702 -15.53386688  -0.14211605  -8.13501549]]
2
[[-4.20773983 -8.08080387 -4.31214619 -8.40516758]]
0
[[-12.86542702 -15.53386688  -0.14211605  -8.13501549]]
2
[[-4.20773983 -8.08080387 -4.31214619 -8.40516758]]
0
[[-12.86542702 -15.53386688  -0.14211605  -8.13501549]]
2
[[-4.20773983 -8.08080387 -4.31214619 -8.40516758]]
0
[[-12.86542702 -15.53386688  -0.14211605  -8.13501549]]
2
[[-4.20773983 -8.08080387 -4.31214619 -8.40516758]]
0
[[-12.86542702 -15.53386688  -0.14211605  -8.13501549]]
2
[[-4.20773983 -8.08080387 -4.31214619 -8.40516758]]
0
[[-12.86542702 -15.53386688  -0.14211605  -8.13501549]]
2
[[-4.20773983 -8.08080387 -4.31214619 -8.40516758]]
0
[[-12.86542702 -15.53386688  -0.14211605  -8.13501549]]
2
[[-4.20773983 -8.08080387 -4.31214619 -8.40516758]]
0
[[-12.86542702 -15.53386688  -0.14211605  -8.13501549]]
2
[[-4.20773983 -8.08080387 -4.31214619 -8.40516758]]
0
[[-12.86542702 -15.53386688  -0.14211605  -8.13501549]]
2
[[-4.20773983 -8.08080387 -4.31214619 -8.40516758]]
0
[[-12.86542702 -15.53386688  -0.14211605  -8.13501549]]
2
[[-4.20773983 -8.08080387 -4.31214619 -8.40516758]]
0
[[-12.86542702 -15.53386688  -0.14211605  -8.13501549]]
2
[[-4.20773983 -8.08080387 -4.31214619 -8.40516758]]
0
[[-12.86542702 -15.53386688  -0.14211605  -8.13501549]]
2
[[-4.20773983 -8.08080387 -4.31214619 -8.40516758]]
0
[[-12.86542702 -15.53386688  -0.14211605  -8.13501549]]
2
[[-4.20773983 -8.08080387 -4.31214619 -8.40516758]]
0
[[-12.86542702 -15.53386688  -0.14211605  -8.13501549]]
2
[[-4.20773983 -8.08080387 -4.31214619 -8.40516758]]
0
[[-12.86542702 -15.53386688  -0.14211605  -8.13501549]]
2
[[-4.20773983 -8.08080387 -4.31214619 -8.40516758]]
0
[[-12.86542702 -15.53386688  -0.14211605  -8.13501549]]
2
[[-4.20773983 -8.08080387 -4.31214619 -8.40516758]]
0
[[-12.86542702 -15.53386688  -0.14211605  -8.13501549]]
2
[[-4.20773983 -8.08080387 -4.31214619 -8.40516758]]
0
[[-12.86542702 -15.53386688  -0.14211605  -8.13501549]]
2
[[-4.20773983 -8.08080387 -4.31214619 -8.40516758]]
0
[[-12.86542702 -15.53386688  -0.14211605  -8.13501549]]
2
[[-4.20773983 -8.08080387 -4.31214619 -8.40516758]]
0
[[-12.86542702 -15.53386688  -0.14211605  -8.13501549]]
2
[[-4.20773983 -8.08080387 -4.31214619 -8.40516758]]
0
[[-12.86542702 -15.53386688  -0.14211605  -8.13501549]]
2
[[-4.20773983 -8.08080387 -4.31214619 -8.40516758]]
0
[[-12.86542702 -15.53386688  -0.14211605  -8.13501549]]
2
[[-4.20773983 -8.08080387 -4.31214619 -8.40516758]]
0
FAIL
1/2
