[[-4.75624418 -4.98596287 -3.79317999 -8.48426437]]
2
[[-2.69187021 -6.38268614 -2.85879493 -9.0344429 ]]
0
[[-4.75624418 -4.98596287 -3.79317999 -8.48426437]]
2
[[-2.69187021 -6.38268614 -2.85879493 -9.0344429 ]]
0
[[-4.75624418 -4.98596287 -3.79317999 -8.48426437]]
2
[[-2.69187021 -6.38268614 -2.85879493 -9.0344429 ]]
0
[[-4.75624418 -4.98596287 -3.79317999 -8.48426437]]
2
[[-2.69187021 -6.38268614 -2.85879493 -9.0344429 ]]
0
[[-4.75624418 -4.98596287 -3.79317999 -8.48426437]]
2
[[-2.69187021 -6.38268614 -2.85879493 -9.0344429 ]]
0
[[-4.75624418 -4.98596287 -3.79317999 -8.48426437]]
2
[[-2.69187021 -6.38268614 -2.85879493 -9.0344429 ]]
0
[[-4.75624418 -4.98596287 -3.79317999 -8.48426437]]
2
[[-2.69187021 -6.38268614 -2.85879493 -9.0344429 ]]
0
[[-4.75624418 -4.98596287 -3.79317999 -8.48426437]]
2
[[-2.69187021 -6.38268614 -2.85879493 -9.0344429 ]]
0
[[-4.75624418 -4.98596287 -3.79317999 -8.48426437]]
2
[[-2.69187021 -6.38268614 -2.85879493 -9.0344429 ]]
0
[[-4.75624418 -4.98596287 -3.79317999 -8.48426437]]
2
[[-2.69187021 -6.38268614 -2.85879493 -9.0344429 ]]
0
[[-4.75624418 -4.98596287 -3.79317999 -8.48426437]]
2
[[-2.69187021 -6.38268614 -2.85879493 -9.0344429 ]]
0
[[-4.75624418 -4.98596287 -3.79317999 -8.48426437]]
2
[[-2.69187021 -6.38268614 -2.85879493 -9.0344429 ]]
0
[[-4.75624418 -4.98596287 -3.79317999 -8.48426437]]
2
[[-2.69187021 -6.38268614 -2.85879493 -9.0344429 ]]
0
[[-4.75624418 -4.98596287 -3.79317999 -8.48426437]]
2
[[-2.69187021 -6.38268614 -2.85879493 -9.0344429 ]]
0
[[-4.75624418 -4.98596287 -3.79317999 -8.48426437]]
2
[[-2.69187021 -6.38268614 -2.85879493 -9.0344429 ]]
0
[[-4.75624418 -4.98596287 -3.79317999 -8.48426437]]
2
[[-2.69187021 -6.38268614 -2.85879493 -9.0344429 ]]
0
[[-4.75624418 -4.98596287 -3.79317999 -8.48426437]]
2
[[-2.69187021 -6.38268614 -2.85879493 -9.0344429 ]]
0
[[-4.75624418 -4.98596287 -3.79317999 -8.48426437]]
2
[[-2.69187021 -6.38268614 -2.85879493 -9.0344429 ]]
0
[[-4.75624418 -4.98596287 -3.79317999 -8.48426437]]
2
[[-2.69187021 -6.38268614 -2.85879493 -9.0344429 ]]
0
[[-4.75624418 -4.98596287 -3.79317999 -8.48426437]]
2
[[-2.69187021 -6.38268614 -2.85879493 -9.0344429 ]]
0
[[-4.75624418 -4.98596287 -3.79317999 -8.48426437]]
2
[[-2.69187021 -6.38268614 -2.85879493 -9.0344429 ]]
0
[[-4.75624418 -4.98596287 -3.79317999 -8.48426437]]
2
[[-2.69187021 -6.38268614 -2.85879493 -9.0344429 ]]
0
[[-4.75624418 -4.98596287 -3.79317999 -8.48426437]]
2
[[-2.69187021 -6.38268614 -2.85879493 -9.0344429 ]]
0
[[-4.75624418 -4.98596287 -3.79317999 -8.48426437]]
2
[[-2.69187021 -6.38268614 -2.85879493 -9.0344429 ]]
0
[[-4.75624418 -4.98596287 -3.79317999 -8.48426437]]
2
[[-2.69187021 -6.38268614 -2.85879493 -9.0344429 ]]
0
[[-4.75624418 -4.98596287 -3.79317999 -8.48426437]]
2
[[-2.69187021 -6.38268614 -2.85879493 -9.0344429 ]]
0
[[-4.75624418 -4.98596287 -3.79317999 -8.48426437]]
2
[[-2.69187021 -6.38268614 -2.85879493 -9.0344429 ]]
0
[[-4.75624418 -4.98596287 -3.79317999 -8.48426437]]
2
[[-2.69187021 -6.38268614 -2.85879493 -9.0344429 ]]
0
[[-4.75624418 -4.98596287 -3.79317999 -8.48426437]]
2
[[-2.69187021 -6.38268614 -2.85879493 -9.0344429 ]]
0
[[-4.75624418 -4.98596287 -3.79317999 -8.48426437]]
2
[[-2.69187021 -6.38268614 -2.85879493 -9.0344429 ]]
0
[[-4.75624418 -4.98596287 -3.79317999 -8.48426437]]
2
[[-2.69187021 -6.38268614 -2.85879493 -9.0344429 ]]
0
[[-4.75624418 -4.98596287 -3.79317999 -8.48426437]]
2
[[-2.69187021 -6.38268614 -2.85879493 -9.0344429 ]]
0
[[-4.75624418 -4.98596287 -3.79317999 -8.48426437]]
2
[[-2.69187021 -6.38268614 -2.85879493 -9.0344429 ]]
0
[[-4.75624418 -4.98596287 -3.79317999 -8.48426437]]
2
[[-2.69187021 -6.38268614 -2.85879493 -9.0344429 ]]
0
[[-4.75624418 -4.98596287 -3.79317999 -8.48426437]]
2
[[-2.69187021 -6.38268614 -2.85879493 -9.0344429 ]]
0
[[-4.75624418 -4.98596287 -3.79317999 -8.48426437]]
2
[[-2.69187021 -6.38268614 -2.85879493 -9.0344429 ]]
0
[[-4.75624418 -4.98596287 -3.79317999 -8.48426437]]
2
[[-2.69187021 -6.38268614 -2.85879493 -9.0344429 ]]
0
[[-4.75624418 -4.98596287 -3.79317999 -8.48426437]]
2
[[-2.69187021 -6.38268614 -2.85879493 -9.0344429 ]]
0
[[-4.75624418 -4.98596287 -3.79317999 -8.48426437]]
2
[[-2.69187021 -6.38268614 -2.85879493 -9.0344429 ]]
0
[[-4.75624418 -4.98596287 -3.79317999 -8.48426437]]
2
[[-2.69187021 -6.38268614 -2.85879493 -9.0344429 ]]
0
[[-4.75624418 -4.98596287 -3.79317999 -8.48426437]]
2
[[-2.69187021 -6.38268614 -2.85879493 -9.0344429 ]]
0
[[-4.75624418 -4.98596287 -3.79317999 -8.48426437]]
2
[[-2.69187021 -6.38268614 -2.85879493 -9.0344429 ]]
0
[[-4.75624418 -4.98596287 -3.79317999 -8.48426437]]
2
[[-2.69187021 -6.38268614 -2.85879493 -9.0344429 ]]
0
[[-4.75624418 -4.98596287 -3.79317999 -8.48426437]]
2
[[-2.69187021 -6.38268614 -2.85879493 -9.0344429 ]]
0
[[-4.75624418 -4.98596287 -3.79317999 -8.48426437]]
2
[[-2.69187021 -6.38268614 -2.85879493 -9.0344429 ]]
0
[[-4.75624418 -4.98596287 -3.79317999 -8.48426437]]
2
[[-2.69187021 -6.38268614 -2.85879493 -9.0344429 ]]
0
[[-4.75624418 -4.98596287 -3.79317999 -8.48426437]]
2
[[-2.69187021 -6.38268614 -2.85879493 -9.0344429 ]]
0
[[-4.75624418 -4.98596287 -3.79317999 -8.48426437]]
2
[[-2.69187021 -6.38268614 -2.85879493 -9.0344429 ]]
0
[[-4.75624418 -4.98596287 -3.79317999 -8.48426437]]
2
[[-2.69187021 -6.38268614 -2.85879493 -9.0344429 ]]
0
[[-4.75624418 -4.98596287 -3.79317999 -8.48426437]]
2
[[-2.69187021 -6.38268614 -2.85879493 -9.0344429 ]]
0
[[-4.75624418 -4.98596287 -3.79317999 -8.48426437]]
2
FAIL
0/5
