[[ 88408624.  73871944.  71051712.  63568160.]]
0
[[ 78221952.  66777756.  64514648.  50232452.]]
0
[[ 65511764.  79422856.  65211136.  54027504.]]
1
[[ 58399792.  57243084.  39782612.  62184172.]]
3
[[ 65511764.  79422856.  65211136.  54027504.]]
1
[[ 58399792.  57243084.  39782612.  62184172.]]
3
[[ 65511764.  79422856.  65211136.  54027504.]]
1
[[ 58399792.  57243084.  39782612.  62184172.]]
3
[[ 65511764.  79422856.  65211136.  54027504.]]
1
[[ 58399792.  57243084.  39782612.  62184172.]]
3
[[ 65511764.  79422856.  65211136.  54027504.]]
1
[[ 58399792.  57243084.  39782612.  62184172.]]
3
[[ 65511764.  79422856.  65211136.  54027504.]]
1
[[ 58399792.  57243084.  39782612.  62184172.]]
3
[[ 65511764.  79422856.  65211136.  54027504.]]
1
[[ 58399792.  57243084.  39782612.  62184172.]]
3
[[ 65511764.  79422856.  65211136.  54027504.]]
1
[[ 58399792.  57243084.  39782612.  62184172.]]
3
[[ 65511764.  79422856.  65211136.  54027504.]]
1
[[ 58399792.  57243084.  39782612.  62184172.]]
3
[[ 65511764.  79422856.  65211136.  54027504.]]
1
[[ 58399792.  57243084.  39782612.  62184172.]]
3
[[ 65511764.  79422856.  65211136.  54027504.]]
1
[[ 58399792.  57243084.  39782612.  62184172.]]
3
[[ 65511764.  79422856.  65211136.  54027504.]]
1
[[ 58399792.  57243084.  39782612.  62184172.]]
3
[[ 65511764.  79422856.  65211136.  54027504.]]
1
[[ 58399792.  57243084.  39782612.  62184172.]]
3
[[ 65511764.  79422856.  65211136.  54027504.]]
1
[[ 58399792.  57243084.  39782612.  62184172.]]
3
[[ 65511764.  79422856.  65211136.  54027504.]]
1
[[ 58399792.  57243084.  39782612.  62184172.]]
3
[[ 65511764.  79422856.  65211136.  54027504.]]
1
[[ 58399792.  57243084.  39782612.  62184172.]]
3
[[ 65511764.  79422856.  65211136.  54027504.]]
1
[[ 58399792.  57243084.  39782612.  62184172.]]
3
[[ 65511764.  79422856.  65211136.  54027504.]]
1
[[ 58399792.  57243084.  39782612.  62184172.]]
3
[[ 65511764.  79422856.  65211136.  54027504.]]
1
[[ 58399792.  57243084.  39782612.  62184172.]]
3
[[ 65511764.  79422856.  65211136.  54027504.]]
1
[[ 58399792.  57243084.  39782612.  62184172.]]
3
[[ 65511764.  79422856.  65211136.  54027504.]]
1
[[ 58399792.  57243084.  39782612.  62184172.]]
3
[[ 65511764.  79422856.  65211136.  54027504.]]
1
[[ 58399792.  57243084.  39782612.  62184172.]]
3
[[ 65511764.  79422856.  65211136.  54027504.]]
1
[[ 58399792.  57243084.  39782612.  62184172.]]
3
[[ 65511764.  79422856.  65211136.  54027504.]]
1
[[ 58399792.  57243084.  39782612.  62184172.]]
3
[[ 65511764.  79422856.  65211136.  54027504.]]
1
[[ 58399792.  57243084.  39782612.  62184172.]]
3
[[ 65511764.  79422856.  65211136.  54027504.]]
1
[[ 58399792.  57243084.  39782612.  62184172.]]
3
[[ 65511764.  79422856.  65211136.  54027504.]]
1
[[ 58399792.  57243084.  39782612.  62184172.]]
3
[[ 65511764.  79422856.  65211136.  54027504.]]
1
[[ 58399792.  57243084.  39782612.  62184172.]]
3
[[ 65511764.  79422856.  65211136.  54027504.]]
1
[[ 58399792.  57243084.  39782612.  62184172.]]
3
[[ 65511764.  79422856.  65211136.  54027504.]]
1
[[ 58399792.  57243084.  39782612.  62184172.]]
3
[[ 65511764.  79422856.  65211136.  54027504.]]
1
[[ 58399792.  57243084.  39782612.  62184172.]]
3
[[ 65511764.  79422856.  65211136.  54027504.]]
1
[[ 58399792.  57243084.  39782612.  62184172.]]
3
[[ 65511764.  79422856.  65211136.  54027504.]]
1
[[ 58399792.  57243084.  39782612.  62184172.]]
3
[[ 65511764.  79422856.  65211136.  54027504.]]
1
[[ 58399792.  57243084.  39782612.  62184172.]]
3
[[ 65511764.  79422856.  65211136.  54027504.]]
1
[[ 58399792.  57243084.  39782612.  62184172.]]
3
[[ 65511764.  79422856.  65211136.  54027504.]]
1
[[ 58399792.  57243084.  39782612.  62184172.]]
3
[[ 65511764.  79422856.  65211136.  54027504.]]
1
[[ 58399792.  57243084.  39782612.  62184172.]]
3
[[ 65511764.  79422856.  65211136.  54027504.]]
1
[[ 58399792.  57243084.  39782612.  62184172.]]
3
[[ 65511764.  79422856.  65211136.  54027504.]]
1
[[ 58399792.  57243084.  39782612.  62184172.]]
3
[[ 65511764.  79422856.  65211136.  54027504.]]
1
[[ 58399792.  57243084.  39782612.  62184172.]]
3
[[ 65511764.  79422856.  65211136.  54027504.]]
1
[[ 58399792.  57243084.  39782612.  62184172.]]
3
[[ 65511764.  79422856.  65211136.  54027504.]]
1
[[ 58399792.  57243084.  39782612.  62184172.]]
3
[[ 65511764.  79422856.  65211136.  54027504.]]
1
[[ 58399792.  57243084.  39782612.  62184172.]]
3
[[ 65511764.  79422856.  65211136.  54027504.]]
1
[[ 58399792.  57243084.  39782612.  62184172.]]
3
[[ 65511764.  79422856.  65211136.  54027504.]]
1
[[ 58399792.  57243084.  39782612.  62184172.]]
3
[[ 65511764.  79422856.  65211136.  54027504.]]
1
[[ 58399792.  57243084.  39782612.  62184172.]]
3
[[ 65511764.  79422856.  65211136.  54027504.]]
1
[[ 58399792.  57243084.  39782612.  62184172.]]
3
[[ 65511764.  79422856.  65211136.  54027504.]]
1
[[ 58399792.  57243084.  39782612.  62184172.]]
3
[[ 65511764.  79422856.  65211136.  54027504.]]
1
[[ 58399792.  57243084.  39782612.  62184172.]]
3
[[ 65511764.  79422856.  65211136.  54027504.]]
1
FAIL
3/8
