[[ 9254036.  6706839.  9765184.  5476743.]]
2
[[ 9571364.  6360518.  9456030.  5329438.]]
0
[[ 9254036.  6706839.  9765184.  5476743.]]
2
[[ 9571364.  6360518.  9456030.  5329438.]]
0
[[ 9254036.  6706839.  9765184.  5476743.]]
2
[[ 9571364.  6360518.  9456030.  5329438.]]
0
[[ 9254036.  6706839.  9765184.  5476743.]]
2
[[ 9571364.  6360518.  9456030.  5329438.]]
0
[[ 9254036.  6706839.  9765184.  5476743.]]
2
[[ 9571364.  6360518.  9456030.  5329438.]]
0
[[ 9254036.  6706839.  9765184.  5476743.]]
2
[[ 9571364.  6360518.  9456030.  5329438.]]
0
[[ 9254036.  6706839.  9765184.  5476743.]]
2
[[ 9571364.  6360518.  9456030.  5329438.]]
0
[[ 9254036.  6706839.  9765184.  5476743.]]
2
[[ 9571364.  6360518.  9456030.  5329438.]]
0
[[ 9254036.  6706839.  9765184.  5476743.]]
2
[[ 9571364.  6360518.  9456030.  5329438.]]
0
[[ 9254036.  6706839.  9765184.  5476743.]]
2
[[ 9571364.  6360518.  9456030.  5329438.]]
0
[[ 9254036.  6706839.  9765184.  5476743.]]
2
[[ 9571364.  6360518.  9456030.  5329438.]]
0
[[ 9254036.  6706839.  9765184.  5476743.]]
2
[[ 9571364.  6360518.  9456030.  5329438.]]
0
[[ 9254036.  6706839.  9765184.  5476743.]]
2
[[ 9571364.  6360518.  9456030.  5329438.]]
0
[[ 9254036.  6706839.  9765184.  5476743.]]
2
[[ 9571364.  6360518.  9456030.  5329438.]]
0
[[ 9254036.  6706839.  9765184.  5476743.]]
2
[[ 9571364.  6360518.  9456030.  5329438.]]
0
[[ 9254036.  6706839.  9765184.  5476743.]]
2
[[ 9571364.  6360518.  9456030.  5329438.]]
0
[[ 9254036.  6706839.  9765184.  5476743.]]
2
[[ 9571364.  6360518.  9456030.  5329438.]]
0
[[ 9254036.  6706839.  9765184.  5476743.]]
2
[[ 9571364.  6360518.  9456030.  5329438.]]
0
[[ 9254036.  6706839.  9765184.  5476743.]]
2
[[ 9571364.  6360518.  9456030.  5329438.]]
0
[[ 9254036.  6706839.  9765184.  5476743.]]
2
[[ 9571364.  6360518.  9456030.  5329438.]]
0
[[ 9254036.  6706839.  9765184.  5476743.]]
2
[[ 9571364.  6360518.  9456030.  5329438.]]
0
[[ 9254036.  6706839.  9765184.  5476743.]]
2
[[ 9571364.  6360518.  9456030.  5329438.]]
0
[[ 9254036.  6706839.  9765184.  5476743.]]
2
[[ 9571364.  6360518.  9456030.  5329438.]]
0
[[ 9254036.  6706839.  9765184.  5476743.]]
2
[[ 9571364.  6360518.  9456030.  5329438.]]
0
[[ 9254036.  6706839.  9765184.  5476743.]]
2
[[ 9571364.  6360518.  9456030.  5329438.]]
0
[[ 9254036.  6706839.  9765184.  5476743.]]
2
[[ 9571364.  6360518.  9456030.  5329438.]]
0
[[ 9254036.  6706839.  9765184.  5476743.]]
2
[[ 9571364.  6360518.  9456030.  5329438.]]
0
[[ 9254036.  6706839.  9765184.  5476743.]]
2
[[ 9571364.  6360518.  9456030.  5329438.]]
0
[[ 9254036.  6706839.  9765184.  5476743.]]
2
[[ 9571364.  6360518.  9456030.  5329438.]]
0
[[ 9254036.  6706839.  9765184.  5476743.]]
2
[[ 9571364.  6360518.  9456030.  5329438.]]
0
[[ 9254036.  6706839.  9765184.  5476743.]]
2
[[ 9571364.  6360518.  9456030.  5329438.]]
0
[[ 9254036.  6706839.  9765184.  5476743.]]
2
[[ 9571364.  6360518.  9456030.  5329438.]]
0
[[ 9254036.  6706839.  9765184.  5476743.]]
2
[[ 9571364.  6360518.  9456030.  5329438.]]
0
[[ 9254036.  6706839.  9765184.  5476743.]]
2
[[ 9571364.  6360518.  9456030.  5329438.]]
0
[[ 9254036.  6706839.  9765184.  5476743.]]
2
[[ 9571364.  6360518.  9456030.  5329438.]]
0
[[ 9254036.  6706839.  9765184.  5476743.]]
2
[[ 9571364.  6360518.  9456030.  5329438.]]
0
[[ 9254036.  6706839.  9765184.  5476743.]]
2
[[ 9571364.  6360518.  9456030.  5329438.]]
0
[[ 9254036.  6706839.  9765184.  5476743.]]
2
[[ 9571364.  6360518.  9456030.  5329438.]]
0
[[ 9254036.  6706839.  9765184.  5476743.]]
2
[[ 9571364.  6360518.  9456030.  5329438.]]
0
[[ 9254036.  6706839.  9765184.  5476743.]]
2
[[ 9571364.  6360518.  9456030.  5329438.]]
0
[[ 9254036.  6706839.  9765184.  5476743.]]
2
[[ 9571364.  6360518.  9456030.  5329438.]]
0
[[ 9254036.  6706839.  9765184.  5476743.]]
2
[[ 9571364.  6360518.  9456030.  5329438.]]
0
[[ 9254036.  6706839.  9765184.  5476743.]]
2
[[ 9571364.  6360518.  9456030.  5329438.]]
0
[[ 9254036.  6706839.  9765184.  5476743.]]
2
[[ 9571364.  6360518.  9456030.  5329438.]]
0
[[ 9254036.  6706839.  9765184.  5476743.]]
2
[[ 9571364.  6360518.  9456030.  5329438.]]
0
[[ 9254036.  6706839.  9765184.  5476743.]]
2
[[ 9571364.  6360518.  9456030.  5329438.]]
0
[[ 9254036.  6706839.  9765184.  5476743.]]
2
[[ 9571364.  6360518.  9456030.  5329438.]]
0
[[ 9254036.  6706839.  9765184.  5476743.]]
2
[[ 9571364.  6360518.  9456030.  5329438.]]
0
[[ 9254036.  6706839.  9765184.  5476743.]]
2
[[ 9571364.  6360518.  9456030.  5329438.]]
0
[[ 9254036.  6706839.  9765184.  5476743.]]
2
[[ 9571364.  6360518.  9456030.  5329438.]]
0
[[ 9254036.  6706839.  9765184.  5476743.]]
2
FAIL
0/5
