[[-4.28951406 -8.12800217 -4.36783743 -8.15033245]]
0
[[-12.93631554 -15.56796074  -0.18672161  -7.87417126]]
2
[[-4.28951406 -8.12800217 -4.36783743 -8.15033245]]
0
[[-12.93631554 -15.56796074  -0.18672161  -7.87417126]]
2
[[-4.28951406 -8.12800217 -4.36783743 -8.15033245]]
0
[[-12.93631554 -15.56796074  -0.18672161  -7.87417126]]
2
[[-4.28951406 -8.12800217 -4.36783743 -8.15033245]]
0
[[-12.93631554 -15.56796074  -0.18672161  -7.87417126]]
2
[[-4.28951406 -8.12800217 -4.36783743 -8.15033245]]
0
[[-12.93631554 -15.56796074  -0.18672161  -7.87417126]]
2
[[-4.28951406 -8.12800217 -4.36783743 -8.15033245]]
0
[[-12.93631554 -15.56796074  -0.18672161  -7.87417126]]
2
[[-4.28951406 -8.12800217 -4.36783743 -8.15033245]]
0
[[-12.93631554 -15.56796074  -0.18672161  -7.87417126]]
2
[[-4.28951406 -8.12800217 -4.36783743 -8.15033245]]
0
[[-12.93631554 -15.56796074  -0.18672161  -7.87417126]]
2
[[-4.28951406 -8.12800217 -4.36783743 -8.15033245]]
0
[[-12.93631554 -15.56796074  -0.18672161  -7.87417126]]
2
[[-4.28951406 -8.12800217 -4.36783743 -8.15033245]]
0
[[-12.93631554 -15.56796074  -0.18672161  -7.87417126]]
2
[[-4.28951406 -8.12800217 -4.36783743 -8.15033245]]
0
[[-12.93631554 -15.56796074  -0.18672161  -7.87417126]]
2
[[-4.28951406 -8.12800217 -4.36783743 -8.15033245]]
0
[[-12.93631554 -15.56796074  -0.18672161  -7.87417126]]
2
[[-4.28951406 -8.12800217 -4.36783743 -8.15033245]]
0
[[-12.93631554 -15.56796074  -0.18672161  -7.87417126]]
2
[[-4.28951406 -8.12800217 -4.36783743 -8.15033245]]
0
[[-12.93631554 -15.56796074  -0.18672161  -7.87417126]]
2
[[-4.28951406 -8.12800217 -4.36783743 -8.15033245]]
0
[[-12.93631554 -15.56796074  -0.18672161  -7.87417126]]
2
[[-4.28951406 -8.12800217 -4.36783743 -8.15033245]]
0
[[-12.93631554 -15.56796074  -0.18672161  -7.87417126]]
2
[[-4.28951406 -8.12800217 -4.36783743 -8.15033245]]
0
[[-12.93631554 -15.56796074  -0.18672161  -7.87417126]]
2
[[-4.28951406 -8.12800217 -4.36783743 -8.15033245]]
0
[[-12.93631554 -15.56796074  -0.18672161  -7.87417126]]
2
[[-4.28951406 -8.12800217 -4.36783743 -8.15033245]]
0
[[-12.93631554 -15.56796074  -0.18672161  -7.87417126]]
2
[[-4.28951406 -8.12800217 -4.36783743 -8.15033245]]
0
[[-12.93631554 -15.56796074  -0.18672161  -7.87417126]]
2
[[-4.28951406 -8.12800217 -4.36783743 -8.15033245]]
0
[[-12.93631554 -15.56796074  -0.18672161  -7.87417126]]
2
[[-4.28951406 -8.12800217 -4.36783743 -8.15033245]]
0
[[-12.93631554 -15.56796074  -0.18672161  -7.87417126]]
2
[[-4.28951406 -8.12800217 -4.36783743 -8.15033245]]
0
[[-12.93631554 -15.56796074  -0.18672161  -7.87417126]]
2
[[-4.28951406 -8.12800217 -4.36783743 -8.15033245]]
0
[[-12.93631554 -15.56796074  -0.18672161  -7.87417126]]
2
[[-4.28951406 -8.12800217 -4.36783743 -8.15033245]]
0
[[-12.93631554 -15.56796074  -0.18672161  -7.87417126]]
2
[[-4.28951406 -8.12800217 -4.36783743 -8.15033245]]
0
[[-12.93631554 -15.56796074  -0.18672161  -7.87417126]]
2
[[-4.28951406 -8.12800217 -4.36783743 -8.15033245]]
0
[[-12.93631554 -15.56796074  -0.18672161  -7.87417126]]
2
[[-4.28951406 -8.12800217 -4.36783743 -8.15033245]]
0
[[-12.93631554 -15.56796074  -0.18672161  -7.87417126]]
2
[[-4.28951406 -8.12800217 -4.36783743 -8.15033245]]
0
[[-12.93631554 -15.56796074  -0.18672161  -7.87417126]]
2
[[-4.28951406 -8.12800217 -4.36783743 -8.15033245]]
0
[[-12.93631554 -15.56796074  -0.18672161  -7.87417126]]
2
[[-4.28951406 -8.12800217 -4.36783743 -8.15033245]]
0
[[-12.93631554 -15.56796074  -0.18672161  -7.87417126]]
2
[[-4.28951406 -8.12800217 -4.36783743 -8.15033245]]
0
[[-12.93631554 -15.56796074  -0.18672161  -7.87417126]]
2
[[-4.28951406 -8.12800217 -4.36783743 -8.15033245]]
0
[[-12.93631554 -15.56796074  -0.18672161  -7.87417126]]
2
[[-4.28951406 -8.12800217 -4.36783743 -8.15033245]]
0
[[-12.93631554 -15.56796074  -0.18672161  -7.87417126]]
2
[[-4.28951406 -8.12800217 -4.36783743 -8.15033245]]
0
[[-12.93631554 -15.56796074  -0.18672161  -7.87417126]]
2
[[-4.28951406 -8.12800217 -4.36783743 -8.15033245]]
0
[[-12.93631554 -15.56796074  -0.18672161  -7.87417126]]
2
[[-4.28951406 -8.12800217 -4.36783743 -8.15033245]]
0
[[-12.93631554 -15.56796074  -0.18672161  -7.87417126]]
2
[[-4.28951406 -8.12800217 -4.36783743 -8.15033245]]
0
[[-12.93631554 -15.56796074  -0.18672161  -7.87417126]]
2
[[-4.28951406 -8.12800217 -4.36783743 -8.15033245]]
0
[[-12.93631554 -15.56796074  -0.18672161  -7.87417126]]
2
[[-4.28951406 -8.12800217 -4.36783743 -8.15033245]]
0
[[-12.93631554 -15.56796074  -0.18672161  -7.87417126]]
2
[[-4.28951406 -8.12800217 -4.36783743 -8.15033245]]
0
[[-12.93631554 -15.56796074  -0.18672161  -7.87417126]]
2
[[-4.28951406 -8.12800217 -4.36783743 -8.15033245]]
0
[[-12.93631554 -15.56796074  -0.18672161  -7.87417126]]
2
[[-4.28951406 -8.12800217 -4.36783743 -8.15033245]]
0
[[-12.93631554 -15.56796074  -0.18672161  -7.87417126]]
2
[[-4.28951406 -8.12800217 -4.36783743 -8.15033245]]
0
[[-12.93631554 -15.56796074  -0.18672161  -7.87417126]]
2
[[-4.28951406 -8.12800217 -4.36783743 -8.15033245]]
0
[[-12.93631554 -15.56796074  -0.18672161  -7.87417126]]
2
[[-4.28951406 -8.12800217 -4.36783743 -8.15033245]]
0
[[-12.93631554 -15.56796074  -0.18672161  -7.87417126]]
2
[[-4.28951406 -8.12800217 -4.36783743 -8.15033245]]
0
[[-12.93631554 -15.56796074  -0.18672161  -7.87417126]]
2
[[-4.28951406 -8.12800217 -4.36783743 -8.15033245]]
0
[[-12.93631554 -15.56796074  -0.18672161  -7.87417126]]
2
[[-4.28951406 -8.12800217 -4.36783743 -8.15033245]]
0
[[-12.93631554 -15.56796074  -0.18672161  -7.87417126]]
2
[[-4.28951406 -8.12800217 -4.36783743 -8.15033245]]
0
[[-12.93631554 -15.56796074  -0.18672161  -7.87417126]]
2
[[-4.28951406 -8.12800217 -4.36783743 -8.15033245]]
0
FAIL
1/2
