[[-3.88421416 -3.88926673 -3.9309864  -5.88658381]]
0
[[-7.07776642 -9.25823975 -6.15935326 -7.90100241]]
2
[[-3.88421416 -3.88926673 -3.9309864  -5.88658381]]
0
[[-7.07776642 -9.25823975 -6.15935326 -7.90100241]]
2
[[-3.88421416 -3.88926673 -3.9309864  -5.88658381]]
0
[[-7.07776642 -9.25823975 -6.15935326 -7.90100241]]
2
[[-3.88421416 -3.88926673 -3.9309864  -5.88658381]]
0
[[-7.07776642 -9.25823975 -6.15935326 -7.90100241]]
2
[[-3.88421416 -3.88926673 -3.9309864  -5.88658381]]
0
[[-7.07776642 -9.25823975 -6.15935326 -7.90100241]]
2
[[-3.88421416 -3.88926673 -3.9309864  -5.88658381]]
0
[[-7.07776642 -9.25823975 -6.15935326 -7.90100241]]
2
[[-3.88421416 -3.88926673 -3.9309864  -5.88658381]]
0
[[-7.07776642 -9.25823975 -6.15935326 -7.90100241]]
2
[[-3.88421416 -3.88926673 -3.9309864  -5.88658381]]
0
[[-7.07776642 -9.25823975 -6.15935326 -7.90100241]]
2
[[-3.88421416 -3.88926673 -3.9309864  -5.88658381]]
0
[[-7.07776642 -9.25823975 -6.15935326 -7.90100241]]
2
[[-3.88421416 -3.88926673 -3.9309864  -5.88658381]]
0
[[-7.07776642 -9.25823975 -6.15935326 -7.90100241]]
2
[[-3.88421416 -3.88926673 -3.9309864  -5.88658381]]
0
[[-7.07776642 -9.25823975 -6.15935326 -7.90100241]]
2
[[-3.88421416 -3.88926673 -3.9309864  -5.88658381]]
0
[[-7.07776642 -9.25823975 -6.15935326 -7.90100241]]
2
[[-3.88421416 -3.88926673 -3.9309864  -5.88658381]]
0
[[-7.07776642 -9.25823975 -6.15935326 -7.90100241]]
2
[[-3.88421416 -3.88926673 -3.9309864  -5.88658381]]
0
[[-7.07776642 -9.25823975 -6.15935326 -7.90100241]]
2
[[-3.88421416 -3.88926673 -3.9309864  -5.88658381]]
0
[[-7.07776642 -9.25823975 -6.15935326 -7.90100241]]
2
[[-3.88421416 -3.88926673 -3.9309864  -5.88658381]]
0
[[-7.07776642 -9.25823975 -6.15935326 -7.90100241]]
2
[[-3.88421416 -3.88926673 -3.9309864  -5.88658381]]
0
[[-7.07776642 -9.25823975 -6.15935326 -7.90100241]]
2
[[-3.88421416 -3.88926673 -3.9309864  -5.88658381]]
0
[[-7.07776642 -9.25823975 -6.15935326 -7.90100241]]
2
[[-3.88421416 -3.88926673 -3.9309864  -5.88658381]]
0
[[-7.07776642 -9.25823975 -6.15935326 -7.90100241]]
2
[[-3.88421416 -3.88926673 -3.9309864  -5.88658381]]
0
[[-7.07776642 -9.25823975 -6.15935326 -7.90100241]]
2
[[-3.88421416 -3.88926673 -3.9309864  -5.88658381]]
0
[[-7.07776642 -9.25823975 -6.15935326 -7.90100241]]
2
[[-3.88421416 -3.88926673 -3.9309864  -5.88658381]]
0
[[-7.07776642 -9.25823975 -6.15935326 -7.90100241]]
2
[[-3.88421416 -3.88926673 -3.9309864  -5.88658381]]
0
[[-7.07776642 -9.25823975 -6.15935326 -7.90100241]]
2
[[-3.88421416 -3.88926673 -3.9309864  -5.88658381]]
0
[[-7.07776642 -9.25823975 -6.15935326 -7.90100241]]
2
[[-3.88421416 -3.88926673 -3.9309864  -5.88658381]]
0
[[-7.07776642 -9.25823975 -6.15935326 -7.90100241]]
2
[[-3.88421416 -3.88926673 -3.9309864  -5.88658381]]
0
[[-7.07776642 -9.25823975 -6.15935326 -7.90100241]]
2
[[-3.88421416 -3.88926673 -3.9309864  -5.88658381]]
0
[[-7.07776642 -9.25823975 -6.15935326 -7.90100241]]
2
[[-3.88421416 -3.88926673 -3.9309864  -5.88658381]]
0
[[-7.07776642 -9.25823975 -6.15935326 -7.90100241]]
2
[[-3.88421416 -3.88926673 -3.9309864  -5.88658381]]
0
[[-7.07776642 -9.25823975 -6.15935326 -7.90100241]]
2
[[-3.88421416 -3.88926673 -3.9309864  -5.88658381]]
0
[[-7.07776642 -9.25823975 -6.15935326 -7.90100241]]
2
[[-3.88421416 -3.88926673 -3.9309864  -5.88658381]]
0
[[-7.07776642 -9.25823975 -6.15935326 -7.90100241]]
2
[[-3.88421416 -3.88926673 -3.9309864  -5.88658381]]
0
[[-7.07776642 -9.25823975 -6.15935326 -7.90100241]]
2
[[-3.88421416 -3.88926673 -3.9309864  -5.88658381]]
0
[[-7.07776642 -9.25823975 -6.15935326 -7.90100241]]
2
[[-3.88421416 -3.88926673 -3.9309864  -5.88658381]]
0
[[-7.07776642 -9.25823975 -6.15935326 -7.90100241]]
2
[[-3.88421416 -3.88926673 -3.9309864  -5.88658381]]
0
[[-7.07776642 -9.25823975 -6.15935326 -7.90100241]]
2
[[-3.88421416 -3.88926673 -3.9309864  -5.88658381]]
0
[[-7.07776642 -9.25823975 -6.15935326 -7.90100241]]
2
[[-3.88421416 -3.88926673 -3.9309864  -5.88658381]]
0
[[-7.07776642 -9.25823975 -6.15935326 -7.90100241]]
2
[[-3.88421416 -3.88926673 -3.9309864  -5.88658381]]
0
[[-7.07776642 -9.25823975 -6.15935326 -7.90100241]]
2
[[-3.88421416 -3.88926673 -3.9309864  -5.88658381]]
0
[[-7.07776642 -9.25823975 -6.15935326 -7.90100241]]
2
[[-3.88421416 -3.88926673 -3.9309864  -5.88658381]]
0
[[-7.07776642 -9.25823975 -6.15935326 -7.90100241]]
2
[[-3.88421416 -3.88926673 -3.9309864  -5.88658381]]
0
[[-7.07776642 -9.25823975 -6.15935326 -7.90100241]]
2
[[-3.88421416 -3.88926673 -3.9309864  -5.88658381]]
0
[[-7.07776642 -9.25823975 -6.15935326 -7.90100241]]
2
[[-3.88421416 -3.88926673 -3.9309864  -5.88658381]]
0
[[-7.07776642 -9.25823975 -6.15935326 -7.90100241]]
2
[[-3.88421416 -3.88926673 -3.9309864  -5.88658381]]
0
[[-7.07776642 -9.25823975 -6.15935326 -7.90100241]]
2
[[-3.88421416 -3.88926673 -3.9309864  -5.88658381]]
0
[[-7.07776642 -9.25823975 -6.15935326 -7.90100241]]
2
[[-3.88421416 -3.88926673 -3.9309864  -5.88658381]]
0
[[-7.07776642 -9.25823975 -6.15935326 -7.90100241]]
2
[[-3.88421416 -3.88926673 -3.9309864  -5.88658381]]
0
[[-7.07776642 -9.25823975 -6.15935326 -7.90100241]]
2
[[-3.88421416 -3.88926673 -3.9309864  -5.88658381]]
0
[[-7.07776642 -9.25823975 -6.15935326 -7.90100241]]
2
[[-3.88421416 -3.88926673 -3.9309864  -5.88658381]]
0
[[-7.07776642 -9.25823975 -6.15935326 -7.90100241]]
2
[[-3.88421416 -3.88926673 -3.9309864  -5.88658381]]
0
[[-7.07776642 -9.25823975 -6.15935326 -7.90100241]]
2
[[-3.88421416 -3.88926673 -3.9309864  -5.88658381]]
0
FAIL
1/2
