[[-3.89475298 -3.9085772  -3.92661142 -5.88742685]]
0
[[-7.07791328 -9.27807045 -6.126688   -7.87747192]]
2
[[-3.89475298 -3.9085772  -3.92661142 -5.88742685]]
0
[[-7.07791328 -9.27807045 -6.126688   -7.87747192]]
2
[[-3.89475298 -3.9085772  -3.92661142 -5.88742685]]
0
[[-7.07791328 -9.27807045 -6.126688   -7.87747192]]
2
[[-3.89475298 -3.9085772  -3.92661142 -5.88742685]]
0
[[-7.07791328 -9.27807045 -6.126688   -7.87747192]]
2
[[-3.89475298 -3.9085772  -3.92661142 -5.88742685]]
0
[[-7.07791328 -9.27807045 -6.126688   -7.87747192]]
2
[[-3.89475298 -3.9085772  -3.92661142 -5.88742685]]
0
[[-7.07791328 -9.27807045 -6.126688   -7.87747192]]
2
[[-3.89475298 -3.9085772  -3.92661142 -5.88742685]]
0
[[-7.07791328 -9.27807045 -6.126688   -7.87747192]]
2
[[-3.89475298 -3.9085772  -3.92661142 -5.88742685]]
0
[[-7.07791328 -9.27807045 -6.126688   -7.87747192]]
2
[[-3.89475298 -3.9085772  -3.92661142 -5.88742685]]
0
[[-7.07791328 -9.27807045 -6.126688   -7.87747192]]
2
[[-3.89475298 -3.9085772  -3.92661142 -5.88742685]]
0
[[-7.07791328 -9.27807045 -6.126688   -7.87747192]]
2
[[-3.89475298 -3.9085772  -3.92661142 -5.88742685]]
0
[[-7.07791328 -9.27807045 -6.126688   -7.87747192]]
2
[[-3.89475298 -3.9085772  -3.92661142 -5.88742685]]
0
[[-7.07791328 -9.27807045 -6.126688   -7.87747192]]
2
[[-3.89475298 -3.9085772  -3.92661142 -5.88742685]]
0
[[-7.07791328 -9.27807045 -6.126688   -7.87747192]]
2
[[-3.89475298 -3.9085772  -3.92661142 -5.88742685]]
0
[[-7.07791328 -9.27807045 -6.126688   -7.87747192]]
2
[[-3.89475298 -3.9085772  -3.92661142 -5.88742685]]
0
[[-7.07791328 -9.27807045 -6.126688   -7.87747192]]
2
[[-3.89475298 -3.9085772  -3.92661142 -5.88742685]]
0
[[-7.07791328 -9.27807045 -6.126688   -7.87747192]]
2
[[-3.89475298 -3.9085772  -3.92661142 -5.88742685]]
0
[[-7.07791328 -9.27807045 -6.126688   -7.87747192]]
2
[[-3.89475298 -3.9085772  -3.92661142 -5.88742685]]
0
[[-7.07791328 -9.27807045 -6.126688   -7.87747192]]
2
[[-3.89475298 -3.9085772  -3.92661142 -5.88742685]]
0
[[-7.07791328 -9.27807045 -6.126688   -7.87747192]]
2
[[-3.89475298 -3.9085772  -3.92661142 -5.88742685]]
0
[[-7.07791328 -9.27807045 -6.126688   -7.87747192]]
2
[[-3.89475298 -3.9085772  -3.92661142 -5.88742685]]
0
[[-7.07791328 -9.27807045 -6.126688   -7.87747192]]
2
[[-3.89475298 -3.9085772  -3.92661142 -5.88742685]]
0
[[-7.07791328 -9.27807045 -6.126688   -7.87747192]]
2
[[-3.89475298 -3.9085772  -3.92661142 -5.88742685]]
0
[[-7.07791328 -9.27807045 -6.126688   -7.87747192]]
2
[[-3.89475298 -3.9085772  -3.92661142 -5.88742685]]
0
[[-7.07791328 -9.27807045 -6.126688   -7.87747192]]
2
[[-3.89475298 -3.9085772  -3.92661142 -5.88742685]]
0
[[-7.07791328 -9.27807045 -6.126688   -7.87747192]]
2
[[-3.89475298 -3.9085772  -3.92661142 -5.88742685]]
0
[[-7.07791328 -9.27807045 -6.126688   -7.87747192]]
2
[[-3.89475298 -3.9085772  -3.92661142 -5.88742685]]
0
[[-7.07791328 -9.27807045 -6.126688   -7.87747192]]
2
[[-3.89475298 -3.9085772  -3.92661142 -5.88742685]]
0
[[-7.07791328 -9.27807045 -6.126688   -7.87747192]]
2
[[-3.89475298 -3.9085772  -3.92661142 -5.88742685]]
0
[[-7.07791328 -9.27807045 -6.126688   -7.87747192]]
2
[[-3.89475298 -3.9085772  -3.92661142 -5.88742685]]
0
[[-7.07791328 -9.27807045 -6.126688   -7.87747192]]
2
[[-3.89475298 -3.9085772  -3.92661142 -5.88742685]]
0
[[-7.07791328 -9.27807045 -6.126688   -7.87747192]]
2
[[-3.89475298 -3.9085772  -3.92661142 -5.88742685]]
0
[[-7.07791328 -9.27807045 -6.126688   -7.87747192]]
2
[[-3.89475298 -3.9085772  -3.92661142 -5.88742685]]
0
[[-7.07791328 -9.27807045 -6.126688   -7.87747192]]
2
[[-3.89475298 -3.9085772  -3.92661142 -5.88742685]]
0
[[-7.07791328 -9.27807045 -6.126688   -7.87747192]]
2
[[-3.89475298 -3.9085772  -3.92661142 -5.88742685]]
0
[[-7.07791328 -9.27807045 -6.126688   -7.87747192]]
2
[[-3.89475298 -3.9085772  -3.92661142 -5.88742685]]
0
[[-7.07791328 -9.27807045 -6.126688   -7.87747192]]
2
[[-3.89475298 -3.9085772  -3.92661142 -5.88742685]]
0
[[-7.07791328 -9.27807045 -6.126688   -7.87747192]]
2
[[-3.89475298 -3.9085772  -3.92661142 -5.88742685]]
0
[[-7.07791328 -9.27807045 -6.126688   -7.87747192]]
2
[[-3.89475298 -3.9085772  -3.92661142 -5.88742685]]
0
[[-7.07791328 -9.27807045 -6.126688   -7.87747192]]
2
[[-3.89475298 -3.9085772  -3.92661142 -5.88742685]]
0
[[-7.07791328 -9.27807045 -6.126688   -7.87747192]]
2
[[-3.89475298 -3.9085772  -3.92661142 -5.88742685]]
0
[[-7.07791328 -9.27807045 -6.126688   -7.87747192]]
2
[[-3.89475298 -3.9085772  -3.92661142 -5.88742685]]
0
[[-7.07791328 -9.27807045 -6.126688   -7.87747192]]
2
[[-3.89475298 -3.9085772  -3.92661142 -5.88742685]]
0
[[-7.07791328 -9.27807045 -6.126688   -7.87747192]]
2
[[-3.89475298 -3.9085772  -3.92661142 -5.88742685]]
0
[[-7.07791328 -9.27807045 -6.126688   -7.87747192]]
2
[[-3.89475298 -3.9085772  -3.92661142 -5.88742685]]
0
[[-7.07791328 -9.27807045 -6.126688   -7.87747192]]
2
[[-3.89475298 -3.9085772  -3.92661142 -5.88742685]]
0
[[-7.07791328 -9.27807045 -6.126688   -7.87747192]]
2
[[-3.89475298 -3.9085772  -3.92661142 -5.88742685]]
0
[[-7.07791328 -9.27807045 -6.126688   -7.87747192]]
2
[[-3.89475298 -3.9085772  -3.92661142 -5.88742685]]
0
[[-7.07791328 -9.27807045 -6.126688   -7.87747192]]
2
[[-3.89475298 -3.9085772  -3.92661142 -5.88742685]]
0
[[-7.07791328 -9.27807045 -6.126688   -7.87747192]]
2
[[-3.89475298 -3.9085772  -3.92661142 -5.88742685]]
0
[[-7.07791328 -9.27807045 -6.126688   -7.87747192]]
2
[[-3.89475298 -3.9085772  -3.92661142 -5.88742685]]
0
FAIL
1/2
