[[-3.90693426 -3.92942643 -3.9225502  -5.89125109]]
0
[[-7.07775593 -9.29652214 -6.09315109 -7.85530996]]
2
[[-3.90693426 -3.92942643 -3.9225502  -5.89125109]]
0
[[-7.07775593 -9.29652214 -6.09315109 -7.85530996]]
2
[[-3.90693426 -3.92942643 -3.9225502  -5.89125109]]
0
[[-7.07775593 -9.29652214 -6.09315109 -7.85530996]]
2
[[-3.90693426 -3.92942643 -3.9225502  -5.89125109]]
0
[[-7.07775593 -9.29652214 -6.09315109 -7.85530996]]
2
[[-3.90693426 -3.92942643 -3.9225502  -5.89125109]]
0
[[-7.07775593 -9.29652214 -6.09315109 -7.85530996]]
2
[[-3.90693426 -3.92942643 -3.9225502  -5.89125109]]
0
[[-7.07775593 -9.29652214 -6.09315109 -7.85530996]]
2
[[-3.90693426 -3.92942643 -3.9225502  -5.89125109]]
0
[[-7.07775593 -9.29652214 -6.09315109 -7.85530996]]
2
[[-3.90693426 -3.92942643 -3.9225502  -5.89125109]]
0
[[-7.07775593 -9.29652214 -6.09315109 -7.85530996]]
2
[[-3.90693426 -3.92942643 -3.9225502  -5.89125109]]
0
[[-7.07775593 -9.29652214 -6.09315109 -7.85530996]]
2
[[-3.90693426 -3.92942643 -3.9225502  -5.89125109]]
0
[[-7.07775593 -9.29652214 -6.09315109 -7.85530996]]
2
[[-3.90693426 -3.92942643 -3.9225502  -5.89125109]]
0
[[-7.07775593 -9.29652214 -6.09315109 -7.85530996]]
2
[[-3.90693426 -3.92942643 -3.9225502  -5.89125109]]
0
[[-7.07775593 -9.29652214 -6.09315109 -7.85530996]]
2
[[-3.90693426 -3.92942643 -3.9225502  -5.89125109]]
0
[[-7.07775593 -9.29652214 -6.09315109 -7.85530996]]
2
[[-3.90693426 -3.92942643 -3.9225502  -5.89125109]]
0
[[-7.07775593 -9.29652214 -6.09315109 -7.85530996]]
2
[[-3.90693426 -3.92942643 -3.9225502  -5.89125109]]
0
[[-7.07775593 -9.29652214 -6.09315109 -7.85530996]]
2
[[-3.90693426 -3.92942643 -3.9225502  -5.89125109]]
0
[[-7.07775593 -9.29652214 -6.09315109 -7.85530996]]
2
[[-3.90693426 -3.92942643 -3.9225502  -5.89125109]]
0
[[-7.07775593 -9.29652214 -6.09315109 -7.85530996]]
2
[[-3.90693426 -3.92942643 -3.9225502  -5.89125109]]
0
[[-7.07775593 -9.29652214 -6.09315109 -7.85530996]]
2
[[-3.90693426 -3.92942643 -3.9225502  -5.89125109]]
0
[[-7.07775593 -9.29652214 -6.09315109 -7.85530996]]
2
[[-3.90693426 -3.92942643 -3.9225502  -5.89125109]]
0
[[-7.07775593 -9.29652214 -6.09315109 -7.85530996]]
2
[[-3.90693426 -3.92942643 -3.9225502  -5.89125109]]
0
[[-7.07775593 -9.29652214 -6.09315109 -7.85530996]]
2
[[-3.90693426 -3.92942643 -3.9225502  -5.89125109]]
0
[[-7.07775593 -9.29652214 -6.09315109 -7.85530996]]
2
[[-3.90693426 -3.92942643 -3.9225502  -5.89125109]]
0
[[-7.07775593 -9.29652214 -6.09315109 -7.85530996]]
2
[[-3.90693426 -3.92942643 -3.9225502  -5.89125109]]
0
[[-7.07775593 -9.29652214 -6.09315109 -7.85530996]]
2
[[-3.90693426 -3.92942643 -3.9225502  -5.89125109]]
0
[[-7.07775593 -9.29652214 -6.09315109 -7.85530996]]
2
[[-3.90693426 -3.92942643 -3.9225502  -5.89125109]]
0
[[-7.07775593 -9.29652214 -6.09315109 -7.85530996]]
2
[[-3.90693426 -3.92942643 -3.9225502  -5.89125109]]
0
[[-7.07775593 -9.29652214 -6.09315109 -7.85530996]]
2
[[-3.90693426 -3.92942643 -3.9225502  -5.89125109]]
0
[[-7.07775593 -9.29652214 -6.09315109 -7.85530996]]
2
[[-3.90693426 -3.92942643 -3.9225502  -5.89125109]]
0
[[-7.07775593 -9.29652214 -6.09315109 -7.85530996]]
2
[[-3.90693426 -3.92942643 -3.9225502  -5.89125109]]
0
[[-7.07775593 -9.29652214 -6.09315109 -7.85530996]]
2
[[-3.90693426 -3.92942643 -3.9225502  -5.89125109]]
0
[[-7.07775593 -9.29652214 -6.09315109 -7.85530996]]
2
[[-3.90693426 -3.92942643 -3.9225502  -5.89125109]]
0
[[-7.07775593 -9.29652214 -6.09315109 -7.85530996]]
2
[[-3.90693426 -3.92942643 -3.9225502  -5.89125109]]
0
[[-7.07775593 -9.29652214 -6.09315109 -7.85530996]]
2
[[-3.90693426 -3.92942643 -3.9225502  -5.89125109]]
0
[[-7.07775593 -9.29652214 -6.09315109 -7.85530996]]
2
[[-3.90693426 -3.92942643 -3.9225502  -5.89125109]]
0
[[-7.07775593 -9.29652214 -6.09315109 -7.85530996]]
2
[[-3.90693426 -3.92942643 -3.9225502  -5.89125109]]
0
[[-7.07775593 -9.29652214 -6.09315109 -7.85530996]]
2
[[-3.90693426 -3.92942643 -3.9225502  -5.89125109]]
0
[[-7.07775593 -9.29652214 -6.09315109 -7.85530996]]
2
[[-3.90693426 -3.92942643 -3.9225502  -5.89125109]]
0
[[-7.07775593 -9.29652214 -6.09315109 -7.85530996]]
2
[[-3.90693426 -3.92942643 -3.9225502  -5.89125109]]
0
[[-7.07775593 -9.29652214 -6.09315109 -7.85530996]]
2
[[-3.90693426 -3.92942643 -3.9225502  -5.89125109]]
0
[[-7.07775593 -9.29652214 -6.09315109 -7.85530996]]
2
[[-3.90693426 -3.92942643 -3.9225502  -5.89125109]]
0
[[-7.07775593 -9.29652214 -6.09315109 -7.85530996]]
2
[[-3.90693426 -3.92942643 -3.9225502  -5.89125109]]
0
[[-7.07775593 -9.29652214 -6.09315109 -7.85530996]]
2
[[-3.90693426 -3.92942643 -3.9225502  -5.89125109]]
0
[[-7.07775593 -9.29652214 -6.09315109 -7.85530996]]
2
[[-3.90693426 -3.92942643 -3.9225502  -5.89125109]]
0
[[-7.07775593 -9.29652214 -6.09315109 -7.85530996]]
2
[[-3.90693426 -3.92942643 -3.9225502  -5.89125109]]
0
[[-7.07775593 -9.29652214 -6.09315109 -7.85530996]]
2
[[-3.90693426 -3.92942643 -3.9225502  -5.89125109]]
0
[[-7.07775593 -9.29652214 -6.09315109 -7.85530996]]
2
[[-3.90693426 -3.92942643 -3.9225502  -5.89125109]]
0
[[-7.07775593 -9.29652214 -6.09315109 -7.85530996]]
2
[[-3.90693426 -3.92942643 -3.9225502  -5.89125109]]
0
[[-7.07775593 -9.29652214 -6.09315109 -7.85530996]]
2
[[-3.90693426 -3.92942643 -3.9225502  -5.89125109]]
0
[[-7.07775593 -9.29652214 -6.09315109 -7.85530996]]
2
[[-3.90693426 -3.92942643 -3.9225502  -5.89125109]]
0
[[-7.07775593 -9.29652214 -6.09315109 -7.85530996]]
2
[[-3.90693426 -3.92942643 -3.9225502  -5.89125109]]
0
FAIL
1/2
