[[ 8732521.   6539643.5  8559253.   5650394. ]]
0
[[ 8613296.   6931278.5  8799110.   5441914. ]]
2
[[ 8732521.   6539643.5  8559253.   5650394. ]]
0
[[ 8613296.   6931278.5  8799110.   5441914. ]]
2
[[ 8732521.   6539643.5  8559253.   5650394. ]]
0
[[ 8613296.   6931278.5  8799110.   5441914. ]]
2
[[ 8732521.   6539643.5  8559253.   5650394. ]]
0
[[ 8613296.   6931278.5  8799110.   5441914. ]]
2
[[ 8732521.   6539643.5  8559253.   5650394. ]]
0
[[ 8613296.   6931278.5  8799110.   5441914. ]]
2
[[ 8732521.   6539643.5  8559253.   5650394. ]]
0
[[ 8613296.   6931278.5  8799110.   5441914. ]]
2
[[ 8732521.   6539643.5  8559253.   5650394. ]]
0
[[ 8613296.   6931278.5  8799110.   5441914. ]]
2
[[ 8732521.   6539643.5  8559253.   5650394. ]]
0
[[ 8613296.   6931278.5  8799110.   5441914. ]]
2
[[ 8732521.   6539643.5  8559253.   5650394. ]]
0
[[ 8613296.   6931278.5  8799110.   5441914. ]]
2
[[ 8732521.   6539643.5  8559253.   5650394. ]]
0
[[ 8613296.   6931278.5  8799110.   5441914. ]]
2
[[ 8732521.   6539643.5  8559253.   5650394. ]]
0
[[ 8613296.   6931278.5  8799110.   5441914. ]]
2
[[ 8732521.   6539643.5  8559253.   5650394. ]]
0
[[ 8613296.   6931278.5  8799110.   5441914. ]]
2
[[ 8732521.   6539643.5  8559253.   5650394. ]]
0
[[ 8613296.   6931278.5  8799110.   5441914. ]]
2
[[ 8732521.   6539643.5  8559253.   5650394. ]]
0
[[ 8613296.   6931278.5  8799110.   5441914. ]]
2
[[ 8732521.   6539643.5  8559253.   5650394. ]]
0
[[ 8613296.   6931278.5  8799110.   5441914. ]]
2
[[ 8732521.   6539643.5  8559253.   5650394. ]]
0
[[ 8613296.   6931278.5  8799110.   5441914. ]]
2
[[ 8732521.   6539643.5  8559253.   5650394. ]]
0
[[ 8613296.   6931278.5  8799110.   5441914. ]]
2
[[ 8732521.   6539643.5  8559253.   5650394. ]]
0
[[ 8613296.   6931278.5  8799110.   5441914. ]]
2
[[ 8732521.   6539643.5  8559253.   5650394. ]]
0
[[ 8613296.   6931278.5  8799110.   5441914. ]]
2
[[ 8732521.   6539643.5  8559253.   5650394. ]]
0
[[ 8613296.   6931278.5  8799110.   5441914. ]]
2
[[ 8732521.   6539643.5  8559253.   5650394. ]]
0
[[ 8613296.   6931278.5  8799110.   5441914. ]]
2
[[ 8732521.   6539643.5  8559253.   5650394. ]]
0
[[ 8613296.   6931278.5  8799110.   5441914. ]]
2
[[ 8732521.   6539643.5  8559253.   5650394. ]]
0
[[ 8613296.   6931278.5  8799110.   5441914. ]]
2
[[ 8732521.   6539643.5  8559253.   5650394. ]]
0
[[ 8613296.   6931278.5  8799110.   5441914. ]]
2
[[ 8732521.   6539643.5  8559253.   5650394. ]]
0
[[ 8613296.   6931278.5  8799110.   5441914. ]]
2
[[ 8732521.   6539643.5  8559253.   5650394. ]]
0
[[ 8613296.   6931278.5  8799110.   5441914. ]]
2
[[ 8732521.   6539643.5  8559253.   5650394. ]]
0
[[ 8613296.   6931278.5  8799110.   5441914. ]]
2
[[ 8732521.   6539643.5  8559253.   5650394. ]]
0
[[ 8613296.   6931278.5  8799110.   5441914. ]]
2
[[ 8732521.   6539643.5  8559253.   5650394. ]]
0
[[ 8613296.   6931278.5  8799110.   5441914. ]]
2
[[ 8732521.   6539643.5  8559253.   5650394. ]]
0
[[ 8613296.   6931278.5  8799110.   5441914. ]]
2
[[ 8732521.   6539643.5  8559253.   5650394. ]]
0
[[ 8613296.   6931278.5  8799110.   5441914. ]]
2
[[ 8732521.   6539643.5  8559253.   5650394. ]]
0
[[ 8613296.   6931278.5  8799110.   5441914. ]]
2
[[ 8732521.   6539643.5  8559253.   5650394. ]]
0
[[ 8613296.   6931278.5  8799110.   5441914. ]]
2
[[ 8732521.   6539643.5  8559253.   5650394. ]]
0
[[ 8613296.   6931278.5  8799110.   5441914. ]]
2
[[ 8732521.   6539643.5  8559253.   5650394. ]]
0
[[ 8613296.   6931278.5  8799110.   5441914. ]]
2
[[ 8732521.   6539643.5  8559253.   5650394. ]]
0
[[ 8613296.   6931278.5  8799110.   5441914. ]]
2
[[ 8732521.   6539643.5  8559253.   5650394. ]]
0
[[ 8613296.   6931278.5  8799110.   5441914. ]]
2
[[ 8732521.   6539643.5  8559253.   5650394. ]]
0
[[ 8613296.   6931278.5  8799110.   5441914. ]]
2
[[ 8732521.   6539643.5  8559253.   5650394. ]]
0
[[ 8613296.   6931278.5  8799110.   5441914. ]]
2
[[ 8732521.   6539643.5  8559253.   5650394. ]]
0
[[ 8613296.   6931278.5  8799110.   5441914. ]]
2
[[ 8732521.   6539643.5  8559253.   5650394. ]]
0
[[ 8613296.   6931278.5  8799110.   5441914. ]]
2
[[ 8732521.   6539643.5  8559253.   5650394. ]]
0
[[ 8613296.   6931278.5  8799110.   5441914. ]]
2
[[ 8732521.   6539643.5  8559253.   5650394. ]]
0
[[ 8613296.   6931278.5  8799110.   5441914. ]]
2
[[ 8732521.   6539643.5  8559253.   5650394. ]]
0
[[ 8613296.   6931278.5  8799110.   5441914. ]]
2
[[ 8732521.   6539643.5  8559253.   5650394. ]]
0
[[ 8613296.   6931278.5  8799110.   5441914. ]]
2
[[ 8732521.   6539643.5  8559253.   5650394. ]]
0
[[ 8613296.   6931278.5  8799110.   5441914. ]]
2
[[ 8732521.   6539643.5  8559253.   5650394. ]]
0
[[ 8613296.   6931278.5  8799110.   5441914. ]]
2
[[ 8732521.   6539643.5  8559253.   5650394. ]]
0
[[ 8613296.   6931278.5  8799110.   5441914. ]]
2
[[ 8732521.   6539643.5  8559253.   5650394. ]]
0
[[ 8613296.   6931278.5  8799110.   5441914. ]]
2
[[ 8732521.   6539643.5  8559253.   5650394. ]]
0
[[ 8613296.   6931278.5  8799110.   5441914. ]]
2
[[ 8732521.   6539643.5  8559253.   5650394. ]]
0
FAIL
1/5
