[[ 12758579.  10150276.  11959225.   5911871.]]
0
[[ 10578701.    7884570.5  11992111.    4789609. ]]
2
[[ 12758579.  10150276.  11959225.   5911871.]]
0
[[ 10578701.    7884570.5  11992111.    4789609. ]]
2
[[ 12758579.  10150276.  11959225.   5911871.]]
0
[[ 10578701.    7884570.5  11992111.    4789609. ]]
2
[[ 12758579.  10150276.  11959225.   5911871.]]
0
[[ 10578701.    7884570.5  11992111.    4789609. ]]
2
[[ 12758579.  10150276.  11959225.   5911871.]]
0
[[ 10578701.    7884570.5  11992111.    4789609. ]]
2
[[ 12758579.  10150276.  11959225.   5911871.]]
0
[[ 10578701.    7884570.5  11992111.    4789609. ]]
2
[[ 12758579.  10150276.  11959225.   5911871.]]
0
[[ 10578701.    7884570.5  11992111.    4789609. ]]
2
[[ 12758579.  10150276.  11959225.   5911871.]]
0
[[ 10578701.    7884570.5  11992111.    4789609. ]]
2
[[ 12758579.  10150276.  11959225.   5911871.]]
0
[[ 10578701.    7884570.5  11992111.    4789609. ]]
2
[[ 12758579.  10150276.  11959225.   5911871.]]
0
[[ 10578701.    7884570.5  11992111.    4789609. ]]
2
[[ 12758579.  10150276.  11959225.   5911871.]]
0
[[ 10578701.    7884570.5  11992111.    4789609. ]]
2
[[ 12758579.  10150276.  11959225.   5911871.]]
0
[[ 10578701.    7884570.5  11992111.    4789609. ]]
2
[[ 12758579.  10150276.  11959225.   5911871.]]
0
[[ 10578701.    7884570.5  11992111.    4789609. ]]
2
[[ 12758579.  10150276.  11959225.   5911871.]]
0
[[ 10578701.    7884570.5  11992111.    4789609. ]]
2
[[ 12758579.  10150276.  11959225.   5911871.]]
0
[[ 10578701.    7884570.5  11992111.    4789609. ]]
2
[[ 12758579.  10150276.  11959225.   5911871.]]
0
[[ 10578701.    7884570.5  11992111.    4789609. ]]
2
[[ 12758579.  10150276.  11959225.   5911871.]]
0
[[ 10578701.    7884570.5  11992111.    4789609. ]]
2
[[ 12758579.  10150276.  11959225.   5911871.]]
0
[[ 10578701.    7884570.5  11992111.    4789609. ]]
2
[[ 12758579.  10150276.  11959225.   5911871.]]
0
[[ 10578701.    7884570.5  11992111.    4789609. ]]
2
[[ 12758579.  10150276.  11959225.   5911871.]]
0
[[ 10578701.    7884570.5  11992111.    4789609. ]]
2
[[ 12758579.  10150276.  11959225.   5911871.]]
0
[[ 10578701.    7884570.5  11992111.    4789609. ]]
2
[[ 12758579.  10150276.  11959225.   5911871.]]
0
[[ 10578701.    7884570.5  11992111.    4789609. ]]
2
[[ 12758579.  10150276.  11959225.   5911871.]]
0
[[ 10578701.    7884570.5  11992111.    4789609. ]]
2
[[ 12758579.  10150276.  11959225.   5911871.]]
0
[[ 10578701.    7884570.5  11992111.    4789609. ]]
2
[[ 12758579.  10150276.  11959225.   5911871.]]
0
[[ 10578701.    7884570.5  11992111.    4789609. ]]
2
[[ 12758579.  10150276.  11959225.   5911871.]]
0
[[ 10578701.    7884570.5  11992111.    4789609. ]]
2
[[ 12758579.  10150276.  11959225.   5911871.]]
0
[[ 10578701.    7884570.5  11992111.    4789609. ]]
2
[[ 12758579.  10150276.  11959225.   5911871.]]
0
[[ 10578701.    7884570.5  11992111.    4789609. ]]
2
[[ 12758579.  10150276.  11959225.   5911871.]]
0
[[ 10578701.    7884570.5  11992111.    4789609. ]]
2
[[ 12758579.  10150276.  11959225.   5911871.]]
0
[[ 10578701.    7884570.5  11992111.    4789609. ]]
2
[[ 12758579.  10150276.  11959225.   5911871.]]
0
[[ 10578701.    7884570.5  11992111.    4789609. ]]
2
[[ 12758579.  10150276.  11959225.   5911871.]]
0
[[ 10578701.    7884570.5  11992111.    4789609. ]]
2
[[ 12758579.  10150276.  11959225.   5911871.]]
0
[[ 10578701.    7884570.5  11992111.    4789609. ]]
2
[[ 12758579.  10150276.  11959225.   5911871.]]
0
[[ 10578701.    7884570.5  11992111.    4789609. ]]
2
[[ 12758579.  10150276.  11959225.   5911871.]]
0
[[ 10578701.    7884570.5  11992111.    4789609. ]]
2
[[ 12758579.  10150276.  11959225.   5911871.]]
0
[[ 10578701.    7884570.5  11992111.    4789609. ]]
2
[[ 12758579.  10150276.  11959225.   5911871.]]
0
[[ 10578701.    7884570.5  11992111.    4789609. ]]
2
[[ 12758579.  10150276.  11959225.   5911871.]]
0
[[ 10578701.    7884570.5  11992111.    4789609. ]]
2
[[ 12758579.  10150276.  11959225.   5911871.]]
0
[[ 10578701.    7884570.5  11992111.    4789609. ]]
2
[[ 12758579.  10150276.  11959225.   5911871.]]
0
[[ 10578701.    7884570.5  11992111.    4789609. ]]
2
[[ 12758579.  10150276.  11959225.   5911871.]]
0
[[ 10578701.    7884570.5  11992111.    4789609. ]]
2
[[ 12758579.  10150276.  11959225.   5911871.]]
0
[[ 10578701.    7884570.5  11992111.    4789609. ]]
2
[[ 12758579.  10150276.  11959225.   5911871.]]
0
[[ 10578701.    7884570.5  11992111.    4789609. ]]
2
[[ 12758579.  10150276.  11959225.   5911871.]]
0
[[ 10578701.    7884570.5  11992111.    4789609. ]]
2
[[ 12758579.  10150276.  11959225.   5911871.]]
0
[[ 10578701.    7884570.5  11992111.    4789609. ]]
2
[[ 12758579.  10150276.  11959225.   5911871.]]
0
[[ 10578701.    7884570.5  11992111.    4789609. ]]
2
[[ 12758579.  10150276.  11959225.   5911871.]]
0
[[ 10578701.    7884570.5  11992111.    4789609. ]]
2
[[ 12758579.  10150276.  11959225.   5911871.]]
0
[[ 10578701.    7884570.5  11992111.    4789609. ]]
2
[[ 12758579.  10150276.  11959225.   5911871.]]
0
[[ 10578701.    7884570.5  11992111.    4789609. ]]
2
[[ 12758579.  10150276.  11959225.   5911871.]]
0
[[ 10578701.    7884570.5  11992111.    4789609. ]]
2
[[ 12758579.  10150276.  11959225.   5911871.]]
0
FAIL
1/8
