[[ 9131421.   6155036.5  9482723.   5668847. ]]
2
[[ 9293618.   5951860.5  9257940.   5545251. ]]
0
[[ 9131421.   6155036.5  9482723.   5668847. ]]
2
[[ 9293618.   5951860.5  9257940.   5545251. ]]
0
[[ 9131421.   6155036.5  9482723.   5668847. ]]
2
[[ 9293618.   5951860.5  9257940.   5545251. ]]
0
[[ 9131421.   6155036.5  9482723.   5668847. ]]
2
[[ 9293618.   5951860.5  9257940.   5545251. ]]
0
[[ 9131421.   6155036.5  9482723.   5668847. ]]
2
[[ 9293618.   5951860.5  9257940.   5545251. ]]
0
[[ 9131421.   6155036.5  9482723.   5668847. ]]
2
[[ 9293618.   5951860.5  9257940.   5545251. ]]
0
[[ 9131421.   6155036.5  9482723.   5668847. ]]
2
[[ 9293618.   5951860.5  9257940.   5545251. ]]
0
[[ 9131421.   6155036.5  9482723.   5668847. ]]
2
[[ 9293618.   5951860.5  9257940.   5545251. ]]
0
[[ 9131421.   6155036.5  9482723.   5668847. ]]
2
[[ 9293618.   5951860.5  9257940.   5545251. ]]
0
[[ 9131421.   6155036.5  9482723.   5668847. ]]
2
[[ 9293618.   5951860.5  9257940.   5545251. ]]
0
[[ 9131421.   6155036.5  9482723.   5668847. ]]
2
[[ 9293618.   5951860.5  9257940.   5545251. ]]
0
[[ 9131421.   6155036.5  9482723.   5668847. ]]
2
[[ 9293618.   5951860.5  9257940.   5545251. ]]
0
[[ 9131421.   6155036.5  9482723.   5668847. ]]
2
[[ 9293618.   5951860.5  9257940.   5545251. ]]
0
[[ 9131421.   6155036.5  9482723.   5668847. ]]
2
[[ 9293618.   5951860.5  9257940.   5545251. ]]
0
[[ 9131421.   6155036.5  9482723.   5668847. ]]
2
[[ 9293618.   5951860.5  9257940.   5545251. ]]
0
[[ 9131421.   6155036.5  9482723.   5668847. ]]
2
[[ 9293618.   5951860.5  9257940.   5545251. ]]
0
[[ 9131421.   6155036.5  9482723.   5668847. ]]
2
[[ 9293618.   5951860.5  9257940.   5545251. ]]
0
[[ 9131421.   6155036.5  9482723.   5668847. ]]
2
[[ 9293618.   5951860.5  9257940.   5545251. ]]
0
[[ 9131421.   6155036.5  9482723.   5668847. ]]
2
[[ 9293618.   5951860.5  9257940.   5545251. ]]
0
[[ 9131421.   6155036.5  9482723.   5668847. ]]
2
[[ 9293618.   5951860.5  9257940.   5545251. ]]
0
[[ 9131421.   6155036.5  9482723.   5668847. ]]
2
[[ 9293618.   5951860.5  9257940.   5545251. ]]
0
[[ 9131421.   6155036.5  9482723.   5668847. ]]
2
[[ 9293618.   5951860.5  9257940.   5545251. ]]
0
[[ 9131421.   6155036.5  9482723.   5668847. ]]
2
[[ 9293618.   5951860.5  9257940.   5545251. ]]
0
[[ 9131421.   6155036.5  9482723.   5668847. ]]
2
[[ 9293618.   5951860.5  9257940.   5545251. ]]
0
[[ 9131421.   6155036.5  9482723.   5668847. ]]
2
[[ 9293618.   5951860.5  9257940.   5545251. ]]
0
[[ 9131421.   6155036.5  9482723.   5668847. ]]
2
[[ 9293618.   5951860.5  9257940.   5545251. ]]
0
[[ 9131421.   6155036.5  9482723.   5668847. ]]
2
[[ 9293618.   5951860.5  9257940.   5545251. ]]
0
[[ 9131421.   6155036.5  9482723.   5668847. ]]
2
[[ 9293618.   5951860.5  9257940.   5545251. ]]
0
[[ 9131421.   6155036.5  9482723.   5668847. ]]
2
[[ 9293618.   5951860.5  9257940.   5545251. ]]
0
[[ 9131421.   6155036.5  9482723.   5668847. ]]
2
[[ 9293618.   5951860.5  9257940.   5545251. ]]
0
[[ 9131421.   6155036.5  9482723.   5668847. ]]
2
[[ 9293618.   5951860.5  9257940.   5545251. ]]
0
[[ 9131421.   6155036.5  9482723.   5668847. ]]
2
[[ 9293618.   5951860.5  9257940.   5545251. ]]
0
[[ 9131421.   6155036.5  9482723.   5668847. ]]
2
[[ 9293618.   5951860.5  9257940.   5545251. ]]
0
[[ 9131421.   6155036.5  9482723.   5668847. ]]
2
[[ 9293618.   5951860.5  9257940.   5545251. ]]
0
[[ 9131421.   6155036.5  9482723.   5668847. ]]
2
[[ 9293618.   5951860.5  9257940.   5545251. ]]
0
[[ 9131421.   6155036.5  9482723.   5668847. ]]
2
[[ 9293618.   5951860.5  9257940.   5545251. ]]
0
[[ 9131421.   6155036.5  9482723.   5668847. ]]
2
[[ 9293618.   5951860.5  9257940.   5545251. ]]
0
[[ 9131421.   6155036.5  9482723.   5668847. ]]
2
[[ 9293618.   5951860.5  9257940.   5545251. ]]
0
[[ 9131421.   6155036.5  9482723.   5668847. ]]
2
[[ 9293618.   5951860.5  9257940.   5545251. ]]
0
[[ 9131421.   6155036.5  9482723.   5668847. ]]
2
[[ 9293618.   5951860.5  9257940.   5545251. ]]
0
[[ 9131421.   6155036.5  9482723.   5668847. ]]
2
[[ 9293618.   5951860.5  9257940.   5545251. ]]
0
[[ 9131421.   6155036.5  9482723.   5668847. ]]
2
[[ 9293618.   5951860.5  9257940.   5545251. ]]
0
[[ 9131421.   6155036.5  9482723.   5668847. ]]
2
[[ 9293618.   5951860.5  9257940.   5545251. ]]
0
[[ 9131421.   6155036.5  9482723.   5668847. ]]
2
[[ 9293618.   5951860.5  9257940.   5545251. ]]
0
[[ 9131421.   6155036.5  9482723.   5668847. ]]
2
[[ 9293618.   5951860.5  9257940.   5545251. ]]
0
[[ 9131421.   6155036.5  9482723.   5668847. ]]
2
[[ 9293618.   5951860.5  9257940.   5545251. ]]
0
[[ 9131421.   6155036.5  9482723.   5668847. ]]
2
[[ 9293618.   5951860.5  9257940.   5545251. ]]
0
[[ 9131421.   6155036.5  9482723.   5668847. ]]
2
[[ 9293618.   5951860.5  9257940.   5545251. ]]
0
[[ 9131421.   6155036.5  9482723.   5668847. ]]
2
[[ 9293618.   5951860.5  9257940.   5545251. ]]
0
[[ 9131421.   6155036.5  9482723.   5668847. ]]
2
[[ 9293618.   5951860.5  9257940.   5545251. ]]
0
[[ 9131421.   6155036.5  9482723.   5668847. ]]
2
FAIL
0/5
