[[ 74318648.  70639528.  54947008.  64861564.]]
0
[[ 73849608.  61787660.  47674456.  54378760.]]
0
[[ 54610528.  74710952.  49637024.  57748372.]]
1
[[ 58061712.  56517600.  25967700.  63089664.]]
3
[[ 54610528.  74710952.  49637024.  57748372.]]
1
[[ 58061712.  56517600.  25967700.  63089664.]]
3
[[ 54610528.  74710952.  49637024.  57748372.]]
1
[[ 58061712.  56517600.  25967700.  63089664.]]
3
[[ 54610528.  74710952.  49637024.  57748372.]]
1
[[ 58061712.  56517600.  25967700.  63089664.]]
3
[[ 54610528.  74710952.  49637024.  57748372.]]
1
[[ 58061712.  56517600.  25967700.  63089664.]]
3
[[ 54610528.  74710952.  49637024.  57748372.]]
1
[[ 58061712.  56517600.  25967700.  63089664.]]
3
[[ 54610528.  74710952.  49637024.  57748372.]]
1
[[ 58061712.  56517600.  25967700.  63089664.]]
3
[[ 54610528.  74710952.  49637024.  57748372.]]
1
[[ 58061712.  56517600.  25967700.  63089664.]]
3
[[ 54610528.  74710952.  49637024.  57748372.]]
1
[[ 58061712.  56517600.  25967700.  63089664.]]
3
[[ 54610528.  74710952.  49637024.  57748372.]]
1
[[ 58061712.  56517600.  25967700.  63089664.]]
3
[[ 54610528.  74710952.  49637024.  57748372.]]
1
[[ 58061712.  56517600.  25967700.  63089664.]]
3
[[ 54610528.  74710952.  49637024.  57748372.]]
1
[[ 58061712.  56517600.  25967700.  63089664.]]
3
[[ 54610528.  74710952.  49637024.  57748372.]]
1
[[ 58061712.  56517600.  25967700.  63089664.]]
3
[[ 54610528.  74710952.  49637024.  57748372.]]
1
[[ 58061712.  56517600.  25967700.  63089664.]]
3
[[ 54610528.  74710952.  49637024.  57748372.]]
1
[[ 58061712.  56517600.  25967700.  63089664.]]
3
[[ 54610528.  74710952.  49637024.  57748372.]]
1
[[ 58061712.  56517600.  25967700.  63089664.]]
3
[[ 54610528.  74710952.  49637024.  57748372.]]
1
[[ 58061712.  56517600.  25967700.  63089664.]]
3
[[ 54610528.  74710952.  49637024.  57748372.]]
1
[[ 58061712.  56517600.  25967700.  63089664.]]
3
[[ 54610528.  74710952.  49637024.  57748372.]]
1
[[ 58061712.  56517600.  25967700.  63089664.]]
3
[[ 54610528.  74710952.  49637024.  57748372.]]
1
[[ 58061712.  56517600.  25967700.  63089664.]]
3
[[ 54610528.  74710952.  49637024.  57748372.]]
1
[[ 58061712.  56517600.  25967700.  63089664.]]
3
[[ 54610528.  74710952.  49637024.  57748372.]]
1
[[ 58061712.  56517600.  25967700.  63089664.]]
3
[[ 54610528.  74710952.  49637024.  57748372.]]
1
[[ 58061712.  56517600.  25967700.  63089664.]]
3
[[ 54610528.  74710952.  49637024.  57748372.]]
1
[[ 58061712.  56517600.  25967700.  63089664.]]
3
[[ 54610528.  74710952.  49637024.  57748372.]]
1
[[ 58061712.  56517600.  25967700.  63089664.]]
3
[[ 54610528.  74710952.  49637024.  57748372.]]
1
[[ 58061712.  56517600.  25967700.  63089664.]]
3
[[ 54610528.  74710952.  49637024.  57748372.]]
1
[[ 58061712.  56517600.  25967700.  63089664.]]
3
[[ 54610528.  74710952.  49637024.  57748372.]]
1
[[ 58061712.  56517600.  25967700.  63089664.]]
3
[[ 54610528.  74710952.  49637024.  57748372.]]
1
[[ 58061712.  56517600.  25967700.  63089664.]]
3
[[ 54610528.  74710952.  49637024.  57748372.]]
1
[[ 58061712.  56517600.  25967700.  63089664.]]
3
[[ 54610528.  74710952.  49637024.  57748372.]]
1
[[ 58061712.  56517600.  25967700.  63089664.]]
3
[[ 54610528.  74710952.  49637024.  57748372.]]
1
[[ 58061712.  56517600.  25967700.  63089664.]]
3
[[ 54610528.  74710952.  49637024.  57748372.]]
1
[[ 58061712.  56517600.  25967700.  63089664.]]
3
[[ 54610528.  74710952.  49637024.  57748372.]]
1
[[ 58061712.  56517600.  25967700.  63089664.]]
3
[[ 54610528.  74710952.  49637024.  57748372.]]
1
[[ 58061712.  56517600.  25967700.  63089664.]]
3
[[ 54610528.  74710952.  49637024.  57748372.]]
1
[[ 58061712.  56517600.  25967700.  63089664.]]
3
[[ 54610528.  74710952.  49637024.  57748372.]]
1
[[ 58061712.  56517600.  25967700.  63089664.]]
3
[[ 54610528.  74710952.  49637024.  57748372.]]
1
[[ 58061712.  56517600.  25967700.  63089664.]]
3
[[ 54610528.  74710952.  49637024.  57748372.]]
1
[[ 58061712.  56517600.  25967700.  63089664.]]
3
[[ 54610528.  74710952.  49637024.  57748372.]]
1
[[ 58061712.  56517600.  25967700.  63089664.]]
3
[[ 54610528.  74710952.  49637024.  57748372.]]
1
[[ 58061712.  56517600.  25967700.  63089664.]]
3
[[ 54610528.  74710952.  49637024.  57748372.]]
1
[[ 58061712.  56517600.  25967700.  63089664.]]
3
[[ 54610528.  74710952.  49637024.  57748372.]]
1
[[ 58061712.  56517600.  25967700.  63089664.]]
3
[[ 54610528.  74710952.  49637024.  57748372.]]
1
[[ 58061712.  56517600.  25967700.  63089664.]]
3
[[ 54610528.  74710952.  49637024.  57748372.]]
1
[[ 58061712.  56517600.  25967700.  63089664.]]
3
[[ 54610528.  74710952.  49637024.  57748372.]]
1
[[ 58061712.  56517600.  25967700.  63089664.]]
3
[[ 54610528.  74710952.  49637024.  57748372.]]
1
[[ 58061712.  56517600.  25967700.  63089664.]]
3
[[ 54610528.  74710952.  49637024.  57748372.]]
1
[[ 58061712.  56517600.  25967700.  63089664.]]
3
[[ 54610528.  74710952.  49637024.  57748372.]]
1
[[ 58061712.  56517600.  25967700.  63089664.]]
3
[[ 54610528.  74710952.  49637024.  57748372.]]
1
FAIL
3/8
