[[-4.2399435  -8.0187273  -4.40748787 -8.09388065]]
0
[[-12.8386116  -15.43469048  -0.184618    -7.79714012]]
2
[[-4.2399435  -8.0187273  -4.40748787 -8.09388065]]
0
[[-12.8386116  -15.43469048  -0.184618    -7.79714012]]
2
[[-4.2399435  -8.0187273  -4.40748787 -8.09388065]]
0
[[-12.8386116  -15.43469048  -0.184618    -7.79714012]]
2
[[-4.2399435  -8.0187273  -4.40748787 -8.09388065]]
0
[[-12.8386116  -15.43469048  -0.184618    -7.79714012]]
2
[[-4.2399435  -8.0187273  -4.40748787 -8.09388065]]
0
[[-12.8386116  -15.43469048  -0.184618    -7.79714012]]
2
[[-4.2399435  -8.0187273  -4.40748787 -8.09388065]]
0
[[-12.8386116  -15.43469048  -0.184618    -7.79714012]]
2
[[-4.2399435  -8.0187273  -4.40748787 -8.09388065]]
0
[[-12.8386116  -15.43469048  -0.184618    -7.79714012]]
2
[[-4.2399435  -8.0187273  -4.40748787 -8.09388065]]
0
[[-12.8386116  -15.43469048  -0.184618    -7.79714012]]
2
[[-4.2399435  -8.0187273  -4.40748787 -8.09388065]]
0
[[-12.8386116  -15.43469048  -0.184618    -7.79714012]]
2
[[-4.2399435  -8.0187273  -4.40748787 -8.09388065]]
0
[[-12.8386116  -15.43469048  -0.184618    -7.79714012]]
2
[[-4.2399435  -8.0187273  -4.40748787 -8.09388065]]
0
[[-12.8386116  -15.43469048  -0.184618    -7.79714012]]
2
[[-4.2399435  -8.0187273  -4.40748787 -8.09388065]]
0
[[-12.8386116  -15.43469048  -0.184618    -7.79714012]]
2
[[-4.2399435  -8.0187273  -4.40748787 -8.09388065]]
0
[[-12.8386116  -15.43469048  -0.184618    -7.79714012]]
2
[[-4.2399435  -8.0187273  -4.40748787 -8.09388065]]
0
[[-12.8386116  -15.43469048  -0.184618    -7.79714012]]
2
[[-4.2399435  -8.0187273  -4.40748787 -8.09388065]]
0
[[-12.8386116  -15.43469048  -0.184618    -7.79714012]]
2
[[-4.2399435  -8.0187273  -4.40748787 -8.09388065]]
0
[[-12.8386116  -15.43469048  -0.184618    -7.79714012]]
2
[[-4.2399435  -8.0187273  -4.40748787 -8.09388065]]
0
[[-12.8386116  -15.43469048  -0.184618    -7.79714012]]
2
[[-4.2399435  -8.0187273  -4.40748787 -8.09388065]]
0
[[-12.8386116  -15.43469048  -0.184618    -7.79714012]]
2
[[-4.2399435  -8.0187273  -4.40748787 -8.09388065]]
0
[[-12.8386116  -15.43469048  -0.184618    -7.79714012]]
2
[[-4.2399435  -8.0187273  -4.40748787 -8.09388065]]
0
[[-12.8386116  -15.43469048  -0.184618    -7.79714012]]
2
[[-4.2399435  -8.0187273  -4.40748787 -8.09388065]]
0
[[-12.8386116  -15.43469048  -0.184618    -7.79714012]]
2
[[-4.2399435  -8.0187273  -4.40748787 -8.09388065]]
0
[[-12.8386116  -15.43469048  -0.184618    -7.79714012]]
2
[[-4.2399435  -8.0187273  -4.40748787 -8.09388065]]
0
[[-12.8386116  -15.43469048  -0.184618    -7.79714012]]
2
[[-4.2399435  -8.0187273  -4.40748787 -8.09388065]]
0
[[-12.8386116  -15.43469048  -0.184618    -7.79714012]]
2
[[-4.2399435  -8.0187273  -4.40748787 -8.09388065]]
0
[[-12.8386116  -15.43469048  -0.184618    -7.79714012]]
2
[[-4.2399435  -8.0187273  -4.40748787 -8.09388065]]
0
[[-12.8386116  -15.43469048  -0.184618    -7.79714012]]
2
[[-4.2399435  -8.0187273  -4.40748787 -8.09388065]]
0
[[-12.8386116  -15.43469048  -0.184618    -7.79714012]]
2
[[-4.2399435  -8.0187273  -4.40748787 -8.09388065]]
0
[[-12.8386116  -15.43469048  -0.184618    -7.79714012]]
2
[[-4.2399435  -8.0187273  -4.40748787 -8.09388065]]
0
[[-12.8386116  -15.43469048  -0.184618    -7.79714012]]
2
[[-4.2399435  -8.0187273  -4.40748787 -8.09388065]]
0
[[-12.8386116  -15.43469048  -0.184618    -7.79714012]]
2
[[-4.2399435  -8.0187273  -4.40748787 -8.09388065]]
0
[[-12.8386116  -15.43469048  -0.184618    -7.79714012]]
2
[[-4.2399435  -8.0187273  -4.40748787 -8.09388065]]
0
[[-12.8386116  -15.43469048  -0.184618    -7.79714012]]
2
[[-4.2399435  -8.0187273  -4.40748787 -8.09388065]]
0
[[-12.8386116  -15.43469048  -0.184618    -7.79714012]]
2
[[-4.2399435  -8.0187273  -4.40748787 -8.09388065]]
0
[[-12.8386116  -15.43469048  -0.184618    -7.79714012]]
2
[[-4.2399435  -8.0187273  -4.40748787 -8.09388065]]
0
[[-12.8386116  -15.43469048  -0.184618    -7.79714012]]
2
[[-4.2399435  -8.0187273  -4.40748787 -8.09388065]]
0
[[-12.8386116  -15.43469048  -0.184618    -7.79714012]]
2
[[-4.2399435  -8.0187273  -4.40748787 -8.09388065]]
0
[[-12.8386116  -15.43469048  -0.184618    -7.79714012]]
2
[[-4.2399435  -8.0187273  -4.40748787 -8.09388065]]
0
[[-12.8386116  -15.43469048  -0.184618    -7.79714012]]
2
[[-4.2399435  -8.0187273  -4.40748787 -8.09388065]]
0
[[-12.8386116  -15.43469048  -0.184618    -7.79714012]]
2
[[-4.2399435  -8.0187273  -4.40748787 -8.09388065]]
0
[[-12.8386116  -15.43469048  -0.184618    -7.79714012]]
2
[[-4.2399435  -8.0187273  -4.40748787 -8.09388065]]
0
[[-12.8386116  -15.43469048  -0.184618    -7.79714012]]
2
[[-4.2399435  -8.0187273  -4.40748787 -8.09388065]]
0
[[-12.8386116  -15.43469048  -0.184618    -7.79714012]]
2
[[-4.2399435  -8.0187273  -4.40748787 -8.09388065]]
0
[[-12.8386116  -15.43469048  -0.184618    -7.79714012]]
2
[[-4.2399435  -8.0187273  -4.40748787 -8.09388065]]
0
[[-12.8386116  -15.43469048  -0.184618    -7.79714012]]
2
[[-4.2399435  -8.0187273  -4.40748787 -8.09388065]]
0
[[-12.8386116  -15.43469048  -0.184618    -7.79714012]]
2
[[-4.2399435  -8.0187273  -4.40748787 -8.09388065]]
0
[[-12.8386116  -15.43469048  -0.184618    -7.79714012]]
2
[[-4.2399435  -8.0187273  -4.40748787 -8.09388065]]
0
[[-12.8386116  -15.43469048  -0.184618    -7.79714012]]
2
[[-4.2399435  -8.0187273  -4.40748787 -8.09388065]]
0
[[-12.8386116  -15.43469048  -0.184618    -7.79714012]]
2
[[-4.2399435  -8.0187273  -4.40748787 -8.09388065]]
0
[[-12.8386116  -15.43469048  -0.184618    -7.79714012]]
2
[[-4.2399435  -8.0187273  -4.40748787 -8.09388065]]
0
[[-12.8386116  -15.43469048  -0.184618    -7.79714012]]
2
[[-4.2399435  -8.0187273  -4.40748787 -8.09388065]]
0
FAIL
1/2
