[[-4.84562922 -4.91149139 -3.8554101  -8.28716755]]
2
[[-2.81639099 -6.33503628 -2.91881609 -8.84534359]]
0
[[-4.84562922 -4.91149139 -3.8554101  -8.28716755]]
2
[[-2.81639099 -6.33503628 -2.91881609 -8.84534359]]
0
[[-4.84562922 -4.91149139 -3.8554101  -8.28716755]]
2
[[-2.81639099 -6.33503628 -2.91881609 -8.84534359]]
0
[[-4.84562922 -4.91149139 -3.8554101  -8.28716755]]
2
[[-2.81639099 -6.33503628 -2.91881609 -8.84534359]]
0
[[-4.84562922 -4.91149139 -3.8554101  -8.28716755]]
2
[[-2.81639099 -6.33503628 -2.91881609 -8.84534359]]
0
[[-4.84562922 -4.91149139 -3.8554101  -8.28716755]]
2
[[-2.81639099 -6.33503628 -2.91881609 -8.84534359]]
0
[[-4.84562922 -4.91149139 -3.8554101  -8.28716755]]
2
[[-2.81639099 -6.33503628 -2.91881609 -8.84534359]]
0
[[-4.84562922 -4.91149139 -3.8554101  -8.28716755]]
2
[[-2.81639099 -6.33503628 -2.91881609 -8.84534359]]
0
[[-4.84562922 -4.91149139 -3.8554101  -8.28716755]]
2
[[-2.81639099 -6.33503628 -2.91881609 -8.84534359]]
0
[[-4.84562922 -4.91149139 -3.8554101  -8.28716755]]
2
[[-2.81639099 -6.33503628 -2.91881609 -8.84534359]]
0
[[-4.84562922 -4.91149139 -3.8554101  -8.28716755]]
2
[[-2.81639099 -6.33503628 -2.91881609 -8.84534359]]
0
[[-4.84562922 -4.91149139 -3.8554101  -8.28716755]]
2
[[-2.81639099 -6.33503628 -2.91881609 -8.84534359]]
0
[[-4.84562922 -4.91149139 -3.8554101  -8.28716755]]
2
[[-2.81639099 -6.33503628 -2.91881609 -8.84534359]]
0
[[-4.84562922 -4.91149139 -3.8554101  -8.28716755]]
2
[[-2.81639099 -6.33503628 -2.91881609 -8.84534359]]
0
[[-4.84562922 -4.91149139 -3.8554101  -8.28716755]]
2
[[-2.81639099 -6.33503628 -2.91881609 -8.84534359]]
0
[[-4.84562922 -4.91149139 -3.8554101  -8.28716755]]
2
[[-2.81639099 -6.33503628 -2.91881609 -8.84534359]]
0
[[-4.84562922 -4.91149139 -3.8554101  -8.28716755]]
2
[[-2.81639099 -6.33503628 -2.91881609 -8.84534359]]
0
[[-4.84562922 -4.91149139 -3.8554101  -8.28716755]]
2
[[-2.81639099 -6.33503628 -2.91881609 -8.84534359]]
0
[[-4.84562922 -4.91149139 -3.8554101  -8.28716755]]
2
[[-2.81639099 -6.33503628 -2.91881609 -8.84534359]]
0
[[-4.84562922 -4.91149139 -3.8554101  -8.28716755]]
2
[[-2.81639099 -6.33503628 -2.91881609 -8.84534359]]
0
[[-4.84562922 -4.91149139 -3.8554101  -8.28716755]]
2
[[-2.81639099 -6.33503628 -2.91881609 -8.84534359]]
0
[[-4.84562922 -4.91149139 -3.8554101  -8.28716755]]
2
[[-2.81639099 -6.33503628 -2.91881609 -8.84534359]]
0
[[-4.84562922 -4.91149139 -3.8554101  -8.28716755]]
2
[[-2.81639099 -6.33503628 -2.91881609 -8.84534359]]
0
[[-4.84562922 -4.91149139 -3.8554101  -8.28716755]]
2
[[-2.81639099 -6.33503628 -2.91881609 -8.84534359]]
0
[[-4.84562922 -4.91149139 -3.8554101  -8.28716755]]
2
[[-2.81639099 -6.33503628 -2.91881609 -8.84534359]]
0
[[-4.84562922 -4.91149139 -3.8554101  -8.28716755]]
2
[[-2.81639099 -6.33503628 -2.91881609 -8.84534359]]
0
[[-4.84562922 -4.91149139 -3.8554101  -8.28716755]]
2
[[-2.81639099 -6.33503628 -2.91881609 -8.84534359]]
0
[[-4.84562922 -4.91149139 -3.8554101  -8.28716755]]
2
[[-2.81639099 -6.33503628 -2.91881609 -8.84534359]]
0
[[-4.84562922 -4.91149139 -3.8554101  -8.28716755]]
2
[[-2.81639099 -6.33503628 -2.91881609 -8.84534359]]
0
[[-4.84562922 -4.91149139 -3.8554101  -8.28716755]]
2
[[-2.81639099 -6.33503628 -2.91881609 -8.84534359]]
0
[[-4.84562922 -4.91149139 -3.8554101  -8.28716755]]
2
[[-2.81639099 -6.33503628 -2.91881609 -8.84534359]]
0
[[-4.84562922 -4.91149139 -3.8554101  -8.28716755]]
2
[[-2.81639099 -6.33503628 -2.91881609 -8.84534359]]
0
[[-4.84562922 -4.91149139 -3.8554101  -8.28716755]]
2
[[-2.81639099 -6.33503628 -2.91881609 -8.84534359]]
0
[[-4.84562922 -4.91149139 -3.8554101  -8.28716755]]
2
[[-2.81639099 -6.33503628 -2.91881609 -8.84534359]]
0
[[-4.84562922 -4.91149139 -3.8554101  -8.28716755]]
2
[[-2.81639099 -6.33503628 -2.91881609 -8.84534359]]
0
[[-4.84562922 -4.91149139 -3.8554101  -8.28716755]]
2
[[-2.81639099 -6.33503628 -2.91881609 -8.84534359]]
0
[[-4.84562922 -4.91149139 -3.8554101  -8.28716755]]
2
[[-2.81639099 -6.33503628 -2.91881609 -8.84534359]]
0
[[-4.84562922 -4.91149139 -3.8554101  -8.28716755]]
2
[[-2.81639099 -6.33503628 -2.91881609 -8.84534359]]
0
[[-4.84562922 -4.91149139 -3.8554101  -8.28716755]]
2
[[-2.81639099 -6.33503628 -2.91881609 -8.84534359]]
0
[[-4.84562922 -4.91149139 -3.8554101  -8.28716755]]
2
[[-2.81639099 -6.33503628 -2.91881609 -8.84534359]]
0
[[-4.84562922 -4.91149139 -3.8554101  -8.28716755]]
2
[[-2.81639099 -6.33503628 -2.91881609 -8.84534359]]
0
[[-4.84562922 -4.91149139 -3.8554101  -8.28716755]]
2
[[-2.81639099 -6.33503628 -2.91881609 -8.84534359]]
0
[[-4.84562922 -4.91149139 -3.8554101  -8.28716755]]
2
[[-2.81639099 -6.33503628 -2.91881609 -8.84534359]]
0
[[-4.84562922 -4.91149139 -3.8554101  -8.28716755]]
2
[[-2.81639099 -6.33503628 -2.91881609 -8.84534359]]
0
[[-4.84562922 -4.91149139 -3.8554101  -8.28716755]]
2
[[-2.81639099 -6.33503628 -2.91881609 -8.84534359]]
0
[[-4.84562922 -4.91149139 -3.8554101  -8.28716755]]
2
[[-2.81639099 -6.33503628 -2.91881609 -8.84534359]]
0
[[-4.84562922 -4.91149139 -3.8554101  -8.28716755]]
2
[[-2.81639099 -6.33503628 -2.91881609 -8.84534359]]
0
[[-4.84562922 -4.91149139 -3.8554101  -8.28716755]]
2
[[-2.81639099 -6.33503628 -2.91881609 -8.84534359]]
0
[[-4.84562922 -4.91149139 -3.8554101  -8.28716755]]
2
[[-2.81639099 -6.33503628 -2.91881609 -8.84534359]]
0
[[-4.84562922 -4.91149139 -3.8554101  -8.28716755]]
2
[[-2.81639099 -6.33503628 -2.91881609 -8.84534359]]
0
[[-4.84562922 -4.91149139 -3.8554101  -8.28716755]]
2
FAIL
0/5
