[[ -5.10721636   0.60937113 -13.02416229  -5.88363504]]
1
[[ -5.4111371    0.92416996 -14.51536655  -5.50828981]]
1
[[ -7.47557497  -5.74335098 -13.13456726  -5.71232748]]
3
[[ -5.4111371    0.92416996 -14.51536655  -5.50828981]]
1
[[ -7.47557497  -5.74335098 -13.13456726  -5.71232748]]
3
[[ -5.4111371    0.92416996 -14.51536655  -5.50828981]]
1
[[ -7.47557497  -5.74335098 -13.13456726  -5.71232748]]
3
[[ -5.4111371    0.92416996 -14.51536655  -5.50828981]]
1
[[ -7.47557497  -5.74335098 -13.13456726  -5.71232748]]
3
[[ -5.4111371    0.92416996 -14.51536655  -5.50828981]]
1
[[ -7.47557497  -5.74335098 -13.13456726  -5.71232748]]
3
[[ -5.4111371    0.92416996 -14.51536655  -5.50828981]]
1
[[ -7.47557497  -5.74335098 -13.13456726  -5.71232748]]
3
[[ -5.4111371    0.92416996 -14.51536655  -5.50828981]]
1
[[ -7.47557497  -5.74335098 -13.13456726  -5.71232748]]
3
[[ -5.4111371    0.92416996 -14.51536655  -5.50828981]]
1
[[ -7.47557497  -5.74335098 -13.13456726  -5.71232748]]
3
[[ -5.4111371    0.92416996 -14.51536655  -5.50828981]]
1
[[ -7.47557497  -5.74335098 -13.13456726  -5.71232748]]
3
[[ -5.4111371    0.92416996 -14.51536655  -5.50828981]]
1
[[ -7.47557497  -5.74335098 -13.13456726  -5.71232748]]
3
[[ -5.4111371    0.92416996 -14.51536655  -5.50828981]]
1
[[ -7.47557497  -5.74335098 -13.13456726  -5.71232748]]
3
[[ -5.4111371    0.92416996 -14.51536655  -5.50828981]]
1
[[ -7.47557497  -5.74335098 -13.13456726  -5.71232748]]
3
[[ -5.4111371    0.92416996 -14.51536655  -5.50828981]]
1
[[ -7.47557497  -5.74335098 -13.13456726  -5.71232748]]
3
[[ -5.4111371    0.92416996 -14.51536655  -5.50828981]]
1
[[ -7.47557497  -5.74335098 -13.13456726  -5.71232748]]
3
[[ -5.4111371    0.92416996 -14.51536655  -5.50828981]]
1
[[ -7.47557497  -5.74335098 -13.13456726  -5.71232748]]
3
[[ -5.4111371    0.92416996 -14.51536655  -5.50828981]]
1
[[ -7.47557497  -5.74335098 -13.13456726  -5.71232748]]
3
[[ -5.4111371    0.92416996 -14.51536655  -5.50828981]]
1
[[ -7.47557497  -5.74335098 -13.13456726  -5.71232748]]
3
[[ -5.4111371    0.92416996 -14.51536655  -5.50828981]]
1
[[ -7.47557497  -5.74335098 -13.13456726  -5.71232748]]
3
[[ -5.4111371    0.92416996 -14.51536655  -5.50828981]]
1
[[ -7.47557497  -5.74335098 -13.13456726  -5.71232748]]
3
[[ -5.4111371    0.92416996 -14.51536655  -5.50828981]]
1
[[ -7.47557497  -5.74335098 -13.13456726  -5.71232748]]
3
[[ -5.4111371    0.92416996 -14.51536655  -5.50828981]]
1
[[ -7.47557497  -5.74335098 -13.13456726  -5.71232748]]
3
[[ -5.4111371    0.92416996 -14.51536655  -5.50828981]]
1
[[ -7.47557497  -5.74335098 -13.13456726  -5.71232748]]
3
[[ -5.4111371    0.92416996 -14.51536655  -5.50828981]]
1
[[ -7.47557497  -5.74335098 -13.13456726  -5.71232748]]
3
[[ -5.4111371    0.92416996 -14.51536655  -5.50828981]]
1
[[ -7.47557497  -5.74335098 -13.13456726  -5.71232748]]
3
[[ -5.4111371    0.92416996 -14.51536655  -5.50828981]]
1
[[ -7.47557497  -5.74335098 -13.13456726  -5.71232748]]
3
[[ -5.4111371    0.92416996 -14.51536655  -5.50828981]]
1
[[ -7.47557497  -5.74335098 -13.13456726  -5.71232748]]
3
[[ -5.4111371    0.92416996 -14.51536655  -5.50828981]]
1
[[ -7.47557497  -5.74335098 -13.13456726  -5.71232748]]
3
[[ -5.4111371    0.92416996 -14.51536655  -5.50828981]]
1
[[ -7.47557497  -5.74335098 -13.13456726  -5.71232748]]
3
[[ -5.4111371    0.92416996 -14.51536655  -5.50828981]]
1
[[ -7.47557497  -5.74335098 -13.13456726  -5.71232748]]
3
[[ -5.4111371    0.92416996 -14.51536655  -5.50828981]]
1
[[ -7.47557497  -5.74335098 -13.13456726  -5.71232748]]
3
[[ -5.4111371    0.92416996 -14.51536655  -5.50828981]]
1
[[ -7.47557497  -5.74335098 -13.13456726  -5.71232748]]
3
[[ -5.4111371    0.92416996 -14.51536655  -5.50828981]]
1
[[ -7.47557497  -5.74335098 -13.13456726  -5.71232748]]
3
[[ -5.4111371    0.92416996 -14.51536655  -5.50828981]]
1
[[ -7.47557497  -5.74335098 -13.13456726  -5.71232748]]
3
[[ -5.4111371    0.92416996 -14.51536655  -5.50828981]]
1
[[ -7.47557497  -5.74335098 -13.13456726  -5.71232748]]
3
[[ -5.4111371    0.92416996 -14.51536655  -5.50828981]]
1
[[ -7.47557497  -5.74335098 -13.13456726  -5.71232748]]
3
[[ -5.4111371    0.92416996 -14.51536655  -5.50828981]]
1
[[ -7.47557497  -5.74335098 -13.13456726  -5.71232748]]
3
[[ -5.4111371    0.92416996 -14.51536655  -5.50828981]]
1
[[ -7.47557497  -5.74335098 -13.13456726  -5.71232748]]
3
[[ -5.4111371    0.92416996 -14.51536655  -5.50828981]]
1
[[ -7.47557497  -5.74335098 -13.13456726  -5.71232748]]
3
[[ -5.4111371    0.92416996 -14.51536655  -5.50828981]]
1
[[ -7.47557497  -5.74335098 -13.13456726  -5.71232748]]
3
[[ -5.4111371    0.92416996 -14.51536655  -5.50828981]]
1
[[ -7.47557497  -5.74335098 -13.13456726  -5.71232748]]
3
[[ -5.4111371    0.92416996 -14.51536655  -5.50828981]]
1
[[ -7.47557497  -5.74335098 -13.13456726  -5.71232748]]
3
[[ -5.4111371    0.92416996 -14.51536655  -5.50828981]]
1
[[ -7.47557497  -5.74335098 -13.13456726  -5.71232748]]
3
[[ -5.4111371    0.92416996 -14.51536655  -5.50828981]]
1
[[ -7.47557497  -5.74335098 -13.13456726  -5.71232748]]
3
[[ -5.4111371    0.92416996 -14.51536655  -5.50828981]]
1
[[ -7.47557497  -5.74335098 -13.13456726  -5.71232748]]
3
[[ -5.4111371    0.92416996 -14.51536655  -5.50828981]]
1
[[ -7.47557497  -5.74335098 -13.13456726  -5.71232748]]
3
[[ -5.4111371    0.92416996 -14.51536655  -5.50828981]]
1
[[ -7.47557497  -5.74335098 -13.13456726  -5.71232748]]
3
[[ -5.4111371    0.92416996 -14.51536655  -5.50828981]]
1
[[ -7.47557497  -5.74335098 -13.13456726  -5.71232748]]
3
[[ -5.4111371    0.92416996 -14.51536655  -5.50828981]]
1
[[ -7.47557497  -5.74335098 -13.13456726  -5.71232748]]
3
[[ -5.4111371    0.92416996 -14.51536655  -5.50828981]]
1
[[ -7.47557497  -5.74335098 -13.13456726  -5.71232748]]
3
[[ -5.4111371    0.92416996 -14.51536655  -5.50828981]]
1
[[ -7.47557497  -5.74335098 -13.13456726  -5.71232748]]
3
FAIL
0/8
