[[ -5.11869764   0.34084129 -12.93075752  -6.04664183]]
1
[[ -5.42429972   0.65263343 -14.41479301  -5.66629744]]
1
[[ -7.48490953  -6.01075602 -13.03688049  -5.86702871]]
3
[[ -5.42429972   0.65263343 -14.41479301  -5.66629744]]
1
[[ -7.48490953  -6.01075602 -13.03688049  -5.86702871]]
3
[[ -5.42429972   0.65263343 -14.41479301  -5.66629744]]
1
[[ -7.48490953  -6.01075602 -13.03688049  -5.86702871]]
3
[[ -5.42429972   0.65263343 -14.41479301  -5.66629744]]
1
[[ -7.48490953  -6.01075602 -13.03688049  -5.86702871]]
3
[[ -5.42429972   0.65263343 -14.41479301  -5.66629744]]
1
[[ -7.48490953  -6.01075602 -13.03688049  -5.86702871]]
3
[[ -5.42429972   0.65263343 -14.41479301  -5.66629744]]
1
[[ -7.48490953  -6.01075602 -13.03688049  -5.86702871]]
3
[[ -5.42429972   0.65263343 -14.41479301  -5.66629744]]
1
[[ -7.48490953  -6.01075602 -13.03688049  -5.86702871]]
3
[[ -5.42429972   0.65263343 -14.41479301  -5.66629744]]
1
[[ -7.48490953  -6.01075602 -13.03688049  -5.86702871]]
3
[[ -5.42429972   0.65263343 -14.41479301  -5.66629744]]
1
[[ -7.48490953  -6.01075602 -13.03688049  -5.86702871]]
3
[[ -5.42429972   0.65263343 -14.41479301  -5.66629744]]
1
[[ -7.48490953  -6.01075602 -13.03688049  -5.86702871]]
3
[[ -5.42429972   0.65263343 -14.41479301  -5.66629744]]
1
[[ -7.48490953  -6.01075602 -13.03688049  -5.86702871]]
3
[[ -5.42429972   0.65263343 -14.41479301  -5.66629744]]
1
[[ -7.48490953  -6.01075602 -13.03688049  -5.86702871]]
3
[[ -5.42429972   0.65263343 -14.41479301  -5.66629744]]
1
[[ -7.48490953  -6.01075602 -13.03688049  -5.86702871]]
3
[[ -5.42429972   0.65263343 -14.41479301  -5.66629744]]
1
[[ -7.48490953  -6.01075602 -13.03688049  -5.86702871]]
3
[[ -5.42429972   0.65263343 -14.41479301  -5.66629744]]
1
[[ -7.48490953  -6.01075602 -13.03688049  -5.86702871]]
3
[[ -5.42429972   0.65263343 -14.41479301  -5.66629744]]
1
[[ -7.48490953  -6.01075602 -13.03688049  -5.86702871]]
3
[[ -5.42429972   0.65263343 -14.41479301  -5.66629744]]
1
[[ -7.48490953  -6.01075602 -13.03688049  -5.86702871]]
3
[[ -5.42429972   0.65263343 -14.41479301  -5.66629744]]
1
[[ -7.48490953  -6.01075602 -13.03688049  -5.86702871]]
3
[[ -5.42429972   0.65263343 -14.41479301  -5.66629744]]
1
[[ -7.48490953  -6.01075602 -13.03688049  -5.86702871]]
3
[[ -5.42429972   0.65263343 -14.41479301  -5.66629744]]
1
[[ -7.48490953  -6.01075602 -13.03688049  -5.86702871]]
3
[[ -5.42429972   0.65263343 -14.41479301  -5.66629744]]
1
[[ -7.48490953  -6.01075602 -13.03688049  -5.86702871]]
3
[[ -5.42429972   0.65263343 -14.41479301  -5.66629744]]
1
[[ -7.48490953  -6.01075602 -13.03688049  -5.86702871]]
3
[[ -5.42429972   0.65263343 -14.41479301  -5.66629744]]
1
[[ -7.48490953  -6.01075602 -13.03688049  -5.86702871]]
3
[[ -5.42429972   0.65263343 -14.41479301  -5.66629744]]
1
[[ -7.48490953  -6.01075602 -13.03688049  -5.86702871]]
3
[[ -5.42429972   0.65263343 -14.41479301  -5.66629744]]
1
[[ -7.48490953  -6.01075602 -13.03688049  -5.86702871]]
3
[[ -5.42429972   0.65263343 -14.41479301  -5.66629744]]
1
[[ -7.48490953  -6.01075602 -13.03688049  -5.86702871]]
3
[[ -5.42429972   0.65263343 -14.41479301  -5.66629744]]
1
[[ -7.48490953  -6.01075602 -13.03688049  -5.86702871]]
3
[[ -5.42429972   0.65263343 -14.41479301  -5.66629744]]
1
[[ -7.48490953  -6.01075602 -13.03688049  -5.86702871]]
3
[[ -5.42429972   0.65263343 -14.41479301  -5.66629744]]
1
[[ -7.48490953  -6.01075602 -13.03688049  -5.86702871]]
3
[[ -5.42429972   0.65263343 -14.41479301  -5.66629744]]
1
[[ -7.48490953  -6.01075602 -13.03688049  -5.86702871]]
3
[[ -5.42429972   0.65263343 -14.41479301  -5.66629744]]
1
[[ -7.48490953  -6.01075602 -13.03688049  -5.86702871]]
3
[[ -5.42429972   0.65263343 -14.41479301  -5.66629744]]
1
[[ -7.48490953  -6.01075602 -13.03688049  -5.86702871]]
3
[[ -5.42429972   0.65263343 -14.41479301  -5.66629744]]
1
[[ -7.48490953  -6.01075602 -13.03688049  -5.86702871]]
3
[[ -5.42429972   0.65263343 -14.41479301  -5.66629744]]
1
[[ -7.48490953  -6.01075602 -13.03688049  -5.86702871]]
3
[[ -5.42429972   0.65263343 -14.41479301  -5.66629744]]
1
[[ -7.48490953  -6.01075602 -13.03688049  -5.86702871]]
3
[[ -5.42429972   0.65263343 -14.41479301  -5.66629744]]
1
[[ -7.48490953  -6.01075602 -13.03688049  -5.86702871]]
3
[[ -5.42429972   0.65263343 -14.41479301  -5.66629744]]
1
[[ -7.48490953  -6.01075602 -13.03688049  -5.86702871]]
3
[[ -5.42429972   0.65263343 -14.41479301  -5.66629744]]
1
[[ -7.48490953  -6.01075602 -13.03688049  -5.86702871]]
3
[[ -5.42429972   0.65263343 -14.41479301  -5.66629744]]
1
[[ -7.48490953  -6.01075602 -13.03688049  -5.86702871]]
3
[[ -5.42429972   0.65263343 -14.41479301  -5.66629744]]
1
[[ -7.48490953  -6.01075602 -13.03688049  -5.86702871]]
3
[[ -5.42429972   0.65263343 -14.41479301  -5.66629744]]
1
[[ -7.48490953  -6.01075602 -13.03688049  -5.86702871]]
3
[[ -5.42429972   0.65263343 -14.41479301  -5.66629744]]
1
[[ -7.48490953  -6.01075602 -13.03688049  -5.86702871]]
3
[[ -5.42429972   0.65263343 -14.41479301  -5.66629744]]
1
[[ -7.48490953  -6.01075602 -13.03688049  -5.86702871]]
3
[[ -5.42429972   0.65263343 -14.41479301  -5.66629744]]
1
[[ -7.48490953  -6.01075602 -13.03688049  -5.86702871]]
3
[[ -5.42429972   0.65263343 -14.41479301  -5.66629744]]
1
[[ -7.48490953  -6.01075602 -13.03688049  -5.86702871]]
3
[[ -5.42429972   0.65263343 -14.41479301  -5.66629744]]
1
[[ -7.48490953  -6.01075602 -13.03688049  -5.86702871]]
3
[[ -5.42429972   0.65263343 -14.41479301  -5.66629744]]
1
[[ -7.48490953  -6.01075602 -13.03688049  -5.86702871]]
3
[[ -5.42429972   0.65263343 -14.41479301  -5.66629744]]
1
[[ -7.48490953  -6.01075602 -13.03688049  -5.86702871]]
3
[[ -5.42429972   0.65263343 -14.41479301  -5.66629744]]
1
[[ -7.48490953  -6.01075602 -13.03688049  -5.86702871]]
3
[[ -5.42429972   0.65263343 -14.41479301  -5.66629744]]
1
[[ -7.48490953  -6.01075602 -13.03688049  -5.86702871]]
3
FAIL
0/8
