[[-4.2580204  -8.28909016 -4.30293369 -8.29106903]]
0
[[-12.84358692 -15.68857384  -0.07497233  -7.98874044]]
2
[[-4.2580204  -8.28909016 -4.30293369 -8.29106903]]
0
[[-12.84358692 -15.68857384  -0.07497233  -7.98874044]]
2
[[-4.2580204  -8.28909016 -4.30293369 -8.29106903]]
0
[[-12.84358692 -15.68857384  -0.07497233  -7.98874044]]
2
[[-4.2580204  -8.28909016 -4.30293369 -8.29106903]]
0
[[-12.84358692 -15.68857384  -0.07497233  -7.98874044]]
2
[[-4.2580204  -8.28909016 -4.30293369 -8.29106903]]
0
[[-12.84358692 -15.68857384  -0.07497233  -7.98874044]]
2
[[-4.2580204  -8.28909016 -4.30293369 -8.29106903]]
0
[[-12.84358692 -15.68857384  -0.07497233  -7.98874044]]
2
[[-4.2580204  -8.28909016 -4.30293369 -8.29106903]]
0
[[-12.84358692 -15.68857384  -0.07497233  -7.98874044]]
2
[[-4.2580204  -8.28909016 -4.30293369 -8.29106903]]
0
[[-12.84358692 -15.68857384  -0.07497233  -7.98874044]]
2
[[-4.2580204  -8.28909016 -4.30293369 -8.29106903]]
0
[[-12.84358692 -15.68857384  -0.07497233  -7.98874044]]
2
[[-4.2580204  -8.28909016 -4.30293369 -8.29106903]]
0
[[-12.84358692 -15.68857384  -0.07497233  -7.98874044]]
2
[[-4.2580204  -8.28909016 -4.30293369 -8.29106903]]
0
[[-12.84358692 -15.68857384  -0.07497233  -7.98874044]]
2
[[-4.2580204  -8.28909016 -4.30293369 -8.29106903]]
0
[[-12.84358692 -15.68857384  -0.07497233  -7.98874044]]
2
[[-4.2580204  -8.28909016 -4.30293369 -8.29106903]]
0
[[-12.84358692 -15.68857384  -0.07497233  -7.98874044]]
2
[[-4.2580204  -8.28909016 -4.30293369 -8.29106903]]
0
[[-12.84358692 -15.68857384  -0.07497233  -7.98874044]]
2
[[-4.2580204  -8.28909016 -4.30293369 -8.29106903]]
0
[[-12.84358692 -15.68857384  -0.07497233  -7.98874044]]
2
[[-4.2580204  -8.28909016 -4.30293369 -8.29106903]]
0
[[-12.84358692 -15.68857384  -0.07497233  -7.98874044]]
2
[[-4.2580204  -8.28909016 -4.30293369 -8.29106903]]
0
[[-12.84358692 -15.68857384  -0.07497233  -7.98874044]]
2
[[-4.2580204  -8.28909016 -4.30293369 -8.29106903]]
0
[[-12.84358692 -15.68857384  -0.07497233  -7.98874044]]
2
[[-4.2580204  -8.28909016 -4.30293369 -8.29106903]]
0
[[-12.84358692 -15.68857384  -0.07497233  -7.98874044]]
2
[[-4.2580204  -8.28909016 -4.30293369 -8.29106903]]
0
[[-12.84358692 -15.68857384  -0.07497233  -7.98874044]]
2
[[-4.2580204  -8.28909016 -4.30293369 -8.29106903]]
0
[[-12.84358692 -15.68857384  -0.07497233  -7.98874044]]
2
[[-4.2580204  -8.28909016 -4.30293369 -8.29106903]]
0
[[-12.84358692 -15.68857384  -0.07497233  -7.98874044]]
2
[[-4.2580204  -8.28909016 -4.30293369 -8.29106903]]
0
[[-12.84358692 -15.68857384  -0.07497233  -7.98874044]]
2
[[-4.2580204  -8.28909016 -4.30293369 -8.29106903]]
0
[[-12.84358692 -15.68857384  -0.07497233  -7.98874044]]
2
[[-4.2580204  -8.28909016 -4.30293369 -8.29106903]]
0
[[-12.84358692 -15.68857384  -0.07497233  -7.98874044]]
2
[[-4.2580204  -8.28909016 -4.30293369 -8.29106903]]
0
[[-12.84358692 -15.68857384  -0.07497233  -7.98874044]]
2
[[-4.2580204  -8.28909016 -4.30293369 -8.29106903]]
0
[[-12.84358692 -15.68857384  -0.07497233  -7.98874044]]
2
[[-4.2580204  -8.28909016 -4.30293369 -8.29106903]]
0
[[-12.84358692 -15.68857384  -0.07497233  -7.98874044]]
2
[[-4.2580204  -8.28909016 -4.30293369 -8.29106903]]
0
[[-12.84358692 -15.68857384  -0.07497233  -7.98874044]]
2
[[-4.2580204  -8.28909016 -4.30293369 -8.29106903]]
0
[[-12.84358692 -15.68857384  -0.07497233  -7.98874044]]
2
[[-4.2580204  -8.28909016 -4.30293369 -8.29106903]]
0
[[-12.84358692 -15.68857384  -0.07497233  -7.98874044]]
2
[[-4.2580204  -8.28909016 -4.30293369 -8.29106903]]
0
[[-12.84358692 -15.68857384  -0.07497233  -7.98874044]]
2
[[-4.2580204  -8.28909016 -4.30293369 -8.29106903]]
0
[[-12.84358692 -15.68857384  -0.07497233  -7.98874044]]
2
[[-4.2580204  -8.28909016 -4.30293369 -8.29106903]]
0
[[-12.84358692 -15.68857384  -0.07497233  -7.98874044]]
2
[[-4.2580204  -8.28909016 -4.30293369 -8.29106903]]
0
[[-12.84358692 -15.68857384  -0.07497233  -7.98874044]]
2
[[-4.2580204  -8.28909016 -4.30293369 -8.29106903]]
0
[[-12.84358692 -15.68857384  -0.07497233  -7.98874044]]
2
[[-4.2580204  -8.28909016 -4.30293369 -8.29106903]]
0
[[-12.84358692 -15.68857384  -0.07497233  -7.98874044]]
2
[[-4.2580204  -8.28909016 -4.30293369 -8.29106903]]
0
[[-12.84358692 -15.68857384  -0.07497233  -7.98874044]]
2
[[-4.2580204  -8.28909016 -4.30293369 -8.29106903]]
0
[[-12.84358692 -15.68857384  -0.07497233  -7.98874044]]
2
[[-4.2580204  -8.28909016 -4.30293369 -8.29106903]]
0
[[-12.84358692 -15.68857384  -0.07497233  -7.98874044]]
2
[[-4.2580204  -8.28909016 -4.30293369 -8.29106903]]
0
[[-12.84358692 -15.68857384  -0.07497233  -7.98874044]]
2
[[-4.2580204  -8.28909016 -4.30293369 -8.29106903]]
0
[[-12.84358692 -15.68857384  -0.07497233  -7.98874044]]
2
[[-4.2580204  -8.28909016 -4.30293369 -8.29106903]]
0
[[-12.84358692 -15.68857384  -0.07497233  -7.98874044]]
2
[[-4.2580204  -8.28909016 -4.30293369 -8.29106903]]
0
[[-12.84358692 -15.68857384  -0.07497233  -7.98874044]]
2
[[-4.2580204  -8.28909016 -4.30293369 -8.29106903]]
0
[[-12.84358692 -15.68857384  -0.07497233  -7.98874044]]
2
[[-4.2580204  -8.28909016 -4.30293369 -8.29106903]]
0
[[-12.84358692 -15.68857384  -0.07497233  -7.98874044]]
2
[[-4.2580204  -8.28909016 -4.30293369 -8.29106903]]
0
[[-12.84358692 -15.68857384  -0.07497233  -7.98874044]]
2
[[-4.2580204  -8.28909016 -4.30293369 -8.29106903]]
0
[[-12.84358692 -15.68857384  -0.07497233  -7.98874044]]
2
[[-4.2580204  -8.28909016 -4.30293369 -8.29106903]]
0
[[-12.84358692 -15.68857384  -0.07497233  -7.98874044]]
2
[[-4.2580204  -8.28909016 -4.30293369 -8.29106903]]
0
[[-12.84358692 -15.68857384  -0.07497233  -7.98874044]]
2
[[-4.2580204  -8.28909016 -4.30293369 -8.29106903]]
0
FAIL
1/2
