[[-4.02708483 -7.94052172 -4.34284687 -8.14383221]]
0
[[-12.61164856 -15.33362675  -0.09364225  -7.83503103]]
2
[[-4.02708483 -7.94052172 -4.34284687 -8.14383221]]
0
[[-12.61164856 -15.33362675  -0.09364225  -7.83503103]]
2
[[-4.02708483 -7.94052172 -4.34284687 -8.14383221]]
0
[[-12.61164856 -15.33362675  -0.09364225  -7.83503103]]
2
[[-4.02708483 -7.94052172 -4.34284687 -8.14383221]]
0
[[-12.61164856 -15.33362675  -0.09364225  -7.83503103]]
2
[[-4.02708483 -7.94052172 -4.34284687 -8.14383221]]
0
[[-12.61164856 -15.33362675  -0.09364225  -7.83503103]]
2
[[-4.02708483 -7.94052172 -4.34284687 -8.14383221]]
0
[[-12.61164856 -15.33362675  -0.09364225  -7.83503103]]
2
[[-4.02708483 -7.94052172 -4.34284687 -8.14383221]]
0
[[-12.61164856 -15.33362675  -0.09364225  -7.83503103]]
2
[[-4.02708483 -7.94052172 -4.34284687 -8.14383221]]
0
[[-12.61164856 -15.33362675  -0.09364225  -7.83503103]]
2
[[-4.02708483 -7.94052172 -4.34284687 -8.14383221]]
0
[[-12.61164856 -15.33362675  -0.09364225  -7.83503103]]
2
[[-4.02708483 -7.94052172 -4.34284687 -8.14383221]]
0
[[-12.61164856 -15.33362675  -0.09364225  -7.83503103]]
2
[[-4.02708483 -7.94052172 -4.34284687 -8.14383221]]
0
[[-12.61164856 -15.33362675  -0.09364225  -7.83503103]]
2
[[-4.02708483 -7.94052172 -4.34284687 -8.14383221]]
0
[[-12.61164856 -15.33362675  -0.09364225  -7.83503103]]
2
[[-4.02708483 -7.94052172 -4.34284687 -8.14383221]]
0
[[-12.61164856 -15.33362675  -0.09364225  -7.83503103]]
2
[[-4.02708483 -7.94052172 -4.34284687 -8.14383221]]
0
[[-12.61164856 -15.33362675  -0.09364225  -7.83503103]]
2
[[-4.02708483 -7.94052172 -4.34284687 -8.14383221]]
0
[[-12.61164856 -15.33362675  -0.09364225  -7.83503103]]
2
[[-4.02708483 -7.94052172 -4.34284687 -8.14383221]]
0
[[-12.61164856 -15.33362675  -0.09364225  -7.83503103]]
2
[[-4.02708483 -7.94052172 -4.34284687 -8.14383221]]
0
[[-12.61164856 -15.33362675  -0.09364225  -7.83503103]]
2
[[-4.02708483 -7.94052172 -4.34284687 -8.14383221]]
0
[[-12.61164856 -15.33362675  -0.09364225  -7.83503103]]
2
[[-4.02708483 -7.94052172 -4.34284687 -8.14383221]]
0
[[-12.61164856 -15.33362675  -0.09364225  -7.83503103]]
2
[[-4.02708483 -7.94052172 -4.34284687 -8.14383221]]
0
[[-12.61164856 -15.33362675  -0.09364225  -7.83503103]]
2
[[-4.02708483 -7.94052172 -4.34284687 -8.14383221]]
0
[[-12.61164856 -15.33362675  -0.09364225  -7.83503103]]
2
[[-4.02708483 -7.94052172 -4.34284687 -8.14383221]]
0
[[-12.61164856 -15.33362675  -0.09364225  -7.83503103]]
2
[[-4.02708483 -7.94052172 -4.34284687 -8.14383221]]
0
[[-12.61164856 -15.33362675  -0.09364225  -7.83503103]]
2
[[-4.02708483 -7.94052172 -4.34284687 -8.14383221]]
0
[[-12.61164856 -15.33362675  -0.09364225  -7.83503103]]
2
[[-4.02708483 -7.94052172 -4.34284687 -8.14383221]]
0
[[-12.61164856 -15.33362675  -0.09364225  -7.83503103]]
2
[[-4.02708483 -7.94052172 -4.34284687 -8.14383221]]
0
[[-12.61164856 -15.33362675  -0.09364225  -7.83503103]]
2
[[-4.02708483 -7.94052172 -4.34284687 -8.14383221]]
0
[[-12.61164856 -15.33362675  -0.09364225  -7.83503103]]
2
[[-4.02708483 -7.94052172 -4.34284687 -8.14383221]]
0
[[-12.61164856 -15.33362675  -0.09364225  -7.83503103]]
2
[[-4.02708483 -7.94052172 -4.34284687 -8.14383221]]
0
[[-12.61164856 -15.33362675  -0.09364225  -7.83503103]]
2
[[-4.02708483 -7.94052172 -4.34284687 -8.14383221]]
0
[[-12.61164856 -15.33362675  -0.09364225  -7.83503103]]
2
[[-4.02708483 -7.94052172 -4.34284687 -8.14383221]]
0
[[-12.61164856 -15.33362675  -0.09364225  -7.83503103]]
2
[[-4.02708483 -7.94052172 -4.34284687 -8.14383221]]
0
[[-12.61164856 -15.33362675  -0.09364225  -7.83503103]]
2
[[-4.02708483 -7.94052172 -4.34284687 -8.14383221]]
0
[[-12.61164856 -15.33362675  -0.09364225  -7.83503103]]
2
[[-4.02708483 -7.94052172 -4.34284687 -8.14383221]]
0
[[-12.61164856 -15.33362675  -0.09364225  -7.83503103]]
2
[[-4.02708483 -7.94052172 -4.34284687 -8.14383221]]
0
[[-12.61164856 -15.33362675  -0.09364225  -7.83503103]]
2
[[-4.02708483 -7.94052172 -4.34284687 -8.14383221]]
0
[[-12.61164856 -15.33362675  -0.09364225  -7.83503103]]
2
[[-4.02708483 -7.94052172 -4.34284687 -8.14383221]]
0
[[-12.61164856 -15.33362675  -0.09364225  -7.83503103]]
2
[[-4.02708483 -7.94052172 -4.34284687 -8.14383221]]
0
[[-12.61164856 -15.33362675  -0.09364225  -7.83503103]]
2
[[-4.02708483 -7.94052172 -4.34284687 -8.14383221]]
0
[[-12.61164856 -15.33362675  -0.09364225  -7.83503103]]
2
[[-4.02708483 -7.94052172 -4.34284687 -8.14383221]]
0
[[-12.61164856 -15.33362675  -0.09364225  -7.83503103]]
2
[[-4.02708483 -7.94052172 -4.34284687 -8.14383221]]
0
[[-12.61164856 -15.33362675  -0.09364225  -7.83503103]]
2
[[-4.02708483 -7.94052172 -4.34284687 -8.14383221]]
0
[[-12.61164856 -15.33362675  -0.09364225  -7.83503103]]
2
[[-4.02708483 -7.94052172 -4.34284687 -8.14383221]]
0
[[-12.61164856 -15.33362675  -0.09364225  -7.83503103]]
2
[[-4.02708483 -7.94052172 -4.34284687 -8.14383221]]
0
[[-12.61164856 -15.33362675  -0.09364225  -7.83503103]]
2
[[-4.02708483 -7.94052172 -4.34284687 -8.14383221]]
0
[[-12.61164856 -15.33362675  -0.09364225  -7.83503103]]
2
[[-4.02708483 -7.94052172 -4.34284687 -8.14383221]]
0
[[-12.61164856 -15.33362675  -0.09364225  -7.83503103]]
2
[[-4.02708483 -7.94052172 -4.34284687 -8.14383221]]
0
[[-12.61164856 -15.33362675  -0.09364225  -7.83503103]]
2
[[-4.02708483 -7.94052172 -4.34284687 -8.14383221]]
0
[[-12.61164856 -15.33362675  -0.09364225  -7.83503103]]
2
[[-4.02708483 -7.94052172 -4.34284687 -8.14383221]]
0
[[-12.61164856 -15.33362675  -0.09364225  -7.83503103]]
2
[[-4.02708483 -7.94052172 -4.34284687 -8.14383221]]
0
[[-12.61164856 -15.33362675  -0.09364225  -7.83503103]]
2
[[-4.02708483 -7.94052172 -4.34284687 -8.14383221]]
0
FAIL
1/2
