[[ 11245014.   8737306.  10030186.   4258613.]]
0
[[ 9390970.  5434927.  9614926.  2845338.]]
2
[[ 11245014.   8737306.  10030186.   4258613.]]
0
[[ 9390970.  5434927.  9614926.  2845338.]]
2
[[ 11245014.   8737306.  10030186.   4258613.]]
0
[[ 9390970.  5434927.  9614926.  2845338.]]
2
[[ 11245014.   8737306.  10030186.   4258613.]]
0
[[ 9390970.  5434927.  9614926.  2845338.]]
2
[[ 11245014.   8737306.  10030186.   4258613.]]
0
[[ 9390970.  5434927.  9614926.  2845338.]]
2
[[ 11245014.   8737306.  10030186.   4258613.]]
0
[[ 9390970.  5434927.  9614926.  2845338.]]
2
[[ 11245014.   8737306.  10030186.   4258613.]]
0
[[ 9390970.  5434927.  9614926.  2845338.]]
2
[[ 11245014.   8737306.  10030186.   4258613.]]
0
[[ 9390970.  5434927.  9614926.  2845338.]]
2
[[ 11245014.   8737306.  10030186.   4258613.]]
0
[[ 9390970.  5434927.  9614926.  2845338.]]
2
[[ 11245014.   8737306.  10030186.   4258613.]]
0
[[ 9390970.  5434927.  9614926.  2845338.]]
2
[[ 11245014.   8737306.  10030186.   4258613.]]
0
[[ 9390970.  5434927.  9614926.  2845338.]]
2
[[ 11245014.   8737306.  10030186.   4258613.]]
0
[[ 9390970.  5434927.  9614926.  2845338.]]
2
[[ 11245014.   8737306.  10030186.   4258613.]]
0
[[ 9390970.  5434927.  9614926.  2845338.]]
2
[[ 11245014.   8737306.  10030186.   4258613.]]
0
[[ 9390970.  5434927.  9614926.  2845338.]]
2
[[ 11245014.   8737306.  10030186.   4258613.]]
0
[[ 9390970.  5434927.  9614926.  2845338.]]
2
[[ 11245014.   8737306.  10030186.   4258613.]]
0
[[ 9390970.  5434927.  9614926.  2845338.]]
2
[[ 11245014.   8737306.  10030186.   4258613.]]
0
[[ 9390970.  5434927.  9614926.  2845338.]]
2
[[ 11245014.   8737306.  10030186.   4258613.]]
0
[[ 9390970.  5434927.  9614926.  2845338.]]
2
[[ 11245014.   8737306.  10030186.   4258613.]]
0
[[ 9390970.  5434927.  9614926.  2845338.]]
2
[[ 11245014.   8737306.  10030186.   4258613.]]
0
[[ 9390970.  5434927.  9614926.  2845338.]]
2
[[ 11245014.   8737306.  10030186.   4258613.]]
0
[[ 9390970.  5434927.  9614926.  2845338.]]
2
[[ 11245014.   8737306.  10030186.   4258613.]]
0
[[ 9390970.  5434927.  9614926.  2845338.]]
2
[[ 11245014.   8737306.  10030186.   4258613.]]
0
[[ 9390970.  5434927.  9614926.  2845338.]]
2
[[ 11245014.   8737306.  10030186.   4258613.]]
0
[[ 9390970.  5434927.  9614926.  2845338.]]
2
[[ 11245014.   8737306.  10030186.   4258613.]]
0
[[ 9390970.  5434927.  9614926.  2845338.]]
2
[[ 11245014.   8737306.  10030186.   4258613.]]
0
[[ 9390970.  5434927.  9614926.  2845338.]]
2
[[ 11245014.   8737306.  10030186.   4258613.]]
0
[[ 9390970.  5434927.  9614926.  2845338.]]
2
[[ 11245014.   8737306.  10030186.   4258613.]]
0
[[ 9390970.  5434927.  9614926.  2845338.]]
2
[[ 11245014.   8737306.  10030186.   4258613.]]
0
[[ 9390970.  5434927.  9614926.  2845338.]]
2
[[ 11245014.   8737306.  10030186.   4258613.]]
0
[[ 9390970.  5434927.  9614926.  2845338.]]
2
[[ 11245014.   8737306.  10030186.   4258613.]]
0
[[ 9390970.  5434927.  9614926.  2845338.]]
2
[[ 11245014.   8737306.  10030186.   4258613.]]
0
[[ 9390970.  5434927.  9614926.  2845338.]]
2
[[ 11245014.   8737306.  10030186.   4258613.]]
0
[[ 9390970.  5434927.  9614926.  2845338.]]
2
[[ 11245014.   8737306.  10030186.   4258613.]]
0
[[ 9390970.  5434927.  9614926.  2845338.]]
2
[[ 11245014.   8737306.  10030186.   4258613.]]
0
[[ 9390970.  5434927.  9614926.  2845338.]]
2
[[ 11245014.   8737306.  10030186.   4258613.]]
0
[[ 9390970.  5434927.  9614926.  2845338.]]
2
[[ 11245014.   8737306.  10030186.   4258613.]]
0
[[ 9390970.  5434927.  9614926.  2845338.]]
2
[[ 11245014.   8737306.  10030186.   4258613.]]
0
[[ 9390970.  5434927.  9614926.  2845338.]]
2
[[ 11245014.   8737306.  10030186.   4258613.]]
0
[[ 9390970.  5434927.  9614926.  2845338.]]
2
[[ 11245014.   8737306.  10030186.   4258613.]]
0
[[ 9390970.  5434927.  9614926.  2845338.]]
2
[[ 11245014.   8737306.  10030186.   4258613.]]
0
[[ 9390970.  5434927.  9614926.  2845338.]]
2
[[ 11245014.   8737306.  10030186.   4258613.]]
0
[[ 9390970.  5434927.  9614926.  2845338.]]
2
[[ 11245014.   8737306.  10030186.   4258613.]]
0
[[ 9390970.  5434927.  9614926.  2845338.]]
2
[[ 11245014.   8737306.  10030186.   4258613.]]
0
[[ 9390970.  5434927.  9614926.  2845338.]]
2
[[ 11245014.   8737306.  10030186.   4258613.]]
0
[[ 9390970.  5434927.  9614926.  2845338.]]
2
[[ 11245014.   8737306.  10030186.   4258613.]]
0
[[ 9390970.  5434927.  9614926.  2845338.]]
2
[[ 11245014.   8737306.  10030186.   4258613.]]
0
[[ 9390970.  5434927.  9614926.  2845338.]]
2
[[ 11245014.   8737306.  10030186.   4258613.]]
0
[[ 9390970.  5434927.  9614926.  2845338.]]
2
[[ 11245014.   8737306.  10030186.   4258613.]]
0
[[ 9390970.  5434927.  9614926.  2845338.]]
2
[[ 11245014.   8737306.  10030186.   4258613.]]
0
[[ 9390970.  5434927.  9614926.  2845338.]]
2
[[ 11245014.   8737306.  10030186.   4258613.]]
0
FAIL
1/8
