[[-4.68596601 -4.82542658 -3.79910803 -8.33352757]]
2
[[-2.66821337 -6.25600052 -2.85402179 -8.90072823]]
0
[[-4.68596601 -4.82542658 -3.79910803 -8.33352757]]
2
[[-2.66821337 -6.25600052 -2.85402179 -8.90072823]]
0
[[-4.68596601 -4.82542658 -3.79910803 -8.33352757]]
2
[[-2.66821337 -6.25600052 -2.85402179 -8.90072823]]
0
[[-4.68596601 -4.82542658 -3.79910803 -8.33352757]]
2
[[-2.66821337 -6.25600052 -2.85402179 -8.90072823]]
0
[[-4.68596601 -4.82542658 -3.79910803 -8.33352757]]
2
[[-2.66821337 -6.25600052 -2.85402179 -8.90072823]]
0
[[-4.68596601 -4.82542658 -3.79910803 -8.33352757]]
2
[[-2.66821337 -6.25600052 -2.85402179 -8.90072823]]
0
[[-4.68596601 -4.82542658 -3.79910803 -8.33352757]]
2
[[-2.66821337 -6.25600052 -2.85402179 -8.90072823]]
0
[[-4.68596601 -4.82542658 -3.79910803 -8.33352757]]
2
[[-2.66821337 -6.25600052 -2.85402179 -8.90072823]]
0
[[-4.68596601 -4.82542658 -3.79910803 -8.33352757]]
2
[[-2.66821337 -6.25600052 -2.85402179 -8.90072823]]
0
[[-4.68596601 -4.82542658 -3.79910803 -8.33352757]]
2
[[-2.66821337 -6.25600052 -2.85402179 -8.90072823]]
0
[[-4.68596601 -4.82542658 -3.79910803 -8.33352757]]
2
[[-2.66821337 -6.25600052 -2.85402179 -8.90072823]]
0
[[-4.68596601 -4.82542658 -3.79910803 -8.33352757]]
2
[[-2.66821337 -6.25600052 -2.85402179 -8.90072823]]
0
[[-4.68596601 -4.82542658 -3.79910803 -8.33352757]]
2
[[-2.66821337 -6.25600052 -2.85402179 -8.90072823]]
0
[[-4.68596601 -4.82542658 -3.79910803 -8.33352757]]
2
[[-2.66821337 -6.25600052 -2.85402179 -8.90072823]]
0
[[-4.68596601 -4.82542658 -3.79910803 -8.33352757]]
2
[[-2.66821337 -6.25600052 -2.85402179 -8.90072823]]
0
[[-4.68596601 -4.82542658 -3.79910803 -8.33352757]]
2
[[-2.66821337 -6.25600052 -2.85402179 -8.90072823]]
0
[[-4.68596601 -4.82542658 -3.79910803 -8.33352757]]
2
[[-2.66821337 -6.25600052 -2.85402179 -8.90072823]]
0
[[-4.68596601 -4.82542658 -3.79910803 -8.33352757]]
2
[[-2.66821337 -6.25600052 -2.85402179 -8.90072823]]
0
[[-4.68596601 -4.82542658 -3.79910803 -8.33352757]]
2
[[-2.66821337 -6.25600052 -2.85402179 -8.90072823]]
0
[[-4.68596601 -4.82542658 -3.79910803 -8.33352757]]
2
[[-2.66821337 -6.25600052 -2.85402179 -8.90072823]]
0
[[-4.68596601 -4.82542658 -3.79910803 -8.33352757]]
2
[[-2.66821337 -6.25600052 -2.85402179 -8.90072823]]
0
[[-4.68596601 -4.82542658 -3.79910803 -8.33352757]]
2
[[-2.66821337 -6.25600052 -2.85402179 -8.90072823]]
0
[[-4.68596601 -4.82542658 -3.79910803 -8.33352757]]
2
[[-2.66821337 -6.25600052 -2.85402179 -8.90072823]]
0
[[-4.68596601 -4.82542658 -3.79910803 -8.33352757]]
2
[[-2.66821337 -6.25600052 -2.85402179 -8.90072823]]
0
[[-4.68596601 -4.82542658 -3.79910803 -8.33352757]]
2
[[-2.66821337 -6.25600052 -2.85402179 -8.90072823]]
0
[[-4.68596601 -4.82542658 -3.79910803 -8.33352757]]
2
[[-2.66821337 -6.25600052 -2.85402179 -8.90072823]]
0
[[-4.68596601 -4.82542658 -3.79910803 -8.33352757]]
2
[[-2.66821337 -6.25600052 -2.85402179 -8.90072823]]
0
[[-4.68596601 -4.82542658 -3.79910803 -8.33352757]]
2
[[-2.66821337 -6.25600052 -2.85402179 -8.90072823]]
0
[[-4.68596601 -4.82542658 -3.79910803 -8.33352757]]
2
[[-2.66821337 -6.25600052 -2.85402179 -8.90072823]]
0
[[-4.68596601 -4.82542658 -3.79910803 -8.33352757]]
2
[[-2.66821337 -6.25600052 -2.85402179 -8.90072823]]
0
[[-4.68596601 -4.82542658 -3.79910803 -8.33352757]]
2
[[-2.66821337 -6.25600052 -2.85402179 -8.90072823]]
0
[[-4.68596601 -4.82542658 -3.79910803 -8.33352757]]
2
[[-2.66821337 -6.25600052 -2.85402179 -8.90072823]]
0
[[-4.68596601 -4.82542658 -3.79910803 -8.33352757]]
2
[[-2.66821337 -6.25600052 -2.85402179 -8.90072823]]
0
[[-4.68596601 -4.82542658 -3.79910803 -8.33352757]]
2
[[-2.66821337 -6.25600052 -2.85402179 -8.90072823]]
0
[[-4.68596601 -4.82542658 -3.79910803 -8.33352757]]
2
[[-2.66821337 -6.25600052 -2.85402179 -8.90072823]]
0
[[-4.68596601 -4.82542658 -3.79910803 -8.33352757]]
2
[[-2.66821337 -6.25600052 -2.85402179 -8.90072823]]
0
[[-4.68596601 -4.82542658 -3.79910803 -8.33352757]]
2
[[-2.66821337 -6.25600052 -2.85402179 -8.90072823]]
0
[[-4.68596601 -4.82542658 -3.79910803 -8.33352757]]
2
[[-2.66821337 -6.25600052 -2.85402179 -8.90072823]]
0
[[-4.68596601 -4.82542658 -3.79910803 -8.33352757]]
2
[[-2.66821337 -6.25600052 -2.85402179 -8.90072823]]
0
[[-4.68596601 -4.82542658 -3.79910803 -8.33352757]]
2
[[-2.66821337 -6.25600052 -2.85402179 -8.90072823]]
0
[[-4.68596601 -4.82542658 -3.79910803 -8.33352757]]
2
[[-2.66821337 -6.25600052 -2.85402179 -8.90072823]]
0
[[-4.68596601 -4.82542658 -3.79910803 -8.33352757]]
2
[[-2.66821337 -6.25600052 -2.85402179 -8.90072823]]
0
[[-4.68596601 -4.82542658 -3.79910803 -8.33352757]]
2
[[-2.66821337 -6.25600052 -2.85402179 -8.90072823]]
0
[[-4.68596601 -4.82542658 -3.79910803 -8.33352757]]
2
[[-2.66821337 -6.25600052 -2.85402179 -8.90072823]]
0
[[-4.68596601 -4.82542658 -3.79910803 -8.33352757]]
2
[[-2.66821337 -6.25600052 -2.85402179 -8.90072823]]
0
[[-4.68596601 -4.82542658 -3.79910803 -8.33352757]]
2
[[-2.66821337 -6.25600052 -2.85402179 -8.90072823]]
0
[[-4.68596601 -4.82542658 -3.79910803 -8.33352757]]
2
[[-2.66821337 -6.25600052 -2.85402179 -8.90072823]]
0
[[-4.68596601 -4.82542658 -3.79910803 -8.33352757]]
2
[[-2.66821337 -6.25600052 -2.85402179 -8.90072823]]
0
[[-4.68596601 -4.82542658 -3.79910803 -8.33352757]]
2
[[-2.66821337 -6.25600052 -2.85402179 -8.90072823]]
0
[[-4.68596601 -4.82542658 -3.79910803 -8.33352757]]
2
[[-2.66821337 -6.25600052 -2.85402179 -8.90072823]]
0
[[-4.68596601 -4.82542658 -3.79910803 -8.33352757]]
2
FAIL
0/5
