[[-4.80821896 -4.83223057 -3.96555066 -8.36151791]]
2
[[-2.78781033 -6.27108908 -3.009269   -8.9298439 ]]
0
[[-4.80821896 -4.83223057 -3.96555066 -8.36151791]]
2
[[-2.78781033 -6.27108908 -3.009269   -8.9298439 ]]
0
[[-4.80821896 -4.83223057 -3.96555066 -8.36151791]]
2
[[-2.78781033 -6.27108908 -3.009269   -8.9298439 ]]
0
[[-4.80821896 -4.83223057 -3.96555066 -8.36151791]]
2
[[-2.78781033 -6.27108908 -3.009269   -8.9298439 ]]
0
[[-4.80821896 -4.83223057 -3.96555066 -8.36151791]]
2
[[-2.78781033 -6.27108908 -3.009269   -8.9298439 ]]
0
[[-4.80821896 -4.83223057 -3.96555066 -8.36151791]]
2
[[-2.78781033 -6.27108908 -3.009269   -8.9298439 ]]
0
[[-4.80821896 -4.83223057 -3.96555066 -8.36151791]]
2
[[-2.78781033 -6.27108908 -3.009269   -8.9298439 ]]
0
[[-4.80821896 -4.83223057 -3.96555066 -8.36151791]]
2
[[-2.78781033 -6.27108908 -3.009269   -8.9298439 ]]
0
[[-4.80821896 -4.83223057 -3.96555066 -8.36151791]]
2
[[-2.78781033 -6.27108908 -3.009269   -8.9298439 ]]
0
[[-4.80821896 -4.83223057 -3.96555066 -8.36151791]]
2
[[-2.78781033 -6.27108908 -3.009269   -8.9298439 ]]
0
[[-4.80821896 -4.83223057 -3.96555066 -8.36151791]]
2
[[-2.78781033 -6.27108908 -3.009269   -8.9298439 ]]
0
[[-4.80821896 -4.83223057 -3.96555066 -8.36151791]]
2
[[-2.78781033 -6.27108908 -3.009269   -8.9298439 ]]
0
[[-4.80821896 -4.83223057 -3.96555066 -8.36151791]]
2
[[-2.78781033 -6.27108908 -3.009269   -8.9298439 ]]
0
[[-4.80821896 -4.83223057 -3.96555066 -8.36151791]]
2
[[-2.78781033 -6.27108908 -3.009269   -8.9298439 ]]
0
[[-4.80821896 -4.83223057 -3.96555066 -8.36151791]]
2
[[-2.78781033 -6.27108908 -3.009269   -8.9298439 ]]
0
[[-4.80821896 -4.83223057 -3.96555066 -8.36151791]]
2
[[-2.78781033 -6.27108908 -3.009269   -8.9298439 ]]
0
[[-4.80821896 -4.83223057 -3.96555066 -8.36151791]]
2
[[-2.78781033 -6.27108908 -3.009269   -8.9298439 ]]
0
[[-4.80821896 -4.83223057 -3.96555066 -8.36151791]]
2
[[-2.78781033 -6.27108908 -3.009269   -8.9298439 ]]
0
[[-4.80821896 -4.83223057 -3.96555066 -8.36151791]]
2
[[-2.78781033 -6.27108908 -3.009269   -8.9298439 ]]
0
[[-4.80821896 -4.83223057 -3.96555066 -8.36151791]]
2
[[-2.78781033 -6.27108908 -3.009269   -8.9298439 ]]
0
[[-4.80821896 -4.83223057 -3.96555066 -8.36151791]]
2
[[-2.78781033 -6.27108908 -3.009269   -8.9298439 ]]
0
[[-4.80821896 -4.83223057 -3.96555066 -8.36151791]]
2
[[-2.78781033 -6.27108908 -3.009269   -8.9298439 ]]
0
[[-4.80821896 -4.83223057 -3.96555066 -8.36151791]]
2
[[-2.78781033 -6.27108908 -3.009269   -8.9298439 ]]
0
[[-4.80821896 -4.83223057 -3.96555066 -8.36151791]]
2
[[-2.78781033 -6.27108908 -3.009269   -8.9298439 ]]
0
[[-4.80821896 -4.83223057 -3.96555066 -8.36151791]]
2
[[-2.78781033 -6.27108908 -3.009269   -8.9298439 ]]
0
[[-4.80821896 -4.83223057 -3.96555066 -8.36151791]]
2
[[-2.78781033 -6.27108908 -3.009269   -8.9298439 ]]
0
[[-4.80821896 -4.83223057 -3.96555066 -8.36151791]]
2
[[-2.78781033 -6.27108908 -3.009269   -8.9298439 ]]
0
[[-4.80821896 -4.83223057 -3.96555066 -8.36151791]]
2
[[-2.78781033 -6.27108908 -3.009269   -8.9298439 ]]
0
[[-4.80821896 -4.83223057 -3.96555066 -8.36151791]]
2
[[-2.78781033 -6.27108908 -3.009269   -8.9298439 ]]
0
[[-4.80821896 -4.83223057 -3.96555066 -8.36151791]]
2
[[-2.78781033 -6.27108908 -3.009269   -8.9298439 ]]
0
[[-4.80821896 -4.83223057 -3.96555066 -8.36151791]]
2
[[-2.78781033 -6.27108908 -3.009269   -8.9298439 ]]
0
[[-4.80821896 -4.83223057 -3.96555066 -8.36151791]]
2
[[-2.78781033 -6.27108908 -3.009269   -8.9298439 ]]
0
[[-4.80821896 -4.83223057 -3.96555066 -8.36151791]]
2
[[-2.78781033 -6.27108908 -3.009269   -8.9298439 ]]
0
[[-4.80821896 -4.83223057 -3.96555066 -8.36151791]]
2
[[-2.78781033 -6.27108908 -3.009269   -8.9298439 ]]
0
[[-4.80821896 -4.83223057 -3.96555066 -8.36151791]]
2
[[-2.78781033 -6.27108908 -3.009269   -8.9298439 ]]
0
[[-4.80821896 -4.83223057 -3.96555066 -8.36151791]]
2
[[-2.78781033 -6.27108908 -3.009269   -8.9298439 ]]
0
[[-4.80821896 -4.83223057 -3.96555066 -8.36151791]]
2
[[-2.78781033 -6.27108908 -3.009269   -8.9298439 ]]
0
[[-4.80821896 -4.83223057 -3.96555066 -8.36151791]]
2
[[-2.78781033 -6.27108908 -3.009269   -8.9298439 ]]
0
[[-4.80821896 -4.83223057 -3.96555066 -8.36151791]]
2
[[-2.78781033 -6.27108908 -3.009269   -8.9298439 ]]
0
[[-4.80821896 -4.83223057 -3.96555066 -8.36151791]]
2
[[-2.78781033 -6.27108908 -3.009269   -8.9298439 ]]
0
[[-4.80821896 -4.83223057 -3.96555066 -8.36151791]]
2
[[-2.78781033 -6.27108908 -3.009269   -8.9298439 ]]
0
[[-4.80821896 -4.83223057 -3.96555066 -8.36151791]]
2
[[-2.78781033 -6.27108908 -3.009269   -8.9298439 ]]
0
[[-4.80821896 -4.83223057 -3.96555066 -8.36151791]]
2
[[-2.78781033 -6.27108908 -3.009269   -8.9298439 ]]
0
[[-4.80821896 -4.83223057 -3.96555066 -8.36151791]]
2
[[-2.78781033 -6.27108908 -3.009269   -8.9298439 ]]
0
[[-4.80821896 -4.83223057 -3.96555066 -8.36151791]]
2
[[-2.78781033 -6.27108908 -3.009269   -8.9298439 ]]
0
[[-4.80821896 -4.83223057 -3.96555066 -8.36151791]]
2
[[-2.78781033 -6.27108908 -3.009269   -8.9298439 ]]
0
[[-4.80821896 -4.83223057 -3.96555066 -8.36151791]]
2
[[-2.78781033 -6.27108908 -3.009269   -8.9298439 ]]
0
[[-4.80821896 -4.83223057 -3.96555066 -8.36151791]]
2
[[-2.78781033 -6.27108908 -3.009269   -8.9298439 ]]
0
[[-4.80821896 -4.83223057 -3.96555066 -8.36151791]]
2
[[-2.78781033 -6.27108908 -3.009269   -8.9298439 ]]
0
[[-4.80821896 -4.83223057 -3.96555066 -8.36151791]]
2
[[-2.78781033 -6.27108908 -3.009269   -8.9298439 ]]
0
[[-4.80821896 -4.83223057 -3.96555066 -8.36151791]]
2
FAIL
0/5
