[[-4.11841249 -7.9528265  -4.46309996 -8.1612196 ]]
0
[[-12.68364143 -15.32682514  -0.20745952  -7.85195017]]
2
[[-4.11841249 -7.9528265  -4.46309996 -8.1612196 ]]
0
[[-12.68364143 -15.32682514  -0.20745952  -7.85195017]]
2
[[-4.11841249 -7.9528265  -4.46309996 -8.1612196 ]]
0
[[-12.68364143 -15.32682514  -0.20745952  -7.85195017]]
2
[[-4.11841249 -7.9528265  -4.46309996 -8.1612196 ]]
0
[[-12.68364143 -15.32682514  -0.20745952  -7.85195017]]
2
[[-4.11841249 -7.9528265  -4.46309996 -8.1612196 ]]
0
[[-12.68364143 -15.32682514  -0.20745952  -7.85195017]]
2
[[-4.11841249 -7.9528265  -4.46309996 -8.1612196 ]]
0
[[-12.68364143 -15.32682514  -0.20745952  -7.85195017]]
2
[[-4.11841249 -7.9528265  -4.46309996 -8.1612196 ]]
0
[[-12.68364143 -15.32682514  -0.20745952  -7.85195017]]
2
[[-4.11841249 -7.9528265  -4.46309996 -8.1612196 ]]
0
[[-12.68364143 -15.32682514  -0.20745952  -7.85195017]]
2
[[-4.11841249 -7.9528265  -4.46309996 -8.1612196 ]]
0
[[-12.68364143 -15.32682514  -0.20745952  -7.85195017]]
2
[[-4.11841249 -7.9528265  -4.46309996 -8.1612196 ]]
0
[[-12.68364143 -15.32682514  -0.20745952  -7.85195017]]
2
[[-4.11841249 -7.9528265  -4.46309996 -8.1612196 ]]
0
[[-12.68364143 -15.32682514  -0.20745952  -7.85195017]]
2
[[-4.11841249 -7.9528265  -4.46309996 -8.1612196 ]]
0
[[-12.68364143 -15.32682514  -0.20745952  -7.85195017]]
2
[[-4.11841249 -7.9528265  -4.46309996 -8.1612196 ]]
0
[[-12.68364143 -15.32682514  -0.20745952  -7.85195017]]
2
[[-4.11841249 -7.9528265  -4.46309996 -8.1612196 ]]
0
[[-12.68364143 -15.32682514  -0.20745952  -7.85195017]]
2
[[-4.11841249 -7.9528265  -4.46309996 -8.1612196 ]]
0
[[-12.68364143 -15.32682514  -0.20745952  -7.85195017]]
2
[[-4.11841249 -7.9528265  -4.46309996 -8.1612196 ]]
0
[[-12.68364143 -15.32682514  -0.20745952  -7.85195017]]
2
[[-4.11841249 -7.9528265  -4.46309996 -8.1612196 ]]
0
[[-12.68364143 -15.32682514  -0.20745952  -7.85195017]]
2
[[-4.11841249 -7.9528265  -4.46309996 -8.1612196 ]]
0
[[-12.68364143 -15.32682514  -0.20745952  -7.85195017]]
2
[[-4.11841249 -7.9528265  -4.46309996 -8.1612196 ]]
0
[[-12.68364143 -15.32682514  -0.20745952  -7.85195017]]
2
[[-4.11841249 -7.9528265  -4.46309996 -8.1612196 ]]
0
[[-12.68364143 -15.32682514  -0.20745952  -7.85195017]]
2
[[-4.11841249 -7.9528265  -4.46309996 -8.1612196 ]]
0
[[-12.68364143 -15.32682514  -0.20745952  -7.85195017]]
2
[[-4.11841249 -7.9528265  -4.46309996 -8.1612196 ]]
0
[[-12.68364143 -15.32682514  -0.20745952  -7.85195017]]
2
[[-4.11841249 -7.9528265  -4.46309996 -8.1612196 ]]
0
[[-12.68364143 -15.32682514  -0.20745952  -7.85195017]]
2
[[-4.11841249 -7.9528265  -4.46309996 -8.1612196 ]]
0
[[-12.68364143 -15.32682514  -0.20745952  -7.85195017]]
2
[[-4.11841249 -7.9528265  -4.46309996 -8.1612196 ]]
0
[[-12.68364143 -15.32682514  -0.20745952  -7.85195017]]
2
[[-4.11841249 -7.9528265  -4.46309996 -8.1612196 ]]
0
[[-12.68364143 -15.32682514  -0.20745952  -7.85195017]]
2
[[-4.11841249 -7.9528265  -4.46309996 -8.1612196 ]]
0
[[-12.68364143 -15.32682514  -0.20745952  -7.85195017]]
2
[[-4.11841249 -7.9528265  -4.46309996 -8.1612196 ]]
0
[[-12.68364143 -15.32682514  -0.20745952  -7.85195017]]
2
[[-4.11841249 -7.9528265  -4.46309996 -8.1612196 ]]
0
[[-12.68364143 -15.32682514  -0.20745952  -7.85195017]]
2
[[-4.11841249 -7.9528265  -4.46309996 -8.1612196 ]]
0
[[-12.68364143 -15.32682514  -0.20745952  -7.85195017]]
2
[[-4.11841249 -7.9528265  -4.46309996 -8.1612196 ]]
0
[[-12.68364143 -15.32682514  -0.20745952  -7.85195017]]
2
[[-4.11841249 -7.9528265  -4.46309996 -8.1612196 ]]
0
[[-12.68364143 -15.32682514  -0.20745952  -7.85195017]]
2
[[-4.11841249 -7.9528265  -4.46309996 -8.1612196 ]]
0
[[-12.68364143 -15.32682514  -0.20745952  -7.85195017]]
2
[[-4.11841249 -7.9528265  -4.46309996 -8.1612196 ]]
0
[[-12.68364143 -15.32682514  -0.20745952  -7.85195017]]
2
[[-4.11841249 -7.9528265  -4.46309996 -8.1612196 ]]
0
[[-12.68364143 -15.32682514  -0.20745952  -7.85195017]]
2
[[-4.11841249 -7.9528265  -4.46309996 -8.1612196 ]]
0
[[-12.68364143 -15.32682514  -0.20745952  -7.85195017]]
2
[[-4.11841249 -7.9528265  -4.46309996 -8.1612196 ]]
0
[[-12.68364143 -15.32682514  -0.20745952  -7.85195017]]
2
[[-4.11841249 -7.9528265  -4.46309996 -8.1612196 ]]
0
[[-12.68364143 -15.32682514  -0.20745952  -7.85195017]]
2
[[-4.11841249 -7.9528265  -4.46309996 -8.1612196 ]]
0
[[-12.68364143 -15.32682514  -0.20745952  -7.85195017]]
2
[[-4.11841249 -7.9528265  -4.46309996 -8.1612196 ]]
0
[[-12.68364143 -15.32682514  -0.20745952  -7.85195017]]
2
[[-4.11841249 -7.9528265  -4.46309996 -8.1612196 ]]
0
[[-12.68364143 -15.32682514  -0.20745952  -7.85195017]]
2
[[-4.11841249 -7.9528265  -4.46309996 -8.1612196 ]]
0
[[-12.68364143 -15.32682514  -0.20745952  -7.85195017]]
2
[[-4.11841249 -7.9528265  -4.46309996 -8.1612196 ]]
0
[[-12.68364143 -15.32682514  -0.20745952  -7.85195017]]
2
[[-4.11841249 -7.9528265  -4.46309996 -8.1612196 ]]
0
[[-12.68364143 -15.32682514  -0.20745952  -7.85195017]]
2
[[-4.11841249 -7.9528265  -4.46309996 -8.1612196 ]]
0
[[-12.68364143 -15.32682514  -0.20745952  -7.85195017]]
2
[[-4.11841249 -7.9528265  -4.46309996 -8.1612196 ]]
0
[[-12.68364143 -15.32682514  -0.20745952  -7.85195017]]
2
[[-4.11841249 -7.9528265  -4.46309996 -8.1612196 ]]
0
[[-12.68364143 -15.32682514  -0.20745952  -7.85195017]]
2
[[-4.11841249 -7.9528265  -4.46309996 -8.1612196 ]]
0
[[-12.68364143 -15.32682514  -0.20745952  -7.85195017]]
2
[[-4.11841249 -7.9528265  -4.46309996 -8.1612196 ]]
0
[[-12.68364143 -15.32682514  -0.20745952  -7.85195017]]
2
[[-4.11841249 -7.9528265  -4.46309996 -8.1612196 ]]
0
[[-12.68364143 -15.32682514  -0.20745952  -7.85195017]]
2
[[-4.11841249 -7.9528265  -4.46309996 -8.1612196 ]]
0
FAIL
1/2
