[[ 66091128.  60522836.  41684296.  46688684.]]
0
[[ 66208800.  57194056.  33804384.  37611080.]]
0
[[ 50454252.  65122680.  42864888.  42137328.]]
1
[[ 41859824.  45455616.  13000226.  45706248.]]
3
[[ 50454252.  65122680.  42864888.  42137328.]]
1
[[ 41859824.  45455616.  13000226.  45706248.]]
3
[[ 50454252.  65122680.  42864888.  42137328.]]
1
[[ 41859824.  45455616.  13000226.  45706248.]]
3
[[ 50454252.  65122680.  42864888.  42137328.]]
1
[[ 41859824.  45455616.  13000226.  45706248.]]
3
[[ 50454252.  65122680.  42864888.  42137328.]]
1
[[ 41859824.  45455616.  13000226.  45706248.]]
3
[[ 50454252.  65122680.  42864888.  42137328.]]
1
[[ 41859824.  45455616.  13000226.  45706248.]]
3
[[ 50454252.  65122680.  42864888.  42137328.]]
1
[[ 41859824.  45455616.  13000226.  45706248.]]
3
[[ 50454252.  65122680.  42864888.  42137328.]]
1
[[ 41859824.  45455616.  13000226.  45706248.]]
3
[[ 50454252.  65122680.  42864888.  42137328.]]
1
[[ 41859824.  45455616.  13000226.  45706248.]]
3
[[ 50454252.  65122680.  42864888.  42137328.]]
1
[[ 41859824.  45455616.  13000226.  45706248.]]
3
[[ 50454252.  65122680.  42864888.  42137328.]]
1
[[ 41859824.  45455616.  13000226.  45706248.]]
3
[[ 50454252.  65122680.  42864888.  42137328.]]
1
[[ 41859824.  45455616.  13000226.  45706248.]]
3
[[ 50454252.  65122680.  42864888.  42137328.]]
1
[[ 41859824.  45455616.  13000226.  45706248.]]
3
[[ 50454252.  65122680.  42864888.  42137328.]]
1
[[ 41859824.  45455616.  13000226.  45706248.]]
3
[[ 50454252.  65122680.  42864888.  42137328.]]
1
[[ 41859824.  45455616.  13000226.  45706248.]]
3
[[ 50454252.  65122680.  42864888.  42137328.]]
1
[[ 41859824.  45455616.  13000226.  45706248.]]
3
[[ 50454252.  65122680.  42864888.  42137328.]]
1
[[ 41859824.  45455616.  13000226.  45706248.]]
3
[[ 50454252.  65122680.  42864888.  42137328.]]
1
[[ 41859824.  45455616.  13000226.  45706248.]]
3
[[ 50454252.  65122680.  42864888.  42137328.]]
1
[[ 41859824.  45455616.  13000226.  45706248.]]
3
[[ 50454252.  65122680.  42864888.  42137328.]]
1
[[ 41859824.  45455616.  13000226.  45706248.]]
3
[[ 50454252.  65122680.  42864888.  42137328.]]
1
[[ 41859824.  45455616.  13000226.  45706248.]]
3
[[ 50454252.  65122680.  42864888.  42137328.]]
1
[[ 41859824.  45455616.  13000226.  45706248.]]
3
[[ 50454252.  65122680.  42864888.  42137328.]]
1
[[ 41859824.  45455616.  13000226.  45706248.]]
3
[[ 50454252.  65122680.  42864888.  42137328.]]
1
[[ 41859824.  45455616.  13000226.  45706248.]]
3
[[ 50454252.  65122680.  42864888.  42137328.]]
1
[[ 41859824.  45455616.  13000226.  45706248.]]
3
[[ 50454252.  65122680.  42864888.  42137328.]]
1
[[ 41859824.  45455616.  13000226.  45706248.]]
3
[[ 50454252.  65122680.  42864888.  42137328.]]
1
[[ 41859824.  45455616.  13000226.  45706248.]]
3
[[ 50454252.  65122680.  42864888.  42137328.]]
1
[[ 41859824.  45455616.  13000226.  45706248.]]
3
[[ 50454252.  65122680.  42864888.  42137328.]]
1
[[ 41859824.  45455616.  13000226.  45706248.]]
3
[[ 50454252.  65122680.  42864888.  42137328.]]
1
[[ 41859824.  45455616.  13000226.  45706248.]]
3
[[ 50454252.  65122680.  42864888.  42137328.]]
1
[[ 41859824.  45455616.  13000226.  45706248.]]
3
[[ 50454252.  65122680.  42864888.  42137328.]]
1
[[ 41859824.  45455616.  13000226.  45706248.]]
3
[[ 50454252.  65122680.  42864888.  42137328.]]
1
[[ 41859824.  45455616.  13000226.  45706248.]]
3
[[ 50454252.  65122680.  42864888.  42137328.]]
1
[[ 41859824.  45455616.  13000226.  45706248.]]
3
[[ 50454252.  65122680.  42864888.  42137328.]]
1
[[ 41859824.  45455616.  13000226.  45706248.]]
3
[[ 50454252.  65122680.  42864888.  42137328.]]
1
[[ 41859824.  45455616.  13000226.  45706248.]]
3
[[ 50454252.  65122680.  42864888.  42137328.]]
1
[[ 41859824.  45455616.  13000226.  45706248.]]
3
[[ 50454252.  65122680.  42864888.  42137328.]]
1
[[ 41859824.  45455616.  13000226.  45706248.]]
3
[[ 50454252.  65122680.  42864888.  42137328.]]
1
[[ 41859824.  45455616.  13000226.  45706248.]]
3
[[ 50454252.  65122680.  42864888.  42137328.]]
1
[[ 41859824.  45455616.  13000226.  45706248.]]
3
[[ 50454252.  65122680.  42864888.  42137328.]]
1
[[ 41859824.  45455616.  13000226.  45706248.]]
3
[[ 50454252.  65122680.  42864888.  42137328.]]
1
[[ 41859824.  45455616.  13000226.  45706248.]]
3
[[ 50454252.  65122680.  42864888.  42137328.]]
1
[[ 41859824.  45455616.  13000226.  45706248.]]
3
[[ 50454252.  65122680.  42864888.  42137328.]]
1
[[ 41859824.  45455616.  13000226.  45706248.]]
3
[[ 50454252.  65122680.  42864888.  42137328.]]
1
[[ 41859824.  45455616.  13000226.  45706248.]]
3
[[ 50454252.  65122680.  42864888.  42137328.]]
1
[[ 41859824.  45455616.  13000226.  45706248.]]
3
[[ 50454252.  65122680.  42864888.  42137328.]]
1
[[ 41859824.  45455616.  13000226.  45706248.]]
3
[[ 50454252.  65122680.  42864888.  42137328.]]
1
[[ 41859824.  45455616.  13000226.  45706248.]]
3
[[ 50454252.  65122680.  42864888.  42137328.]]
1
[[ 41859824.  45455616.  13000226.  45706248.]]
3
[[ 50454252.  65122680.  42864888.  42137328.]]
1
FAIL
3/8
