[[ 9555692.  7949734.  9366981.  2983819.]]
0
[[ 7906079.   4838301.5  8694681.   2236945. ]]
2
[[ 9555692.  7949734.  9366981.  2983819.]]
0
[[ 7906079.   4838301.5  8694681.   2236945. ]]
2
[[ 9555692.  7949734.  9366981.  2983819.]]
0
[[ 7906079.   4838301.5  8694681.   2236945. ]]
2
[[ 9555692.  7949734.  9366981.  2983819.]]
0
[[ 7906079.   4838301.5  8694681.   2236945. ]]
2
[[ 9555692.  7949734.  9366981.  2983819.]]
0
[[ 7906079.   4838301.5  8694681.   2236945. ]]
2
[[ 9555692.  7949734.  9366981.  2983819.]]
0
[[ 7906079.   4838301.5  8694681.   2236945. ]]
2
[[ 9555692.  7949734.  9366981.  2983819.]]
0
[[ 7906079.   4838301.5  8694681.   2236945. ]]
2
[[ 9555692.  7949734.  9366981.  2983819.]]
0
[[ 7906079.   4838301.5  8694681.   2236945. ]]
2
[[ 9555692.  7949734.  9366981.  2983819.]]
0
[[ 7906079.   4838301.5  8694681.   2236945. ]]
2
[[ 9555692.  7949734.  9366981.  2983819.]]
0
[[ 7906079.   4838301.5  8694681.   2236945. ]]
2
[[ 9555692.  7949734.  9366981.  2983819.]]
0
[[ 7906079.   4838301.5  8694681.   2236945. ]]
2
[[ 9555692.  7949734.  9366981.  2983819.]]
0
[[ 7906079.   4838301.5  8694681.   2236945. ]]
2
[[ 9555692.  7949734.  9366981.  2983819.]]
0
[[ 7906079.   4838301.5  8694681.   2236945. ]]
2
[[ 9555692.  7949734.  9366981.  2983819.]]
0
[[ 7906079.   4838301.5  8694681.   2236945. ]]
2
[[ 9555692.  7949734.  9366981.  2983819.]]
0
[[ 7906079.   4838301.5  8694681.   2236945. ]]
2
[[ 9555692.  7949734.  9366981.  2983819.]]
0
[[ 7906079.   4838301.5  8694681.   2236945. ]]
2
[[ 9555692.  7949734.  9366981.  2983819.]]
0
[[ 7906079.   4838301.5  8694681.   2236945. ]]
2
[[ 9555692.  7949734.  9366981.  2983819.]]
0
[[ 7906079.   4838301.5  8694681.   2236945. ]]
2
[[ 9555692.  7949734.  9366981.  2983819.]]
0
[[ 7906079.   4838301.5  8694681.   2236945. ]]
2
[[ 9555692.  7949734.  9366981.  2983819.]]
0
[[ 7906079.   4838301.5  8694681.   2236945. ]]
2
[[ 9555692.  7949734.  9366981.  2983819.]]
0
[[ 7906079.   4838301.5  8694681.   2236945. ]]
2
[[ 9555692.  7949734.  9366981.  2983819.]]
0
[[ 7906079.   4838301.5  8694681.   2236945. ]]
2
[[ 9555692.  7949734.  9366981.  2983819.]]
0
[[ 7906079.   4838301.5  8694681.   2236945. ]]
2
[[ 9555692.  7949734.  9366981.  2983819.]]
0
[[ 7906079.   4838301.5  8694681.   2236945. ]]
2
[[ 9555692.  7949734.  9366981.  2983819.]]
0
[[ 7906079.   4838301.5  8694681.   2236945. ]]
2
[[ 9555692.  7949734.  9366981.  2983819.]]
0
[[ 7906079.   4838301.5  8694681.   2236945. ]]
2
[[ 9555692.  7949734.  9366981.  2983819.]]
0
[[ 7906079.   4838301.5  8694681.   2236945. ]]
2
[[ 9555692.  7949734.  9366981.  2983819.]]
0
[[ 7906079.   4838301.5  8694681.   2236945. ]]
2
[[ 9555692.  7949734.  9366981.  2983819.]]
0
[[ 7906079.   4838301.5  8694681.   2236945. ]]
2
[[ 9555692.  7949734.  9366981.  2983819.]]
0
[[ 7906079.   4838301.5  8694681.   2236945. ]]
2
[[ 9555692.  7949734.  9366981.  2983819.]]
0
[[ 7906079.   4838301.5  8694681.   2236945. ]]
2
[[ 9555692.  7949734.  9366981.  2983819.]]
0
[[ 7906079.   4838301.5  8694681.   2236945. ]]
2
[[ 9555692.  7949734.  9366981.  2983819.]]
0
[[ 7906079.   4838301.5  8694681.   2236945. ]]
2
[[ 9555692.  7949734.  9366981.  2983819.]]
0
[[ 7906079.   4838301.5  8694681.   2236945. ]]
2
[[ 9555692.  7949734.  9366981.  2983819.]]
0
[[ 7906079.   4838301.5  8694681.   2236945. ]]
2
[[ 9555692.  7949734.  9366981.  2983819.]]
0
[[ 7906079.   4838301.5  8694681.   2236945. ]]
2
[[ 9555692.  7949734.  9366981.  2983819.]]
0
[[ 7906079.   4838301.5  8694681.   2236945. ]]
2
[[ 9555692.  7949734.  9366981.  2983819.]]
0
[[ 7906079.   4838301.5  8694681.   2236945. ]]
2
[[ 9555692.  7949734.  9366981.  2983819.]]
0
[[ 7906079.   4838301.5  8694681.   2236945. ]]
2
[[ 9555692.  7949734.  9366981.  2983819.]]
0
[[ 7906079.   4838301.5  8694681.   2236945. ]]
2
[[ 9555692.  7949734.  9366981.  2983819.]]
0
[[ 7906079.   4838301.5  8694681.   2236945. ]]
2
[[ 9555692.  7949734.  9366981.  2983819.]]
0
[[ 7906079.   4838301.5  8694681.   2236945. ]]
2
[[ 9555692.  7949734.  9366981.  2983819.]]
0
[[ 7906079.   4838301.5  8694681.   2236945. ]]
2
[[ 9555692.  7949734.  9366981.  2983819.]]
0
[[ 7906079.   4838301.5  8694681.   2236945. ]]
2
[[ 9555692.  7949734.  9366981.  2983819.]]
0
[[ 7906079.   4838301.5  8694681.   2236945. ]]
2
[[ 9555692.  7949734.  9366981.  2983819.]]
0
[[ 7906079.   4838301.5  8694681.   2236945. ]]
2
[[ 9555692.  7949734.  9366981.  2983819.]]
0
[[ 7906079.   4838301.5  8694681.   2236945. ]]
2
[[ 9555692.  7949734.  9366981.  2983819.]]
0
[[ 7906079.   4838301.5  8694681.   2236945. ]]
2
[[ 9555692.  7949734.  9366981.  2983819.]]
0
[[ 7906079.   4838301.5  8694681.   2236945. ]]
2
[[ 9555692.  7949734.  9366981.  2983819.]]
0
[[ 7906079.   4838301.5  8694681.   2236945. ]]
2
[[ 9555692.  7949734.  9366981.  2983819.]]
0
FAIL
1/8
