[[-4.93960094 -4.9441452  -4.01730633 -8.63078976]]
2
[[-2.92964816 -6.39088631 -3.06666899 -9.19748116]]
0
[[-4.93960094 -4.9441452  -4.01730633 -8.63078976]]
2
[[-2.92964816 -6.39088631 -3.06666899 -9.19748116]]
0
[[-4.93960094 -4.9441452  -4.01730633 -8.63078976]]
2
[[-2.92964816 -6.39088631 -3.06666899 -9.19748116]]
0
[[-4.93960094 -4.9441452  -4.01730633 -8.63078976]]
2
[[-2.92964816 -6.39088631 -3.06666899 -9.19748116]]
0
[[-4.93960094 -4.9441452  -4.01730633 -8.63078976]]
2
[[-2.92964816 -6.39088631 -3.06666899 -9.19748116]]
0
[[-4.93960094 -4.9441452  -4.01730633 -8.63078976]]
2
[[-2.92964816 -6.39088631 -3.06666899 -9.19748116]]
0
[[-4.93960094 -4.9441452  -4.01730633 -8.63078976]]
2
[[-2.92964816 -6.39088631 -3.06666899 -9.19748116]]
0
[[-4.93960094 -4.9441452  -4.01730633 -8.63078976]]
2
[[-2.92964816 -6.39088631 -3.06666899 -9.19748116]]
0
[[-4.93960094 -4.9441452  -4.01730633 -8.63078976]]
2
[[-2.92964816 -6.39088631 -3.06666899 -9.19748116]]
0
[[-4.93960094 -4.9441452  -4.01730633 -8.63078976]]
2
[[-2.92964816 -6.39088631 -3.06666899 -9.19748116]]
0
[[-4.93960094 -4.9441452  -4.01730633 -8.63078976]]
2
[[-2.92964816 -6.39088631 -3.06666899 -9.19748116]]
0
[[-4.93960094 -4.9441452  -4.01730633 -8.63078976]]
2
[[-2.92964816 -6.39088631 -3.06666899 -9.19748116]]
0
[[-4.93960094 -4.9441452  -4.01730633 -8.63078976]]
2
[[-2.92964816 -6.39088631 -3.06666899 -9.19748116]]
0
[[-4.93960094 -4.9441452  -4.01730633 -8.63078976]]
2
[[-2.92964816 -6.39088631 -3.06666899 -9.19748116]]
0
[[-4.93960094 -4.9441452  -4.01730633 -8.63078976]]
2
[[-2.92964816 -6.39088631 -3.06666899 -9.19748116]]
0
[[-4.93960094 -4.9441452  -4.01730633 -8.63078976]]
2
[[-2.92964816 -6.39088631 -3.06666899 -9.19748116]]
0
[[-4.93960094 -4.9441452  -4.01730633 -8.63078976]]
2
[[-2.92964816 -6.39088631 -3.06666899 -9.19748116]]
0
[[-4.93960094 -4.9441452  -4.01730633 -8.63078976]]
2
[[-2.92964816 -6.39088631 -3.06666899 -9.19748116]]
0
[[-4.93960094 -4.9441452  -4.01730633 -8.63078976]]
2
[[-2.92964816 -6.39088631 -3.06666899 -9.19748116]]
0
[[-4.93960094 -4.9441452  -4.01730633 -8.63078976]]
2
[[-2.92964816 -6.39088631 -3.06666899 -9.19748116]]
0
[[-4.93960094 -4.9441452  -4.01730633 -8.63078976]]
2
[[-2.92964816 -6.39088631 -3.06666899 -9.19748116]]
0
[[-4.93960094 -4.9441452  -4.01730633 -8.63078976]]
2
[[-2.92964816 -6.39088631 -3.06666899 -9.19748116]]
0
[[-4.93960094 -4.9441452  -4.01730633 -8.63078976]]
2
[[-2.92964816 -6.39088631 -3.06666899 -9.19748116]]
0
[[-4.93960094 -4.9441452  -4.01730633 -8.63078976]]
2
[[-2.92964816 -6.39088631 -3.06666899 -9.19748116]]
0
[[-4.93960094 -4.9441452  -4.01730633 -8.63078976]]
2
[[-2.92964816 -6.39088631 -3.06666899 -9.19748116]]
0
[[-4.93960094 -4.9441452  -4.01730633 -8.63078976]]
2
[[-2.92964816 -6.39088631 -3.06666899 -9.19748116]]
0
[[-4.93960094 -4.9441452  -4.01730633 -8.63078976]]
2
[[-2.92964816 -6.39088631 -3.06666899 -9.19748116]]
0
[[-4.93960094 -4.9441452  -4.01730633 -8.63078976]]
2
[[-2.92964816 -6.39088631 -3.06666899 -9.19748116]]
0
[[-4.93960094 -4.9441452  -4.01730633 -8.63078976]]
2
[[-2.92964816 -6.39088631 -3.06666899 -9.19748116]]
0
[[-4.93960094 -4.9441452  -4.01730633 -8.63078976]]
2
[[-2.92964816 -6.39088631 -3.06666899 -9.19748116]]
0
[[-4.93960094 -4.9441452  -4.01730633 -8.63078976]]
2
[[-2.92964816 -6.39088631 -3.06666899 -9.19748116]]
0
[[-4.93960094 -4.9441452  -4.01730633 -8.63078976]]
2
[[-2.92964816 -6.39088631 -3.06666899 -9.19748116]]
0
[[-4.93960094 -4.9441452  -4.01730633 -8.63078976]]
2
[[-2.92964816 -6.39088631 -3.06666899 -9.19748116]]
0
[[-4.93960094 -4.9441452  -4.01730633 -8.63078976]]
2
[[-2.92964816 -6.39088631 -3.06666899 -9.19748116]]
0
[[-4.93960094 -4.9441452  -4.01730633 -8.63078976]]
2
[[-2.92964816 -6.39088631 -3.06666899 -9.19748116]]
0
[[-4.93960094 -4.9441452  -4.01730633 -8.63078976]]
2
[[-2.92964816 -6.39088631 -3.06666899 -9.19748116]]
0
[[-4.93960094 -4.9441452  -4.01730633 -8.63078976]]
2
[[-2.92964816 -6.39088631 -3.06666899 -9.19748116]]
0
[[-4.93960094 -4.9441452  -4.01730633 -8.63078976]]
2
[[-2.92964816 -6.39088631 -3.06666899 -9.19748116]]
0
[[-4.93960094 -4.9441452  -4.01730633 -8.63078976]]
2
[[-2.92964816 -6.39088631 -3.06666899 -9.19748116]]
0
[[-4.93960094 -4.9441452  -4.01730633 -8.63078976]]
2
[[-2.92964816 -6.39088631 -3.06666899 -9.19748116]]
0
[[-4.93960094 -4.9441452  -4.01730633 -8.63078976]]
2
[[-2.92964816 -6.39088631 -3.06666899 -9.19748116]]
0
[[-4.93960094 -4.9441452  -4.01730633 -8.63078976]]
2
[[-2.92964816 -6.39088631 -3.06666899 -9.19748116]]
0
[[-4.93960094 -4.9441452  -4.01730633 -8.63078976]]
2
[[-2.92964816 -6.39088631 -3.06666899 -9.19748116]]
0
[[-4.93960094 -4.9441452  -4.01730633 -8.63078976]]
2
[[-2.92964816 -6.39088631 -3.06666899 -9.19748116]]
0
[[-4.93960094 -4.9441452  -4.01730633 -8.63078976]]
2
[[-2.92964816 -6.39088631 -3.06666899 -9.19748116]]
0
[[-4.93960094 -4.9441452  -4.01730633 -8.63078976]]
2
[[-2.92964816 -6.39088631 -3.06666899 -9.19748116]]
0
[[-4.93960094 -4.9441452  -4.01730633 -8.63078976]]
2
[[-2.92964816 -6.39088631 -3.06666899 -9.19748116]]
0
[[-4.93960094 -4.9441452  -4.01730633 -8.63078976]]
2
[[-2.92964816 -6.39088631 -3.06666899 -9.19748116]]
0
[[-4.93960094 -4.9441452  -4.01730633 -8.63078976]]
2
[[-2.92964816 -6.39088631 -3.06666899 -9.19748116]]
0
[[-4.93960094 -4.9441452  -4.01730633 -8.63078976]]
2
[[-2.92964816 -6.39088631 -3.06666899 -9.19748116]]
0
[[-4.93960094 -4.9441452  -4.01730633 -8.63078976]]
2
FAIL
0/5
