[[-4.22153902 -8.05352974 -4.52118492 -8.41771126]]
0
[[-12.77758121 -15.41636848  -0.25129244  -8.088274  ]]
2
[[-4.22153902 -8.05352974 -4.52118492 -8.41771126]]
0
[[-12.77758121 -15.41636848  -0.25129244  -8.088274  ]]
2
[[-4.22153902 -8.05352974 -4.52118492 -8.41771126]]
0
[[-12.77758121 -15.41636848  -0.25129244  -8.088274  ]]
2
[[-4.22153902 -8.05352974 -4.52118492 -8.41771126]]
0
[[-12.77758121 -15.41636848  -0.25129244  -8.088274  ]]
2
[[-4.22153902 -8.05352974 -4.52118492 -8.41771126]]
0
[[-12.77758121 -15.41636848  -0.25129244  -8.088274  ]]
2
[[-4.22153902 -8.05352974 -4.52118492 -8.41771126]]
0
[[-12.77758121 -15.41636848  -0.25129244  -8.088274  ]]
2
[[-4.22153902 -8.05352974 -4.52118492 -8.41771126]]
0
[[-12.77758121 -15.41636848  -0.25129244  -8.088274  ]]
2
[[-4.22153902 -8.05352974 -4.52118492 -8.41771126]]
0
[[-12.77758121 -15.41636848  -0.25129244  -8.088274  ]]
2
[[-4.22153902 -8.05352974 -4.52118492 -8.41771126]]
0
[[-12.77758121 -15.41636848  -0.25129244  -8.088274  ]]
2
[[-4.22153902 -8.05352974 -4.52118492 -8.41771126]]
0
[[-12.77758121 -15.41636848  -0.25129244  -8.088274  ]]
2
[[-4.22153902 -8.05352974 -4.52118492 -8.41771126]]
0
[[-12.77758121 -15.41636848  -0.25129244  -8.088274  ]]
2
[[-4.22153902 -8.05352974 -4.52118492 -8.41771126]]
0
[[-12.77758121 -15.41636848  -0.25129244  -8.088274  ]]
2
[[-4.22153902 -8.05352974 -4.52118492 -8.41771126]]
0
[[-12.77758121 -15.41636848  -0.25129244  -8.088274  ]]
2
[[-4.22153902 -8.05352974 -4.52118492 -8.41771126]]
0
[[-12.77758121 -15.41636848  -0.25129244  -8.088274  ]]
2
[[-4.22153902 -8.05352974 -4.52118492 -8.41771126]]
0
[[-12.77758121 -15.41636848  -0.25129244  -8.088274  ]]
2
[[-4.22153902 -8.05352974 -4.52118492 -8.41771126]]
0
[[-12.77758121 -15.41636848  -0.25129244  -8.088274  ]]
2
[[-4.22153902 -8.05352974 -4.52118492 -8.41771126]]
0
[[-12.77758121 -15.41636848  -0.25129244  -8.088274  ]]
2
[[-4.22153902 -8.05352974 -4.52118492 -8.41771126]]
0
[[-12.77758121 -15.41636848  -0.25129244  -8.088274  ]]
2
[[-4.22153902 -8.05352974 -4.52118492 -8.41771126]]
0
[[-12.77758121 -15.41636848  -0.25129244  -8.088274  ]]
2
[[-4.22153902 -8.05352974 -4.52118492 -8.41771126]]
0
[[-12.77758121 -15.41636848  -0.25129244  -8.088274  ]]
2
[[-4.22153902 -8.05352974 -4.52118492 -8.41771126]]
0
[[-12.77758121 -15.41636848  -0.25129244  -8.088274  ]]
2
[[-4.22153902 -8.05352974 -4.52118492 -8.41771126]]
0
[[-12.77758121 -15.41636848  -0.25129244  -8.088274  ]]
2
[[-4.22153902 -8.05352974 -4.52118492 -8.41771126]]
0
[[-12.77758121 -15.41636848  -0.25129244  -8.088274  ]]
2
[[-4.22153902 -8.05352974 -4.52118492 -8.41771126]]
0
[[-12.77758121 -15.41636848  -0.25129244  -8.088274  ]]
2
[[-4.22153902 -8.05352974 -4.52118492 -8.41771126]]
0
[[-12.77758121 -15.41636848  -0.25129244  -8.088274  ]]
2
[[-4.22153902 -8.05352974 -4.52118492 -8.41771126]]
0
[[-12.77758121 -15.41636848  -0.25129244  -8.088274  ]]
2
[[-4.22153902 -8.05352974 -4.52118492 -8.41771126]]
0
[[-12.77758121 -15.41636848  -0.25129244  -8.088274  ]]
2
[[-4.22153902 -8.05352974 -4.52118492 -8.41771126]]
0
[[-12.77758121 -15.41636848  -0.25129244  -8.088274  ]]
2
[[-4.22153902 -8.05352974 -4.52118492 -8.41771126]]
0
[[-12.77758121 -15.41636848  -0.25129244  -8.088274  ]]
2
[[-4.22153902 -8.05352974 -4.52118492 -8.41771126]]
0
[[-12.77758121 -15.41636848  -0.25129244  -8.088274  ]]
2
[[-4.22153902 -8.05352974 -4.52118492 -8.41771126]]
0
[[-12.77758121 -15.41636848  -0.25129244  -8.088274  ]]
2
[[-4.22153902 -8.05352974 -4.52118492 -8.41771126]]
0
[[-12.77758121 -15.41636848  -0.25129244  -8.088274  ]]
2
[[-4.22153902 -8.05352974 -4.52118492 -8.41771126]]
0
[[-12.77758121 -15.41636848  -0.25129244  -8.088274  ]]
2
[[-4.22153902 -8.05352974 -4.52118492 -8.41771126]]
0
[[-12.77758121 -15.41636848  -0.25129244  -8.088274  ]]
2
[[-4.22153902 -8.05352974 -4.52118492 -8.41771126]]
0
[[-12.77758121 -15.41636848  -0.25129244  -8.088274  ]]
2
[[-4.22153902 -8.05352974 -4.52118492 -8.41771126]]
0
[[-12.77758121 -15.41636848  -0.25129244  -8.088274  ]]
2
[[-4.22153902 -8.05352974 -4.52118492 -8.41771126]]
0
[[-12.77758121 -15.41636848  -0.25129244  -8.088274  ]]
2
[[-4.22153902 -8.05352974 -4.52118492 -8.41771126]]
0
[[-12.77758121 -15.41636848  -0.25129244  -8.088274  ]]
2
[[-4.22153902 -8.05352974 -4.52118492 -8.41771126]]
0
[[-12.77758121 -15.41636848  -0.25129244  -8.088274  ]]
2
[[-4.22153902 -8.05352974 -4.52118492 -8.41771126]]
0
[[-12.77758121 -15.41636848  -0.25129244  -8.088274  ]]
2
[[-4.22153902 -8.05352974 -4.52118492 -8.41771126]]
0
[[-12.77758121 -15.41636848  -0.25129244  -8.088274  ]]
2
[[-4.22153902 -8.05352974 -4.52118492 -8.41771126]]
0
[[-12.77758121 -15.41636848  -0.25129244  -8.088274  ]]
2
[[-4.22153902 -8.05352974 -4.52118492 -8.41771126]]
0
[[-12.77758121 -15.41636848  -0.25129244  -8.088274  ]]
2
[[-4.22153902 -8.05352974 -4.52118492 -8.41771126]]
0
[[-12.77758121 -15.41636848  -0.25129244  -8.088274  ]]
2
[[-4.22153902 -8.05352974 -4.52118492 -8.41771126]]
0
[[-12.77758121 -15.41636848  -0.25129244  -8.088274  ]]
2
[[-4.22153902 -8.05352974 -4.52118492 -8.41771126]]
0
[[-12.77758121 -15.41636848  -0.25129244  -8.088274  ]]
2
[[-4.22153902 -8.05352974 -4.52118492 -8.41771126]]
0
[[-12.77758121 -15.41636848  -0.25129244  -8.088274  ]]
2
[[-4.22153902 -8.05352974 -4.52118492 -8.41771126]]
0
[[-12.77758121 -15.41636848  -0.25129244  -8.088274  ]]
2
[[-4.22153902 -8.05352974 -4.52118492 -8.41771126]]
0
[[-12.77758121 -15.41636848  -0.25129244  -8.088274  ]]
2
[[-4.22153902 -8.05352974 -4.52118492 -8.41771126]]
0
[[-12.77758121 -15.41636848  -0.25129244  -8.088274  ]]
2
[[-4.22153902 -8.05352974 -4.52118492 -8.41771126]]
0
FAIL
1/2
