[[-4.82615376 -4.96881628 -3.82826972 -8.36487675]]
2
[[-2.82127762 -6.41907501 -2.87157416 -8.93801403]]
0
[[-4.82615376 -4.96881628 -3.82826972 -8.36487675]]
2
[[-2.82127762 -6.41907501 -2.87157416 -8.93801403]]
0
[[-4.82615376 -4.96881628 -3.82826972 -8.36487675]]
2
[[-2.82127762 -6.41907501 -2.87157416 -8.93801403]]
0
[[-4.82615376 -4.96881628 -3.82826972 -8.36487675]]
2
[[-2.82127762 -6.41907501 -2.87157416 -8.93801403]]
0
[[-4.82615376 -4.96881628 -3.82826972 -8.36487675]]
2
[[-2.82127762 -6.41907501 -2.87157416 -8.93801403]]
0
[[-4.82615376 -4.96881628 -3.82826972 -8.36487675]]
2
[[-2.82127762 -6.41907501 -2.87157416 -8.93801403]]
0
[[-4.82615376 -4.96881628 -3.82826972 -8.36487675]]
2
[[-2.82127762 -6.41907501 -2.87157416 -8.93801403]]
0
[[-4.82615376 -4.96881628 -3.82826972 -8.36487675]]
2
[[-2.82127762 -6.41907501 -2.87157416 -8.93801403]]
0
[[-4.82615376 -4.96881628 -3.82826972 -8.36487675]]
2
[[-2.82127762 -6.41907501 -2.87157416 -8.93801403]]
0
[[-4.82615376 -4.96881628 -3.82826972 -8.36487675]]
2
[[-2.82127762 -6.41907501 -2.87157416 -8.93801403]]
0
[[-4.82615376 -4.96881628 -3.82826972 -8.36487675]]
2
[[-2.82127762 -6.41907501 -2.87157416 -8.93801403]]
0
[[-4.82615376 -4.96881628 -3.82826972 -8.36487675]]
2
[[-2.82127762 -6.41907501 -2.87157416 -8.93801403]]
0
[[-4.82615376 -4.96881628 -3.82826972 -8.36487675]]
2
[[-2.82127762 -6.41907501 -2.87157416 -8.93801403]]
0
[[-4.82615376 -4.96881628 -3.82826972 -8.36487675]]
2
[[-2.82127762 -6.41907501 -2.87157416 -8.93801403]]
0
[[-4.82615376 -4.96881628 -3.82826972 -8.36487675]]
2
[[-2.82127762 -6.41907501 -2.87157416 -8.93801403]]
0
[[-4.82615376 -4.96881628 -3.82826972 -8.36487675]]
2
[[-2.82127762 -6.41907501 -2.87157416 -8.93801403]]
0
[[-4.82615376 -4.96881628 -3.82826972 -8.36487675]]
2
[[-2.82127762 -6.41907501 -2.87157416 -8.93801403]]
0
[[-4.82615376 -4.96881628 -3.82826972 -8.36487675]]
2
[[-2.82127762 -6.41907501 -2.87157416 -8.93801403]]
0
[[-4.82615376 -4.96881628 -3.82826972 -8.36487675]]
2
[[-2.82127762 -6.41907501 -2.87157416 -8.93801403]]
0
[[-4.82615376 -4.96881628 -3.82826972 -8.36487675]]
2
[[-2.82127762 -6.41907501 -2.87157416 -8.93801403]]
0
[[-4.82615376 -4.96881628 -3.82826972 -8.36487675]]
2
[[-2.82127762 -6.41907501 -2.87157416 -8.93801403]]
0
[[-4.82615376 -4.96881628 -3.82826972 -8.36487675]]
2
[[-2.82127762 -6.41907501 -2.87157416 -8.93801403]]
0
[[-4.82615376 -4.96881628 -3.82826972 -8.36487675]]
2
[[-2.82127762 -6.41907501 -2.87157416 -8.93801403]]
0
[[-4.82615376 -4.96881628 -3.82826972 -8.36487675]]
2
[[-2.82127762 -6.41907501 -2.87157416 -8.93801403]]
0
[[-4.82615376 -4.96881628 -3.82826972 -8.36487675]]
2
[[-2.82127762 -6.41907501 -2.87157416 -8.93801403]]
0
[[-4.82615376 -4.96881628 -3.82826972 -8.36487675]]
2
[[-2.82127762 -6.41907501 -2.87157416 -8.93801403]]
0
[[-4.82615376 -4.96881628 -3.82826972 -8.36487675]]
2
[[-2.82127762 -6.41907501 -2.87157416 -8.93801403]]
0
[[-4.82615376 -4.96881628 -3.82826972 -8.36487675]]
2
[[-2.82127762 -6.41907501 -2.87157416 -8.93801403]]
0
[[-4.82615376 -4.96881628 -3.82826972 -8.36487675]]
2
[[-2.82127762 -6.41907501 -2.87157416 -8.93801403]]
0
[[-4.82615376 -4.96881628 -3.82826972 -8.36487675]]
2
[[-2.82127762 -6.41907501 -2.87157416 -8.93801403]]
0
[[-4.82615376 -4.96881628 -3.82826972 -8.36487675]]
2
[[-2.82127762 -6.41907501 -2.87157416 -8.93801403]]
0
[[-4.82615376 -4.96881628 -3.82826972 -8.36487675]]
2
[[-2.82127762 -6.41907501 -2.87157416 -8.93801403]]
0
[[-4.82615376 -4.96881628 -3.82826972 -8.36487675]]
2
[[-2.82127762 -6.41907501 -2.87157416 -8.93801403]]
0
[[-4.82615376 -4.96881628 -3.82826972 -8.36487675]]
2
[[-2.82127762 -6.41907501 -2.87157416 -8.93801403]]
0
[[-4.82615376 -4.96881628 -3.82826972 -8.36487675]]
2
[[-2.82127762 -6.41907501 -2.87157416 -8.93801403]]
0
[[-4.82615376 -4.96881628 -3.82826972 -8.36487675]]
2
[[-2.82127762 -6.41907501 -2.87157416 -8.93801403]]
0
[[-4.82615376 -4.96881628 -3.82826972 -8.36487675]]
2
[[-2.82127762 -6.41907501 -2.87157416 -8.93801403]]
0
[[-4.82615376 -4.96881628 -3.82826972 -8.36487675]]
2
[[-2.82127762 -6.41907501 -2.87157416 -8.93801403]]
0
[[-4.82615376 -4.96881628 -3.82826972 -8.36487675]]
2
[[-2.82127762 -6.41907501 -2.87157416 -8.93801403]]
0
[[-4.82615376 -4.96881628 -3.82826972 -8.36487675]]
2
[[-2.82127762 -6.41907501 -2.87157416 -8.93801403]]
0
[[-4.82615376 -4.96881628 -3.82826972 -8.36487675]]
2
[[-2.82127762 -6.41907501 -2.87157416 -8.93801403]]
0
[[-4.82615376 -4.96881628 -3.82826972 -8.36487675]]
2
[[-2.82127762 -6.41907501 -2.87157416 -8.93801403]]
0
[[-4.82615376 -4.96881628 -3.82826972 -8.36487675]]
2
[[-2.82127762 -6.41907501 -2.87157416 -8.93801403]]
0
[[-4.82615376 -4.96881628 -3.82826972 -8.36487675]]
2
[[-2.82127762 -6.41907501 -2.87157416 -8.93801403]]
0
[[-4.82615376 -4.96881628 -3.82826972 -8.36487675]]
2
[[-2.82127762 -6.41907501 -2.87157416 -8.93801403]]
0
[[-4.82615376 -4.96881628 -3.82826972 -8.36487675]]
2
[[-2.82127762 -6.41907501 -2.87157416 -8.93801403]]
0
[[-4.82615376 -4.96881628 -3.82826972 -8.36487675]]
2
[[-2.82127762 -6.41907501 -2.87157416 -8.93801403]]
0
[[-4.82615376 -4.96881628 -3.82826972 -8.36487675]]
2
[[-2.82127762 -6.41907501 -2.87157416 -8.93801403]]
0
[[-4.82615376 -4.96881628 -3.82826972 -8.36487675]]
2
[[-2.82127762 -6.41907501 -2.87157416 -8.93801403]]
0
[[-4.82615376 -4.96881628 -3.82826972 -8.36487675]]
2
[[-2.82127762 -6.41907501 -2.87157416 -8.93801403]]
0
[[-4.82615376 -4.96881628 -3.82826972 -8.36487675]]
2
FAIL
0/5
