[[ -5.05772209   0.5439167  -12.92774868  -5.91632318]]
1
[[ -5.34633923   0.86337209 -14.40964985  -5.54781961]]
1
[[ -7.40827084  -5.78347635 -13.02227211  -5.71694613]]
3
[[ -5.34633923   0.86337209 -14.40964985  -5.54781961]]
1
[[ -7.40827084  -5.78347635 -13.02227211  -5.71694613]]
3
[[ -5.34633923   0.86337209 -14.40964985  -5.54781961]]
1
[[ -7.40827084  -5.78347635 -13.02227211  -5.71694613]]
3
[[ -5.34633923   0.86337209 -14.40964985  -5.54781961]]
1
[[ -7.40827084  -5.78347635 -13.02227211  -5.71694613]]
3
[[ -5.34633923   0.86337209 -14.40964985  -5.54781961]]
1
[[ -7.40827084  -5.78347635 -13.02227211  -5.71694613]]
3
[[ -5.34633923   0.86337209 -14.40964985  -5.54781961]]
1
[[ -7.40827084  -5.78347635 -13.02227211  -5.71694613]]
3
[[ -5.34633923   0.86337209 -14.40964985  -5.54781961]]
1
[[ -7.40827084  -5.78347635 -13.02227211  -5.71694613]]
3
[[ -5.34633923   0.86337209 -14.40964985  -5.54781961]]
1
[[ -7.40827084  -5.78347635 -13.02227211  -5.71694613]]
3
[[ -5.34633923   0.86337209 -14.40964985  -5.54781961]]
1
[[ -7.40827084  -5.78347635 -13.02227211  -5.71694613]]
3
[[ -5.34633923   0.86337209 -14.40964985  -5.54781961]]
1
[[ -7.40827084  -5.78347635 -13.02227211  -5.71694613]]
3
[[ -5.34633923   0.86337209 -14.40964985  -5.54781961]]
1
[[ -7.40827084  -5.78347635 -13.02227211  -5.71694613]]
3
[[ -5.34633923   0.86337209 -14.40964985  -5.54781961]]
1
[[ -7.40827084  -5.78347635 -13.02227211  -5.71694613]]
3
[[ -5.34633923   0.86337209 -14.40964985  -5.54781961]]
1
[[ -7.40827084  -5.78347635 -13.02227211  -5.71694613]]
3
[[ -5.34633923   0.86337209 -14.40964985  -5.54781961]]
1
[[ -7.40827084  -5.78347635 -13.02227211  -5.71694613]]
3
[[ -5.34633923   0.86337209 -14.40964985  -5.54781961]]
1
[[ -7.40827084  -5.78347635 -13.02227211  -5.71694613]]
3
[[ -5.34633923   0.86337209 -14.40964985  -5.54781961]]
1
[[ -7.40827084  -5.78347635 -13.02227211  -5.71694613]]
3
[[ -5.34633923   0.86337209 -14.40964985  -5.54781961]]
1
[[ -7.40827084  -5.78347635 -13.02227211  -5.71694613]]
3
[[ -5.34633923   0.86337209 -14.40964985  -5.54781961]]
1
[[ -7.40827084  -5.78347635 -13.02227211  -5.71694613]]
3
[[ -5.34633923   0.86337209 -14.40964985  -5.54781961]]
1
[[ -7.40827084  -5.78347635 -13.02227211  -5.71694613]]
3
[[ -5.34633923   0.86337209 -14.40964985  -5.54781961]]
1
[[ -7.40827084  -5.78347635 -13.02227211  -5.71694613]]
3
[[ -5.34633923   0.86337209 -14.40964985  -5.54781961]]
1
[[ -7.40827084  -5.78347635 -13.02227211  -5.71694613]]
3
[[ -5.34633923   0.86337209 -14.40964985  -5.54781961]]
1
[[ -7.40827084  -5.78347635 -13.02227211  -5.71694613]]
3
[[ -5.34633923   0.86337209 -14.40964985  -5.54781961]]
1
[[ -7.40827084  -5.78347635 -13.02227211  -5.71694613]]
3
[[ -5.34633923   0.86337209 -14.40964985  -5.54781961]]
1
[[ -7.40827084  -5.78347635 -13.02227211  -5.71694613]]
3
[[ -5.34633923   0.86337209 -14.40964985  -5.54781961]]
1
[[ -7.40827084  -5.78347635 -13.02227211  -5.71694613]]
3
[[ -5.34633923   0.86337209 -14.40964985  -5.54781961]]
1
[[ -7.40827084  -5.78347635 -13.02227211  -5.71694613]]
3
[[ -5.34633923   0.86337209 -14.40964985  -5.54781961]]
1
[[ -7.40827084  -5.78347635 -13.02227211  -5.71694613]]
3
[[ -5.34633923   0.86337209 -14.40964985  -5.54781961]]
1
[[ -7.40827084  -5.78347635 -13.02227211  -5.71694613]]
3
[[ -5.34633923   0.86337209 -14.40964985  -5.54781961]]
1
[[ -7.40827084  -5.78347635 -13.02227211  -5.71694613]]
3
[[ -5.34633923   0.86337209 -14.40964985  -5.54781961]]
1
[[ -7.40827084  -5.78347635 -13.02227211  -5.71694613]]
3
[[ -5.34633923   0.86337209 -14.40964985  -5.54781961]]
1
[[ -7.40827084  -5.78347635 -13.02227211  -5.71694613]]
3
[[ -5.34633923   0.86337209 -14.40964985  -5.54781961]]
1
[[ -7.40827084  -5.78347635 -13.02227211  -5.71694613]]
3
[[ -5.34633923   0.86337209 -14.40964985  -5.54781961]]
1
[[ -7.40827084  -5.78347635 -13.02227211  -5.71694613]]
3
[[ -5.34633923   0.86337209 -14.40964985  -5.54781961]]
1
[[ -7.40827084  -5.78347635 -13.02227211  -5.71694613]]
3
[[ -5.34633923   0.86337209 -14.40964985  -5.54781961]]
1
[[ -7.40827084  -5.78347635 -13.02227211  -5.71694613]]
3
[[ -5.34633923   0.86337209 -14.40964985  -5.54781961]]
1
[[ -7.40827084  -5.78347635 -13.02227211  -5.71694613]]
3
[[ -5.34633923   0.86337209 -14.40964985  -5.54781961]]
1
[[ -7.40827084  -5.78347635 -13.02227211  -5.71694613]]
3
[[ -5.34633923   0.86337209 -14.40964985  -5.54781961]]
1
[[ -7.40827084  -5.78347635 -13.02227211  -5.71694613]]
3
[[ -5.34633923   0.86337209 -14.40964985  -5.54781961]]
1
[[ -7.40827084  -5.78347635 -13.02227211  -5.71694613]]
3
[[ -5.34633923   0.86337209 -14.40964985  -5.54781961]]
1
[[ -7.40827084  -5.78347635 -13.02227211  -5.71694613]]
3
[[ -5.34633923   0.86337209 -14.40964985  -5.54781961]]
1
[[ -7.40827084  -5.78347635 -13.02227211  -5.71694613]]
3
[[ -5.34633923   0.86337209 -14.40964985  -5.54781961]]
1
[[ -7.40827084  -5.78347635 -13.02227211  -5.71694613]]
3
[[ -5.34633923   0.86337209 -14.40964985  -5.54781961]]
1
[[ -7.40827084  -5.78347635 -13.02227211  -5.71694613]]
3
[[ -5.34633923   0.86337209 -14.40964985  -5.54781961]]
1
[[ -7.40827084  -5.78347635 -13.02227211  -5.71694613]]
3
[[ -5.34633923   0.86337209 -14.40964985  -5.54781961]]
1
[[ -7.40827084  -5.78347635 -13.02227211  -5.71694613]]
3
[[ -5.34633923   0.86337209 -14.40964985  -5.54781961]]
1
[[ -7.40827084  -5.78347635 -13.02227211  -5.71694613]]
3
[[ -5.34633923   0.86337209 -14.40964985  -5.54781961]]
1
[[ -7.40827084  -5.78347635 -13.02227211  -5.71694613]]
3
[[ -5.34633923   0.86337209 -14.40964985  -5.54781961]]
1
[[ -7.40827084  -5.78347635 -13.02227211  -5.71694613]]
3
[[ -5.34633923   0.86337209 -14.40964985  -5.54781961]]
1
[[ -7.40827084  -5.78347635 -13.02227211  -5.71694613]]
3
[[ -5.34633923   0.86337209 -14.40964985  -5.54781961]]
1
[[ -7.40827084  -5.78347635 -13.02227211  -5.71694613]]
3
FAIL
0/8
