[[-4.08778954 -8.07601166 -4.32056713 -8.13777828]]
0
[[-12.62744904 -15.43490887  -0.04974774  -7.79797316]]
2
[[-4.08778954 -8.07601166 -4.32056713 -8.13777828]]
0
[[-12.62744904 -15.43490887  -0.04974774  -7.79797316]]
2
[[-4.08778954 -8.07601166 -4.32056713 -8.13777828]]
0
[[-12.62744904 -15.43490887  -0.04974774  -7.79797316]]
2
[[-4.08778954 -8.07601166 -4.32056713 -8.13777828]]
0
[[-12.62744904 -15.43490887  -0.04974774  -7.79797316]]
2
[[-4.08778954 -8.07601166 -4.32056713 -8.13777828]]
0
[[-12.62744904 -15.43490887  -0.04974774  -7.79797316]]
2
[[-4.08778954 -8.07601166 -4.32056713 -8.13777828]]
0
[[-12.62744904 -15.43490887  -0.04974774  -7.79797316]]
2
[[-4.08778954 -8.07601166 -4.32056713 -8.13777828]]
0
[[-12.62744904 -15.43490887  -0.04974774  -7.79797316]]
2
[[-4.08778954 -8.07601166 -4.32056713 -8.13777828]]
0
[[-12.62744904 -15.43490887  -0.04974774  -7.79797316]]
2
[[-4.08778954 -8.07601166 -4.32056713 -8.13777828]]
0
[[-12.62744904 -15.43490887  -0.04974774  -7.79797316]]
2
[[-4.08778954 -8.07601166 -4.32056713 -8.13777828]]
0
[[-12.62744904 -15.43490887  -0.04974774  -7.79797316]]
2
[[-4.08778954 -8.07601166 -4.32056713 -8.13777828]]
0
[[-12.62744904 -15.43490887  -0.04974774  -7.79797316]]
2
[[-4.08778954 -8.07601166 -4.32056713 -8.13777828]]
0
[[-12.62744904 -15.43490887  -0.04974774  -7.79797316]]
2
[[-4.08778954 -8.07601166 -4.32056713 -8.13777828]]
0
[[-12.62744904 -15.43490887  -0.04974774  -7.79797316]]
2
[[-4.08778954 -8.07601166 -4.32056713 -8.13777828]]
0
[[-12.62744904 -15.43490887  -0.04974774  -7.79797316]]
2
[[-4.08778954 -8.07601166 -4.32056713 -8.13777828]]
0
[[-12.62744904 -15.43490887  -0.04974774  -7.79797316]]
2
[[-4.08778954 -8.07601166 -4.32056713 -8.13777828]]
0
[[-12.62744904 -15.43490887  -0.04974774  -7.79797316]]
2
[[-4.08778954 -8.07601166 -4.32056713 -8.13777828]]
0
[[-12.62744904 -15.43490887  -0.04974774  -7.79797316]]
2
[[-4.08778954 -8.07601166 -4.32056713 -8.13777828]]
0
[[-12.62744904 -15.43490887  -0.04974774  -7.79797316]]
2
[[-4.08778954 -8.07601166 -4.32056713 -8.13777828]]
0
[[-12.62744904 -15.43490887  -0.04974774  -7.79797316]]
2
[[-4.08778954 -8.07601166 -4.32056713 -8.13777828]]
0
[[-12.62744904 -15.43490887  -0.04974774  -7.79797316]]
2
[[-4.08778954 -8.07601166 -4.32056713 -8.13777828]]
0
[[-12.62744904 -15.43490887  -0.04974774  -7.79797316]]
2
[[-4.08778954 -8.07601166 -4.32056713 -8.13777828]]
0
[[-12.62744904 -15.43490887  -0.04974774  -7.79797316]]
2
[[-4.08778954 -8.07601166 -4.32056713 -8.13777828]]
0
[[-12.62744904 -15.43490887  -0.04974774  -7.79797316]]
2
[[-4.08778954 -8.07601166 -4.32056713 -8.13777828]]
0
[[-12.62744904 -15.43490887  -0.04974774  -7.79797316]]
2
[[-4.08778954 -8.07601166 -4.32056713 -8.13777828]]
0
[[-12.62744904 -15.43490887  -0.04974774  -7.79797316]]
2
[[-4.08778954 -8.07601166 -4.32056713 -8.13777828]]
0
[[-12.62744904 -15.43490887  -0.04974774  -7.79797316]]
2
[[-4.08778954 -8.07601166 -4.32056713 -8.13777828]]
0
[[-12.62744904 -15.43490887  -0.04974774  -7.79797316]]
2
[[-4.08778954 -8.07601166 -4.32056713 -8.13777828]]
0
[[-12.62744904 -15.43490887  -0.04974774  -7.79797316]]
2
[[-4.08778954 -8.07601166 -4.32056713 -8.13777828]]
0
[[-12.62744904 -15.43490887  -0.04974774  -7.79797316]]
2
[[-4.08778954 -8.07601166 -4.32056713 -8.13777828]]
0
[[-12.62744904 -15.43490887  -0.04974774  -7.79797316]]
2
[[-4.08778954 -8.07601166 -4.32056713 -8.13777828]]
0
[[-12.62744904 -15.43490887  -0.04974774  -7.79797316]]
2
[[-4.08778954 -8.07601166 -4.32056713 -8.13777828]]
0
[[-12.62744904 -15.43490887  -0.04974774  -7.79797316]]
2
[[-4.08778954 -8.07601166 -4.32056713 -8.13777828]]
0
[[-12.62744904 -15.43490887  -0.04974774  -7.79797316]]
2
[[-4.08778954 -8.07601166 -4.32056713 -8.13777828]]
0
[[-12.62744904 -15.43490887  -0.04974774  -7.79797316]]
2
[[-4.08778954 -8.07601166 -4.32056713 -8.13777828]]
0
[[-12.62744904 -15.43490887  -0.04974774  -7.79797316]]
2
[[-4.08778954 -8.07601166 -4.32056713 -8.13777828]]
0
[[-12.62744904 -15.43490887  -0.04974774  -7.79797316]]
2
[[-4.08778954 -8.07601166 -4.32056713 -8.13777828]]
0
[[-12.62744904 -15.43490887  -0.04974774  -7.79797316]]
2
[[-4.08778954 -8.07601166 -4.32056713 -8.13777828]]
0
[[-12.62744904 -15.43490887  -0.04974774  -7.79797316]]
2
[[-4.08778954 -8.07601166 -4.32056713 -8.13777828]]
0
[[-12.62744904 -15.43490887  -0.04974774  -7.79797316]]
2
[[-4.08778954 -8.07601166 -4.32056713 -8.13777828]]
0
[[-12.62744904 -15.43490887  -0.04974774  -7.79797316]]
2
[[-4.08778954 -8.07601166 -4.32056713 -8.13777828]]
0
[[-12.62744904 -15.43490887  -0.04974774  -7.79797316]]
2
[[-4.08778954 -8.07601166 -4.32056713 -8.13777828]]
0
[[-12.62744904 -15.43490887  -0.04974774  -7.79797316]]
2
[[-4.08778954 -8.07601166 -4.32056713 -8.13777828]]
0
[[-12.62744904 -15.43490887  -0.04974774  -7.79797316]]
2
[[-4.08778954 -8.07601166 -4.32056713 -8.13777828]]
0
[[-12.62744904 -15.43490887  -0.04974774  -7.79797316]]
2
[[-4.08778954 -8.07601166 -4.32056713 -8.13777828]]
0
[[-12.62744904 -15.43490887  -0.04974774  -7.79797316]]
2
[[-4.08778954 -8.07601166 -4.32056713 -8.13777828]]
0
[[-12.62744904 -15.43490887  -0.04974774  -7.79797316]]
2
[[-4.08778954 -8.07601166 -4.32056713 -8.13777828]]
0
[[-12.62744904 -15.43490887  -0.04974774  -7.79797316]]
2
[[-4.08778954 -8.07601166 -4.32056713 -8.13777828]]
0
[[-12.62744904 -15.43490887  -0.04974774  -7.79797316]]
2
[[-4.08778954 -8.07601166 -4.32056713 -8.13777828]]
0
[[-12.62744904 -15.43490887  -0.04974774  -7.79797316]]
2
[[-4.08778954 -8.07601166 -4.32056713 -8.13777828]]
0
[[-12.62744904 -15.43490887  -0.04974774  -7.79797316]]
2
[[-4.08778954 -8.07601166 -4.32056713 -8.13777828]]
0
FAIL
1/2
