[[ 8215354.   6522424.   8065064.5  2271436. ]]
0
[[ 6400577.   3457126.   7256711.   1290258.5]]
2
[[ 8215354.   6522424.   8065064.5  2271436. ]]
0
[[ 6400577.   3457126.   7256711.   1290258.5]]
2
[[ 8215354.   6522424.   8065064.5  2271436. ]]
0
[[ 6400577.   3457126.   7256711.   1290258.5]]
2
[[ 8215354.   6522424.   8065064.5  2271436. ]]
0
[[ 6400577.   3457126.   7256711.   1290258.5]]
2
[[ 8215354.   6522424.   8065064.5  2271436. ]]
0
[[ 6400577.   3457126.   7256711.   1290258.5]]
2
[[ 8215354.   6522424.   8065064.5  2271436. ]]
0
[[ 6400577.   3457126.   7256711.   1290258.5]]
2
[[ 8215354.   6522424.   8065064.5  2271436. ]]
0
[[ 6400577.   3457126.   7256711.   1290258.5]]
2
[[ 8215354.   6522424.   8065064.5  2271436. ]]
0
[[ 6400577.   3457126.   7256711.   1290258.5]]
2
[[ 8215354.   6522424.   8065064.5  2271436. ]]
0
[[ 6400577.   3457126.   7256711.   1290258.5]]
2
[[ 8215354.   6522424.   8065064.5  2271436. ]]
0
[[ 6400577.   3457126.   7256711.   1290258.5]]
2
[[ 8215354.   6522424.   8065064.5  2271436. ]]
0
[[ 6400577.   3457126.   7256711.   1290258.5]]
2
[[ 8215354.   6522424.   8065064.5  2271436. ]]
0
[[ 6400577.   3457126.   7256711.   1290258.5]]
2
[[ 8215354.   6522424.   8065064.5  2271436. ]]
0
[[ 6400577.   3457126.   7256711.   1290258.5]]
2
[[ 8215354.   6522424.   8065064.5  2271436. ]]
0
[[ 6400577.   3457126.   7256711.   1290258.5]]
2
[[ 8215354.   6522424.   8065064.5  2271436. ]]
0
[[ 6400577.   3457126.   7256711.   1290258.5]]
2
[[ 8215354.   6522424.   8065064.5  2271436. ]]
0
[[ 6400577.   3457126.   7256711.   1290258.5]]
2
[[ 8215354.   6522424.   8065064.5  2271436. ]]
0
[[ 6400577.   3457126.   7256711.   1290258.5]]
2
[[ 8215354.   6522424.   8065064.5  2271436. ]]
0
[[ 6400577.   3457126.   7256711.   1290258.5]]
2
[[ 8215354.   6522424.   8065064.5  2271436. ]]
0
[[ 6400577.   3457126.   7256711.   1290258.5]]
2
[[ 8215354.   6522424.   8065064.5  2271436. ]]
0
[[ 6400577.   3457126.   7256711.   1290258.5]]
2
[[ 8215354.   6522424.   8065064.5  2271436. ]]
0
[[ 6400577.   3457126.   7256711.   1290258.5]]
2
[[ 8215354.   6522424.   8065064.5  2271436. ]]
0
[[ 6400577.   3457126.   7256711.   1290258.5]]
2
[[ 8215354.   6522424.   8065064.5  2271436. ]]
0
[[ 6400577.   3457126.   7256711.   1290258.5]]
2
[[ 8215354.   6522424.   8065064.5  2271436. ]]
0
[[ 6400577.   3457126.   7256711.   1290258.5]]
2
[[ 8215354.   6522424.   8065064.5  2271436. ]]
0
[[ 6400577.   3457126.   7256711.   1290258.5]]
2
[[ 8215354.   6522424.   8065064.5  2271436. ]]
0
[[ 6400577.   3457126.   7256711.   1290258.5]]
2
[[ 8215354.   6522424.   8065064.5  2271436. ]]
0
[[ 6400577.   3457126.   7256711.   1290258.5]]
2
[[ 8215354.   6522424.   8065064.5  2271436. ]]
0
[[ 6400577.   3457126.   7256711.   1290258.5]]
2
[[ 8215354.   6522424.   8065064.5  2271436. ]]
0
[[ 6400577.   3457126.   7256711.   1290258.5]]
2
[[ 8215354.   6522424.   8065064.5  2271436. ]]
0
[[ 6400577.   3457126.   7256711.   1290258.5]]
2
[[ 8215354.   6522424.   8065064.5  2271436. ]]
0
[[ 6400577.   3457126.   7256711.   1290258.5]]
2
[[ 8215354.   6522424.   8065064.5  2271436. ]]
0
[[ 6400577.   3457126.   7256711.   1290258.5]]
2
[[ 8215354.   6522424.   8065064.5  2271436. ]]
0
[[ 6400577.   3457126.   7256711.   1290258.5]]
2
[[ 8215354.   6522424.   8065064.5  2271436. ]]
0
[[ 6400577.   3457126.   7256711.   1290258.5]]
2
[[ 8215354.   6522424.   8065064.5  2271436. ]]
0
[[ 6400577.   3457126.   7256711.   1290258.5]]
2
[[ 8215354.   6522424.   8065064.5  2271436. ]]
0
[[ 6400577.   3457126.   7256711.   1290258.5]]
2
[[ 8215354.   6522424.   8065064.5  2271436. ]]
0
[[ 6400577.   3457126.   7256711.   1290258.5]]
2
[[ 8215354.   6522424.   8065064.5  2271436. ]]
0
[[ 6400577.   3457126.   7256711.   1290258.5]]
2
[[ 8215354.   6522424.   8065064.5  2271436. ]]
0
[[ 6400577.   3457126.   7256711.   1290258.5]]
2
[[ 8215354.   6522424.   8065064.5  2271436. ]]
0
[[ 6400577.   3457126.   7256711.   1290258.5]]
2
[[ 8215354.   6522424.   8065064.5  2271436. ]]
0
[[ 6400577.   3457126.   7256711.   1290258.5]]
2
[[ 8215354.   6522424.   8065064.5  2271436. ]]
0
[[ 6400577.   3457126.   7256711.   1290258.5]]
2
[[ 8215354.   6522424.   8065064.5  2271436. ]]
0
[[ 6400577.   3457126.   7256711.   1290258.5]]
2
[[ 8215354.   6522424.   8065064.5  2271436. ]]
0
[[ 6400577.   3457126.   7256711.   1290258.5]]
2
[[ 8215354.   6522424.   8065064.5  2271436. ]]
0
[[ 6400577.   3457126.   7256711.   1290258.5]]
2
[[ 8215354.   6522424.   8065064.5  2271436. ]]
0
[[ 6400577.   3457126.   7256711.   1290258.5]]
2
[[ 8215354.   6522424.   8065064.5  2271436. ]]
0
[[ 6400577.   3457126.   7256711.   1290258.5]]
2
[[ 8215354.   6522424.   8065064.5  2271436. ]]
0
[[ 6400577.   3457126.   7256711.   1290258.5]]
2
[[ 8215354.   6522424.   8065064.5  2271436. ]]
0
[[ 6400577.   3457126.   7256711.   1290258.5]]
2
[[ 8215354.   6522424.   8065064.5  2271436. ]]
0
[[ 6400577.   3457126.   7256711.   1290258.5]]
2
[[ 8215354.   6522424.   8065064.5  2271436. ]]
0
FAIL
1/8
