[[-3.98786783 -7.86587572 -4.25871658 -8.13160133]]
0
[[-12.51587963 -15.21269226   0.01738875  -7.78449774]]
2
[[-3.98786783 -7.86587572 -4.25871658 -8.13160133]]
0
[[-12.51587963 -15.21269226   0.01738875  -7.78449774]]
2
[[-3.98786783 -7.86587572 -4.25871658 -8.13160133]]
0
[[-12.51587963 -15.21269226   0.01738875  -7.78449774]]
2
[[-3.98786783 -7.86587572 -4.25871658 -8.13160133]]
0
[[-12.51587963 -15.21269226   0.01738875  -7.78449774]]
2
[[-3.98786783 -7.86587572 -4.25871658 -8.13160133]]
0
[[-12.51587963 -15.21269226   0.01738875  -7.78449774]]
2
[[-3.98786783 -7.86587572 -4.25871658 -8.13160133]]
0
[[-12.51587963 -15.21269226   0.01738875  -7.78449774]]
2
[[-3.98786783 -7.86587572 -4.25871658 -8.13160133]]
0
[[-12.51587963 -15.21269226   0.01738875  -7.78449774]]
2
[[-3.98786783 -7.86587572 -4.25871658 -8.13160133]]
0
[[-12.51587963 -15.21269226   0.01738875  -7.78449774]]
2
[[-3.98786783 -7.86587572 -4.25871658 -8.13160133]]
0
[[-12.51587963 -15.21269226   0.01738875  -7.78449774]]
2
[[-3.98786783 -7.86587572 -4.25871658 -8.13160133]]
0
[[-12.51587963 -15.21269226   0.01738875  -7.78449774]]
2
[[-3.98786783 -7.86587572 -4.25871658 -8.13160133]]
0
[[-12.51587963 -15.21269226   0.01738875  -7.78449774]]
2
[[-3.98786783 -7.86587572 -4.25871658 -8.13160133]]
0
[[-12.51587963 -15.21269226   0.01738875  -7.78449774]]
2
[[-3.98786783 -7.86587572 -4.25871658 -8.13160133]]
0
[[-12.51587963 -15.21269226   0.01738875  -7.78449774]]
2
[[-3.98786783 -7.86587572 -4.25871658 -8.13160133]]
0
[[-12.51587963 -15.21269226   0.01738875  -7.78449774]]
2
[[-3.98786783 -7.86587572 -4.25871658 -8.13160133]]
0
[[-12.51587963 -15.21269226   0.01738875  -7.78449774]]
2
[[-3.98786783 -7.86587572 -4.25871658 -8.13160133]]
0
[[-12.51587963 -15.21269226   0.01738875  -7.78449774]]
2
[[-3.98786783 -7.86587572 -4.25871658 -8.13160133]]
0
[[-12.51587963 -15.21269226   0.01738875  -7.78449774]]
2
[[-3.98786783 -7.86587572 -4.25871658 -8.13160133]]
0
[[-12.51587963 -15.21269226   0.01738875  -7.78449774]]
2
[[-3.98786783 -7.86587572 -4.25871658 -8.13160133]]
0
[[-12.51587963 -15.21269226   0.01738875  -7.78449774]]
2
[[-3.98786783 -7.86587572 -4.25871658 -8.13160133]]
0
[[-12.51587963 -15.21269226   0.01738875  -7.78449774]]
2
[[-3.98786783 -7.86587572 -4.25871658 -8.13160133]]
0
[[-12.51587963 -15.21269226   0.01738875  -7.78449774]]
2
[[-3.98786783 -7.86587572 -4.25871658 -8.13160133]]
0
[[-12.51587963 -15.21269226   0.01738875  -7.78449774]]
2
[[-3.98786783 -7.86587572 -4.25871658 -8.13160133]]
0
[[-12.51587963 -15.21269226   0.01738875  -7.78449774]]
2
[[-3.98786783 -7.86587572 -4.25871658 -8.13160133]]
0
[[-12.51587963 -15.21269226   0.01738875  -7.78449774]]
2
[[-3.98786783 -7.86587572 -4.25871658 -8.13160133]]
0
[[-12.51587963 -15.21269226   0.01738875  -7.78449774]]
2
[[-3.98786783 -7.86587572 -4.25871658 -8.13160133]]
0
[[-12.51587963 -15.21269226   0.01738875  -7.78449774]]
2
[[-3.98786783 -7.86587572 -4.25871658 -8.13160133]]
0
[[-12.51587963 -15.21269226   0.01738875  -7.78449774]]
2
[[-3.98786783 -7.86587572 -4.25871658 -8.13160133]]
0
[[-12.51587963 -15.21269226   0.01738875  -7.78449774]]
2
[[-3.98786783 -7.86587572 -4.25871658 -8.13160133]]
0
[[-12.51587963 -15.21269226   0.01738875  -7.78449774]]
2
[[-3.98786783 -7.86587572 -4.25871658 -8.13160133]]
0
[[-12.51587963 -15.21269226   0.01738875  -7.78449774]]
2
[[-3.98786783 -7.86587572 -4.25871658 -8.13160133]]
0
[[-12.51587963 -15.21269226   0.01738875  -7.78449774]]
2
[[-3.98786783 -7.86587572 -4.25871658 -8.13160133]]
0
[[-12.51587963 -15.21269226   0.01738875  -7.78449774]]
2
[[-3.98786783 -7.86587572 -4.25871658 -8.13160133]]
0
[[-12.51587963 -15.21269226   0.01738875  -7.78449774]]
2
[[-3.98786783 -7.86587572 -4.25871658 -8.13160133]]
0
[[-12.51587963 -15.21269226   0.01738875  -7.78449774]]
2
[[-3.98786783 -7.86587572 -4.25871658 -8.13160133]]
0
[[-12.51587963 -15.21269226   0.01738875  -7.78449774]]
2
[[-3.98786783 -7.86587572 -4.25871658 -8.13160133]]
0
[[-12.51587963 -15.21269226   0.01738875  -7.78449774]]
2
[[-3.98786783 -7.86587572 -4.25871658 -8.13160133]]
0
[[-12.51587963 -15.21269226   0.01738875  -7.78449774]]
2
[[-3.98786783 -7.86587572 -4.25871658 -8.13160133]]
0
[[-12.51587963 -15.21269226   0.01738875  -7.78449774]]
2
[[-3.98786783 -7.86587572 -4.25871658 -8.13160133]]
0
[[-12.51587963 -15.21269226   0.01738875  -7.78449774]]
2
[[-3.98786783 -7.86587572 -4.25871658 -8.13160133]]
0
[[-12.51587963 -15.21269226   0.01738875  -7.78449774]]
2
[[-3.98786783 -7.86587572 -4.25871658 -8.13160133]]
0
[[-12.51587963 -15.21269226   0.01738875  -7.78449774]]
2
[[-3.98786783 -7.86587572 -4.25871658 -8.13160133]]
0
[[-12.51587963 -15.21269226   0.01738875  -7.78449774]]
2
[[-3.98786783 -7.86587572 -4.25871658 -8.13160133]]
0
[[-12.51587963 -15.21269226   0.01738875  -7.78449774]]
2
[[-3.98786783 -7.86587572 -4.25871658 -8.13160133]]
0
[[-12.51587963 -15.21269226   0.01738875  -7.78449774]]
2
[[-3.98786783 -7.86587572 -4.25871658 -8.13160133]]
0
[[-12.51587963 -15.21269226   0.01738875  -7.78449774]]
2
[[-3.98786783 -7.86587572 -4.25871658 -8.13160133]]
0
[[-12.51587963 -15.21269226   0.01738875  -7.78449774]]
2
[[-3.98786783 -7.86587572 -4.25871658 -8.13160133]]
0
[[-12.51587963 -15.21269226   0.01738875  -7.78449774]]
2
[[-3.98786783 -7.86587572 -4.25871658 -8.13160133]]
0
[[-12.51587963 -15.21269226   0.01738875  -7.78449774]]
2
[[-3.98786783 -7.86587572 -4.25871658 -8.13160133]]
0
[[-12.51587963 -15.21269226   0.01738875  -7.78449774]]
2
[[-3.98786783 -7.86587572 -4.25871658 -8.13160133]]
0
[[-12.51587963 -15.21269226   0.01738875  -7.78449774]]
2
[[-3.98786783 -7.86587572 -4.25871658 -8.13160133]]
0
FAIL
1/2
