[[-4.73143005 -4.78338289 -3.77255583 -8.35675526]]
2
[[-2.73861027 -6.24196339 -2.81837368 -8.938941  ]]
0
[[-4.73143005 -4.78338289 -3.77255583 -8.35675526]]
2
[[-2.73861027 -6.24196339 -2.81837368 -8.938941  ]]
0
[[-4.73143005 -4.78338289 -3.77255583 -8.35675526]]
2
[[-2.73861027 -6.24196339 -2.81837368 -8.938941  ]]
0
[[-4.73143005 -4.78338289 -3.77255583 -8.35675526]]
2
[[-2.73861027 -6.24196339 -2.81837368 -8.938941  ]]
0
[[-4.73143005 -4.78338289 -3.77255583 -8.35675526]]
2
[[-2.73861027 -6.24196339 -2.81837368 -8.938941  ]]
0
[[-4.73143005 -4.78338289 -3.77255583 -8.35675526]]
2
[[-2.73861027 -6.24196339 -2.81837368 -8.938941  ]]
0
[[-4.73143005 -4.78338289 -3.77255583 -8.35675526]]
2
[[-2.73861027 -6.24196339 -2.81837368 -8.938941  ]]
0
[[-4.73143005 -4.78338289 -3.77255583 -8.35675526]]
2
[[-2.73861027 -6.24196339 -2.81837368 -8.938941  ]]
0
[[-4.73143005 -4.78338289 -3.77255583 -8.35675526]]
2
[[-2.73861027 -6.24196339 -2.81837368 -8.938941  ]]
0
[[-4.73143005 -4.78338289 -3.77255583 -8.35675526]]
2
[[-2.73861027 -6.24196339 -2.81837368 -8.938941  ]]
0
[[-4.73143005 -4.78338289 -3.77255583 -8.35675526]]
2
[[-2.73861027 -6.24196339 -2.81837368 -8.938941  ]]
0
[[-4.73143005 -4.78338289 -3.77255583 -8.35675526]]
2
[[-2.73861027 -6.24196339 -2.81837368 -8.938941  ]]
0
[[-4.73143005 -4.78338289 -3.77255583 -8.35675526]]
2
[[-2.73861027 -6.24196339 -2.81837368 -8.938941  ]]
0
[[-4.73143005 -4.78338289 -3.77255583 -8.35675526]]
2
[[-2.73861027 -6.24196339 -2.81837368 -8.938941  ]]
0
[[-4.73143005 -4.78338289 -3.77255583 -8.35675526]]
2
[[-2.73861027 -6.24196339 -2.81837368 -8.938941  ]]
0
[[-4.73143005 -4.78338289 -3.77255583 -8.35675526]]
2
[[-2.73861027 -6.24196339 -2.81837368 -8.938941  ]]
0
[[-4.73143005 -4.78338289 -3.77255583 -8.35675526]]
2
[[-2.73861027 -6.24196339 -2.81837368 -8.938941  ]]
0
[[-4.73143005 -4.78338289 -3.77255583 -8.35675526]]
2
[[-2.73861027 -6.24196339 -2.81837368 -8.938941  ]]
0
[[-4.73143005 -4.78338289 -3.77255583 -8.35675526]]
2
[[-2.73861027 -6.24196339 -2.81837368 -8.938941  ]]
0
[[-4.73143005 -4.78338289 -3.77255583 -8.35675526]]
2
[[-2.73861027 -6.24196339 -2.81837368 -8.938941  ]]
0
[[-4.73143005 -4.78338289 -3.77255583 -8.35675526]]
2
[[-2.73861027 -6.24196339 -2.81837368 -8.938941  ]]
0
[[-4.73143005 -4.78338289 -3.77255583 -8.35675526]]
2
[[-2.73861027 -6.24196339 -2.81837368 -8.938941  ]]
0
[[-4.73143005 -4.78338289 -3.77255583 -8.35675526]]
2
[[-2.73861027 -6.24196339 -2.81837368 -8.938941  ]]
0
[[-4.73143005 -4.78338289 -3.77255583 -8.35675526]]
2
[[-2.73861027 -6.24196339 -2.81837368 -8.938941  ]]
0
[[-4.73143005 -4.78338289 -3.77255583 -8.35675526]]
2
[[-2.73861027 -6.24196339 -2.81837368 -8.938941  ]]
0
[[-4.73143005 -4.78338289 -3.77255583 -8.35675526]]
2
[[-2.73861027 -6.24196339 -2.81837368 -8.938941  ]]
0
[[-4.73143005 -4.78338289 -3.77255583 -8.35675526]]
2
[[-2.73861027 -6.24196339 -2.81837368 -8.938941  ]]
0
[[-4.73143005 -4.78338289 -3.77255583 -8.35675526]]
2
[[-2.73861027 -6.24196339 -2.81837368 -8.938941  ]]
0
[[-4.73143005 -4.78338289 -3.77255583 -8.35675526]]
2
[[-2.73861027 -6.24196339 -2.81837368 -8.938941  ]]
0
[[-4.73143005 -4.78338289 -3.77255583 -8.35675526]]
2
[[-2.73861027 -6.24196339 -2.81837368 -8.938941  ]]
0
[[-4.73143005 -4.78338289 -3.77255583 -8.35675526]]
2
[[-2.73861027 -6.24196339 -2.81837368 -8.938941  ]]
0
[[-4.73143005 -4.78338289 -3.77255583 -8.35675526]]
2
[[-2.73861027 -6.24196339 -2.81837368 -8.938941  ]]
0
[[-4.73143005 -4.78338289 -3.77255583 -8.35675526]]
2
[[-2.73861027 -6.24196339 -2.81837368 -8.938941  ]]
0
[[-4.73143005 -4.78338289 -3.77255583 -8.35675526]]
2
[[-2.73861027 -6.24196339 -2.81837368 -8.938941  ]]
0
[[-4.73143005 -4.78338289 -3.77255583 -8.35675526]]
2
[[-2.73861027 -6.24196339 -2.81837368 -8.938941  ]]
0
[[-4.73143005 -4.78338289 -3.77255583 -8.35675526]]
2
[[-2.73861027 -6.24196339 -2.81837368 -8.938941  ]]
0
[[-4.73143005 -4.78338289 -3.77255583 -8.35675526]]
2
[[-2.73861027 -6.24196339 -2.81837368 -8.938941  ]]
0
[[-4.73143005 -4.78338289 -3.77255583 -8.35675526]]
2
[[-2.73861027 -6.24196339 -2.81837368 -8.938941  ]]
0
[[-4.73143005 -4.78338289 -3.77255583 -8.35675526]]
2
[[-2.73861027 -6.24196339 -2.81837368 -8.938941  ]]
0
[[-4.73143005 -4.78338289 -3.77255583 -8.35675526]]
2
[[-2.73861027 -6.24196339 -2.81837368 -8.938941  ]]
0
[[-4.73143005 -4.78338289 -3.77255583 -8.35675526]]
2
[[-2.73861027 -6.24196339 -2.81837368 -8.938941  ]]
0
[[-4.73143005 -4.78338289 -3.77255583 -8.35675526]]
2
[[-2.73861027 -6.24196339 -2.81837368 -8.938941  ]]
0
[[-4.73143005 -4.78338289 -3.77255583 -8.35675526]]
2
[[-2.73861027 -6.24196339 -2.81837368 -8.938941  ]]
0
[[-4.73143005 -4.78338289 -3.77255583 -8.35675526]]
2
[[-2.73861027 -6.24196339 -2.81837368 -8.938941  ]]
0
[[-4.73143005 -4.78338289 -3.77255583 -8.35675526]]
2
[[-2.73861027 -6.24196339 -2.81837368 -8.938941  ]]
0
[[-4.73143005 -4.78338289 -3.77255583 -8.35675526]]
2
[[-2.73861027 -6.24196339 -2.81837368 -8.938941  ]]
0
[[-4.73143005 -4.78338289 -3.77255583 -8.35675526]]
2
[[-2.73861027 -6.24196339 -2.81837368 -8.938941  ]]
0
[[-4.73143005 -4.78338289 -3.77255583 -8.35675526]]
2
[[-2.73861027 -6.24196339 -2.81837368 -8.938941  ]]
0
[[-4.73143005 -4.78338289 -3.77255583 -8.35675526]]
2
[[-2.73861027 -6.24196339 -2.81837368 -8.938941  ]]
0
[[-4.73143005 -4.78338289 -3.77255583 -8.35675526]]
2
[[-2.73861027 -6.24196339 -2.81837368 -8.938941  ]]
0
[[-4.73143005 -4.78338289 -3.77255583 -8.35675526]]
2
FAIL
0/5
