[[-3.98111367 -7.81399918 -4.33753157 -7.99739218]]
0
[[-12.49649334 -15.15168858  -0.05578351  -7.65014935]]
2
[[-3.98111367 -7.81399918 -4.33753157 -7.99739218]]
0
[[-12.49649334 -15.15168858  -0.05578351  -7.65014935]]
2
[[-3.98111367 -7.81399918 -4.33753157 -7.99739218]]
0
[[-12.49649334 -15.15168858  -0.05578351  -7.65014935]]
2
[[-3.98111367 -7.81399918 -4.33753157 -7.99739218]]
0
[[-12.49649334 -15.15168858  -0.05578351  -7.65014935]]
2
[[-3.98111367 -7.81399918 -4.33753157 -7.99739218]]
0
[[-12.49649334 -15.15168858  -0.05578351  -7.65014935]]
2
[[-3.98111367 -7.81399918 -4.33753157 -7.99739218]]
0
[[-12.49649334 -15.15168858  -0.05578351  -7.65014935]]
2
[[-3.98111367 -7.81399918 -4.33753157 -7.99739218]]
0
[[-12.49649334 -15.15168858  -0.05578351  -7.65014935]]
2
[[-3.98111367 -7.81399918 -4.33753157 -7.99739218]]
0
[[-12.49649334 -15.15168858  -0.05578351  -7.65014935]]
2
[[-3.98111367 -7.81399918 -4.33753157 -7.99739218]]
0
[[-12.49649334 -15.15168858  -0.05578351  -7.65014935]]
2
[[-3.98111367 -7.81399918 -4.33753157 -7.99739218]]
0
[[-12.49649334 -15.15168858  -0.05578351  -7.65014935]]
2
[[-3.98111367 -7.81399918 -4.33753157 -7.99739218]]
0
[[-12.49649334 -15.15168858  -0.05578351  -7.65014935]]
2
[[-3.98111367 -7.81399918 -4.33753157 -7.99739218]]
0
[[-12.49649334 -15.15168858  -0.05578351  -7.65014935]]
2
[[-3.98111367 -7.81399918 -4.33753157 -7.99739218]]
0
[[-12.49649334 -15.15168858  -0.05578351  -7.65014935]]
2
[[-3.98111367 -7.81399918 -4.33753157 -7.99739218]]
0
[[-12.49649334 -15.15168858  -0.05578351  -7.65014935]]
2
[[-3.98111367 -7.81399918 -4.33753157 -7.99739218]]
0
[[-12.49649334 -15.15168858  -0.05578351  -7.65014935]]
2
[[-3.98111367 -7.81399918 -4.33753157 -7.99739218]]
0
[[-12.49649334 -15.15168858  -0.05578351  -7.65014935]]
2
[[-3.98111367 -7.81399918 -4.33753157 -7.99739218]]
0
[[-12.49649334 -15.15168858  -0.05578351  -7.65014935]]
2
[[-3.98111367 -7.81399918 -4.33753157 -7.99739218]]
0
[[-12.49649334 -15.15168858  -0.05578351  -7.65014935]]
2
[[-3.98111367 -7.81399918 -4.33753157 -7.99739218]]
0
[[-12.49649334 -15.15168858  -0.05578351  -7.65014935]]
2
[[-3.98111367 -7.81399918 -4.33753157 -7.99739218]]
0
[[-12.49649334 -15.15168858  -0.05578351  -7.65014935]]
2
[[-3.98111367 -7.81399918 -4.33753157 -7.99739218]]
0
[[-12.49649334 -15.15168858  -0.05578351  -7.65014935]]
2
[[-3.98111367 -7.81399918 -4.33753157 -7.99739218]]
0
[[-12.49649334 -15.15168858  -0.05578351  -7.65014935]]
2
[[-3.98111367 -7.81399918 -4.33753157 -7.99739218]]
0
[[-12.49649334 -15.15168858  -0.05578351  -7.65014935]]
2
[[-3.98111367 -7.81399918 -4.33753157 -7.99739218]]
0
[[-12.49649334 -15.15168858  -0.05578351  -7.65014935]]
2
[[-3.98111367 -7.81399918 -4.33753157 -7.99739218]]
0
[[-12.49649334 -15.15168858  -0.05578351  -7.65014935]]
2
[[-3.98111367 -7.81399918 -4.33753157 -7.99739218]]
0
[[-12.49649334 -15.15168858  -0.05578351  -7.65014935]]
2
[[-3.98111367 -7.81399918 -4.33753157 -7.99739218]]
0
[[-12.49649334 -15.15168858  -0.05578351  -7.65014935]]
2
[[-3.98111367 -7.81399918 -4.33753157 -7.99739218]]
0
[[-12.49649334 -15.15168858  -0.05578351  -7.65014935]]
2
[[-3.98111367 -7.81399918 -4.33753157 -7.99739218]]
0
[[-12.49649334 -15.15168858  -0.05578351  -7.65014935]]
2
[[-3.98111367 -7.81399918 -4.33753157 -7.99739218]]
0
[[-12.49649334 -15.15168858  -0.05578351  -7.65014935]]
2
[[-3.98111367 -7.81399918 -4.33753157 -7.99739218]]
0
[[-12.49649334 -15.15168858  -0.05578351  -7.65014935]]
2
[[-3.98111367 -7.81399918 -4.33753157 -7.99739218]]
0
[[-12.49649334 -15.15168858  -0.05578351  -7.65014935]]
2
[[-3.98111367 -7.81399918 -4.33753157 -7.99739218]]
0
[[-12.49649334 -15.15168858  -0.05578351  -7.65014935]]
2
[[-3.98111367 -7.81399918 -4.33753157 -7.99739218]]
0
[[-12.49649334 -15.15168858  -0.05578351  -7.65014935]]
2
[[-3.98111367 -7.81399918 -4.33753157 -7.99739218]]
0
[[-12.49649334 -15.15168858  -0.05578351  -7.65014935]]
2
[[-3.98111367 -7.81399918 -4.33753157 -7.99739218]]
0
[[-12.49649334 -15.15168858  -0.05578351  -7.65014935]]
2
[[-3.98111367 -7.81399918 -4.33753157 -7.99739218]]
0
[[-12.49649334 -15.15168858  -0.05578351  -7.65014935]]
2
[[-3.98111367 -7.81399918 -4.33753157 -7.99739218]]
0
[[-12.49649334 -15.15168858  -0.05578351  -7.65014935]]
2
[[-3.98111367 -7.81399918 -4.33753157 -7.99739218]]
0
[[-12.49649334 -15.15168858  -0.05578351  -7.65014935]]
2
[[-3.98111367 -7.81399918 -4.33753157 -7.99739218]]
0
[[-12.49649334 -15.15168858  -0.05578351  -7.65014935]]
2
[[-3.98111367 -7.81399918 -4.33753157 -7.99739218]]
0
[[-12.49649334 -15.15168858  -0.05578351  -7.65014935]]
2
[[-3.98111367 -7.81399918 -4.33753157 -7.99739218]]
0
[[-12.49649334 -15.15168858  -0.05578351  -7.65014935]]
2
[[-3.98111367 -7.81399918 -4.33753157 -7.99739218]]
0
[[-12.49649334 -15.15168858  -0.05578351  -7.65014935]]
2
[[-3.98111367 -7.81399918 -4.33753157 -7.99739218]]
0
[[-12.49649334 -15.15168858  -0.05578351  -7.65014935]]
2
[[-3.98111367 -7.81399918 -4.33753157 -7.99739218]]
0
[[-12.49649334 -15.15168858  -0.05578351  -7.65014935]]
2
[[-3.98111367 -7.81399918 -4.33753157 -7.99739218]]
0
[[-12.49649334 -15.15168858  -0.05578351  -7.65014935]]
2
[[-3.98111367 -7.81399918 -4.33753157 -7.99739218]]
0
[[-12.49649334 -15.15168858  -0.05578351  -7.65014935]]
2
[[-3.98111367 -7.81399918 -4.33753157 -7.99739218]]
0
[[-12.49649334 -15.15168858  -0.05578351  -7.65014935]]
2
[[-3.98111367 -7.81399918 -4.33753157 -7.99739218]]
0
[[-12.49649334 -15.15168858  -0.05578351  -7.65014935]]
2
[[-3.98111367 -7.81399918 -4.33753157 -7.99739218]]
0
[[-12.49649334 -15.15168858  -0.05578351  -7.65014935]]
2
[[-3.98111367 -7.81399918 -4.33753157 -7.99739218]]
0
FAIL
1/2
