[[ 49172872.  55433000.  49854500.  53984736.]]
1
[[ 47048936.  54630016.  49659936.  54447632.]]
1
[[ 50103540.  55383160.  51205736.  56860800.]]
3
[[ 47048936.  54630016.  49659936.  54447632.]]
1
[[ 50103540.  55383160.  51205736.  56860800.]]
3
[[ 47048936.  54630016.  49659936.  54447632.]]
1
[[ 50103540.  55383160.  51205736.  56860800.]]
3
[[ 47048936.  54630016.  49659936.  54447632.]]
1
[[ 50103540.  55383160.  51205736.  56860800.]]
3
[[ 47048936.  54630016.  49659936.  54447632.]]
1
[[ 50103540.  55383160.  51205736.  56860800.]]
3
[[ 47048936.  54630016.  49659936.  54447632.]]
1
[[ 50103540.  55383160.  51205736.  56860800.]]
3
[[ 47048936.  54630016.  49659936.  54447632.]]
1
[[ 50103540.  55383160.  51205736.  56860800.]]
3
[[ 47048936.  54630016.  49659936.  54447632.]]
1
[[ 50103540.  55383160.  51205736.  56860800.]]
3
[[ 47048936.  54630016.  49659936.  54447632.]]
1
[[ 50103540.  55383160.  51205736.  56860800.]]
3
[[ 47048936.  54630016.  49659936.  54447632.]]
1
[[ 50103540.  55383160.  51205736.  56860800.]]
3
[[ 47048936.  54630016.  49659936.  54447632.]]
1
[[ 50103540.  55383160.  51205736.  56860800.]]
3
[[ 47048936.  54630016.  49659936.  54447632.]]
1
[[ 50103540.  55383160.  51205736.  56860800.]]
3
[[ 47048936.  54630016.  49659936.  54447632.]]
1
[[ 50103540.  55383160.  51205736.  56860800.]]
3
[[ 47048936.  54630016.  49659936.  54447632.]]
1
[[ 50103540.  55383160.  51205736.  56860800.]]
3
[[ 47048936.  54630016.  49659936.  54447632.]]
1
[[ 50103540.  55383160.  51205736.  56860800.]]
3
[[ 47048936.  54630016.  49659936.  54447632.]]
1
[[ 50103540.  55383160.  51205736.  56860800.]]
3
[[ 47048936.  54630016.  49659936.  54447632.]]
1
[[ 50103540.  55383160.  51205736.  56860800.]]
3
[[ 47048936.  54630016.  49659936.  54447632.]]
1
[[ 50103540.  55383160.  51205736.  56860800.]]
3
[[ 47048936.  54630016.  49659936.  54447632.]]
1
[[ 50103540.  55383160.  51205736.  56860800.]]
3
[[ 47048936.  54630016.  49659936.  54447632.]]
1
[[ 50103540.  55383160.  51205736.  56860800.]]
3
[[ 47048936.  54630016.  49659936.  54447632.]]
1
[[ 50103540.  55383160.  51205736.  56860800.]]
3
[[ 47048936.  54630016.  49659936.  54447632.]]
1
[[ 50103540.  55383160.  51205736.  56860800.]]
3
[[ 47048936.  54630016.  49659936.  54447632.]]
1
[[ 50103540.  55383160.  51205736.  56860800.]]
3
[[ 47048936.  54630016.  49659936.  54447632.]]
1
[[ 50103540.  55383160.  51205736.  56860800.]]
3
[[ 47048936.  54630016.  49659936.  54447632.]]
1
[[ 50103540.  55383160.  51205736.  56860800.]]
3
[[ 47048936.  54630016.  49659936.  54447632.]]
1
[[ 50103540.  55383160.  51205736.  56860800.]]
3
[[ 47048936.  54630016.  49659936.  54447632.]]
1
[[ 50103540.  55383160.  51205736.  56860800.]]
3
[[ 47048936.  54630016.  49659936.  54447632.]]
1
[[ 50103540.  55383160.  51205736.  56860800.]]
3
[[ 47048936.  54630016.  49659936.  54447632.]]
1
[[ 50103540.  55383160.  51205736.  56860800.]]
3
[[ 47048936.  54630016.  49659936.  54447632.]]
1
[[ 50103540.  55383160.  51205736.  56860800.]]
3
[[ 47048936.  54630016.  49659936.  54447632.]]
1
[[ 50103540.  55383160.  51205736.  56860800.]]
3
[[ 47048936.  54630016.  49659936.  54447632.]]
1
[[ 50103540.  55383160.  51205736.  56860800.]]
3
[[ 47048936.  54630016.  49659936.  54447632.]]
1
[[ 50103540.  55383160.  51205736.  56860800.]]
3
[[ 47048936.  54630016.  49659936.  54447632.]]
1
[[ 50103540.  55383160.  51205736.  56860800.]]
3
[[ 47048936.  54630016.  49659936.  54447632.]]
1
[[ 50103540.  55383160.  51205736.  56860800.]]
3
[[ 47048936.  54630016.  49659936.  54447632.]]
1
[[ 50103540.  55383160.  51205736.  56860800.]]
3
[[ 47048936.  54630016.  49659936.  54447632.]]
1
[[ 50103540.  55383160.  51205736.  56860800.]]
3
[[ 47048936.  54630016.  49659936.  54447632.]]
1
[[ 50103540.  55383160.  51205736.  56860800.]]
3
[[ 47048936.  54630016.  49659936.  54447632.]]
1
[[ 50103540.  55383160.  51205736.  56860800.]]
3
[[ 47048936.  54630016.  49659936.  54447632.]]
1
[[ 50103540.  55383160.  51205736.  56860800.]]
3
[[ 47048936.  54630016.  49659936.  54447632.]]
1
[[ 50103540.  55383160.  51205736.  56860800.]]
3
[[ 47048936.  54630016.  49659936.  54447632.]]
1
[[ 50103540.  55383160.  51205736.  56860800.]]
3
[[ 47048936.  54630016.  49659936.  54447632.]]
1
[[ 50103540.  55383160.  51205736.  56860800.]]
3
[[ 47048936.  54630016.  49659936.  54447632.]]
1
[[ 50103540.  55383160.  51205736.  56860800.]]
3
[[ 47048936.  54630016.  49659936.  54447632.]]
1
[[ 50103540.  55383160.  51205736.  56860800.]]
3
[[ 47048936.  54630016.  49659936.  54447632.]]
1
[[ 50103540.  55383160.  51205736.  56860800.]]
3
[[ 47048936.  54630016.  49659936.  54447632.]]
1
[[ 50103540.  55383160.  51205736.  56860800.]]
3
[[ 47048936.  54630016.  49659936.  54447632.]]
1
[[ 50103540.  55383160.  51205736.  56860800.]]
3
[[ 47048936.  54630016.  49659936.  54447632.]]
1
[[ 50103540.  55383160.  51205736.  56860800.]]
3
[[ 47048936.  54630016.  49659936.  54447632.]]
1
[[ 50103540.  55383160.  51205736.  56860800.]]
3
FAIL
2/4
