[[-4.75056171 -4.72696209 -3.84282732 -8.21714878]]
2
[[-2.7567246  -6.19183254 -2.88769627 -8.81042671]]
0
[[-4.75056171 -4.72696209 -3.84282732 -8.21714878]]
2
[[-2.7567246  -6.19183254 -2.88769627 -8.81042671]]
0
[[-4.75056171 -4.72696209 -3.84282732 -8.21714878]]
2
[[-2.7567246  -6.19183254 -2.88769627 -8.81042671]]
0
[[-4.75056171 -4.72696209 -3.84282732 -8.21714878]]
2
[[-2.7567246  -6.19183254 -2.88769627 -8.81042671]]
0
[[-4.75056171 -4.72696209 -3.84282732 -8.21714878]]
2
[[-2.7567246  -6.19183254 -2.88769627 -8.81042671]]
0
[[-4.75056171 -4.72696209 -3.84282732 -8.21714878]]
2
[[-2.7567246  -6.19183254 -2.88769627 -8.81042671]]
0
[[-4.75056171 -4.72696209 -3.84282732 -8.21714878]]
2
[[-2.7567246  -6.19183254 -2.88769627 -8.81042671]]
0
[[-4.75056171 -4.72696209 -3.84282732 -8.21714878]]
2
[[-2.7567246  -6.19183254 -2.88769627 -8.81042671]]
0
[[-4.75056171 -4.72696209 -3.84282732 -8.21714878]]
2
[[-2.7567246  -6.19183254 -2.88769627 -8.81042671]]
0
[[-4.75056171 -4.72696209 -3.84282732 -8.21714878]]
2
[[-2.7567246  -6.19183254 -2.88769627 -8.81042671]]
0
[[-4.75056171 -4.72696209 -3.84282732 -8.21714878]]
2
[[-2.7567246  -6.19183254 -2.88769627 -8.81042671]]
0
[[-4.75056171 -4.72696209 -3.84282732 -8.21714878]]
2
[[-2.7567246  -6.19183254 -2.88769627 -8.81042671]]
0
[[-4.75056171 -4.72696209 -3.84282732 -8.21714878]]
2
[[-2.7567246  -6.19183254 -2.88769627 -8.81042671]]
0
[[-4.75056171 -4.72696209 -3.84282732 -8.21714878]]
2
[[-2.7567246  -6.19183254 -2.88769627 -8.81042671]]
0
[[-4.75056171 -4.72696209 -3.84282732 -8.21714878]]
2
[[-2.7567246  -6.19183254 -2.88769627 -8.81042671]]
0
[[-4.75056171 -4.72696209 -3.84282732 -8.21714878]]
2
[[-2.7567246  -6.19183254 -2.88769627 -8.81042671]]
0
[[-4.75056171 -4.72696209 -3.84282732 -8.21714878]]
2
[[-2.7567246  -6.19183254 -2.88769627 -8.81042671]]
0
[[-4.75056171 -4.72696209 -3.84282732 -8.21714878]]
2
[[-2.7567246  -6.19183254 -2.88769627 -8.81042671]]
0
[[-4.75056171 -4.72696209 -3.84282732 -8.21714878]]
2
[[-2.7567246  -6.19183254 -2.88769627 -8.81042671]]
0
[[-4.75056171 -4.72696209 -3.84282732 -8.21714878]]
2
[[-2.7567246  -6.19183254 -2.88769627 -8.81042671]]
0
[[-4.75056171 -4.72696209 -3.84282732 -8.21714878]]
2
[[-2.7567246  -6.19183254 -2.88769627 -8.81042671]]
0
[[-4.75056171 -4.72696209 -3.84282732 -8.21714878]]
2
[[-2.7567246  -6.19183254 -2.88769627 -8.81042671]]
0
[[-4.75056171 -4.72696209 -3.84282732 -8.21714878]]
2
[[-2.7567246  -6.19183254 -2.88769627 -8.81042671]]
0
[[-4.75056171 -4.72696209 -3.84282732 -8.21714878]]
2
[[-2.7567246  -6.19183254 -2.88769627 -8.81042671]]
0
[[-4.75056171 -4.72696209 -3.84282732 -8.21714878]]
2
[[-2.7567246  -6.19183254 -2.88769627 -8.81042671]]
0
[[-4.75056171 -4.72696209 -3.84282732 -8.21714878]]
2
[[-2.7567246  -6.19183254 -2.88769627 -8.81042671]]
0
[[-4.75056171 -4.72696209 -3.84282732 -8.21714878]]
2
[[-2.7567246  -6.19183254 -2.88769627 -8.81042671]]
0
[[-4.75056171 -4.72696209 -3.84282732 -8.21714878]]
2
[[-2.7567246  -6.19183254 -2.88769627 -8.81042671]]
0
[[-4.75056171 -4.72696209 -3.84282732 -8.21714878]]
2
[[-2.7567246  -6.19183254 -2.88769627 -8.81042671]]
0
[[-4.75056171 -4.72696209 -3.84282732 -8.21714878]]
2
[[-2.7567246  -6.19183254 -2.88769627 -8.81042671]]
0
[[-4.75056171 -4.72696209 -3.84282732 -8.21714878]]
2
[[-2.7567246  -6.19183254 -2.88769627 -8.81042671]]
0
[[-4.75056171 -4.72696209 -3.84282732 -8.21714878]]
2
[[-2.7567246  -6.19183254 -2.88769627 -8.81042671]]
0
[[-4.75056171 -4.72696209 -3.84282732 -8.21714878]]
2
[[-2.7567246  -6.19183254 -2.88769627 -8.81042671]]
0
[[-4.75056171 -4.72696209 -3.84282732 -8.21714878]]
2
[[-2.7567246  -6.19183254 -2.88769627 -8.81042671]]
0
[[-4.75056171 -4.72696209 -3.84282732 -8.21714878]]
2
[[-2.7567246  -6.19183254 -2.88769627 -8.81042671]]
0
[[-4.75056171 -4.72696209 -3.84282732 -8.21714878]]
2
[[-2.7567246  -6.19183254 -2.88769627 -8.81042671]]
0
[[-4.75056171 -4.72696209 -3.84282732 -8.21714878]]
2
[[-2.7567246  -6.19183254 -2.88769627 -8.81042671]]
0
[[-4.75056171 -4.72696209 -3.84282732 -8.21714878]]
2
[[-2.7567246  -6.19183254 -2.88769627 -8.81042671]]
0
[[-4.75056171 -4.72696209 -3.84282732 -8.21714878]]
2
[[-2.7567246  -6.19183254 -2.88769627 -8.81042671]]
0
[[-4.75056171 -4.72696209 -3.84282732 -8.21714878]]
2
[[-2.7567246  -6.19183254 -2.88769627 -8.81042671]]
0
[[-4.75056171 -4.72696209 -3.84282732 -8.21714878]]
2
[[-2.7567246  -6.19183254 -2.88769627 -8.81042671]]
0
[[-4.75056171 -4.72696209 -3.84282732 -8.21714878]]
2
[[-2.7567246  -6.19183254 -2.88769627 -8.81042671]]
0
[[-4.75056171 -4.72696209 -3.84282732 -8.21714878]]
2
[[-2.7567246  -6.19183254 -2.88769627 -8.81042671]]
0
[[-4.75056171 -4.72696209 -3.84282732 -8.21714878]]
2
[[-2.7567246  -6.19183254 -2.88769627 -8.81042671]]
0
[[-4.75056171 -4.72696209 -3.84282732 -8.21714878]]
2
[[-2.7567246  -6.19183254 -2.88769627 -8.81042671]]
0
[[-4.75056171 -4.72696209 -3.84282732 -8.21714878]]
2
[[-2.7567246  -6.19183254 -2.88769627 -8.81042671]]
0
[[-4.75056171 -4.72696209 -3.84282732 -8.21714878]]
2
[[-2.7567246  -6.19183254 -2.88769627 -8.81042671]]
0
[[-4.75056171 -4.72696209 -3.84282732 -8.21714878]]
2
[[-2.7567246  -6.19183254 -2.88769627 -8.81042671]]
0
[[-4.75056171 -4.72696209 -3.84282732 -8.21714878]]
2
[[-2.7567246  -6.19183254 -2.88769627 -8.81042671]]
0
[[-4.75056171 -4.72696209 -3.84282732 -8.21714878]]
2
[[-2.7567246  -6.19183254 -2.88769627 -8.81042671]]
0
[[-4.75056171 -4.72696209 -3.84282732 -8.21714878]]
2
FAIL
0/5
