[[ 31778772.  26783312.  28175166.  23790784.]]
0
[[ 35973712.  38347088.  39454624.  24414126.]]
2
[[ 31778772.  26783312.  28175166.  23790784.]]
0
[[ 35973712.  38347088.  39454624.  24414126.]]
2
[[ 31778772.  26783312.  28175166.  23790784.]]
0
[[ 35973712.  38347088.  39454624.  24414126.]]
2
[[ 31778772.  26783312.  28175166.  23790784.]]
0
[[ 35973712.  38347088.  39454624.  24414126.]]
2
[[ 31778772.  26783312.  28175166.  23790784.]]
0
[[ 35973712.  38347088.  39454624.  24414126.]]
2
[[ 31778772.  26783312.  28175166.  23790784.]]
0
[[ 35973712.  38347088.  39454624.  24414126.]]
2
[[ 31778772.  26783312.  28175166.  23790784.]]
0
[[ 35973712.  38347088.  39454624.  24414126.]]
2
[[ 31778772.  26783312.  28175166.  23790784.]]
0
[[ 35973712.  38347088.  39454624.  24414126.]]
2
[[ 31778772.  26783312.  28175166.  23790784.]]
0
[[ 35973712.  38347088.  39454624.  24414126.]]
2
[[ 31778772.  26783312.  28175166.  23790784.]]
0
[[ 35973712.  38347088.  39454624.  24414126.]]
2
[[ 31778772.  26783312.  28175166.  23790784.]]
0
[[ 35973712.  38347088.  39454624.  24414126.]]
2
[[ 31778772.  26783312.  28175166.  23790784.]]
0
[[ 35973712.  38347088.  39454624.  24414126.]]
2
[[ 31778772.  26783312.  28175166.  23790784.]]
0
[[ 35973712.  38347088.  39454624.  24414126.]]
2
[[ 31778772.  26783312.  28175166.  23790784.]]
0
[[ 35973712.  38347088.  39454624.  24414126.]]
2
[[ 31778772.  26783312.  28175166.  23790784.]]
0
[[ 35973712.  38347088.  39454624.  24414126.]]
2
[[ 31778772.  26783312.  28175166.  23790784.]]
0
[[ 35973712.  38347088.  39454624.  24414126.]]
2
[[ 31778772.  26783312.  28175166.  23790784.]]
0
[[ 35973712.  38347088.  39454624.  24414126.]]
2
[[ 31778772.  26783312.  28175166.  23790784.]]
0
[[ 35973712.  38347088.  39454624.  24414126.]]
2
[[ 31778772.  26783312.  28175166.  23790784.]]
0
[[ 35973712.  38347088.  39454624.  24414126.]]
2
[[ 31778772.  26783312.  28175166.  23790784.]]
0
[[ 35973712.  38347088.  39454624.  24414126.]]
2
[[ 31778772.  26783312.  28175166.  23790784.]]
0
[[ 35973712.  38347088.  39454624.  24414126.]]
2
[[ 31778772.  26783312.  28175166.  23790784.]]
0
[[ 35973712.  38347088.  39454624.  24414126.]]
2
[[ 31778772.  26783312.  28175166.  23790784.]]
0
[[ 35973712.  38347088.  39454624.  24414126.]]
2
[[ 31778772.  26783312.  28175166.  23790784.]]
0
[[ 35973712.  38347088.  39454624.  24414126.]]
2
[[ 31778772.  26783312.  28175166.  23790784.]]
0
[[ 35973712.  38347088.  39454624.  24414126.]]
2
[[ 31778772.  26783312.  28175166.  23790784.]]
0
[[ 35973712.  38347088.  39454624.  24414126.]]
2
[[ 31778772.  26783312.  28175166.  23790784.]]
0
[[ 35973712.  38347088.  39454624.  24414126.]]
2
[[ 31778772.  26783312.  28175166.  23790784.]]
0
[[ 35973712.  38347088.  39454624.  24414126.]]
2
[[ 31778772.  26783312.  28175166.  23790784.]]
0
[[ 35973712.  38347088.  39454624.  24414126.]]
2
[[ 31778772.  26783312.  28175166.  23790784.]]
0
[[ 35973712.  38347088.  39454624.  24414126.]]
2
[[ 31778772.  26783312.  28175166.  23790784.]]
0
[[ 35973712.  38347088.  39454624.  24414126.]]
2
[[ 31778772.  26783312.  28175166.  23790784.]]
0
[[ 35973712.  38347088.  39454624.  24414126.]]
2
[[ 31778772.  26783312.  28175166.  23790784.]]
0
[[ 35973712.  38347088.  39454624.  24414126.]]
2
[[ 31778772.  26783312.  28175166.  23790784.]]
0
[[ 35973712.  38347088.  39454624.  24414126.]]
2
[[ 31778772.  26783312.  28175166.  23790784.]]
0
[[ 35973712.  38347088.  39454624.  24414126.]]
2
[[ 31778772.  26783312.  28175166.  23790784.]]
0
[[ 35973712.  38347088.  39454624.  24414126.]]
2
[[ 31778772.  26783312.  28175166.  23790784.]]
0
[[ 35973712.  38347088.  39454624.  24414126.]]
2
[[ 31778772.  26783312.  28175166.  23790784.]]
0
[[ 35973712.  38347088.  39454624.  24414126.]]
2
[[ 31778772.  26783312.  28175166.  23790784.]]
0
[[ 35973712.  38347088.  39454624.  24414126.]]
2
[[ 31778772.  26783312.  28175166.  23790784.]]
0
[[ 35973712.  38347088.  39454624.  24414126.]]
2
[[ 31778772.  26783312.  28175166.  23790784.]]
0
[[ 35973712.  38347088.  39454624.  24414126.]]
2
[[ 31778772.  26783312.  28175166.  23790784.]]
0
[[ 35973712.  38347088.  39454624.  24414126.]]
2
[[ 31778772.  26783312.  28175166.  23790784.]]
0
[[ 35973712.  38347088.  39454624.  24414126.]]
2
[[ 31778772.  26783312.  28175166.  23790784.]]
0
[[ 35973712.  38347088.  39454624.  24414126.]]
2
[[ 31778772.  26783312.  28175166.  23790784.]]
0
[[ 35973712.  38347088.  39454624.  24414126.]]
2
[[ 31778772.  26783312.  28175166.  23790784.]]
0
[[ 35973712.  38347088.  39454624.  24414126.]]
2
[[ 31778772.  26783312.  28175166.  23790784.]]
0
[[ 35973712.  38347088.  39454624.  24414126.]]
2
[[ 31778772.  26783312.  28175166.  23790784.]]
0
[[ 35973712.  38347088.  39454624.  24414126.]]
2
[[ 31778772.  26783312.  28175166.  23790784.]]
0
[[ 35973712.  38347088.  39454624.  24414126.]]
2
[[ 31778772.  26783312.  28175166.  23790784.]]
0
[[ 35973712.  38347088.  39454624.  24414126.]]
2
[[ 31778772.  26783312.  28175166.  23790784.]]
0
FAIL
1/4
