[[-4.01978254 -7.86842203 -4.41830778 -8.14906216]]
0
[[-12.5229826  -15.18767357  -0.12504655  -7.79250622]]
2
[[-4.01978254 -7.86842203 -4.41830778 -8.14906216]]
0
[[-12.5229826  -15.18767357  -0.12504655  -7.79250622]]
2
[[-4.01978254 -7.86842203 -4.41830778 -8.14906216]]
0
[[-12.5229826  -15.18767357  -0.12504655  -7.79250622]]
2
[[-4.01978254 -7.86842203 -4.41830778 -8.14906216]]
0
[[-12.5229826  -15.18767357  -0.12504655  -7.79250622]]
2
[[-4.01978254 -7.86842203 -4.41830778 -8.14906216]]
0
[[-12.5229826  -15.18767357  -0.12504655  -7.79250622]]
2
[[-4.01978254 -7.86842203 -4.41830778 -8.14906216]]
0
[[-12.5229826  -15.18767357  -0.12504655  -7.79250622]]
2
[[-4.01978254 -7.86842203 -4.41830778 -8.14906216]]
0
[[-12.5229826  -15.18767357  -0.12504655  -7.79250622]]
2
[[-4.01978254 -7.86842203 -4.41830778 -8.14906216]]
0
[[-12.5229826  -15.18767357  -0.12504655  -7.79250622]]
2
[[-4.01978254 -7.86842203 -4.41830778 -8.14906216]]
0
[[-12.5229826  -15.18767357  -0.12504655  -7.79250622]]
2
[[-4.01978254 -7.86842203 -4.41830778 -8.14906216]]
0
[[-12.5229826  -15.18767357  -0.12504655  -7.79250622]]
2
[[-4.01978254 -7.86842203 -4.41830778 -8.14906216]]
0
[[-12.5229826  -15.18767357  -0.12504655  -7.79250622]]
2
[[-4.01978254 -7.86842203 -4.41830778 -8.14906216]]
0
[[-12.5229826  -15.18767357  -0.12504655  -7.79250622]]
2
[[-4.01978254 -7.86842203 -4.41830778 -8.14906216]]
0
[[-12.5229826  -15.18767357  -0.12504655  -7.79250622]]
2
[[-4.01978254 -7.86842203 -4.41830778 -8.14906216]]
0
[[-12.5229826  -15.18767357  -0.12504655  -7.79250622]]
2
[[-4.01978254 -7.86842203 -4.41830778 -8.14906216]]
0
[[-12.5229826  -15.18767357  -0.12504655  -7.79250622]]
2
[[-4.01978254 -7.86842203 -4.41830778 -8.14906216]]
0
[[-12.5229826  -15.18767357  -0.12504655  -7.79250622]]
2
[[-4.01978254 -7.86842203 -4.41830778 -8.14906216]]
0
[[-12.5229826  -15.18767357  -0.12504655  -7.79250622]]
2
[[-4.01978254 -7.86842203 -4.41830778 -8.14906216]]
0
[[-12.5229826  -15.18767357  -0.12504655  -7.79250622]]
2
[[-4.01978254 -7.86842203 -4.41830778 -8.14906216]]
0
[[-12.5229826  -15.18767357  -0.12504655  -7.79250622]]
2
[[-4.01978254 -7.86842203 -4.41830778 -8.14906216]]
0
[[-12.5229826  -15.18767357  -0.12504655  -7.79250622]]
2
[[-4.01978254 -7.86842203 -4.41830778 -8.14906216]]
0
[[-12.5229826  -15.18767357  -0.12504655  -7.79250622]]
2
[[-4.01978254 -7.86842203 -4.41830778 -8.14906216]]
0
[[-12.5229826  -15.18767357  -0.12504655  -7.79250622]]
2
[[-4.01978254 -7.86842203 -4.41830778 -8.14906216]]
0
[[-12.5229826  -15.18767357  -0.12504655  -7.79250622]]
2
[[-4.01978254 -7.86842203 -4.41830778 -8.14906216]]
0
[[-12.5229826  -15.18767357  -0.12504655  -7.79250622]]
2
[[-4.01978254 -7.86842203 -4.41830778 -8.14906216]]
0
[[-12.5229826  -15.18767357  -0.12504655  -7.79250622]]
2
[[-4.01978254 -7.86842203 -4.41830778 -8.14906216]]
0
[[-12.5229826  -15.18767357  -0.12504655  -7.79250622]]
2
[[-4.01978254 -7.86842203 -4.41830778 -8.14906216]]
0
[[-12.5229826  -15.18767357  -0.12504655  -7.79250622]]
2
[[-4.01978254 -7.86842203 -4.41830778 -8.14906216]]
0
[[-12.5229826  -15.18767357  -0.12504655  -7.79250622]]
2
[[-4.01978254 -7.86842203 -4.41830778 -8.14906216]]
0
[[-12.5229826  -15.18767357  -0.12504655  -7.79250622]]
2
[[-4.01978254 -7.86842203 -4.41830778 -8.14906216]]
0
[[-12.5229826  -15.18767357  -0.12504655  -7.79250622]]
2
[[-4.01978254 -7.86842203 -4.41830778 -8.14906216]]
0
[[-12.5229826  -15.18767357  -0.12504655  -7.79250622]]
2
[[-4.01978254 -7.86842203 -4.41830778 -8.14906216]]
0
[[-12.5229826  -15.18767357  -0.12504655  -7.79250622]]
2
[[-4.01978254 -7.86842203 -4.41830778 -8.14906216]]
0
[[-12.5229826  -15.18767357  -0.12504655  -7.79250622]]
2
[[-4.01978254 -7.86842203 -4.41830778 -8.14906216]]
0
[[-12.5229826  -15.18767357  -0.12504655  -7.79250622]]
2
[[-4.01978254 -7.86842203 -4.41830778 -8.14906216]]
0
[[-12.5229826  -15.18767357  -0.12504655  -7.79250622]]
2
[[-4.01978254 -7.86842203 -4.41830778 -8.14906216]]
0
[[-12.5229826  -15.18767357  -0.12504655  -7.79250622]]
2
[[-4.01978254 -7.86842203 -4.41830778 -8.14906216]]
0
[[-12.5229826  -15.18767357  -0.12504655  -7.79250622]]
2
[[-4.01978254 -7.86842203 -4.41830778 -8.14906216]]
0
[[-12.5229826  -15.18767357  -0.12504655  -7.79250622]]
2
[[-4.01978254 -7.86842203 -4.41830778 -8.14906216]]
0
[[-12.5229826  -15.18767357  -0.12504655  -7.79250622]]
2
[[-4.01978254 -7.86842203 -4.41830778 -8.14906216]]
0
[[-12.5229826  -15.18767357  -0.12504655  -7.79250622]]
2
[[-4.01978254 -7.86842203 -4.41830778 -8.14906216]]
0
[[-12.5229826  -15.18767357  -0.12504655  -7.79250622]]
2
[[-4.01978254 -7.86842203 -4.41830778 -8.14906216]]
0
[[-12.5229826  -15.18767357  -0.12504655  -7.79250622]]
2
[[-4.01978254 -7.86842203 -4.41830778 -8.14906216]]
0
[[-12.5229826  -15.18767357  -0.12504655  -7.79250622]]
2
[[-4.01978254 -7.86842203 -4.41830778 -8.14906216]]
0
[[-12.5229826  -15.18767357  -0.12504655  -7.79250622]]
2
[[-4.01978254 -7.86842203 -4.41830778 -8.14906216]]
0
[[-12.5229826  -15.18767357  -0.12504655  -7.79250622]]
2
[[-4.01978254 -7.86842203 -4.41830778 -8.14906216]]
0
[[-12.5229826  -15.18767357  -0.12504655  -7.79250622]]
2
[[-4.01978254 -7.86842203 -4.41830778 -8.14906216]]
0
[[-12.5229826  -15.18767357  -0.12504655  -7.79250622]]
2
[[-4.01978254 -7.86842203 -4.41830778 -8.14906216]]
0
[[-12.5229826  -15.18767357  -0.12504655  -7.79250622]]
2
[[-4.01978254 -7.86842203 -4.41830778 -8.14906216]]
0
[[-12.5229826  -15.18767357  -0.12504655  -7.79250622]]
2
[[-4.01978254 -7.86842203 -4.41830778 -8.14906216]]
0
[[-12.5229826  -15.18767357  -0.12504655  -7.79250622]]
2
[[-4.01978254 -7.86842203 -4.41830778 -8.14906216]]
0
FAIL
1/2
