[[-4.82937431 -4.77769232 -3.90924263 -8.33344078]]
2
[[-2.84077525 -6.25201797 -2.95322967 -8.93477154]]
0
[[-4.82937431 -4.77769232 -3.90924263 -8.33344078]]
2
[[-2.84077525 -6.25201797 -2.95322967 -8.93477154]]
0
[[-4.82937431 -4.77769232 -3.90924263 -8.33344078]]
2
[[-2.84077525 -6.25201797 -2.95322967 -8.93477154]]
0
[[-4.82937431 -4.77769232 -3.90924263 -8.33344078]]
2
[[-2.84077525 -6.25201797 -2.95322967 -8.93477154]]
0
[[-4.82937431 -4.77769232 -3.90924263 -8.33344078]]
2
[[-2.84077525 -6.25201797 -2.95322967 -8.93477154]]
0
[[-4.82937431 -4.77769232 -3.90924263 -8.33344078]]
2
[[-2.84077525 -6.25201797 -2.95322967 -8.93477154]]
0
[[-4.82937431 -4.77769232 -3.90924263 -8.33344078]]
2
[[-2.84077525 -6.25201797 -2.95322967 -8.93477154]]
0
[[-4.82937431 -4.77769232 -3.90924263 -8.33344078]]
2
[[-2.84077525 -6.25201797 -2.95322967 -8.93477154]]
0
[[-4.82937431 -4.77769232 -3.90924263 -8.33344078]]
2
[[-2.84077525 -6.25201797 -2.95322967 -8.93477154]]
0
[[-4.82937431 -4.77769232 -3.90924263 -8.33344078]]
2
[[-2.84077525 -6.25201797 -2.95322967 -8.93477154]]
0
[[-4.82937431 -4.77769232 -3.90924263 -8.33344078]]
2
[[-2.84077525 -6.25201797 -2.95322967 -8.93477154]]
0
[[-4.82937431 -4.77769232 -3.90924263 -8.33344078]]
2
[[-2.84077525 -6.25201797 -2.95322967 -8.93477154]]
0
[[-4.82937431 -4.77769232 -3.90924263 -8.33344078]]
2
[[-2.84077525 -6.25201797 -2.95322967 -8.93477154]]
0
[[-4.82937431 -4.77769232 -3.90924263 -8.33344078]]
2
[[-2.84077525 -6.25201797 -2.95322967 -8.93477154]]
0
[[-4.82937431 -4.77769232 -3.90924263 -8.33344078]]
2
[[-2.84077525 -6.25201797 -2.95322967 -8.93477154]]
0
[[-4.82937431 -4.77769232 -3.90924263 -8.33344078]]
2
[[-2.84077525 -6.25201797 -2.95322967 -8.93477154]]
0
[[-4.82937431 -4.77769232 -3.90924263 -8.33344078]]
2
[[-2.84077525 -6.25201797 -2.95322967 -8.93477154]]
0
[[-4.82937431 -4.77769232 -3.90924263 -8.33344078]]
2
[[-2.84077525 -6.25201797 -2.95322967 -8.93477154]]
0
[[-4.82937431 -4.77769232 -3.90924263 -8.33344078]]
2
[[-2.84077525 -6.25201797 -2.95322967 -8.93477154]]
0
[[-4.82937431 -4.77769232 -3.90924263 -8.33344078]]
2
[[-2.84077525 -6.25201797 -2.95322967 -8.93477154]]
0
[[-4.82937431 -4.77769232 -3.90924263 -8.33344078]]
2
[[-2.84077525 -6.25201797 -2.95322967 -8.93477154]]
0
[[-4.82937431 -4.77769232 -3.90924263 -8.33344078]]
2
[[-2.84077525 -6.25201797 -2.95322967 -8.93477154]]
0
[[-4.82937431 -4.77769232 -3.90924263 -8.33344078]]
2
[[-2.84077525 -6.25201797 -2.95322967 -8.93477154]]
0
[[-4.82937431 -4.77769232 -3.90924263 -8.33344078]]
2
[[-2.84077525 -6.25201797 -2.95322967 -8.93477154]]
0
[[-4.82937431 -4.77769232 -3.90924263 -8.33344078]]
2
[[-2.84077525 -6.25201797 -2.95322967 -8.93477154]]
0
[[-4.82937431 -4.77769232 -3.90924263 -8.33344078]]
2
[[-2.84077525 -6.25201797 -2.95322967 -8.93477154]]
0
[[-4.82937431 -4.77769232 -3.90924263 -8.33344078]]
2
[[-2.84077525 -6.25201797 -2.95322967 -8.93477154]]
0
[[-4.82937431 -4.77769232 -3.90924263 -8.33344078]]
2
[[-2.84077525 -6.25201797 -2.95322967 -8.93477154]]
0
[[-4.82937431 -4.77769232 -3.90924263 -8.33344078]]
2
[[-2.84077525 -6.25201797 -2.95322967 -8.93477154]]
0
[[-4.82937431 -4.77769232 -3.90924263 -8.33344078]]
2
[[-2.84077525 -6.25201797 -2.95322967 -8.93477154]]
0
[[-4.82937431 -4.77769232 -3.90924263 -8.33344078]]
2
[[-2.84077525 -6.25201797 -2.95322967 -8.93477154]]
0
[[-4.82937431 -4.77769232 -3.90924263 -8.33344078]]
2
[[-2.84077525 -6.25201797 -2.95322967 -8.93477154]]
0
[[-4.82937431 -4.77769232 -3.90924263 -8.33344078]]
2
[[-2.84077525 -6.25201797 -2.95322967 -8.93477154]]
0
[[-4.82937431 -4.77769232 -3.90924263 -8.33344078]]
2
[[-2.84077525 -6.25201797 -2.95322967 -8.93477154]]
0
[[-4.82937431 -4.77769232 -3.90924263 -8.33344078]]
2
[[-2.84077525 -6.25201797 -2.95322967 -8.93477154]]
0
[[-4.82937431 -4.77769232 -3.90924263 -8.33344078]]
2
[[-2.84077525 -6.25201797 -2.95322967 -8.93477154]]
0
[[-4.82937431 -4.77769232 -3.90924263 -8.33344078]]
2
[[-2.84077525 -6.25201797 -2.95322967 -8.93477154]]
0
[[-4.82937431 -4.77769232 -3.90924263 -8.33344078]]
2
[[-2.84077525 -6.25201797 -2.95322967 -8.93477154]]
0
[[-4.82937431 -4.77769232 -3.90924263 -8.33344078]]
2
[[-2.84077525 -6.25201797 -2.95322967 -8.93477154]]
0
[[-4.82937431 -4.77769232 -3.90924263 -8.33344078]]
2
[[-2.84077525 -6.25201797 -2.95322967 -8.93477154]]
0
[[-4.82937431 -4.77769232 -3.90924263 -8.33344078]]
2
[[-2.84077525 -6.25201797 -2.95322967 -8.93477154]]
0
[[-4.82937431 -4.77769232 -3.90924263 -8.33344078]]
2
[[-2.84077525 -6.25201797 -2.95322967 -8.93477154]]
0
[[-4.82937431 -4.77769232 -3.90924263 -8.33344078]]
2
[[-2.84077525 -6.25201797 -2.95322967 -8.93477154]]
0
[[-4.82937431 -4.77769232 -3.90924263 -8.33344078]]
2
[[-2.84077525 -6.25201797 -2.95322967 -8.93477154]]
0
[[-4.82937431 -4.77769232 -3.90924263 -8.33344078]]
2
[[-2.84077525 -6.25201797 -2.95322967 -8.93477154]]
0
[[-4.82937431 -4.77769232 -3.90924263 -8.33344078]]
2
[[-2.84077525 -6.25201797 -2.95322967 -8.93477154]]
0
[[-4.82937431 -4.77769232 -3.90924263 -8.33344078]]
2
[[-2.84077525 -6.25201797 -2.95322967 -8.93477154]]
0
[[-4.82937431 -4.77769232 -3.90924263 -8.33344078]]
2
[[-2.84077525 -6.25201797 -2.95322967 -8.93477154]]
0
[[-4.82937431 -4.77769232 -3.90924263 -8.33344078]]
2
[[-2.84077525 -6.25201797 -2.95322967 -8.93477154]]
0
[[-4.82937431 -4.77769232 -3.90924263 -8.33344078]]
2
[[-2.84077525 -6.25201797 -2.95322967 -8.93477154]]
0
[[-4.82937431 -4.77769232 -3.90924263 -8.33344078]]
2
FAIL
0/5
