[[-4.6402688  -4.47548103 -3.97731352 -8.29348087]]
2
[[-2.65863824 -5.96036053 -3.02023602 -8.90066147]]
0
[[-4.6402688  -4.47548103 -3.97731352 -8.29348087]]
2
[[-2.65863824 -5.96036053 -3.02023602 -8.90066147]]
0
[[-4.6402688  -4.47548103 -3.97731352 -8.29348087]]
2
[[-2.65863824 -5.96036053 -3.02023602 -8.90066147]]
0
[[-4.6402688  -4.47548103 -3.97731352 -8.29348087]]
2
[[-2.65863824 -5.96036053 -3.02023602 -8.90066147]]
0
[[-4.6402688  -4.47548103 -3.97731352 -8.29348087]]
2
[[-2.65863824 -5.96036053 -3.02023602 -8.90066147]]
0
[[-4.6402688  -4.47548103 -3.97731352 -8.29348087]]
2
[[-2.65863824 -5.96036053 -3.02023602 -8.90066147]]
0
[[-4.6402688  -4.47548103 -3.97731352 -8.29348087]]
2
[[-2.65863824 -5.96036053 -3.02023602 -8.90066147]]
0
[[-4.6402688  -4.47548103 -3.97731352 -8.29348087]]
2
[[-2.65863824 -5.96036053 -3.02023602 -8.90066147]]
0
[[-4.6402688  -4.47548103 -3.97731352 -8.29348087]]
2
[[-2.65863824 -5.96036053 -3.02023602 -8.90066147]]
0
[[-4.6402688  -4.47548103 -3.97731352 -8.29348087]]
2
[[-2.65863824 -5.96036053 -3.02023602 -8.90066147]]
0
[[-4.6402688  -4.47548103 -3.97731352 -8.29348087]]
2
[[-2.65863824 -5.96036053 -3.02023602 -8.90066147]]
0
[[-4.6402688  -4.47548103 -3.97731352 -8.29348087]]
2
[[-2.65863824 -5.96036053 -3.02023602 -8.90066147]]
0
[[-4.6402688  -4.47548103 -3.97731352 -8.29348087]]
2
[[-2.65863824 -5.96036053 -3.02023602 -8.90066147]]
0
[[-4.6402688  -4.47548103 -3.97731352 -8.29348087]]
2
[[-2.65863824 -5.96036053 -3.02023602 -8.90066147]]
0
[[-4.6402688  -4.47548103 -3.97731352 -8.29348087]]
2
[[-2.65863824 -5.96036053 -3.02023602 -8.90066147]]
0
[[-4.6402688  -4.47548103 -3.97731352 -8.29348087]]
2
[[-2.65863824 -5.96036053 -3.02023602 -8.90066147]]
0
[[-4.6402688  -4.47548103 -3.97731352 -8.29348087]]
2
[[-2.65863824 -5.96036053 -3.02023602 -8.90066147]]
0
[[-4.6402688  -4.47548103 -3.97731352 -8.29348087]]
2
[[-2.65863824 -5.96036053 -3.02023602 -8.90066147]]
0
[[-4.6402688  -4.47548103 -3.97731352 -8.29348087]]
2
[[-2.65863824 -5.96036053 -3.02023602 -8.90066147]]
0
[[-4.6402688  -4.47548103 -3.97731352 -8.29348087]]
2
[[-2.65863824 -5.96036053 -3.02023602 -8.90066147]]
0
[[-4.6402688  -4.47548103 -3.97731352 -8.29348087]]
2
[[-2.65863824 -5.96036053 -3.02023602 -8.90066147]]
0
[[-4.6402688  -4.47548103 -3.97731352 -8.29348087]]
2
[[-2.65863824 -5.96036053 -3.02023602 -8.90066147]]
0
[[-4.6402688  -4.47548103 -3.97731352 -8.29348087]]
2
[[-2.65863824 -5.96036053 -3.02023602 -8.90066147]]
0
[[-4.6402688  -4.47548103 -3.97731352 -8.29348087]]
2
[[-2.65863824 -5.96036053 -3.02023602 -8.90066147]]
0
[[-4.6402688  -4.47548103 -3.97731352 -8.29348087]]
2
[[-2.65863824 -5.96036053 -3.02023602 -8.90066147]]
0
[[-4.6402688  -4.47548103 -3.97731352 -8.29348087]]
2
[[-2.65863824 -5.96036053 -3.02023602 -8.90066147]]
0
[[-4.6402688  -4.47548103 -3.97731352 -8.29348087]]
2
[[-2.65863824 -5.96036053 -3.02023602 -8.90066147]]
0
[[-4.6402688  -4.47548103 -3.97731352 -8.29348087]]
2
[[-2.65863824 -5.96036053 -3.02023602 -8.90066147]]
0
[[-4.6402688  -4.47548103 -3.97731352 -8.29348087]]
2
[[-2.65863824 -5.96036053 -3.02023602 -8.90066147]]
0
[[-4.6402688  -4.47548103 -3.97731352 -8.29348087]]
2
[[-2.65863824 -5.96036053 -3.02023602 -8.90066147]]
0
[[-4.6402688  -4.47548103 -3.97731352 -8.29348087]]
2
[[-2.65863824 -5.96036053 -3.02023602 -8.90066147]]
0
[[-4.6402688  -4.47548103 -3.97731352 -8.29348087]]
2
[[-2.65863824 -5.96036053 -3.02023602 -8.90066147]]
0
[[-4.6402688  -4.47548103 -3.97731352 -8.29348087]]
2
[[-2.65863824 -5.96036053 -3.02023602 -8.90066147]]
0
[[-4.6402688  -4.47548103 -3.97731352 -8.29348087]]
2
[[-2.65863824 -5.96036053 -3.02023602 -8.90066147]]
0
[[-4.6402688  -4.47548103 -3.97731352 -8.29348087]]
2
[[-2.65863824 -5.96036053 -3.02023602 -8.90066147]]
0
[[-4.6402688  -4.47548103 -3.97731352 -8.29348087]]
2
[[-2.65863824 -5.96036053 -3.02023602 -8.90066147]]
0
[[-4.6402688  -4.47548103 -3.97731352 -8.29348087]]
2
[[-2.65863824 -5.96036053 -3.02023602 -8.90066147]]
0
[[-4.6402688  -4.47548103 -3.97731352 -8.29348087]]
2
[[-2.65863824 -5.96036053 -3.02023602 -8.90066147]]
0
[[-4.6402688  -4.47548103 -3.97731352 -8.29348087]]
2
[[-2.65863824 -5.96036053 -3.02023602 -8.90066147]]
0
[[-4.6402688  -4.47548103 -3.97731352 -8.29348087]]
2
[[-2.65863824 -5.96036053 -3.02023602 -8.90066147]]
0
[[-4.6402688  -4.47548103 -3.97731352 -8.29348087]]
2
[[-2.65863824 -5.96036053 -3.02023602 -8.90066147]]
0
[[-4.6402688  -4.47548103 -3.97731352 -8.29348087]]
2
[[-2.65863824 -5.96036053 -3.02023602 -8.90066147]]
0
[[-4.6402688  -4.47548103 -3.97731352 -8.29348087]]
2
[[-2.65863824 -5.96036053 -3.02023602 -8.90066147]]
0
[[-4.6402688  -4.47548103 -3.97731352 -8.29348087]]
2
[[-2.65863824 -5.96036053 -3.02023602 -8.90066147]]
0
[[-4.6402688  -4.47548103 -3.97731352 -8.29348087]]
2
[[-2.65863824 -5.96036053 -3.02023602 -8.90066147]]
0
[[-4.6402688  -4.47548103 -3.97731352 -8.29348087]]
2
[[-2.65863824 -5.96036053 -3.02023602 -8.90066147]]
0
[[-4.6402688  -4.47548103 -3.97731352 -8.29348087]]
2
[[-2.65863824 -5.96036053 -3.02023602 -8.90066147]]
0
[[-4.6402688  -4.47548103 -3.97731352 -8.29348087]]
2
[[-2.65863824 -5.96036053 -3.02023602 -8.90066147]]
0
[[-4.6402688  -4.47548103 -3.97731352 -8.29348087]]
2
[[-2.65863824 -5.96036053 -3.02023602 -8.90066147]]
0
[[-4.6402688  -4.47548103 -3.97731352 -8.29348087]]
2
[[-2.65863824 -5.96036053 -3.02023602 -8.90066147]]
0
[[-4.6402688  -4.47548103 -3.97731352 -8.29348087]]
2
FAIL
0/5
