[[-3.82469487 -7.57194376 -4.48144817 -8.12242413]]
0
[[-12.31624126 -14.88328743  -0.17803152  -7.75640249]]
2
[[-3.82469487 -7.57194376 -4.48144817 -8.12242413]]
0
[[-12.31624126 -14.88328743  -0.17803152  -7.75640249]]
2
[[-3.82469487 -7.57194376 -4.48144817 -8.12242413]]
0
[[-12.31624126 -14.88328743  -0.17803152  -7.75640249]]
2
[[-3.82469487 -7.57194376 -4.48144817 -8.12242413]]
0
[[-12.31624126 -14.88328743  -0.17803152  -7.75640249]]
2
[[-3.82469487 -7.57194376 -4.48144817 -8.12242413]]
0
[[-12.31624126 -14.88328743  -0.17803152  -7.75640249]]
2
[[-3.82469487 -7.57194376 -4.48144817 -8.12242413]]
0
[[-12.31624126 -14.88328743  -0.17803152  -7.75640249]]
2
[[-3.82469487 -7.57194376 -4.48144817 -8.12242413]]
0
[[-12.31624126 -14.88328743  -0.17803152  -7.75640249]]
2
[[-3.82469487 -7.57194376 -4.48144817 -8.12242413]]
0
[[-12.31624126 -14.88328743  -0.17803152  -7.75640249]]
2
[[-3.82469487 -7.57194376 -4.48144817 -8.12242413]]
0
[[-12.31624126 -14.88328743  -0.17803152  -7.75640249]]
2
[[-3.82469487 -7.57194376 -4.48144817 -8.12242413]]
0
[[-12.31624126 -14.88328743  -0.17803152  -7.75640249]]
2
[[-3.82469487 -7.57194376 -4.48144817 -8.12242413]]
0
[[-12.31624126 -14.88328743  -0.17803152  -7.75640249]]
2
[[-3.82469487 -7.57194376 -4.48144817 -8.12242413]]
0
[[-12.31624126 -14.88328743  -0.17803152  -7.75640249]]
2
[[-3.82469487 -7.57194376 -4.48144817 -8.12242413]]
0
[[-12.31624126 -14.88328743  -0.17803152  -7.75640249]]
2
[[-3.82469487 -7.57194376 -4.48144817 -8.12242413]]
0
[[-12.31624126 -14.88328743  -0.17803152  -7.75640249]]
2
[[-3.82469487 -7.57194376 -4.48144817 -8.12242413]]
0
[[-12.31624126 -14.88328743  -0.17803152  -7.75640249]]
2
[[-3.82469487 -7.57194376 -4.48144817 -8.12242413]]
0
[[-12.31624126 -14.88328743  -0.17803152  -7.75640249]]
2
[[-3.82469487 -7.57194376 -4.48144817 -8.12242413]]
0
[[-12.31624126 -14.88328743  -0.17803152  -7.75640249]]
2
[[-3.82469487 -7.57194376 -4.48144817 -8.12242413]]
0
[[-12.31624126 -14.88328743  -0.17803152  -7.75640249]]
2
[[-3.82469487 -7.57194376 -4.48144817 -8.12242413]]
0
[[-12.31624126 -14.88328743  -0.17803152  -7.75640249]]
2
[[-3.82469487 -7.57194376 -4.48144817 -8.12242413]]
0
[[-12.31624126 -14.88328743  -0.17803152  -7.75640249]]
2
[[-3.82469487 -7.57194376 -4.48144817 -8.12242413]]
0
[[-12.31624126 -14.88328743  -0.17803152  -7.75640249]]
2
[[-3.82469487 -7.57194376 -4.48144817 -8.12242413]]
0
[[-12.31624126 -14.88328743  -0.17803152  -7.75640249]]
2
[[-3.82469487 -7.57194376 -4.48144817 -8.12242413]]
0
[[-12.31624126 -14.88328743  -0.17803152  -7.75640249]]
2
[[-3.82469487 -7.57194376 -4.48144817 -8.12242413]]
0
[[-12.31624126 -14.88328743  -0.17803152  -7.75640249]]
2
[[-3.82469487 -7.57194376 -4.48144817 -8.12242413]]
0
[[-12.31624126 -14.88328743  -0.17803152  -7.75640249]]
2
[[-3.82469487 -7.57194376 -4.48144817 -8.12242413]]
0
[[-12.31624126 -14.88328743  -0.17803152  -7.75640249]]
2
[[-3.82469487 -7.57194376 -4.48144817 -8.12242413]]
0
[[-12.31624126 -14.88328743  -0.17803152  -7.75640249]]
2
[[-3.82469487 -7.57194376 -4.48144817 -8.12242413]]
0
[[-12.31624126 -14.88328743  -0.17803152  -7.75640249]]
2
[[-3.82469487 -7.57194376 -4.48144817 -8.12242413]]
0
[[-12.31624126 -14.88328743  -0.17803152  -7.75640249]]
2
[[-3.82469487 -7.57194376 -4.48144817 -8.12242413]]
0
[[-12.31624126 -14.88328743  -0.17803152  -7.75640249]]
2
[[-3.82469487 -7.57194376 -4.48144817 -8.12242413]]
0
[[-12.31624126 -14.88328743  -0.17803152  -7.75640249]]
2
[[-3.82469487 -7.57194376 -4.48144817 -8.12242413]]
0
[[-12.31624126 -14.88328743  -0.17803152  -7.75640249]]
2
[[-3.82469487 -7.57194376 -4.48144817 -8.12242413]]
0
[[-12.31624126 -14.88328743  -0.17803152  -7.75640249]]
2
[[-3.82469487 -7.57194376 -4.48144817 -8.12242413]]
0
[[-12.31624126 -14.88328743  -0.17803152  -7.75640249]]
2
[[-3.82469487 -7.57194376 -4.48144817 -8.12242413]]
0
[[-12.31624126 -14.88328743  -0.17803152  -7.75640249]]
2
[[-3.82469487 -7.57194376 -4.48144817 -8.12242413]]
0
[[-12.31624126 -14.88328743  -0.17803152  -7.75640249]]
2
[[-3.82469487 -7.57194376 -4.48144817 -8.12242413]]
0
[[-12.31624126 -14.88328743  -0.17803152  -7.75640249]]
2
[[-3.82469487 -7.57194376 -4.48144817 -8.12242413]]
0
[[-12.31624126 -14.88328743  -0.17803152  -7.75640249]]
2
[[-3.82469487 -7.57194376 -4.48144817 -8.12242413]]
0
[[-12.31624126 -14.88328743  -0.17803152  -7.75640249]]
2
[[-3.82469487 -7.57194376 -4.48144817 -8.12242413]]
0
[[-12.31624126 -14.88328743  -0.17803152  -7.75640249]]
2
[[-3.82469487 -7.57194376 -4.48144817 -8.12242413]]
0
[[-12.31624126 -14.88328743  -0.17803152  -7.75640249]]
2
[[-3.82469487 -7.57194376 -4.48144817 -8.12242413]]
0
[[-12.31624126 -14.88328743  -0.17803152  -7.75640249]]
2
[[-3.82469487 -7.57194376 -4.48144817 -8.12242413]]
0
[[-12.31624126 -14.88328743  -0.17803152  -7.75640249]]
2
[[-3.82469487 -7.57194376 -4.48144817 -8.12242413]]
0
[[-12.31624126 -14.88328743  -0.17803152  -7.75640249]]
2
[[-3.82469487 -7.57194376 -4.48144817 -8.12242413]]
0
[[-12.31624126 -14.88328743  -0.17803152  -7.75640249]]
2
[[-3.82469487 -7.57194376 -4.48144817 -8.12242413]]
0
[[-12.31624126 -14.88328743  -0.17803152  -7.75640249]]
2
[[-3.82469487 -7.57194376 -4.48144817 -8.12242413]]
0
[[-12.31624126 -14.88328743  -0.17803152  -7.75640249]]
2
[[-3.82469487 -7.57194376 -4.48144817 -8.12242413]]
0
[[-12.31624126 -14.88328743  -0.17803152  -7.75640249]]
2
[[-3.82469487 -7.57194376 -4.48144817 -8.12242413]]
0
[[-12.31624126 -14.88328743  -0.17803152  -7.75640249]]
2
[[-3.82469487 -7.57194376 -4.48144817 -8.12242413]]
0
[[-12.31624126 -14.88328743  -0.17803152  -7.75640249]]
2
[[-3.82469487 -7.57194376 -4.48144817 -8.12242413]]
0
FAIL
1/2
