[[-4.73717213 -4.59132481 -4.17237377 -8.30269527]]
2
[[-2.77172351 -6.08799791 -3.21388841 -8.9137392 ]]
0
[[-4.73717213 -4.59132481 -4.17237377 -8.30269527]]
2
[[-2.77172351 -6.08799791 -3.21388841 -8.9137392 ]]
0
[[-4.73717213 -4.59132481 -4.17237377 -8.30269527]]
2
[[-2.77172351 -6.08799791 -3.21388841 -8.9137392 ]]
0
[[-4.73717213 -4.59132481 -4.17237377 -8.30269527]]
2
[[-2.77172351 -6.08799791 -3.21388841 -8.9137392 ]]
0
[[-4.73717213 -4.59132481 -4.17237377 -8.30269527]]
2
[[-2.77172351 -6.08799791 -3.21388841 -8.9137392 ]]
0
[[-4.73717213 -4.59132481 -4.17237377 -8.30269527]]
2
[[-2.77172351 -6.08799791 -3.21388841 -8.9137392 ]]
0
[[-4.73717213 -4.59132481 -4.17237377 -8.30269527]]
2
[[-2.77172351 -6.08799791 -3.21388841 -8.9137392 ]]
0
[[-4.73717213 -4.59132481 -4.17237377 -8.30269527]]
2
[[-2.77172351 -6.08799791 -3.21388841 -8.9137392 ]]
0
[[-4.73717213 -4.59132481 -4.17237377 -8.30269527]]
2
[[-2.77172351 -6.08799791 -3.21388841 -8.9137392 ]]
0
[[-4.73717213 -4.59132481 -4.17237377 -8.30269527]]
2
[[-2.77172351 -6.08799791 -3.21388841 -8.9137392 ]]
0
[[-4.73717213 -4.59132481 -4.17237377 -8.30269527]]
2
[[-2.77172351 -6.08799791 -3.21388841 -8.9137392 ]]
0
[[-4.73717213 -4.59132481 -4.17237377 -8.30269527]]
2
[[-2.77172351 -6.08799791 -3.21388841 -8.9137392 ]]
0
[[-4.73717213 -4.59132481 -4.17237377 -8.30269527]]
2
[[-2.77172351 -6.08799791 -3.21388841 -8.9137392 ]]
0
[[-4.73717213 -4.59132481 -4.17237377 -8.30269527]]
2
[[-2.77172351 -6.08799791 -3.21388841 -8.9137392 ]]
0
[[-4.73717213 -4.59132481 -4.17237377 -8.30269527]]
2
[[-2.77172351 -6.08799791 -3.21388841 -8.9137392 ]]
0
[[-4.73717213 -4.59132481 -4.17237377 -8.30269527]]
2
[[-2.77172351 -6.08799791 -3.21388841 -8.9137392 ]]
0
[[-4.73717213 -4.59132481 -4.17237377 -8.30269527]]
2
[[-2.77172351 -6.08799791 -3.21388841 -8.9137392 ]]
0
[[-4.73717213 -4.59132481 -4.17237377 -8.30269527]]
2
[[-2.77172351 -6.08799791 -3.21388841 -8.9137392 ]]
0
[[-4.73717213 -4.59132481 -4.17237377 -8.30269527]]
2
[[-2.77172351 -6.08799791 -3.21388841 -8.9137392 ]]
0
[[-4.73717213 -4.59132481 -4.17237377 -8.30269527]]
2
[[-2.77172351 -6.08799791 -3.21388841 -8.9137392 ]]
0
[[-4.73717213 -4.59132481 -4.17237377 -8.30269527]]
2
[[-2.77172351 -6.08799791 -3.21388841 -8.9137392 ]]
0
[[-4.73717213 -4.59132481 -4.17237377 -8.30269527]]
2
[[-2.77172351 -6.08799791 -3.21388841 -8.9137392 ]]
0
[[-4.73717213 -4.59132481 -4.17237377 -8.30269527]]
2
[[-2.77172351 -6.08799791 -3.21388841 -8.9137392 ]]
0
[[-4.73717213 -4.59132481 -4.17237377 -8.30269527]]
2
[[-2.77172351 -6.08799791 -3.21388841 -8.9137392 ]]
0
[[-4.73717213 -4.59132481 -4.17237377 -8.30269527]]
2
[[-2.77172351 -6.08799791 -3.21388841 -8.9137392 ]]
0
[[-4.73717213 -4.59132481 -4.17237377 -8.30269527]]
2
[[-2.77172351 -6.08799791 -3.21388841 -8.9137392 ]]
0
[[-4.73717213 -4.59132481 -4.17237377 -8.30269527]]
2
[[-2.77172351 -6.08799791 -3.21388841 -8.9137392 ]]
0
[[-4.73717213 -4.59132481 -4.17237377 -8.30269527]]
2
[[-2.77172351 -6.08799791 -3.21388841 -8.9137392 ]]
0
[[-4.73717213 -4.59132481 -4.17237377 -8.30269527]]
2
[[-2.77172351 -6.08799791 -3.21388841 -8.9137392 ]]
0
[[-4.73717213 -4.59132481 -4.17237377 -8.30269527]]
2
[[-2.77172351 -6.08799791 -3.21388841 -8.9137392 ]]
0
[[-4.73717213 -4.59132481 -4.17237377 -8.30269527]]
2
[[-2.77172351 -6.08799791 -3.21388841 -8.9137392 ]]
0
[[-4.73717213 -4.59132481 -4.17237377 -8.30269527]]
2
[[-2.77172351 -6.08799791 -3.21388841 -8.9137392 ]]
0
[[-4.73717213 -4.59132481 -4.17237377 -8.30269527]]
2
[[-2.77172351 -6.08799791 -3.21388841 -8.9137392 ]]
0
[[-4.73717213 -4.59132481 -4.17237377 -8.30269527]]
2
[[-2.77172351 -6.08799791 -3.21388841 -8.9137392 ]]
0
[[-4.73717213 -4.59132481 -4.17237377 -8.30269527]]
2
[[-2.77172351 -6.08799791 -3.21388841 -8.9137392 ]]
0
[[-4.73717213 -4.59132481 -4.17237377 -8.30269527]]
2
[[-2.77172351 -6.08799791 -3.21388841 -8.9137392 ]]
0
[[-4.73717213 -4.59132481 -4.17237377 -8.30269527]]
2
[[-2.77172351 -6.08799791 -3.21388841 -8.9137392 ]]
0
[[-4.73717213 -4.59132481 -4.17237377 -8.30269527]]
2
[[-2.77172351 -6.08799791 -3.21388841 -8.9137392 ]]
0
[[-4.73717213 -4.59132481 -4.17237377 -8.30269527]]
2
[[-2.77172351 -6.08799791 -3.21388841 -8.9137392 ]]
0
[[-4.73717213 -4.59132481 -4.17237377 -8.30269527]]
2
[[-2.77172351 -6.08799791 -3.21388841 -8.9137392 ]]
0
[[-4.73717213 -4.59132481 -4.17237377 -8.30269527]]
2
[[-2.77172351 -6.08799791 -3.21388841 -8.9137392 ]]
0
[[-4.73717213 -4.59132481 -4.17237377 -8.30269527]]
2
[[-2.77172351 -6.08799791 -3.21388841 -8.9137392 ]]
0
[[-4.73717213 -4.59132481 -4.17237377 -8.30269527]]
2
[[-2.77172351 -6.08799791 -3.21388841 -8.9137392 ]]
0
[[-4.73717213 -4.59132481 -4.17237377 -8.30269527]]
2
[[-2.77172351 -6.08799791 -3.21388841 -8.9137392 ]]
0
[[-4.73717213 -4.59132481 -4.17237377 -8.30269527]]
2
[[-2.77172351 -6.08799791 -3.21388841 -8.9137392 ]]
0
[[-4.73717213 -4.59132481 -4.17237377 -8.30269527]]
2
[[-2.77172351 -6.08799791 -3.21388841 -8.9137392 ]]
0
[[-4.73717213 -4.59132481 -4.17237377 -8.30269527]]
2
[[-2.77172351 -6.08799791 -3.21388841 -8.9137392 ]]
0
[[-4.73717213 -4.59132481 -4.17237377 -8.30269527]]
2
[[-2.77172351 -6.08799791 -3.21388841 -8.9137392 ]]
0
[[-4.73717213 -4.59132481 -4.17237377 -8.30269527]]
2
[[-2.77172351 -6.08799791 -3.21388841 -8.9137392 ]]
0
[[-4.73717213 -4.59132481 -4.17237377 -8.30269527]]
2
[[-2.77172351 -6.08799791 -3.21388841 -8.9137392 ]]
0
[[-4.73717213 -4.59132481 -4.17237377 -8.30269527]]
2
FAIL
0/5
