[[-3.92361045 -7.68595409 -4.66822243 -8.09288788]]
0
[[-12.40396595 -14.98323917  -0.35214931  -7.72215271]]
2
[[-3.92361045 -7.68595409 -4.66822243 -8.09288788]]
0
[[-12.40396595 -14.98323917  -0.35214931  -7.72215271]]
2
[[-3.92361045 -7.68595409 -4.66822243 -8.09288788]]
0
[[-12.40396595 -14.98323917  -0.35214931  -7.72215271]]
2
[[-3.92361045 -7.68595409 -4.66822243 -8.09288788]]
0
[[-12.40396595 -14.98323917  -0.35214931  -7.72215271]]
2
[[-3.92361045 -7.68595409 -4.66822243 -8.09288788]]
0
[[-12.40396595 -14.98323917  -0.35214931  -7.72215271]]
2
[[-3.92361045 -7.68595409 -4.66822243 -8.09288788]]
0
[[-12.40396595 -14.98323917  -0.35214931  -7.72215271]]
2
[[-3.92361045 -7.68595409 -4.66822243 -8.09288788]]
0
[[-12.40396595 -14.98323917  -0.35214931  -7.72215271]]
2
[[-3.92361045 -7.68595409 -4.66822243 -8.09288788]]
0
[[-12.40396595 -14.98323917  -0.35214931  -7.72215271]]
2
[[-3.92361045 -7.68595409 -4.66822243 -8.09288788]]
0
[[-12.40396595 -14.98323917  -0.35214931  -7.72215271]]
2
[[-3.92361045 -7.68595409 -4.66822243 -8.09288788]]
0
[[-12.40396595 -14.98323917  -0.35214931  -7.72215271]]
2
[[-3.92361045 -7.68595409 -4.66822243 -8.09288788]]
0
[[-12.40396595 -14.98323917  -0.35214931  -7.72215271]]
2
[[-3.92361045 -7.68595409 -4.66822243 -8.09288788]]
0
[[-12.40396595 -14.98323917  -0.35214931  -7.72215271]]
2
[[-3.92361045 -7.68595409 -4.66822243 -8.09288788]]
0
[[-12.40396595 -14.98323917  -0.35214931  -7.72215271]]
2
[[-3.92361045 -7.68595409 -4.66822243 -8.09288788]]
0
[[-12.40396595 -14.98323917  -0.35214931  -7.72215271]]
2
[[-3.92361045 -7.68595409 -4.66822243 -8.09288788]]
0
[[-12.40396595 -14.98323917  -0.35214931  -7.72215271]]
2
[[-3.92361045 -7.68595409 -4.66822243 -8.09288788]]
0
[[-12.40396595 -14.98323917  -0.35214931  -7.72215271]]
2
[[-3.92361045 -7.68595409 -4.66822243 -8.09288788]]
0
[[-12.40396595 -14.98323917  -0.35214931  -7.72215271]]
2
[[-3.92361045 -7.68595409 -4.66822243 -8.09288788]]
0
[[-12.40396595 -14.98323917  -0.35214931  -7.72215271]]
2
[[-3.92361045 -7.68595409 -4.66822243 -8.09288788]]
0
[[-12.40396595 -14.98323917  -0.35214931  -7.72215271]]
2
[[-3.92361045 -7.68595409 -4.66822243 -8.09288788]]
0
[[-12.40396595 -14.98323917  -0.35214931  -7.72215271]]
2
[[-3.92361045 -7.68595409 -4.66822243 -8.09288788]]
0
[[-12.40396595 -14.98323917  -0.35214931  -7.72215271]]
2
[[-3.92361045 -7.68595409 -4.66822243 -8.09288788]]
0
[[-12.40396595 -14.98323917  -0.35214931  -7.72215271]]
2
[[-3.92361045 -7.68595409 -4.66822243 -8.09288788]]
0
[[-12.40396595 -14.98323917  -0.35214931  -7.72215271]]
2
[[-3.92361045 -7.68595409 -4.66822243 -8.09288788]]
0
[[-12.40396595 -14.98323917  -0.35214931  -7.72215271]]
2
[[-3.92361045 -7.68595409 -4.66822243 -8.09288788]]
0
[[-12.40396595 -14.98323917  -0.35214931  -7.72215271]]
2
[[-3.92361045 -7.68595409 -4.66822243 -8.09288788]]
0
[[-12.40396595 -14.98323917  -0.35214931  -7.72215271]]
2
[[-3.92361045 -7.68595409 -4.66822243 -8.09288788]]
0
[[-12.40396595 -14.98323917  -0.35214931  -7.72215271]]
2
[[-3.92361045 -7.68595409 -4.66822243 -8.09288788]]
0
[[-12.40396595 -14.98323917  -0.35214931  -7.72215271]]
2
[[-3.92361045 -7.68595409 -4.66822243 -8.09288788]]
0
[[-12.40396595 -14.98323917  -0.35214931  -7.72215271]]
2
[[-3.92361045 -7.68595409 -4.66822243 -8.09288788]]
0
[[-12.40396595 -14.98323917  -0.35214931  -7.72215271]]
2
[[-3.92361045 -7.68595409 -4.66822243 -8.09288788]]
0
[[-12.40396595 -14.98323917  -0.35214931  -7.72215271]]
2
[[-3.92361045 -7.68595409 -4.66822243 -8.09288788]]
0
[[-12.40396595 -14.98323917  -0.35214931  -7.72215271]]
2
[[-3.92361045 -7.68595409 -4.66822243 -8.09288788]]
0
[[-12.40396595 -14.98323917  -0.35214931  -7.72215271]]
2
[[-3.92361045 -7.68595409 -4.66822243 -8.09288788]]
0
[[-12.40396595 -14.98323917  -0.35214931  -7.72215271]]
2
[[-3.92361045 -7.68595409 -4.66822243 -8.09288788]]
0
[[-12.40396595 -14.98323917  -0.35214931  -7.72215271]]
2
[[-3.92361045 -7.68595409 -4.66822243 -8.09288788]]
0
[[-12.40396595 -14.98323917  -0.35214931  -7.72215271]]
2
[[-3.92361045 -7.68595409 -4.66822243 -8.09288788]]
0
[[-12.40396595 -14.98323917  -0.35214931  -7.72215271]]
2
[[-3.92361045 -7.68595409 -4.66822243 -8.09288788]]
0
[[-12.40396595 -14.98323917  -0.35214931  -7.72215271]]
2
[[-3.92361045 -7.68595409 -4.66822243 -8.09288788]]
0
[[-12.40396595 -14.98323917  -0.35214931  -7.72215271]]
2
[[-3.92361045 -7.68595409 -4.66822243 -8.09288788]]
0
[[-12.40396595 -14.98323917  -0.35214931  -7.72215271]]
2
[[-3.92361045 -7.68595409 -4.66822243 -8.09288788]]
0
[[-12.40396595 -14.98323917  -0.35214931  -7.72215271]]
2
[[-3.92361045 -7.68595409 -4.66822243 -8.09288788]]
0
[[-12.40396595 -14.98323917  -0.35214931  -7.72215271]]
2
[[-3.92361045 -7.68595409 -4.66822243 -8.09288788]]
0
[[-12.40396595 -14.98323917  -0.35214931  -7.72215271]]
2
[[-3.92361045 -7.68595409 -4.66822243 -8.09288788]]
0
[[-12.40396595 -14.98323917  -0.35214931  -7.72215271]]
2
[[-3.92361045 -7.68595409 -4.66822243 -8.09288788]]
0
[[-12.40396595 -14.98323917  -0.35214931  -7.72215271]]
2
[[-3.92361045 -7.68595409 -4.66822243 -8.09288788]]
0
[[-12.40396595 -14.98323917  -0.35214931  -7.72215271]]
2
[[-3.92361045 -7.68595409 -4.66822243 -8.09288788]]
0
[[-12.40396595 -14.98323917  -0.35214931  -7.72215271]]
2
[[-3.92361045 -7.68595409 -4.66822243 -8.09288788]]
0
[[-12.40396595 -14.98323917  -0.35214931  -7.72215271]]
2
[[-3.92361045 -7.68595409 -4.66822243 -8.09288788]]
0
[[-12.40396595 -14.98323917  -0.35214931  -7.72215271]]
2
[[-3.92361045 -7.68595409 -4.66822243 -8.09288788]]
0
[[-12.40396595 -14.98323917  -0.35214931  -7.72215271]]
2
[[-3.92361045 -7.68595409 -4.66822243 -8.09288788]]
0
FAIL
1/2
