[[ -4.74587631  -4.0226841   -2.8213551  -10.01618385]]
2
[[-2.12073779 -7.52611876 -2.88733244 -9.98230267]]
0
[[ -4.74587631  -4.0226841   -2.8213551  -10.01618385]]
2
[[-2.12073779 -7.52611876 -2.88733244 -9.98230267]]
0
[[ -4.74587631  -4.0226841   -2.8213551  -10.01618385]]
2
[[-2.12073779 -7.52611876 -2.88733244 -9.98230267]]
0
[[ -4.74587631  -4.0226841   -2.8213551  -10.01618385]]
2
[[-2.12073779 -7.52611876 -2.88733244 -9.98230267]]
0
[[ -4.74587631  -4.0226841   -2.8213551  -10.01618385]]
2
[[-2.12073779 -7.52611876 -2.88733244 -9.98230267]]
0
[[ -4.74587631  -4.0226841   -2.8213551  -10.01618385]]
2
[[-2.12073779 -7.52611876 -2.88733244 -9.98230267]]
0
[[ -4.74587631  -4.0226841   -2.8213551  -10.01618385]]
2
[[-2.12073779 -7.52611876 -2.88733244 -9.98230267]]
0
[[ -4.74587631  -4.0226841   -2.8213551  -10.01618385]]
2
[[-2.12073779 -7.52611876 -2.88733244 -9.98230267]]
0
[[ -4.74587631  -4.0226841   -2.8213551  -10.01618385]]
2
[[-2.12073779 -7.52611876 -2.88733244 -9.98230267]]
0
[[ -4.74587631  -4.0226841   -2.8213551  -10.01618385]]
2
[[-2.12073779 -7.52611876 -2.88733244 -9.98230267]]
0
[[ -4.74587631  -4.0226841   -2.8213551  -10.01618385]]
2
[[-2.12073779 -7.52611876 -2.88733244 -9.98230267]]
0
[[ -4.74587631  -4.0226841   -2.8213551  -10.01618385]]
2
[[-2.12073779 -7.52611876 -2.88733244 -9.98230267]]
0
[[ -4.74587631  -4.0226841   -2.8213551  -10.01618385]]
2
[[-2.12073779 -7.52611876 -2.88733244 -9.98230267]]
0
[[ -4.74587631  -4.0226841   -2.8213551  -10.01618385]]
2
[[-2.12073779 -7.52611876 -2.88733244 -9.98230267]]
0
[[ -4.74587631  -4.0226841   -2.8213551  -10.01618385]]
2
[[-2.12073779 -7.52611876 -2.88733244 -9.98230267]]
0
[[ -4.74587631  -4.0226841   -2.8213551  -10.01618385]]
2
[[-2.12073779 -7.52611876 -2.88733244 -9.98230267]]
0
[[ -4.74587631  -4.0226841   -2.8213551  -10.01618385]]
2
[[-2.12073779 -7.52611876 -2.88733244 -9.98230267]]
0
[[ -4.74587631  -4.0226841   -2.8213551  -10.01618385]]
2
[[-2.12073779 -7.52611876 -2.88733244 -9.98230267]]
0
[[ -4.74587631  -4.0226841   -2.8213551  -10.01618385]]
2
[[-2.12073779 -7.52611876 -2.88733244 -9.98230267]]
0
[[ -4.74587631  -4.0226841   -2.8213551  -10.01618385]]
2
[[-2.12073779 -7.52611876 -2.88733244 -9.98230267]]
0
[[ -4.74587631  -4.0226841   -2.8213551  -10.01618385]]
2
[[-2.12073779 -7.52611876 -2.88733244 -9.98230267]]
0
[[ -4.74587631  -4.0226841   -2.8213551  -10.01618385]]
2
[[-2.12073779 -7.52611876 -2.88733244 -9.98230267]]
0
[[ -4.74587631  -4.0226841   -2.8213551  -10.01618385]]
2
[[-2.12073779 -7.52611876 -2.88733244 -9.98230267]]
0
[[ -4.74587631  -4.0226841   -2.8213551  -10.01618385]]
2
[[-2.12073779 -7.52611876 -2.88733244 -9.98230267]]
0
[[ -4.74587631  -4.0226841   -2.8213551  -10.01618385]]
2
[[-2.12073779 -7.52611876 -2.88733244 -9.98230267]]
0
[[ -4.74587631  -4.0226841   -2.8213551  -10.01618385]]
2
[[-2.12073779 -7.52611876 -2.88733244 -9.98230267]]
0
[[ -4.74587631  -4.0226841   -2.8213551  -10.01618385]]
2
[[-2.12073779 -7.52611876 -2.88733244 -9.98230267]]
0
[[ -4.74587631  -4.0226841   -2.8213551  -10.01618385]]
2
[[-2.12073779 -7.52611876 -2.88733244 -9.98230267]]
0
[[ -4.74587631  -4.0226841   -2.8213551  -10.01618385]]
2
[[-2.12073779 -7.52611876 -2.88733244 -9.98230267]]
0
[[ -4.74587631  -4.0226841   -2.8213551  -10.01618385]]
2
[[-2.12073779 -7.52611876 -2.88733244 -9.98230267]]
0
[[ -4.74587631  -4.0226841   -2.8213551  -10.01618385]]
2
[[-2.12073779 -7.52611876 -2.88733244 -9.98230267]]
0
[[ -4.74587631  -4.0226841   -2.8213551  -10.01618385]]
2
[[-2.12073779 -7.52611876 -2.88733244 -9.98230267]]
0
[[ -4.74587631  -4.0226841   -2.8213551  -10.01618385]]
2
[[-2.12073779 -7.52611876 -2.88733244 -9.98230267]]
0
[[ -4.74587631  -4.0226841   -2.8213551  -10.01618385]]
2
[[-2.12073779 -7.52611876 -2.88733244 -9.98230267]]
0
[[ -4.74587631  -4.0226841   -2.8213551  -10.01618385]]
2
[[-2.12073779 -7.52611876 -2.88733244 -9.98230267]]
0
[[ -4.74587631  -4.0226841   -2.8213551  -10.01618385]]
2
[[-2.12073779 -7.52611876 -2.88733244 -9.98230267]]
0
[[ -4.74587631  -4.0226841   -2.8213551  -10.01618385]]
2
[[-2.12073779 -7.52611876 -2.88733244 -9.98230267]]
0
[[ -4.74587631  -4.0226841   -2.8213551  -10.01618385]]
2
[[-2.12073779 -7.52611876 -2.88733244 -9.98230267]]
0
[[ -4.74587631  -4.0226841   -2.8213551  -10.01618385]]
2
[[-2.12073779 -7.52611876 -2.88733244 -9.98230267]]
0
[[ -4.74587631  -4.0226841   -2.8213551  -10.01618385]]
2
[[-2.12073779 -7.52611876 -2.88733244 -9.98230267]]
0
[[ -4.74587631  -4.0226841   -2.8213551  -10.01618385]]
2
[[-2.12073779 -7.52611876 -2.88733244 -9.98230267]]
0
[[ -4.74587631  -4.0226841   -2.8213551  -10.01618385]]
2
[[-2.12073779 -7.52611876 -2.88733244 -9.98230267]]
0
[[ -4.74587631  -4.0226841   -2.8213551  -10.01618385]]
2
[[-2.12073779 -7.52611876 -2.88733244 -9.98230267]]
0
[[ -4.74587631  -4.0226841   -2.8213551  -10.01618385]]
2
[[-2.12073779 -7.52611876 -2.88733244 -9.98230267]]
0
[[ -4.74587631  -4.0226841   -2.8213551  -10.01618385]]
2
[[-2.12073779 -7.52611876 -2.88733244 -9.98230267]]
0
[[ -4.74587631  -4.0226841   -2.8213551  -10.01618385]]
2
[[-2.12073779 -7.52611876 -2.88733244 -9.98230267]]
0
[[ -4.74587631  -4.0226841   -2.8213551  -10.01618385]]
2
[[-2.12073779 -7.52611876 -2.88733244 -9.98230267]]
0
[[ -4.74587631  -4.0226841   -2.8213551  -10.01618385]]
2
[[-2.12073779 -7.52611876 -2.88733244 -9.98230267]]
0
[[ -4.74587631  -4.0226841   -2.8213551  -10.01618385]]
2
[[-2.12073779 -7.52611876 -2.88733244 -9.98230267]]
0
[[ -4.74587631  -4.0226841   -2.8213551  -10.01618385]]
2
[[-2.12073779 -7.52611876 -2.88733244 -9.98230267]]
0
[[ -4.74587631  -4.0226841   -2.8213551  -10.01618385]]
2
FAIL
0/5
