[[-2.78616118 -2.99165106 -7.27634716 -9.49058533]]
0
[[ 3.85207725  2.14042449  0.92873263 -1.67735958]]
0
[[ 1.82108653  0.36485565  1.18740082 -1.60447228]]
0
[[ 0.74324     1.15907025  1.24472332 -1.10699701]]
2
[[ 1.82108653  0.36485565  1.18740082 -1.60447228]]
0
[[ 0.74324     1.15907025  1.24472332 -1.10699701]]
2
[[ 1.82108653  0.36485565  1.18740082 -1.60447228]]
0
[[ 0.74324     1.15907025  1.24472332 -1.10699701]]
2
[[ 1.82108653  0.36485565  1.18740082 -1.60447228]]
0
[[ 0.74324     1.15907025  1.24472332 -1.10699701]]
2
[[ 1.82108653  0.36485565  1.18740082 -1.60447228]]
0
[[ 0.74324     1.15907025  1.24472332 -1.10699701]]
2
[[ 1.82108653  0.36485565  1.18740082 -1.60447228]]
0
[[ 0.74324     1.15907025  1.24472332 -1.10699701]]
2
[[ 1.82108653  0.36485565  1.18740082 -1.60447228]]
0
[[ 0.74324     1.15907025  1.24472332 -1.10699701]]
2
[[ 1.82108653  0.36485565  1.18740082 -1.60447228]]
0
[[ 0.74324     1.15907025  1.24472332 -1.10699701]]
2
[[ 1.82108653  0.36485565  1.18740082 -1.60447228]]
0
[[ 0.74324     1.15907025  1.24472332 -1.10699701]]
2
[[ 1.82108653  0.36485565  1.18740082 -1.60447228]]
0
[[ 0.74324     1.15907025  1.24472332 -1.10699701]]
2
[[ 1.82108653  0.36485565  1.18740082 -1.60447228]]
0
[[ 0.74324     1.15907025  1.24472332 -1.10699701]]
2
[[ 1.82108653  0.36485565  1.18740082 -1.60447228]]
0
[[ 0.74324     1.15907025  1.24472332 -1.10699701]]
2
[[ 1.82108653  0.36485565  1.18740082 -1.60447228]]
0
[[ 0.74324     1.15907025  1.24472332 -1.10699701]]
2
[[ 1.82108653  0.36485565  1.18740082 -1.60447228]]
0
[[ 0.74324     1.15907025  1.24472332 -1.10699701]]
2
[[ 1.82108653  0.36485565  1.18740082 -1.60447228]]
0
[[ 0.74324     1.15907025  1.24472332 -1.10699701]]
2
[[ 1.82108653  0.36485565  1.18740082 -1.60447228]]
0
[[ 0.74324     1.15907025  1.24472332 -1.10699701]]
2
[[ 1.82108653  0.36485565  1.18740082 -1.60447228]]
0
[[ 0.74324     1.15907025  1.24472332 -1.10699701]]
2
[[ 1.82108653  0.36485565  1.18740082 -1.60447228]]
0
[[ 0.74324     1.15907025  1.24472332 -1.10699701]]
2
[[ 1.82108653  0.36485565  1.18740082 -1.60447228]]
0
[[ 0.74324     1.15907025  1.24472332 -1.10699701]]
2
[[ 1.82108653  0.36485565  1.18740082 -1.60447228]]
0
[[ 0.74324     1.15907025  1.24472332 -1.10699701]]
2
[[ 1.82108653  0.36485565  1.18740082 -1.60447228]]
0
[[ 0.74324     1.15907025  1.24472332 -1.10699701]]
2
[[ 1.82108653  0.36485565  1.18740082 -1.60447228]]
0
[[ 0.74324     1.15907025  1.24472332 -1.10699701]]
2
[[ 1.82108653  0.36485565  1.18740082 -1.60447228]]
0
[[ 0.74324     1.15907025  1.24472332 -1.10699701]]
2
[[ 1.82108653  0.36485565  1.18740082 -1.60447228]]
0
[[ 0.74324     1.15907025  1.24472332 -1.10699701]]
2
[[ 1.82108653  0.36485565  1.18740082 -1.60447228]]
0
[[ 0.74324     1.15907025  1.24472332 -1.10699701]]
2
[[ 1.82108653  0.36485565  1.18740082 -1.60447228]]
0
[[ 0.74324     1.15907025  1.24472332 -1.10699701]]
2
[[ 1.82108653  0.36485565  1.18740082 -1.60447228]]
0
[[ 0.74324     1.15907025  1.24472332 -1.10699701]]
2
[[ 1.82108653  0.36485565  1.18740082 -1.60447228]]
0
[[ 0.74324     1.15907025  1.24472332 -1.10699701]]
2
[[ 1.82108653  0.36485565  1.18740082 -1.60447228]]
0
[[ 0.74324     1.15907025  1.24472332 -1.10699701]]
2
[[ 1.82108653  0.36485565  1.18740082 -1.60447228]]
0
[[ 0.74324     1.15907025  1.24472332 -1.10699701]]
2
[[ 1.82108653  0.36485565  1.18740082 -1.60447228]]
0
[[ 0.74324     1.15907025  1.24472332 -1.10699701]]
2
[[ 1.82108653  0.36485565  1.18740082 -1.60447228]]
0
[[ 0.74324     1.15907025  1.24472332 -1.10699701]]
2
[[ 1.82108653  0.36485565  1.18740082 -1.60447228]]
0
[[ 0.74324     1.15907025  1.24472332 -1.10699701]]
2
[[ 1.82108653  0.36485565  1.18740082 -1.60447228]]
0
[[ 0.74324     1.15907025  1.24472332 -1.10699701]]
2
[[ 1.82108653  0.36485565  1.18740082 -1.60447228]]
0
[[ 0.74324     1.15907025  1.24472332 -1.10699701]]
2
[[ 1.82108653  0.36485565  1.18740082 -1.60447228]]
0
[[ 0.74324     1.15907025  1.24472332 -1.10699701]]
2
[[ 1.82108653  0.36485565  1.18740082 -1.60447228]]
0
[[ 0.74324     1.15907025  1.24472332 -1.10699701]]
2
[[ 1.82108653  0.36485565  1.18740082 -1.60447228]]
0
[[ 0.74324     1.15907025  1.24472332 -1.10699701]]
2
[[ 1.82108653  0.36485565  1.18740082 -1.60447228]]
0
[[ 0.74324     1.15907025  1.24472332 -1.10699701]]
2
[[ 1.82108653  0.36485565  1.18740082 -1.60447228]]
0
[[ 0.74324     1.15907025  1.24472332 -1.10699701]]
2
[[ 1.82108653  0.36485565  1.18740082 -1.60447228]]
0
[[ 0.74324     1.15907025  1.24472332 -1.10699701]]
2
[[ 1.82108653  0.36485565  1.18740082 -1.60447228]]
0
[[ 0.74324     1.15907025  1.24472332 -1.10699701]]
2
[[ 1.82108653  0.36485565  1.18740082 -1.60447228]]
0
[[ 0.74324     1.15907025  1.24472332 -1.10699701]]
2
[[ 1.82108653  0.36485565  1.18740082 -1.60447228]]
0
[[ 0.74324     1.15907025  1.24472332 -1.10699701]]
2
[[ 1.82108653  0.36485565  1.18740082 -1.60447228]]
0
[[ 0.74324     1.15907025  1.24472332 -1.10699701]]
2
[[ 1.82108653  0.36485565  1.18740082 -1.60447228]]
0
[[ 0.74324     1.15907025  1.24472332 -1.10699701]]
2
[[ 1.82108653  0.36485565  1.18740082 -1.60447228]]
0
[[ 0.74324     1.15907025  1.24472332 -1.10699701]]
2
[[ 1.82108653  0.36485565  1.18740082 -1.60447228]]
0
[[ 0.74324     1.15907025  1.24472332 -1.10699701]]
2
[[ 1.82108653  0.36485565  1.18740082 -1.60447228]]
0
[[ 0.74324     1.15907025  1.24472332 -1.10699701]]
2
[[ 1.82108653  0.36485565  1.18740082 -1.60447228]]
0
FAIL
3/4
