[[-2.94622421 -3.11488461 -7.34077358 -9.57379532]]
0
[[ 3.81462336  2.14406133  0.96105021 -1.65289533]]
0
[[ 1.7335093   0.26555824  1.20836592 -1.62120199]]
0
[[ 0.66857243  1.08198917  1.27836823 -1.13558495]]
2
[[ 1.7335093   0.26555824  1.20836592 -1.62120199]]
0
[[ 0.66857243  1.08198917  1.27836823 -1.13558495]]
2
[[ 1.7335093   0.26555824  1.20836592 -1.62120199]]
0
[[ 0.66857243  1.08198917  1.27836823 -1.13558495]]
2
[[ 1.7335093   0.26555824  1.20836592 -1.62120199]]
0
[[ 0.66857243  1.08198917  1.27836823 -1.13558495]]
2
[[ 1.7335093   0.26555824  1.20836592 -1.62120199]]
0
[[ 0.66857243  1.08198917  1.27836823 -1.13558495]]
2
[[ 1.7335093   0.26555824  1.20836592 -1.62120199]]
0
[[ 0.66857243  1.08198917  1.27836823 -1.13558495]]
2
[[ 1.7335093   0.26555824  1.20836592 -1.62120199]]
0
[[ 0.66857243  1.08198917  1.27836823 -1.13558495]]
2
[[ 1.7335093   0.26555824  1.20836592 -1.62120199]]
0
[[ 0.66857243  1.08198917  1.27836823 -1.13558495]]
2
[[ 1.7335093   0.26555824  1.20836592 -1.62120199]]
0
[[ 0.66857243  1.08198917  1.27836823 -1.13558495]]
2
[[ 1.7335093   0.26555824  1.20836592 -1.62120199]]
0
[[ 0.66857243  1.08198917  1.27836823 -1.13558495]]
2
[[ 1.7335093   0.26555824  1.20836592 -1.62120199]]
0
[[ 0.66857243  1.08198917  1.27836823 -1.13558495]]
2
[[ 1.7335093   0.26555824  1.20836592 -1.62120199]]
0
[[ 0.66857243  1.08198917  1.27836823 -1.13558495]]
2
[[ 1.7335093   0.26555824  1.20836592 -1.62120199]]
0
[[ 0.66857243  1.08198917  1.27836823 -1.13558495]]
2
[[ 1.7335093   0.26555824  1.20836592 -1.62120199]]
0
[[ 0.66857243  1.08198917  1.27836823 -1.13558495]]
2
[[ 1.7335093   0.26555824  1.20836592 -1.62120199]]
0
[[ 0.66857243  1.08198917  1.27836823 -1.13558495]]
2
[[ 1.7335093   0.26555824  1.20836592 -1.62120199]]
0
[[ 0.66857243  1.08198917  1.27836823 -1.13558495]]
2
[[ 1.7335093   0.26555824  1.20836592 -1.62120199]]
0
[[ 0.66857243  1.08198917  1.27836823 -1.13558495]]
2
[[ 1.7335093   0.26555824  1.20836592 -1.62120199]]
0
[[ 0.66857243  1.08198917  1.27836823 -1.13558495]]
2
[[ 1.7335093   0.26555824  1.20836592 -1.62120199]]
0
[[ 0.66857243  1.08198917  1.27836823 -1.13558495]]
2
[[ 1.7335093   0.26555824  1.20836592 -1.62120199]]
0
[[ 0.66857243  1.08198917  1.27836823 -1.13558495]]
2
[[ 1.7335093   0.26555824  1.20836592 -1.62120199]]
0
[[ 0.66857243  1.08198917  1.27836823 -1.13558495]]
2
[[ 1.7335093   0.26555824  1.20836592 -1.62120199]]
0
[[ 0.66857243  1.08198917  1.27836823 -1.13558495]]
2
[[ 1.7335093   0.26555824  1.20836592 -1.62120199]]
0
[[ 0.66857243  1.08198917  1.27836823 -1.13558495]]
2
[[ 1.7335093   0.26555824  1.20836592 -1.62120199]]
0
[[ 0.66857243  1.08198917  1.27836823 -1.13558495]]
2
[[ 1.7335093   0.26555824  1.20836592 -1.62120199]]
0
[[ 0.66857243  1.08198917  1.27836823 -1.13558495]]
2
[[ 1.7335093   0.26555824  1.20836592 -1.62120199]]
0
[[ 0.66857243  1.08198917  1.27836823 -1.13558495]]
2
[[ 1.7335093   0.26555824  1.20836592 -1.62120199]]
0
[[ 0.66857243  1.08198917  1.27836823 -1.13558495]]
2
[[ 1.7335093   0.26555824  1.20836592 -1.62120199]]
0
[[ 0.66857243  1.08198917  1.27836823 -1.13558495]]
2
[[ 1.7335093   0.26555824  1.20836592 -1.62120199]]
0
[[ 0.66857243  1.08198917  1.27836823 -1.13558495]]
2
[[ 1.7335093   0.26555824  1.20836592 -1.62120199]]
0
[[ 0.66857243  1.08198917  1.27836823 -1.13558495]]
2
[[ 1.7335093   0.26555824  1.20836592 -1.62120199]]
0
[[ 0.66857243  1.08198917  1.27836823 -1.13558495]]
2
[[ 1.7335093   0.26555824  1.20836592 -1.62120199]]
0
[[ 0.66857243  1.08198917  1.27836823 -1.13558495]]
2
[[ 1.7335093   0.26555824  1.20836592 -1.62120199]]
0
[[ 0.66857243  1.08198917  1.27836823 -1.13558495]]
2
[[ 1.7335093   0.26555824  1.20836592 -1.62120199]]
0
[[ 0.66857243  1.08198917  1.27836823 -1.13558495]]
2
[[ 1.7335093   0.26555824  1.20836592 -1.62120199]]
0
[[ 0.66857243  1.08198917  1.27836823 -1.13558495]]
2
[[ 1.7335093   0.26555824  1.20836592 -1.62120199]]
0
[[ 0.66857243  1.08198917  1.27836823 -1.13558495]]
2
[[ 1.7335093   0.26555824  1.20836592 -1.62120199]]
0
[[ 0.66857243  1.08198917  1.27836823 -1.13558495]]
2
[[ 1.7335093   0.26555824  1.20836592 -1.62120199]]
0
[[ 0.66857243  1.08198917  1.27836823 -1.13558495]]
2
[[ 1.7335093   0.26555824  1.20836592 -1.62120199]]
0
[[ 0.66857243  1.08198917  1.27836823 -1.13558495]]
2
[[ 1.7335093   0.26555824  1.20836592 -1.62120199]]
0
[[ 0.66857243  1.08198917  1.27836823 -1.13558495]]
2
[[ 1.7335093   0.26555824  1.20836592 -1.62120199]]
0
[[ 0.66857243  1.08198917  1.27836823 -1.13558495]]
2
[[ 1.7335093   0.26555824  1.20836592 -1.62120199]]
0
[[ 0.66857243  1.08198917  1.27836823 -1.13558495]]
2
[[ 1.7335093   0.26555824  1.20836592 -1.62120199]]
0
[[ 0.66857243  1.08198917  1.27836823 -1.13558495]]
2
[[ 1.7335093   0.26555824  1.20836592 -1.62120199]]
0
[[ 0.66857243  1.08198917  1.27836823 -1.13558495]]
2
[[ 1.7335093   0.26555824  1.20836592 -1.62120199]]
0
[[ 0.66857243  1.08198917  1.27836823 -1.13558495]]
2
[[ 1.7335093   0.26555824  1.20836592 -1.62120199]]
0
[[ 0.66857243  1.08198917  1.27836823 -1.13558495]]
2
[[ 1.7335093   0.26555824  1.20836592 -1.62120199]]
0
[[ 0.66857243  1.08198917  1.27836823 -1.13558495]]
2
[[ 1.7335093   0.26555824  1.20836592 -1.62120199]]
0
[[ 0.66857243  1.08198917  1.27836823 -1.13558495]]
2
[[ 1.7335093   0.26555824  1.20836592 -1.62120199]]
0
[[ 0.66857243  1.08198917  1.27836823 -1.13558495]]
2
[[ 1.7335093   0.26555824  1.20836592 -1.62120199]]
0
FAIL
3/4
