[[-3.0809207  -3.21894598 -7.36745644 -9.63111401]]
0
[[ 3.73350334  2.10303116  0.97170246 -1.66197586]]
0
[[ 1.6385833   0.16817714  1.25012076 -1.63554442]]
0
[[ 0.59781283  1.00723326  1.32958233 -1.15639019]]
2
[[ 1.6385833   0.16817714  1.25012076 -1.63554442]]
0
[[ 0.59781283  1.00723326  1.32958233 -1.15639019]]
2
[[ 1.6385833   0.16817714  1.25012076 -1.63554442]]
0
[[ 0.59781283  1.00723326  1.32958233 -1.15639019]]
2
[[ 1.6385833   0.16817714  1.25012076 -1.63554442]]
0
[[ 0.59781283  1.00723326  1.32958233 -1.15639019]]
2
[[ 1.6385833   0.16817714  1.25012076 -1.63554442]]
0
[[ 0.59781283  1.00723326  1.32958233 -1.15639019]]
2
[[ 1.6385833   0.16817714  1.25012076 -1.63554442]]
0
[[ 0.59781283  1.00723326  1.32958233 -1.15639019]]
2
[[ 1.6385833   0.16817714  1.25012076 -1.63554442]]
0
[[ 0.59781283  1.00723326  1.32958233 -1.15639019]]
2
[[ 1.6385833   0.16817714  1.25012076 -1.63554442]]
0
[[ 0.59781283  1.00723326  1.32958233 -1.15639019]]
2
[[ 1.6385833   0.16817714  1.25012076 -1.63554442]]
0
[[ 0.59781283  1.00723326  1.32958233 -1.15639019]]
2
[[ 1.6385833   0.16817714  1.25012076 -1.63554442]]
0
[[ 0.59781283  1.00723326  1.32958233 -1.15639019]]
2
[[ 1.6385833   0.16817714  1.25012076 -1.63554442]]
0
[[ 0.59781283  1.00723326  1.32958233 -1.15639019]]
2
[[ 1.6385833   0.16817714  1.25012076 -1.63554442]]
0
[[ 0.59781283  1.00723326  1.32958233 -1.15639019]]
2
[[ 1.6385833   0.16817714  1.25012076 -1.63554442]]
0
[[ 0.59781283  1.00723326  1.32958233 -1.15639019]]
2
[[ 1.6385833   0.16817714  1.25012076 -1.63554442]]
0
[[ 0.59781283  1.00723326  1.32958233 -1.15639019]]
2
[[ 1.6385833   0.16817714  1.25012076 -1.63554442]]
0
[[ 0.59781283  1.00723326  1.32958233 -1.15639019]]
2
[[ 1.6385833   0.16817714  1.25012076 -1.63554442]]
0
[[ 0.59781283  1.00723326  1.32958233 -1.15639019]]
2
[[ 1.6385833   0.16817714  1.25012076 -1.63554442]]
0
[[ 0.59781283  1.00723326  1.32958233 -1.15639019]]
2
[[ 1.6385833   0.16817714  1.25012076 -1.63554442]]
0
[[ 0.59781283  1.00723326  1.32958233 -1.15639019]]
2
[[ 1.6385833   0.16817714  1.25012076 -1.63554442]]
0
[[ 0.59781283  1.00723326  1.32958233 -1.15639019]]
2
[[ 1.6385833   0.16817714  1.25012076 -1.63554442]]
0
[[ 0.59781283  1.00723326  1.32958233 -1.15639019]]
2
[[ 1.6385833   0.16817714  1.25012076 -1.63554442]]
0
[[ 0.59781283  1.00723326  1.32958233 -1.15639019]]
2
[[ 1.6385833   0.16817714  1.25012076 -1.63554442]]
0
[[ 0.59781283  1.00723326  1.32958233 -1.15639019]]
2
[[ 1.6385833   0.16817714  1.25012076 -1.63554442]]
0
[[ 0.59781283  1.00723326  1.32958233 -1.15639019]]
2
[[ 1.6385833   0.16817714  1.25012076 -1.63554442]]
0
[[ 0.59781283  1.00723326  1.32958233 -1.15639019]]
2
[[ 1.6385833   0.16817714  1.25012076 -1.63554442]]
0
[[ 0.59781283  1.00723326  1.32958233 -1.15639019]]
2
[[ 1.6385833   0.16817714  1.25012076 -1.63554442]]
0
[[ 0.59781283  1.00723326  1.32958233 -1.15639019]]
2
[[ 1.6385833   0.16817714  1.25012076 -1.63554442]]
0
[[ 0.59781283  1.00723326  1.32958233 -1.15639019]]
2
[[ 1.6385833   0.16817714  1.25012076 -1.63554442]]
0
[[ 0.59781283  1.00723326  1.32958233 -1.15639019]]
2
[[ 1.6385833   0.16817714  1.25012076 -1.63554442]]
0
[[ 0.59781283  1.00723326  1.32958233 -1.15639019]]
2
[[ 1.6385833   0.16817714  1.25012076 -1.63554442]]
0
[[ 0.59781283  1.00723326  1.32958233 -1.15639019]]
2
[[ 1.6385833   0.16817714  1.25012076 -1.63554442]]
0
[[ 0.59781283  1.00723326  1.32958233 -1.15639019]]
2
[[ 1.6385833   0.16817714  1.25012076 -1.63554442]]
0
[[ 0.59781283  1.00723326  1.32958233 -1.15639019]]
2
[[ 1.6385833   0.16817714  1.25012076 -1.63554442]]
0
[[ 0.59781283  1.00723326  1.32958233 -1.15639019]]
2
[[ 1.6385833   0.16817714  1.25012076 -1.63554442]]
0
[[ 0.59781283  1.00723326  1.32958233 -1.15639019]]
2
[[ 1.6385833   0.16817714  1.25012076 -1.63554442]]
0
[[ 0.59781283  1.00723326  1.32958233 -1.15639019]]
2
[[ 1.6385833   0.16817714  1.25012076 -1.63554442]]
0
[[ 0.59781283  1.00723326  1.32958233 -1.15639019]]
2
[[ 1.6385833   0.16817714  1.25012076 -1.63554442]]
0
[[ 0.59781283  1.00723326  1.32958233 -1.15639019]]
2
[[ 1.6385833   0.16817714  1.25012076 -1.63554442]]
0
[[ 0.59781283  1.00723326  1.32958233 -1.15639019]]
2
[[ 1.6385833   0.16817714  1.25012076 -1.63554442]]
0
[[ 0.59781283  1.00723326  1.32958233 -1.15639019]]
2
[[ 1.6385833   0.16817714  1.25012076 -1.63554442]]
0
[[ 0.59781283  1.00723326  1.32958233 -1.15639019]]
2
[[ 1.6385833   0.16817714  1.25012076 -1.63554442]]
0
[[ 0.59781283  1.00723326  1.32958233 -1.15639019]]
2
[[ 1.6385833   0.16817714  1.25012076 -1.63554442]]
0
[[ 0.59781283  1.00723326  1.32958233 -1.15639019]]
2
[[ 1.6385833   0.16817714  1.25012076 -1.63554442]]
0
[[ 0.59781283  1.00723326  1.32958233 -1.15639019]]
2
[[ 1.6385833   0.16817714  1.25012076 -1.63554442]]
0
[[ 0.59781283  1.00723326  1.32958233 -1.15639019]]
2
[[ 1.6385833   0.16817714  1.25012076 -1.63554442]]
0
[[ 0.59781283  1.00723326  1.32958233 -1.15639019]]
2
[[ 1.6385833   0.16817714  1.25012076 -1.63554442]]
0
[[ 0.59781283  1.00723326  1.32958233 -1.15639019]]
2
[[ 1.6385833   0.16817714  1.25012076 -1.63554442]]
0
[[ 0.59781283  1.00723326  1.32958233 -1.15639019]]
2
[[ 1.6385833   0.16817714  1.25012076 -1.63554442]]
0
[[ 0.59781283  1.00723326  1.32958233 -1.15639019]]
2
[[ 1.6385833   0.16817714  1.25012076 -1.63554442]]
0
[[ 0.59781283  1.00723326  1.32958233 -1.15639019]]
2
[[ 1.6385833   0.16817714  1.25012076 -1.63554442]]
0
FAIL
3/4
