[[-3.18731689 -3.28637767 -7.36798191 -9.66592598]]
0
[[ 3.68436146  2.093225    1.01114678 -1.64956141]]
0
[[ 1.57470989  0.11063325  1.32862651 -1.61502004]]
0
[[ 0.54559535  0.96044129  1.38489103 -1.17121267]]
2
[[ 1.57470989  0.11063325  1.32862651 -1.61502004]]
0
[[ 0.54559535  0.96044129  1.38489103 -1.17121267]]
2
[[ 1.57470989  0.11063325  1.32862651 -1.61502004]]
0
[[ 0.54559535  0.96044129  1.38489103 -1.17121267]]
2
[[ 1.57470989  0.11063325  1.32862651 -1.61502004]]
0
[[ 0.54559535  0.96044129  1.38489103 -1.17121267]]
2
[[ 1.57470989  0.11063325  1.32862651 -1.61502004]]
0
[[ 0.54559535  0.96044129  1.38489103 -1.17121267]]
2
[[ 1.57470989  0.11063325  1.32862651 -1.61502004]]
0
[[ 0.54559535  0.96044129  1.38489103 -1.17121267]]
2
[[ 1.57470989  0.11063325  1.32862651 -1.61502004]]
0
[[ 0.54559535  0.96044129  1.38489103 -1.17121267]]
2
[[ 1.57470989  0.11063325  1.32862651 -1.61502004]]
0
[[ 0.54559535  0.96044129  1.38489103 -1.17121267]]
2
[[ 1.57470989  0.11063325  1.32862651 -1.61502004]]
0
[[ 0.54559535  0.96044129  1.38489103 -1.17121267]]
2
[[ 1.57470989  0.11063325  1.32862651 -1.61502004]]
0
[[ 0.54559535  0.96044129  1.38489103 -1.17121267]]
2
[[ 1.57470989  0.11063325  1.32862651 -1.61502004]]
0
[[ 0.54559535  0.96044129  1.38489103 -1.17121267]]
2
[[ 1.57470989  0.11063325  1.32862651 -1.61502004]]
0
[[ 0.54559535  0.96044129  1.38489103 -1.17121267]]
2
[[ 1.57470989  0.11063325  1.32862651 -1.61502004]]
0
[[ 0.54559535  0.96044129  1.38489103 -1.17121267]]
2
[[ 1.57470989  0.11063325  1.32862651 -1.61502004]]
0
[[ 0.54559535  0.96044129  1.38489103 -1.17121267]]
2
[[ 1.57470989  0.11063325  1.32862651 -1.61502004]]
0
[[ 0.54559535  0.96044129  1.38489103 -1.17121267]]
2
[[ 1.57470989  0.11063325  1.32862651 -1.61502004]]
0
[[ 0.54559535  0.96044129  1.38489103 -1.17121267]]
2
[[ 1.57470989  0.11063325  1.32862651 -1.61502004]]
0
[[ 0.54559535  0.96044129  1.38489103 -1.17121267]]
2
[[ 1.57470989  0.11063325  1.32862651 -1.61502004]]
0
[[ 0.54559535  0.96044129  1.38489103 -1.17121267]]
2
[[ 1.57470989  0.11063325  1.32862651 -1.61502004]]
0
[[ 0.54559535  0.96044129  1.38489103 -1.17121267]]
2
[[ 1.57470989  0.11063325  1.32862651 -1.61502004]]
0
[[ 0.54559535  0.96044129  1.38489103 -1.17121267]]
2
[[ 1.57470989  0.11063325  1.32862651 -1.61502004]]
0
[[ 0.54559535  0.96044129  1.38489103 -1.17121267]]
2
[[ 1.57470989  0.11063325  1.32862651 -1.61502004]]
0
[[ 0.54559535  0.96044129  1.38489103 -1.17121267]]
2
[[ 1.57470989  0.11063325  1.32862651 -1.61502004]]
0
[[ 0.54559535  0.96044129  1.38489103 -1.17121267]]
2
[[ 1.57470989  0.11063325  1.32862651 -1.61502004]]
0
[[ 0.54559535  0.96044129  1.38489103 -1.17121267]]
2
[[ 1.57470989  0.11063325  1.32862651 -1.61502004]]
0
[[ 0.54559535  0.96044129  1.38489103 -1.17121267]]
2
[[ 1.57470989  0.11063325  1.32862651 -1.61502004]]
0
[[ 0.54559535  0.96044129  1.38489103 -1.17121267]]
2
[[ 1.57470989  0.11063325  1.32862651 -1.61502004]]
0
[[ 0.54559535  0.96044129  1.38489103 -1.17121267]]
2
[[ 1.57470989  0.11063325  1.32862651 -1.61502004]]
0
[[ 0.54559535  0.96044129  1.38489103 -1.17121267]]
2
[[ 1.57470989  0.11063325  1.32862651 -1.61502004]]
0
[[ 0.54559535  0.96044129  1.38489103 -1.17121267]]
2
[[ 1.57470989  0.11063325  1.32862651 -1.61502004]]
0
[[ 0.54559535  0.96044129  1.38489103 -1.17121267]]
2
[[ 1.57470989  0.11063325  1.32862651 -1.61502004]]
0
[[ 0.54559535  0.96044129  1.38489103 -1.17121267]]
2
[[ 1.57470989  0.11063325  1.32862651 -1.61502004]]
0
[[ 0.54559535  0.96044129  1.38489103 -1.17121267]]
2
[[ 1.57470989  0.11063325  1.32862651 -1.61502004]]
0
[[ 0.54559535  0.96044129  1.38489103 -1.17121267]]
2
[[ 1.57470989  0.11063325  1.32862651 -1.61502004]]
0
[[ 0.54559535  0.96044129  1.38489103 -1.17121267]]
2
[[ 1.57470989  0.11063325  1.32862651 -1.61502004]]
0
[[ 0.54559535  0.96044129  1.38489103 -1.17121267]]
2
[[ 1.57470989  0.11063325  1.32862651 -1.61502004]]
0
[[ 0.54559535  0.96044129  1.38489103 -1.17121267]]
2
[[ 1.57470989  0.11063325  1.32862651 -1.61502004]]
0
[[ 0.54559535  0.96044129  1.38489103 -1.17121267]]
2
[[ 1.57470989  0.11063325  1.32862651 -1.61502004]]
0
[[ 0.54559535  0.96044129  1.38489103 -1.17121267]]
2
[[ 1.57470989  0.11063325  1.32862651 -1.61502004]]
0
[[ 0.54559535  0.96044129  1.38489103 -1.17121267]]
2
[[ 1.57470989  0.11063325  1.32862651 -1.61502004]]
0
[[ 0.54559535  0.96044129  1.38489103 -1.17121267]]
2
[[ 1.57470989  0.11063325  1.32862651 -1.61502004]]
0
[[ 0.54559535  0.96044129  1.38489103 -1.17121267]]
2
[[ 1.57470989  0.11063325  1.32862651 -1.61502004]]
0
[[ 0.54559535  0.96044129  1.38489103 -1.17121267]]
2
[[ 1.57470989  0.11063325  1.32862651 -1.61502004]]
0
[[ 0.54559535  0.96044129  1.38489103 -1.17121267]]
2
[[ 1.57470989  0.11063325  1.32862651 -1.61502004]]
0
[[ 0.54559535  0.96044129  1.38489103 -1.17121267]]
2
[[ 1.57470989  0.11063325  1.32862651 -1.61502004]]
0
[[ 0.54559535  0.96044129  1.38489103 -1.17121267]]
2
[[ 1.57470989  0.11063325  1.32862651 -1.61502004]]
0
[[ 0.54559535  0.96044129  1.38489103 -1.17121267]]
2
[[ 1.57470989  0.11063325  1.32862651 -1.61502004]]
0
[[ 0.54559535  0.96044129  1.38489103 -1.17121267]]
2
[[ 1.57470989  0.11063325  1.32862651 -1.61502004]]
0
[[ 0.54559535  0.96044129  1.38489103 -1.17121267]]
2
[[ 1.57470989  0.11063325  1.32862651 -1.61502004]]
0
[[ 0.54559535  0.96044129  1.38489103 -1.17121267]]
2
[[ 1.57470989  0.11063325  1.32862651 -1.61502004]]
0
FAIL
3/4
