[[-3.30203199 -3.35113668 -7.36803484 -9.69572067]]
0
[[ 3.62455654  2.07125568  1.04515278 -1.64400017]]
0
[[ 1.50680327  0.05480221  1.40388393 -1.59453571]]
0
[[ 0.474206    0.9015131   1.42664528 -1.19113421]]
2
[[ 1.50680327  0.05480221  1.40388393 -1.59453571]]
0
[[ 0.474206    0.9015131   1.42664528 -1.19113421]]
2
[[ 1.50680327  0.05480221  1.40388393 -1.59453571]]
0
[[ 0.474206    0.9015131   1.42664528 -1.19113421]]
2
[[ 1.50680327  0.05480221  1.40388393 -1.59453571]]
0
[[ 0.474206    0.9015131   1.42664528 -1.19113421]]
2
[[ 1.50680327  0.05480221  1.40388393 -1.59453571]]
0
[[ 0.474206    0.9015131   1.42664528 -1.19113421]]
2
[[ 1.50680327  0.05480221  1.40388393 -1.59453571]]
0
[[ 0.474206    0.9015131   1.42664528 -1.19113421]]
2
[[ 1.50680327  0.05480221  1.40388393 -1.59453571]]
0
[[ 0.474206    0.9015131   1.42664528 -1.19113421]]
2
[[ 1.50680327  0.05480221  1.40388393 -1.59453571]]
0
[[ 0.474206    0.9015131   1.42664528 -1.19113421]]
2
[[ 1.50680327  0.05480221  1.40388393 -1.59453571]]
0
[[ 0.474206    0.9015131   1.42664528 -1.19113421]]
2
[[ 1.50680327  0.05480221  1.40388393 -1.59453571]]
0
[[ 0.474206    0.9015131   1.42664528 -1.19113421]]
2
[[ 1.50680327  0.05480221  1.40388393 -1.59453571]]
0
[[ 0.474206    0.9015131   1.42664528 -1.19113421]]
2
[[ 1.50680327  0.05480221  1.40388393 -1.59453571]]
0
[[ 0.474206    0.9015131   1.42664528 -1.19113421]]
2
[[ 1.50680327  0.05480221  1.40388393 -1.59453571]]
0
[[ 0.474206    0.9015131   1.42664528 -1.19113421]]
2
[[ 1.50680327  0.05480221  1.40388393 -1.59453571]]
0
[[ 0.474206    0.9015131   1.42664528 -1.19113421]]
2
[[ 1.50680327  0.05480221  1.40388393 -1.59453571]]
0
[[ 0.474206    0.9015131   1.42664528 -1.19113421]]
2
[[ 1.50680327  0.05480221  1.40388393 -1.59453571]]
0
[[ 0.474206    0.9015131   1.42664528 -1.19113421]]
2
[[ 1.50680327  0.05480221  1.40388393 -1.59453571]]
0
[[ 0.474206    0.9015131   1.42664528 -1.19113421]]
2
[[ 1.50680327  0.05480221  1.40388393 -1.59453571]]
0
[[ 0.474206    0.9015131   1.42664528 -1.19113421]]
2
[[ 1.50680327  0.05480221  1.40388393 -1.59453571]]
0
[[ 0.474206    0.9015131   1.42664528 -1.19113421]]
2
[[ 1.50680327  0.05480221  1.40388393 -1.59453571]]
0
[[ 0.474206    0.9015131   1.42664528 -1.19113421]]
2
[[ 1.50680327  0.05480221  1.40388393 -1.59453571]]
0
[[ 0.474206    0.9015131   1.42664528 -1.19113421]]
2
[[ 1.50680327  0.05480221  1.40388393 -1.59453571]]
0
[[ 0.474206    0.9015131   1.42664528 -1.19113421]]
2
[[ 1.50680327  0.05480221  1.40388393 -1.59453571]]
0
[[ 0.474206    0.9015131   1.42664528 -1.19113421]]
2
[[ 1.50680327  0.05480221  1.40388393 -1.59453571]]
0
[[ 0.474206    0.9015131   1.42664528 -1.19113421]]
2
[[ 1.50680327  0.05480221  1.40388393 -1.59453571]]
0
[[ 0.474206    0.9015131   1.42664528 -1.19113421]]
2
[[ 1.50680327  0.05480221  1.40388393 -1.59453571]]
0
[[ 0.474206    0.9015131   1.42664528 -1.19113421]]
2
[[ 1.50680327  0.05480221  1.40388393 -1.59453571]]
0
[[ 0.474206    0.9015131   1.42664528 -1.19113421]]
2
[[ 1.50680327  0.05480221  1.40388393 -1.59453571]]
0
[[ 0.474206    0.9015131   1.42664528 -1.19113421]]
2
[[ 1.50680327  0.05480221  1.40388393 -1.59453571]]
0
[[ 0.474206    0.9015131   1.42664528 -1.19113421]]
2
[[ 1.50680327  0.05480221  1.40388393 -1.59453571]]
0
[[ 0.474206    0.9015131   1.42664528 -1.19113421]]
2
[[ 1.50680327  0.05480221  1.40388393 -1.59453571]]
0
[[ 0.474206    0.9015131   1.42664528 -1.19113421]]
2
[[ 1.50680327  0.05480221  1.40388393 -1.59453571]]
0
[[ 0.474206    0.9015131   1.42664528 -1.19113421]]
2
[[ 1.50680327  0.05480221  1.40388393 -1.59453571]]
0
[[ 0.474206    0.9015131   1.42664528 -1.19113421]]
2
[[ 1.50680327  0.05480221  1.40388393 -1.59453571]]
0
[[ 0.474206    0.9015131   1.42664528 -1.19113421]]
2
[[ 1.50680327  0.05480221  1.40388393 -1.59453571]]
0
[[ 0.474206    0.9015131   1.42664528 -1.19113421]]
2
[[ 1.50680327  0.05480221  1.40388393 -1.59453571]]
0
[[ 0.474206    0.9015131   1.42664528 -1.19113421]]
2
[[ 1.50680327  0.05480221  1.40388393 -1.59453571]]
0
[[ 0.474206    0.9015131   1.42664528 -1.19113421]]
2
[[ 1.50680327  0.05480221  1.40388393 -1.59453571]]
0
[[ 0.474206    0.9015131   1.42664528 -1.19113421]]
2
[[ 1.50680327  0.05480221  1.40388393 -1.59453571]]
0
[[ 0.474206    0.9015131   1.42664528 -1.19113421]]
2
[[ 1.50680327  0.05480221  1.40388393 -1.59453571]]
0
[[ 0.474206    0.9015131   1.42664528 -1.19113421]]
2
[[ 1.50680327  0.05480221  1.40388393 -1.59453571]]
0
[[ 0.474206    0.9015131   1.42664528 -1.19113421]]
2
[[ 1.50680327  0.05480221  1.40388393 -1.59453571]]
0
[[ 0.474206    0.9015131   1.42664528 -1.19113421]]
2
[[ 1.50680327  0.05480221  1.40388393 -1.59453571]]
0
[[ 0.474206    0.9015131   1.42664528 -1.19113421]]
2
[[ 1.50680327  0.05480221  1.40388393 -1.59453571]]
0
[[ 0.474206    0.9015131   1.42664528 -1.19113421]]
2
[[ 1.50680327  0.05480221  1.40388393 -1.59453571]]
0
[[ 0.474206    0.9015131   1.42664528 -1.19113421]]
2
[[ 1.50680327  0.05480221  1.40388393 -1.59453571]]
0
[[ 0.474206    0.9015131   1.42664528 -1.19113421]]
2
[[ 1.50680327  0.05480221  1.40388393 -1.59453571]]
0
[[ 0.474206    0.9015131   1.42664528 -1.19113421]]
2
[[ 1.50680327  0.05480221  1.40388393 -1.59453571]]
0
[[ 0.474206    0.9015131   1.42664528 -1.19113421]]
2
[[ 1.50680327  0.05480221  1.40388393 -1.59453571]]
0
[[ 0.474206    0.9015131   1.42664528 -1.19113421]]
2
[[ 1.50680327  0.05480221  1.40388393 -1.59453571]]
0
FAIL
3/4
