[[-3.4183259  -3.42536688 -7.3683815  -9.72773743]]
0
[[ 3.57343507  2.03905869  1.08905733 -1.63661337]]
0
[[  1.44437277e+00   3.23235989e-04   1.48812461e+00  -1.56966555e+00]]
2
[[ 3.57343507  2.03905869  1.08905733 -1.63661337]]
0
[[  1.44437277e+00   3.23235989e-04   1.48812461e+00  -1.56966555e+00]]
2
[[ 3.57343507  2.03905869  1.08905733 -1.63661337]]
0
[[  1.44437277e+00   3.23235989e-04   1.48812461e+00  -1.56966555e+00]]
2
[[ 3.57343507  2.03905869  1.08905733 -1.63661337]]
0
[[  1.44437277e+00   3.23235989e-04   1.48812461e+00  -1.56966555e+00]]
2
[[ 3.57343507  2.03905869  1.08905733 -1.63661337]]
0
[[  1.44437277e+00   3.23235989e-04   1.48812461e+00  -1.56966555e+00]]
2
[[ 3.57343507  2.03905869  1.08905733 -1.63661337]]
0
[[  1.44437277e+00   3.23235989e-04   1.48812461e+00  -1.56966555e+00]]
2
[[ 3.57343507  2.03905869  1.08905733 -1.63661337]]
0
[[  1.44437277e+00   3.23235989e-04   1.48812461e+00  -1.56966555e+00]]
2
[[ 3.57343507  2.03905869  1.08905733 -1.63661337]]
0
[[  1.44437277e+00   3.23235989e-04   1.48812461e+00  -1.56966555e+00]]
2
[[ 3.57343507  2.03905869  1.08905733 -1.63661337]]
0
[[  1.44437277e+00   3.23235989e-04   1.48812461e+00  -1.56966555e+00]]
2
[[ 3.57343507  2.03905869  1.08905733 -1.63661337]]
0
[[  1.44437277e+00   3.23235989e-04   1.48812461e+00  -1.56966555e+00]]
2
[[ 3.57343507  2.03905869  1.08905733 -1.63661337]]
0
[[  1.44437277e+00   3.23235989e-04   1.48812461e+00  -1.56966555e+00]]
2
[[ 3.57343507  2.03905869  1.08905733 -1.63661337]]
0
[[  1.44437277e+00   3.23235989e-04   1.48812461e+00  -1.56966555e+00]]
2
[[ 3.57343507  2.03905869  1.08905733 -1.63661337]]
0
[[  1.44437277e+00   3.23235989e-04   1.48812461e+00  -1.56966555e+00]]
2
[[ 3.57343507  2.03905869  1.08905733 -1.63661337]]
0
[[  1.44437277e+00   3.23235989e-04   1.48812461e+00  -1.56966555e+00]]
2
[[ 3.57343507  2.03905869  1.08905733 -1.63661337]]
0
[[  1.44437277e+00   3.23235989e-04   1.48812461e+00  -1.56966555e+00]]
2
[[ 3.57343507  2.03905869  1.08905733 -1.63661337]]
0
[[  1.44437277e+00   3.23235989e-04   1.48812461e+00  -1.56966555e+00]]
2
[[ 3.57343507  2.03905869  1.08905733 -1.63661337]]
0
[[  1.44437277e+00   3.23235989e-04   1.48812461e+00  -1.56966555e+00]]
2
[[ 3.57343507  2.03905869  1.08905733 -1.63661337]]
0
[[  1.44437277e+00   3.23235989e-04   1.48812461e+00  -1.56966555e+00]]
2
[[ 3.57343507  2.03905869  1.08905733 -1.63661337]]
0
[[  1.44437277e+00   3.23235989e-04   1.48812461e+00  -1.56966555e+00]]
2
[[ 3.57343507  2.03905869  1.08905733 -1.63661337]]
0
[[  1.44437277e+00   3.23235989e-04   1.48812461e+00  -1.56966555e+00]]
2
[[ 3.57343507  2.03905869  1.08905733 -1.63661337]]
0
[[  1.44437277e+00   3.23235989e-04   1.48812461e+00  -1.56966555e+00]]
2
[[ 3.57343507  2.03905869  1.08905733 -1.63661337]]
0
[[  1.44437277e+00   3.23235989e-04   1.48812461e+00  -1.56966555e+00]]
2
[[ 3.57343507  2.03905869  1.08905733 -1.63661337]]
0
[[  1.44437277e+00   3.23235989e-04   1.48812461e+00  -1.56966555e+00]]
2
[[ 3.57343507  2.03905869  1.08905733 -1.63661337]]
0
[[  1.44437277e+00   3.23235989e-04   1.48812461e+00  -1.56966555e+00]]
2
[[ 3.57343507  2.03905869  1.08905733 -1.63661337]]
0
[[  1.44437277e+00   3.23235989e-04   1.48812461e+00  -1.56966555e+00]]
2
[[ 3.57343507  2.03905869  1.08905733 -1.63661337]]
0
[[  1.44437277e+00   3.23235989e-04   1.48812461e+00  -1.56966555e+00]]
2
[[ 3.57343507  2.03905869  1.08905733 -1.63661337]]
0
[[  1.44437277e+00   3.23235989e-04   1.48812461e+00  -1.56966555e+00]]
2
[[ 3.57343507  2.03905869  1.08905733 -1.63661337]]
0
[[  1.44437277e+00   3.23235989e-04   1.48812461e+00  -1.56966555e+00]]
2
[[ 3.57343507  2.03905869  1.08905733 -1.63661337]]
0
[[  1.44437277e+00   3.23235989e-04   1.48812461e+00  -1.56966555e+00]]
2
[[ 3.57343507  2.03905869  1.08905733 -1.63661337]]
0
[[  1.44437277e+00   3.23235989e-04   1.48812461e+00  -1.56966555e+00]]
2
[[ 3.57343507  2.03905869  1.08905733 -1.63661337]]
0
[[  1.44437277e+00   3.23235989e-04   1.48812461e+00  -1.56966555e+00]]
2
[[ 3.57343507  2.03905869  1.08905733 -1.63661337]]
0
[[  1.44437277e+00   3.23235989e-04   1.48812461e+00  -1.56966555e+00]]
2
[[ 3.57343507  2.03905869  1.08905733 -1.63661337]]
0
[[  1.44437277e+00   3.23235989e-04   1.48812461e+00  -1.56966555e+00]]
2
[[ 3.57343507  2.03905869  1.08905733 -1.63661337]]
0
[[  1.44437277e+00   3.23235989e-04   1.48812461e+00  -1.56966555e+00]]
2
[[ 3.57343507  2.03905869  1.08905733 -1.63661337]]
0
[[  1.44437277e+00   3.23235989e-04   1.48812461e+00  -1.56966555e+00]]
2
[[ 3.57343507  2.03905869  1.08905733 -1.63661337]]
0
[[  1.44437277e+00   3.23235989e-04   1.48812461e+00  -1.56966555e+00]]
2
[[ 3.57343507  2.03905869  1.08905733 -1.63661337]]
0
[[  1.44437277e+00   3.23235989e-04   1.48812461e+00  -1.56966555e+00]]
2
[[ 3.57343507  2.03905869  1.08905733 -1.63661337]]
0
[[  1.44437277e+00   3.23235989e-04   1.48812461e+00  -1.56966555e+00]]
2
[[ 3.57343507  2.03905869  1.08905733 -1.63661337]]
0
[[  1.44437277e+00   3.23235989e-04   1.48812461e+00  -1.56966555e+00]]
2
[[ 3.57343507  2.03905869  1.08905733 -1.63661337]]
0
[[  1.44437277e+00   3.23235989e-04   1.48812461e+00  -1.56966555e+00]]
2
[[ 3.57343507  2.03905869  1.08905733 -1.63661337]]
0
[[  1.44437277e+00   3.23235989e-04   1.48812461e+00  -1.56966555e+00]]
2
[[ 3.57343507  2.03905869  1.08905733 -1.63661337]]
0
[[  1.44437277e+00   3.23235989e-04   1.48812461e+00  -1.56966555e+00]]
2
[[ 3.57343507  2.03905869  1.08905733 -1.63661337]]
0
[[  1.44437277e+00   3.23235989e-04   1.48812461e+00  -1.56966555e+00]]
2
[[ 3.57343507  2.03905869  1.08905733 -1.63661337]]
0
[[  1.44437277e+00   3.23235989e-04   1.48812461e+00  -1.56966555e+00]]
2
[[ 3.57343507  2.03905869  1.08905733 -1.63661337]]
0
[[  1.44437277e+00   3.23235989e-04   1.48812461e+00  -1.56966555e+00]]
2
[[ 3.57343507  2.03905869  1.08905733 -1.63661337]]
0
[[  1.44437277e+00   3.23235989e-04   1.48812461e+00  -1.56966555e+00]]
2
[[ 3.57343507  2.03905869  1.08905733 -1.63661337]]
0
[[  1.44437277e+00   3.23235989e-04   1.48812461e+00  -1.56966555e+00]]
2
[[ 3.57343507  2.03905869  1.08905733 -1.63661337]]
0
[[  1.44437277e+00   3.23235989e-04   1.48812461e+00  -1.56966555e+00]]
2
[[ 3.57343507  2.03905869  1.08905733 -1.63661337]]
0
[[  1.44437277e+00   3.23235989e-04   1.48812461e+00  -1.56966555e+00]]
2
[[ 3.57343507  2.03905869  1.08905733 -1.63661337]]
0
[[  1.44437277e+00   3.23235989e-04   1.48812461e+00  -1.56966555e+00]]
2
FAIL
2/4
