[[-4.09994745 -7.78163481 -4.25752497 -8.11811256]]
0
[[-12.56672668 -15.06535721   0.05778068  -7.74003983]]
2
[[-4.09994745 -7.78163481 -4.25752497 -8.11811256]]
0
[[-12.56672668 -15.06535721   0.05778068  -7.74003983]]
2
[[-4.09994745 -7.78163481 -4.25752497 -8.11811256]]
0
[[-12.56672668 -15.06535721   0.05778068  -7.74003983]]
2
[[-4.09994745 -7.78163481 -4.25752497 -8.11811256]]
0
[[-12.56672668 -15.06535721   0.05778068  -7.74003983]]
2
[[-4.09994745 -7.78163481 -4.25752497 -8.11811256]]
0
[[-12.56672668 -15.06535721   0.05778068  -7.74003983]]
2
[[-4.09994745 -7.78163481 -4.25752497 -8.11811256]]
0
[[-12.56672668 -15.06535721   0.05778068  -7.74003983]]
2
[[-4.09994745 -7.78163481 -4.25752497 -8.11811256]]
0
[[-12.56672668 -15.06535721   0.05778068  -7.74003983]]
2
[[-4.09994745 -7.78163481 -4.25752497 -8.11811256]]
0
[[-12.56672668 -15.06535721   0.05778068  -7.74003983]]
2
[[-4.09994745 -7.78163481 -4.25752497 -8.11811256]]
0
[[-12.56672668 -15.06535721   0.05778068  -7.74003983]]
2
[[-4.09994745 -7.78163481 -4.25752497 -8.11811256]]
0
[[-12.56672668 -15.06535721   0.05778068  -7.74003983]]
2
[[-4.09994745 -7.78163481 -4.25752497 -8.11811256]]
0
[[-12.56672668 -15.06535721   0.05778068  -7.74003983]]
2
[[-4.09994745 -7.78163481 -4.25752497 -8.11811256]]
0
[[-12.56672668 -15.06535721   0.05778068  -7.74003983]]
2
[[-4.09994745 -7.78163481 -4.25752497 -8.11811256]]
0
[[-12.56672668 -15.06535721   0.05778068  -7.74003983]]
2
[[-4.09994745 -7.78163481 -4.25752497 -8.11811256]]
0
[[-12.56672668 -15.06535721   0.05778068  -7.74003983]]
2
[[-4.09994745 -7.78163481 -4.25752497 -8.11811256]]
0
[[-12.56672668 -15.06535721   0.05778068  -7.74003983]]
2
[[-4.09994745 -7.78163481 -4.25752497 -8.11811256]]
0
[[-12.56672668 -15.06535721   0.05778068  -7.74003983]]
2
[[-4.09994745 -7.78163481 -4.25752497 -8.11811256]]
0
[[-12.56672668 -15.06535721   0.05778068  -7.74003983]]
2
[[-4.09994745 -7.78163481 -4.25752497 -8.11811256]]
0
[[-12.56672668 -15.06535721   0.05778068  -7.74003983]]
2
[[-4.09994745 -7.78163481 -4.25752497 -8.11811256]]
0
[[-12.56672668 -15.06535721   0.05778068  -7.74003983]]
2
[[-4.09994745 -7.78163481 -4.25752497 -8.11811256]]
0
[[-12.56672668 -15.06535721   0.05778068  -7.74003983]]
2
[[-4.09994745 -7.78163481 -4.25752497 -8.11811256]]
0
[[-12.56672668 -15.06535721   0.05778068  -7.74003983]]
2
[[-4.09994745 -7.78163481 -4.25752497 -8.11811256]]
0
[[-12.56672668 -15.06535721   0.05778068  -7.74003983]]
2
[[-4.09994745 -7.78163481 -4.25752497 -8.11811256]]
0
[[-12.56672668 -15.06535721   0.05778068  -7.74003983]]
2
[[-4.09994745 -7.78163481 -4.25752497 -8.11811256]]
0
[[-12.56672668 -15.06535721   0.05778068  -7.74003983]]
2
[[-4.09994745 -7.78163481 -4.25752497 -8.11811256]]
0
[[-12.56672668 -15.06535721   0.05778068  -7.74003983]]
2
[[-4.09994745 -7.78163481 -4.25752497 -8.11811256]]
0
[[-12.56672668 -15.06535721   0.05778068  -7.74003983]]
2
[[-4.09994745 -7.78163481 -4.25752497 -8.11811256]]
0
[[-12.56672668 -15.06535721   0.05778068  -7.74003983]]
2
[[-4.09994745 -7.78163481 -4.25752497 -8.11811256]]
0
[[-12.56672668 -15.06535721   0.05778068  -7.74003983]]
2
[[-4.09994745 -7.78163481 -4.25752497 -8.11811256]]
0
[[-12.56672668 -15.06535721   0.05778068  -7.74003983]]
2
[[-4.09994745 -7.78163481 -4.25752497 -8.11811256]]
0
[[-12.56672668 -15.06535721   0.05778068  -7.74003983]]
2
[[-4.09994745 -7.78163481 -4.25752497 -8.11811256]]
0
[[-12.56672668 -15.06535721   0.05778068  -7.74003983]]
2
[[-4.09994745 -7.78163481 -4.25752497 -8.11811256]]
0
[[-12.56672668 -15.06535721   0.05778068  -7.74003983]]
2
[[-4.09994745 -7.78163481 -4.25752497 -8.11811256]]
0
[[-12.56672668 -15.06535721   0.05778068  -7.74003983]]
2
[[-4.09994745 -7.78163481 -4.25752497 -8.11811256]]
0
[[-12.56672668 -15.06535721   0.05778068  -7.74003983]]
2
[[-4.09994745 -7.78163481 -4.25752497 -8.11811256]]
0
[[-12.56672668 -15.06535721   0.05778068  -7.74003983]]
2
[[-4.09994745 -7.78163481 -4.25752497 -8.11811256]]
0
[[-12.56672668 -15.06535721   0.05778068  -7.74003983]]
2
[[-4.09994745 -7.78163481 -4.25752497 -8.11811256]]
0
[[-12.56672668 -15.06535721   0.05778068  -7.74003983]]
2
[[-4.09994745 -7.78163481 -4.25752497 -8.11811256]]
0
[[-12.56672668 -15.06535721   0.05778068  -7.74003983]]
2
[[-4.09994745 -7.78163481 -4.25752497 -8.11811256]]
0
[[-12.56672668 -15.06535721   0.05778068  -7.74003983]]
2
[[-4.09994745 -7.78163481 -4.25752497 -8.11811256]]
0
[[-12.56672668 -15.06535721   0.05778068  -7.74003983]]
2
[[-4.09994745 -7.78163481 -4.25752497 -8.11811256]]
0
[[-12.56672668 -15.06535721   0.05778068  -7.74003983]]
2
[[-4.09994745 -7.78163481 -4.25752497 -8.11811256]]
0
[[-12.56672668 -15.06535721   0.05778068  -7.74003983]]
2
[[-4.09994745 -7.78163481 -4.25752497 -8.11811256]]
0
[[-12.56672668 -15.06535721   0.05778068  -7.74003983]]
2
[[-4.09994745 -7.78163481 -4.25752497 -8.11811256]]
0
[[-12.56672668 -15.06535721   0.05778068  -7.74003983]]
2
[[-4.09994745 -7.78163481 -4.25752497 -8.11811256]]
0
[[-12.56672668 -15.06535721   0.05778068  -7.74003983]]
2
[[-4.09994745 -7.78163481 -4.25752497 -8.11811256]]
0
[[-12.56672668 -15.06535721   0.05778068  -7.74003983]]
2
[[-4.09994745 -7.78163481 -4.25752497 -8.11811256]]
0
[[-12.56672668 -15.06535721   0.05778068  -7.74003983]]
2
[[-4.09994745 -7.78163481 -4.25752497 -8.11811256]]
0
[[-12.56672668 -15.06535721   0.05778068  -7.74003983]]
2
[[-4.09994745 -7.78163481 -4.25752497 -8.11811256]]
0
[[-12.56672668 -15.06535721   0.05778068  -7.74003983]]
2
[[-4.09994745 -7.78163481 -4.25752497 -8.11811256]]
0
[[-12.56672668 -15.06535721   0.05778068  -7.74003983]]
2
[[-4.09994745 -7.78163481 -4.25752497 -8.11811256]]
0
FAIL
1/2
