[[-4.72237921 -4.63519478 -3.95278859 -8.18993282]]
2
[[-2.77572346 -6.14743471 -2.99267364 -8.80910015]]
0
[[-4.72237921 -4.63519478 -3.95278859 -8.18993282]]
2
[[-2.77572346 -6.14743471 -2.99267364 -8.80910015]]
0
[[-4.72237921 -4.63519478 -3.95278859 -8.18993282]]
2
[[-2.77572346 -6.14743471 -2.99267364 -8.80910015]]
0
[[-4.72237921 -4.63519478 -3.95278859 -8.18993282]]
2
[[-2.77572346 -6.14743471 -2.99267364 -8.80910015]]
0
[[-4.72237921 -4.63519478 -3.95278859 -8.18993282]]
2
[[-2.77572346 -6.14743471 -2.99267364 -8.80910015]]
0
[[-4.72237921 -4.63519478 -3.95278859 -8.18993282]]
2
[[-2.77572346 -6.14743471 -2.99267364 -8.80910015]]
0
[[-4.72237921 -4.63519478 -3.95278859 -8.18993282]]
2
[[-2.77572346 -6.14743471 -2.99267364 -8.80910015]]
0
[[-4.72237921 -4.63519478 -3.95278859 -8.18993282]]
2
[[-2.77572346 -6.14743471 -2.99267364 -8.80910015]]
0
[[-4.72237921 -4.63519478 -3.95278859 -8.18993282]]
2
[[-2.77572346 -6.14743471 -2.99267364 -8.80910015]]
0
[[-4.72237921 -4.63519478 -3.95278859 -8.18993282]]
2
[[-2.77572346 -6.14743471 -2.99267364 -8.80910015]]
0
[[-4.72237921 -4.63519478 -3.95278859 -8.18993282]]
2
[[-2.77572346 -6.14743471 -2.99267364 -8.80910015]]
0
[[-4.72237921 -4.63519478 -3.95278859 -8.18993282]]
2
[[-2.77572346 -6.14743471 -2.99267364 -8.80910015]]
0
[[-4.72237921 -4.63519478 -3.95278859 -8.18993282]]
2
[[-2.77572346 -6.14743471 -2.99267364 -8.80910015]]
0
[[-4.72237921 -4.63519478 -3.95278859 -8.18993282]]
2
[[-2.77572346 -6.14743471 -2.99267364 -8.80910015]]
0
[[-4.72237921 -4.63519478 -3.95278859 -8.18993282]]
2
[[-2.77572346 -6.14743471 -2.99267364 -8.80910015]]
0
[[-4.72237921 -4.63519478 -3.95278859 -8.18993282]]
2
[[-2.77572346 -6.14743471 -2.99267364 -8.80910015]]
0
[[-4.72237921 -4.63519478 -3.95278859 -8.18993282]]
2
[[-2.77572346 -6.14743471 -2.99267364 -8.80910015]]
0
[[-4.72237921 -4.63519478 -3.95278859 -8.18993282]]
2
[[-2.77572346 -6.14743471 -2.99267364 -8.80910015]]
0
[[-4.72237921 -4.63519478 -3.95278859 -8.18993282]]
2
[[-2.77572346 -6.14743471 -2.99267364 -8.80910015]]
0
[[-4.72237921 -4.63519478 -3.95278859 -8.18993282]]
2
[[-2.77572346 -6.14743471 -2.99267364 -8.80910015]]
0
[[-4.72237921 -4.63519478 -3.95278859 -8.18993282]]
2
[[-2.77572346 -6.14743471 -2.99267364 -8.80910015]]
0
[[-4.72237921 -4.63519478 -3.95278859 -8.18993282]]
2
[[-2.77572346 -6.14743471 -2.99267364 -8.80910015]]
0
[[-4.72237921 -4.63519478 -3.95278859 -8.18993282]]
2
[[-2.77572346 -6.14743471 -2.99267364 -8.80910015]]
0
[[-4.72237921 -4.63519478 -3.95278859 -8.18993282]]
2
[[-2.77572346 -6.14743471 -2.99267364 -8.80910015]]
0
[[-4.72237921 -4.63519478 -3.95278859 -8.18993282]]
2
[[-2.77572346 -6.14743471 -2.99267364 -8.80910015]]
0
[[-4.72237921 -4.63519478 -3.95278859 -8.18993282]]
2
[[-2.77572346 -6.14743471 -2.99267364 -8.80910015]]
0
[[-4.72237921 -4.63519478 -3.95278859 -8.18993282]]
2
[[-2.77572346 -6.14743471 -2.99267364 -8.80910015]]
0
[[-4.72237921 -4.63519478 -3.95278859 -8.18993282]]
2
[[-2.77572346 -6.14743471 -2.99267364 -8.80910015]]
0
[[-4.72237921 -4.63519478 -3.95278859 -8.18993282]]
2
[[-2.77572346 -6.14743471 -2.99267364 -8.80910015]]
0
[[-4.72237921 -4.63519478 -3.95278859 -8.18993282]]
2
[[-2.77572346 -6.14743471 -2.99267364 -8.80910015]]
0
[[-4.72237921 -4.63519478 -3.95278859 -8.18993282]]
2
[[-2.77572346 -6.14743471 -2.99267364 -8.80910015]]
0
[[-4.72237921 -4.63519478 -3.95278859 -8.18993282]]
2
[[-2.77572346 -6.14743471 -2.99267364 -8.80910015]]
0
[[-4.72237921 -4.63519478 -3.95278859 -8.18993282]]
2
[[-2.77572346 -6.14743471 -2.99267364 -8.80910015]]
0
[[-4.72237921 -4.63519478 -3.95278859 -8.18993282]]
2
[[-2.77572346 -6.14743471 -2.99267364 -8.80910015]]
0
[[-4.72237921 -4.63519478 -3.95278859 -8.18993282]]
2
[[-2.77572346 -6.14743471 -2.99267364 -8.80910015]]
0
[[-4.72237921 -4.63519478 -3.95278859 -8.18993282]]
2
[[-2.77572346 -6.14743471 -2.99267364 -8.80910015]]
0
[[-4.72237921 -4.63519478 -3.95278859 -8.18993282]]
2
[[-2.77572346 -6.14743471 -2.99267364 -8.80910015]]
0
[[-4.72237921 -4.63519478 -3.95278859 -8.18993282]]
2
[[-2.77572346 -6.14743471 -2.99267364 -8.80910015]]
0
[[-4.72237921 -4.63519478 -3.95278859 -8.18993282]]
2
[[-2.77572346 -6.14743471 -2.99267364 -8.80910015]]
0
[[-4.72237921 -4.63519478 -3.95278859 -8.18993282]]
2
[[-2.77572346 -6.14743471 -2.99267364 -8.80910015]]
0
[[-4.72237921 -4.63519478 -3.95278859 -8.18993282]]
2
[[-2.77572346 -6.14743471 -2.99267364 -8.80910015]]
0
[[-4.72237921 -4.63519478 -3.95278859 -8.18993282]]
2
[[-2.77572346 -6.14743471 -2.99267364 -8.80910015]]
0
[[-4.72237921 -4.63519478 -3.95278859 -8.18993282]]
2
[[-2.77572346 -6.14743471 -2.99267364 -8.80910015]]
0
[[-4.72237921 -4.63519478 -3.95278859 -8.18993282]]
2
[[-2.77572346 -6.14743471 -2.99267364 -8.80910015]]
0
[[-4.72237921 -4.63519478 -3.95278859 -8.18993282]]
2
[[-2.77572346 -6.14743471 -2.99267364 -8.80910015]]
0
[[-4.72237921 -4.63519478 -3.95278859 -8.18993282]]
2
[[-2.77572346 -6.14743471 -2.99267364 -8.80910015]]
0
[[-4.72237921 -4.63519478 -3.95278859 -8.18993282]]
2
[[-2.77572346 -6.14743471 -2.99267364 -8.80910015]]
0
[[-4.72237921 -4.63519478 -3.95278859 -8.18993282]]
2
[[-2.77572346 -6.14743471 -2.99267364 -8.80910015]]
0
[[-4.72237921 -4.63519478 -3.95278859 -8.18993282]]
2
[[-2.77572346 -6.14743471 -2.99267364 -8.80910015]]
0
[[-4.72237921 -4.63519478 -3.95278859 -8.18993282]]
2
[[-2.77572346 -6.14743471 -2.99267364 -8.80910015]]
0
[[-4.72237921 -4.63519478 -3.95278859 -8.18993282]]
2
FAIL
0/5
