[[ -4.95182037   0.81093335 -12.95684338  -5.70156622]]
1
[[ -5.21422958   1.13414073 -14.44041824  -5.34340811]]
1
[[ -7.25888824  -5.45122528 -13.00944805  -5.44771242]]
3
[[ -5.21422958   1.13414073 -14.44041824  -5.34340811]]
1
[[ -7.25888824  -5.45122528 -13.00944805  -5.44771242]]
3
[[ -5.21422958   1.13414073 -14.44041824  -5.34340811]]
1
[[ -7.25888824  -5.45122528 -13.00944805  -5.44771242]]
3
[[ -5.21422958   1.13414073 -14.44041824  -5.34340811]]
1
[[ -7.25888824  -5.45122528 -13.00944805  -5.44771242]]
3
[[ -5.21422958   1.13414073 -14.44041824  -5.34340811]]
1
[[ -7.25888824  -5.45122528 -13.00944805  -5.44771242]]
3
[[ -5.21422958   1.13414073 -14.44041824  -5.34340811]]
1
[[ -7.25888824  -5.45122528 -13.00944805  -5.44771242]]
3
[[ -5.21422958   1.13414073 -14.44041824  -5.34340811]]
1
[[ -7.25888824  -5.45122528 -13.00944805  -5.44771242]]
3
[[ -5.21422958   1.13414073 -14.44041824  -5.34340811]]
1
[[ -7.25888824  -5.45122528 -13.00944805  -5.44771242]]
3
[[ -5.21422958   1.13414073 -14.44041824  -5.34340811]]
1
[[ -7.25888824  -5.45122528 -13.00944805  -5.44771242]]
3
[[ -5.21422958   1.13414073 -14.44041824  -5.34340811]]
1
[[ -7.25888824  -5.45122528 -13.00944805  -5.44771242]]
3
[[ -5.21422958   1.13414073 -14.44041824  -5.34340811]]
1
[[ -7.25888824  -5.45122528 -13.00944805  -5.44771242]]
3
[[ -5.21422958   1.13414073 -14.44041824  -5.34340811]]
1
[[ -7.25888824  -5.45122528 -13.00944805  -5.44771242]]
3
[[ -5.21422958   1.13414073 -14.44041824  -5.34340811]]
1
[[ -7.25888824  -5.45122528 -13.00944805  -5.44771242]]
3
[[ -5.21422958   1.13414073 -14.44041824  -5.34340811]]
1
[[ -7.25888824  -5.45122528 -13.00944805  -5.44771242]]
3
[[ -5.21422958   1.13414073 -14.44041824  -5.34340811]]
1
[[ -7.25888824  -5.45122528 -13.00944805  -5.44771242]]
3
[[ -5.21422958   1.13414073 -14.44041824  -5.34340811]]
1
[[ -7.25888824  -5.45122528 -13.00944805  -5.44771242]]
3
[[ -5.21422958   1.13414073 -14.44041824  -5.34340811]]
1
[[ -7.25888824  -5.45122528 -13.00944805  -5.44771242]]
3
[[ -5.21422958   1.13414073 -14.44041824  -5.34340811]]
1
[[ -7.25888824  -5.45122528 -13.00944805  -5.44771242]]
3
[[ -5.21422958   1.13414073 -14.44041824  -5.34340811]]
1
[[ -7.25888824  -5.45122528 -13.00944805  -5.44771242]]
3
[[ -5.21422958   1.13414073 -14.44041824  -5.34340811]]
1
[[ -7.25888824  -5.45122528 -13.00944805  -5.44771242]]
3
[[ -5.21422958   1.13414073 -14.44041824  -5.34340811]]
1
[[ -7.25888824  -5.45122528 -13.00944805  -5.44771242]]
3
[[ -5.21422958   1.13414073 -14.44041824  -5.34340811]]
1
[[ -7.25888824  -5.45122528 -13.00944805  -5.44771242]]
3
[[ -5.21422958   1.13414073 -14.44041824  -5.34340811]]
1
[[ -7.25888824  -5.45122528 -13.00944805  -5.44771242]]
3
[[ -5.21422958   1.13414073 -14.44041824  -5.34340811]]
1
[[ -7.25888824  -5.45122528 -13.00944805  -5.44771242]]
3
[[ -5.21422958   1.13414073 -14.44041824  -5.34340811]]
1
[[ -7.25888824  -5.45122528 -13.00944805  -5.44771242]]
3
[[ -5.21422958   1.13414073 -14.44041824  -5.34340811]]
1
[[ -7.25888824  -5.45122528 -13.00944805  -5.44771242]]
3
[[ -5.21422958   1.13414073 -14.44041824  -5.34340811]]
1
[[ -7.25888824  -5.45122528 -13.00944805  -5.44771242]]
3
[[ -5.21422958   1.13414073 -14.44041824  -5.34340811]]
1
[[ -7.25888824  -5.45122528 -13.00944805  -5.44771242]]
3
[[ -5.21422958   1.13414073 -14.44041824  -5.34340811]]
1
[[ -7.25888824  -5.45122528 -13.00944805  -5.44771242]]
3
[[ -5.21422958   1.13414073 -14.44041824  -5.34340811]]
1
[[ -7.25888824  -5.45122528 -13.00944805  -5.44771242]]
3
[[ -5.21422958   1.13414073 -14.44041824  -5.34340811]]
1
[[ -7.25888824  -5.45122528 -13.00944805  -5.44771242]]
3
[[ -5.21422958   1.13414073 -14.44041824  -5.34340811]]
1
[[ -7.25888824  -5.45122528 -13.00944805  -5.44771242]]
3
[[ -5.21422958   1.13414073 -14.44041824  -5.34340811]]
1
[[ -7.25888824  -5.45122528 -13.00944805  -5.44771242]]
3
[[ -5.21422958   1.13414073 -14.44041824  -5.34340811]]
1
[[ -7.25888824  -5.45122528 -13.00944805  -5.44771242]]
3
[[ -5.21422958   1.13414073 -14.44041824  -5.34340811]]
1
[[ -7.25888824  -5.45122528 -13.00944805  -5.44771242]]
3
[[ -5.21422958   1.13414073 -14.44041824  -5.34340811]]
1
[[ -7.25888824  -5.45122528 -13.00944805  -5.44771242]]
3
[[ -5.21422958   1.13414073 -14.44041824  -5.34340811]]
1
[[ -7.25888824  -5.45122528 -13.00944805  -5.44771242]]
3
[[ -5.21422958   1.13414073 -14.44041824  -5.34340811]]
1
[[ -7.25888824  -5.45122528 -13.00944805  -5.44771242]]
3
[[ -5.21422958   1.13414073 -14.44041824  -5.34340811]]
1
[[ -7.25888824  -5.45122528 -13.00944805  -5.44771242]]
3
[[ -5.21422958   1.13414073 -14.44041824  -5.34340811]]
1
[[ -7.25888824  -5.45122528 -13.00944805  -5.44771242]]
3
[[ -5.21422958   1.13414073 -14.44041824  -5.34340811]]
1
[[ -7.25888824  -5.45122528 -13.00944805  -5.44771242]]
3
[[ -5.21422958   1.13414073 -14.44041824  -5.34340811]]
1
[[ -7.25888824  -5.45122528 -13.00944805  -5.44771242]]
3
[[ -5.21422958   1.13414073 -14.44041824  -5.34340811]]
1
[[ -7.25888824  -5.45122528 -13.00944805  -5.44771242]]
3
[[ -5.21422958   1.13414073 -14.44041824  -5.34340811]]
1
[[ -7.25888824  -5.45122528 -13.00944805  -5.44771242]]
3
[[ -5.21422958   1.13414073 -14.44041824  -5.34340811]]
1
[[ -7.25888824  -5.45122528 -13.00944805  -5.44771242]]
3
[[ -5.21422958   1.13414073 -14.44041824  -5.34340811]]
1
[[ -7.25888824  -5.45122528 -13.00944805  -5.44771242]]
3
[[ -5.21422958   1.13414073 -14.44041824  -5.34340811]]
1
[[ -7.25888824  -5.45122528 -13.00944805  -5.44771242]]
3
[[ -5.21422958   1.13414073 -14.44041824  -5.34340811]]
1
[[ -7.25888824  -5.45122528 -13.00944805  -5.44771242]]
3
[[ -5.21422958   1.13414073 -14.44041824  -5.34340811]]
1
[[ -7.25888824  -5.45122528 -13.00944805  -5.44771242]]
3
[[ -5.21422958   1.13414073 -14.44041824  -5.34340811]]
1
[[ -7.25888824  -5.45122528 -13.00944805  -5.44771242]]
3
FAIL
0/8
