[[-3.8673172  -7.75376892 -4.43752813 -7.98081398]]
0
[[-12.33345699 -15.02347565  -0.11131629  -7.59845972]]
2
[[-3.8673172  -7.75376892 -4.43752813 -7.98081398]]
0
[[-12.33345699 -15.02347565  -0.11131629  -7.59845972]]
2
[[-3.8673172  -7.75376892 -4.43752813 -7.98081398]]
0
[[-12.33345699 -15.02347565  -0.11131629  -7.59845972]]
2
[[-3.8673172  -7.75376892 -4.43752813 -7.98081398]]
0
[[-12.33345699 -15.02347565  -0.11131629  -7.59845972]]
2
[[-3.8673172  -7.75376892 -4.43752813 -7.98081398]]
0
[[-12.33345699 -15.02347565  -0.11131629  -7.59845972]]
2
[[-3.8673172  -7.75376892 -4.43752813 -7.98081398]]
0
[[-12.33345699 -15.02347565  -0.11131629  -7.59845972]]
2
[[-3.8673172  -7.75376892 -4.43752813 -7.98081398]]
0
[[-12.33345699 -15.02347565  -0.11131629  -7.59845972]]
2
[[-3.8673172  -7.75376892 -4.43752813 -7.98081398]]
0
[[-12.33345699 -15.02347565  -0.11131629  -7.59845972]]
2
[[-3.8673172  -7.75376892 -4.43752813 -7.98081398]]
0
[[-12.33345699 -15.02347565  -0.11131629  -7.59845972]]
2
[[-3.8673172  -7.75376892 -4.43752813 -7.98081398]]
0
[[-12.33345699 -15.02347565  -0.11131629  -7.59845972]]
2
[[-3.8673172  -7.75376892 -4.43752813 -7.98081398]]
0
[[-12.33345699 -15.02347565  -0.11131629  -7.59845972]]
2
[[-3.8673172  -7.75376892 -4.43752813 -7.98081398]]
0
[[-12.33345699 -15.02347565  -0.11131629  -7.59845972]]
2
[[-3.8673172  -7.75376892 -4.43752813 -7.98081398]]
0
[[-12.33345699 -15.02347565  -0.11131629  -7.59845972]]
2
[[-3.8673172  -7.75376892 -4.43752813 -7.98081398]]
0
[[-12.33345699 -15.02347565  -0.11131629  -7.59845972]]
2
[[-3.8673172  -7.75376892 -4.43752813 -7.98081398]]
0
[[-12.33345699 -15.02347565  -0.11131629  -7.59845972]]
2
[[-3.8673172  -7.75376892 -4.43752813 -7.98081398]]
0
[[-12.33345699 -15.02347565  -0.11131629  -7.59845972]]
2
[[-3.8673172  -7.75376892 -4.43752813 -7.98081398]]
0
[[-12.33345699 -15.02347565  -0.11131629  -7.59845972]]
2
[[-3.8673172  -7.75376892 -4.43752813 -7.98081398]]
0
[[-12.33345699 -15.02347565  -0.11131629  -7.59845972]]
2
[[-3.8673172  -7.75376892 -4.43752813 -7.98081398]]
0
[[-12.33345699 -15.02347565  -0.11131629  -7.59845972]]
2
[[-3.8673172  -7.75376892 -4.43752813 -7.98081398]]
0
[[-12.33345699 -15.02347565  -0.11131629  -7.59845972]]
2
[[-3.8673172  -7.75376892 -4.43752813 -7.98081398]]
0
[[-12.33345699 -15.02347565  -0.11131629  -7.59845972]]
2
[[-3.8673172  -7.75376892 -4.43752813 -7.98081398]]
0
[[-12.33345699 -15.02347565  -0.11131629  -7.59845972]]
2
[[-3.8673172  -7.75376892 -4.43752813 -7.98081398]]
0
[[-12.33345699 -15.02347565  -0.11131629  -7.59845972]]
2
[[-3.8673172  -7.75376892 -4.43752813 -7.98081398]]
0
[[-12.33345699 -15.02347565  -0.11131629  -7.59845972]]
2
[[-3.8673172  -7.75376892 -4.43752813 -7.98081398]]
0
[[-12.33345699 -15.02347565  -0.11131629  -7.59845972]]
2
[[-3.8673172  -7.75376892 -4.43752813 -7.98081398]]
0
[[-12.33345699 -15.02347565  -0.11131629  -7.59845972]]
2
[[-3.8673172  -7.75376892 -4.43752813 -7.98081398]]
0
[[-12.33345699 -15.02347565  -0.11131629  -7.59845972]]
2
[[-3.8673172  -7.75376892 -4.43752813 -7.98081398]]
0
[[-12.33345699 -15.02347565  -0.11131629  -7.59845972]]
2
[[-3.8673172  -7.75376892 -4.43752813 -7.98081398]]
0
[[-12.33345699 -15.02347565  -0.11131629  -7.59845972]]
2
[[-3.8673172  -7.75376892 -4.43752813 -7.98081398]]
0
[[-12.33345699 -15.02347565  -0.11131629  -7.59845972]]
2
[[-3.8673172  -7.75376892 -4.43752813 -7.98081398]]
0
[[-12.33345699 -15.02347565  -0.11131629  -7.59845972]]
2
[[-3.8673172  -7.75376892 -4.43752813 -7.98081398]]
0
[[-12.33345699 -15.02347565  -0.11131629  -7.59845972]]
2
[[-3.8673172  -7.75376892 -4.43752813 -7.98081398]]
0
[[-12.33345699 -15.02347565  -0.11131629  -7.59845972]]
2
[[-3.8673172  -7.75376892 -4.43752813 -7.98081398]]
0
[[-12.33345699 -15.02347565  -0.11131629  -7.59845972]]
2
[[-3.8673172  -7.75376892 -4.43752813 -7.98081398]]
0
[[-12.33345699 -15.02347565  -0.11131629  -7.59845972]]
2
[[-3.8673172  -7.75376892 -4.43752813 -7.98081398]]
0
[[-12.33345699 -15.02347565  -0.11131629  -7.59845972]]
2
[[-3.8673172  -7.75376892 -4.43752813 -7.98081398]]
0
[[-12.33345699 -15.02347565  -0.11131629  -7.59845972]]
2
[[-3.8673172  -7.75376892 -4.43752813 -7.98081398]]
0
[[-12.33345699 -15.02347565  -0.11131629  -7.59845972]]
2
[[-3.8673172  -7.75376892 -4.43752813 -7.98081398]]
0
[[-12.33345699 -15.02347565  -0.11131629  -7.59845972]]
2
[[-3.8673172  -7.75376892 -4.43752813 -7.98081398]]
0
[[-12.33345699 -15.02347565  -0.11131629  -7.59845972]]
2
[[-3.8673172  -7.75376892 -4.43752813 -7.98081398]]
0
[[-12.33345699 -15.02347565  -0.11131629  -7.59845972]]
2
[[-3.8673172  -7.75376892 -4.43752813 -7.98081398]]
0
[[-12.33345699 -15.02347565  -0.11131629  -7.59845972]]
2
[[-3.8673172  -7.75376892 -4.43752813 -7.98081398]]
0
[[-12.33345699 -15.02347565  -0.11131629  -7.59845972]]
2
[[-3.8673172  -7.75376892 -4.43752813 -7.98081398]]
0
[[-12.33345699 -15.02347565  -0.11131629  -7.59845972]]
2
[[-3.8673172  -7.75376892 -4.43752813 -7.98081398]]
0
[[-12.33345699 -15.02347565  -0.11131629  -7.59845972]]
2
[[-3.8673172  -7.75376892 -4.43752813 -7.98081398]]
0
[[-12.33345699 -15.02347565  -0.11131629  -7.59845972]]
2
[[-3.8673172  -7.75376892 -4.43752813 -7.98081398]]
0
[[-12.33345699 -15.02347565  -0.11131629  -7.59845972]]
2
[[-3.8673172  -7.75376892 -4.43752813 -7.98081398]]
0
[[-12.33345699 -15.02347565  -0.11131629  -7.59845972]]
2
[[-3.8673172  -7.75376892 -4.43752813 -7.98081398]]
0
[[-12.33345699 -15.02347565  -0.11131629  -7.59845972]]
2
[[-3.8673172  -7.75376892 -4.43752813 -7.98081398]]
0
[[-12.33345699 -15.02347565  -0.11131629  -7.59845972]]
2
[[-3.8673172  -7.75376892 -4.43752813 -7.98081398]]
0
FAIL
1/2
