[[ 30119634.  46434716.  20455576.  46060204.]]
1
[[ 31337150.  45300712.  19394824.  46476856.]]
3
[[ 30119634.  46434716.  20455576.  46060204.]]
1
[[ 31337150.  45300712.  19394824.  46476856.]]
3
[[ 30119634.  46434716.  20455576.  46060204.]]
1
[[ 31337150.  45300712.  19394824.  46476856.]]
3
[[ 30119634.  46434716.  20455576.  46060204.]]
1
[[ 31337150.  45300712.  19394824.  46476856.]]
3
[[ 30119634.  46434716.  20455576.  46060204.]]
1
[[ 31337150.  45300712.  19394824.  46476856.]]
3
[[ 30119634.  46434716.  20455576.  46060204.]]
1
[[ 31337150.  45300712.  19394824.  46476856.]]
3
[[ 30119634.  46434716.  20455576.  46060204.]]
1
[[ 31337150.  45300712.  19394824.  46476856.]]
3
[[ 30119634.  46434716.  20455576.  46060204.]]
1
[[ 31337150.  45300712.  19394824.  46476856.]]
3
[[ 30119634.  46434716.  20455576.  46060204.]]
1
[[ 31337150.  45300712.  19394824.  46476856.]]
3
[[ 30119634.  46434716.  20455576.  46060204.]]
1
[[ 31337150.  45300712.  19394824.  46476856.]]
3
[[ 30119634.  46434716.  20455576.  46060204.]]
1
[[ 31337150.  45300712.  19394824.  46476856.]]
3
[[ 30119634.  46434716.  20455576.  46060204.]]
1
[[ 31337150.  45300712.  19394824.  46476856.]]
3
[[ 30119634.  46434716.  20455576.  46060204.]]
1
[[ 31337150.  45300712.  19394824.  46476856.]]
3
[[ 30119634.  46434716.  20455576.  46060204.]]
1
[[ 31337150.  45300712.  19394824.  46476856.]]
3
[[ 30119634.  46434716.  20455576.  46060204.]]
1
[[ 31337150.  45300712.  19394824.  46476856.]]
3
[[ 30119634.  46434716.  20455576.  46060204.]]
1
[[ 31337150.  45300712.  19394824.  46476856.]]
3
[[ 30119634.  46434716.  20455576.  46060204.]]
1
[[ 31337150.  45300712.  19394824.  46476856.]]
3
[[ 30119634.  46434716.  20455576.  46060204.]]
1
[[ 31337150.  45300712.  19394824.  46476856.]]
3
[[ 30119634.  46434716.  20455576.  46060204.]]
1
[[ 31337150.  45300712.  19394824.  46476856.]]
3
[[ 30119634.  46434716.  20455576.  46060204.]]
1
[[ 31337150.  45300712.  19394824.  46476856.]]
3
[[ 30119634.  46434716.  20455576.  46060204.]]
1
[[ 31337150.  45300712.  19394824.  46476856.]]
3
[[ 30119634.  46434716.  20455576.  46060204.]]
1
[[ 31337150.  45300712.  19394824.  46476856.]]
3
[[ 30119634.  46434716.  20455576.  46060204.]]
1
[[ 31337150.  45300712.  19394824.  46476856.]]
3
[[ 30119634.  46434716.  20455576.  46060204.]]
1
[[ 31337150.  45300712.  19394824.  46476856.]]
3
[[ 30119634.  46434716.  20455576.  46060204.]]
1
[[ 31337150.  45300712.  19394824.  46476856.]]
3
[[ 30119634.  46434716.  20455576.  46060204.]]
1
[[ 31337150.  45300712.  19394824.  46476856.]]
3
[[ 30119634.  46434716.  20455576.  46060204.]]
1
[[ 31337150.  45300712.  19394824.  46476856.]]
3
[[ 30119634.  46434716.  20455576.  46060204.]]
1
[[ 31337150.  45300712.  19394824.  46476856.]]
3
[[ 30119634.  46434716.  20455576.  46060204.]]
1
[[ 31337150.  45300712.  19394824.  46476856.]]
3
[[ 30119634.  46434716.  20455576.  46060204.]]
1
[[ 31337150.  45300712.  19394824.  46476856.]]
3
[[ 30119634.  46434716.  20455576.  46060204.]]
1
[[ 31337150.  45300712.  19394824.  46476856.]]
3
[[ 30119634.  46434716.  20455576.  46060204.]]
1
[[ 31337150.  45300712.  19394824.  46476856.]]
3
[[ 30119634.  46434716.  20455576.  46060204.]]
1
[[ 31337150.  45300712.  19394824.  46476856.]]
3
[[ 30119634.  46434716.  20455576.  46060204.]]
1
[[ 31337150.  45300712.  19394824.  46476856.]]
3
[[ 30119634.  46434716.  20455576.  46060204.]]
1
[[ 31337150.  45300712.  19394824.  46476856.]]
3
[[ 30119634.  46434716.  20455576.  46060204.]]
1
[[ 31337150.  45300712.  19394824.  46476856.]]
3
[[ 30119634.  46434716.  20455576.  46060204.]]
1
[[ 31337150.  45300712.  19394824.  46476856.]]
3
[[ 30119634.  46434716.  20455576.  46060204.]]
1
[[ 31337150.  45300712.  19394824.  46476856.]]
3
[[ 30119634.  46434716.  20455576.  46060204.]]
1
[[ 31337150.  45300712.  19394824.  46476856.]]
3
[[ 30119634.  46434716.  20455576.  46060204.]]
1
[[ 31337150.  45300712.  19394824.  46476856.]]
3
[[ 30119634.  46434716.  20455576.  46060204.]]
1
[[ 31337150.  45300712.  19394824.  46476856.]]
3
[[ 30119634.  46434716.  20455576.  46060204.]]
1
[[ 31337150.  45300712.  19394824.  46476856.]]
3
[[ 30119634.  46434716.  20455576.  46060204.]]
1
[[ 31337150.  45300712.  19394824.  46476856.]]
3
[[ 30119634.  46434716.  20455576.  46060204.]]
1
[[ 31337150.  45300712.  19394824.  46476856.]]
3
[[ 30119634.  46434716.  20455576.  46060204.]]
1
[[ 31337150.  45300712.  19394824.  46476856.]]
3
[[ 30119634.  46434716.  20455576.  46060204.]]
1
[[ 31337150.  45300712.  19394824.  46476856.]]
3
[[ 30119634.  46434716.  20455576.  46060204.]]
1
[[ 31337150.  45300712.  19394824.  46476856.]]
3
[[ 30119634.  46434716.  20455576.  46060204.]]
1
[[ 31337150.  45300712.  19394824.  46476856.]]
3
[[ 30119634.  46434716.  20455576.  46060204.]]
1
[[ 31337150.  45300712.  19394824.  46476856.]]
3
[[ 30119634.  46434716.  20455576.  46060204.]]
1
[[ 31337150.  45300712.  19394824.  46476856.]]
3
[[ 30119634.  46434716.  20455576.  46060204.]]
1
FAIL
1/7
