[[-4.81705809 -4.66786623 -3.9407227  -8.31574345]]
2
[[-2.86889577 -6.17948055 -2.979738   -8.93934631]]
0
[[-4.81705809 -4.66786623 -3.9407227  -8.31574345]]
2
[[-2.86889577 -6.17948055 -2.979738   -8.93934631]]
0
[[-4.81705809 -4.66786623 -3.9407227  -8.31574345]]
2
[[-2.86889577 -6.17948055 -2.979738   -8.93934631]]
0
[[-4.81705809 -4.66786623 -3.9407227  -8.31574345]]
2
[[-2.86889577 -6.17948055 -2.979738   -8.93934631]]
0
[[-4.81705809 -4.66786623 -3.9407227  -8.31574345]]
2
[[-2.86889577 -6.17948055 -2.979738   -8.93934631]]
0
[[-4.81705809 -4.66786623 -3.9407227  -8.31574345]]
2
[[-2.86889577 -6.17948055 -2.979738   -8.93934631]]
0
[[-4.81705809 -4.66786623 -3.9407227  -8.31574345]]
2
[[-2.86889577 -6.17948055 -2.979738   -8.93934631]]
0
[[-4.81705809 -4.66786623 -3.9407227  -8.31574345]]
2
[[-2.86889577 -6.17948055 -2.979738   -8.93934631]]
0
[[-4.81705809 -4.66786623 -3.9407227  -8.31574345]]
2
[[-2.86889577 -6.17948055 -2.979738   -8.93934631]]
0
[[-4.81705809 -4.66786623 -3.9407227  -8.31574345]]
2
[[-2.86889577 -6.17948055 -2.979738   -8.93934631]]
0
[[-4.81705809 -4.66786623 -3.9407227  -8.31574345]]
2
[[-2.86889577 -6.17948055 -2.979738   -8.93934631]]
0
[[-4.81705809 -4.66786623 -3.9407227  -8.31574345]]
2
[[-2.86889577 -6.17948055 -2.979738   -8.93934631]]
0
[[-4.81705809 -4.66786623 -3.9407227  -8.31574345]]
2
[[-2.86889577 -6.17948055 -2.979738   -8.93934631]]
0
[[-4.81705809 -4.66786623 -3.9407227  -8.31574345]]
2
[[-2.86889577 -6.17948055 -2.979738   -8.93934631]]
0
[[-4.81705809 -4.66786623 -3.9407227  -8.31574345]]
2
[[-2.86889577 -6.17948055 -2.979738   -8.93934631]]
0
[[-4.81705809 -4.66786623 -3.9407227  -8.31574345]]
2
[[-2.86889577 -6.17948055 -2.979738   -8.93934631]]
0
[[-4.81705809 -4.66786623 -3.9407227  -8.31574345]]
2
[[-2.86889577 -6.17948055 -2.979738   -8.93934631]]
0
[[-4.81705809 -4.66786623 -3.9407227  -8.31574345]]
2
[[-2.86889577 -6.17948055 -2.979738   -8.93934631]]
0
[[-4.81705809 -4.66786623 -3.9407227  -8.31574345]]
2
[[-2.86889577 -6.17948055 -2.979738   -8.93934631]]
0
[[-4.81705809 -4.66786623 -3.9407227  -8.31574345]]
2
[[-2.86889577 -6.17948055 -2.979738   -8.93934631]]
0
[[-4.81705809 -4.66786623 -3.9407227  -8.31574345]]
2
[[-2.86889577 -6.17948055 -2.979738   -8.93934631]]
0
[[-4.81705809 -4.66786623 -3.9407227  -8.31574345]]
2
[[-2.86889577 -6.17948055 -2.979738   -8.93934631]]
0
[[-4.81705809 -4.66786623 -3.9407227  -8.31574345]]
2
[[-2.86889577 -6.17948055 -2.979738   -8.93934631]]
0
[[-4.81705809 -4.66786623 -3.9407227  -8.31574345]]
2
[[-2.86889577 -6.17948055 -2.979738   -8.93934631]]
0
[[-4.81705809 -4.66786623 -3.9407227  -8.31574345]]
2
[[-2.86889577 -6.17948055 -2.979738   -8.93934631]]
0
[[-4.81705809 -4.66786623 -3.9407227  -8.31574345]]
2
[[-2.86889577 -6.17948055 -2.979738   -8.93934631]]
0
[[-4.81705809 -4.66786623 -3.9407227  -8.31574345]]
2
[[-2.86889577 -6.17948055 -2.979738   -8.93934631]]
0
[[-4.81705809 -4.66786623 -3.9407227  -8.31574345]]
2
[[-2.86889577 -6.17948055 -2.979738   -8.93934631]]
0
[[-4.81705809 -4.66786623 -3.9407227  -8.31574345]]
2
[[-2.86889577 -6.17948055 -2.979738   -8.93934631]]
0
[[-4.81705809 -4.66786623 -3.9407227  -8.31574345]]
2
[[-2.86889577 -6.17948055 -2.979738   -8.93934631]]
0
[[-4.81705809 -4.66786623 -3.9407227  -8.31574345]]
2
[[-2.86889577 -6.17948055 -2.979738   -8.93934631]]
0
[[-4.81705809 -4.66786623 -3.9407227  -8.31574345]]
2
[[-2.86889577 -6.17948055 -2.979738   -8.93934631]]
0
[[-4.81705809 -4.66786623 -3.9407227  -8.31574345]]
2
[[-2.86889577 -6.17948055 -2.979738   -8.93934631]]
0
[[-4.81705809 -4.66786623 -3.9407227  -8.31574345]]
2
[[-2.86889577 -6.17948055 -2.979738   -8.93934631]]
0
[[-4.81705809 -4.66786623 -3.9407227  -8.31574345]]
2
[[-2.86889577 -6.17948055 -2.979738   -8.93934631]]
0
[[-4.81705809 -4.66786623 -3.9407227  -8.31574345]]
2
[[-2.86889577 -6.17948055 -2.979738   -8.93934631]]
0
[[-4.81705809 -4.66786623 -3.9407227  -8.31574345]]
2
[[-2.86889577 -6.17948055 -2.979738   -8.93934631]]
0
[[-4.81705809 -4.66786623 -3.9407227  -8.31574345]]
2
[[-2.86889577 -6.17948055 -2.979738   -8.93934631]]
0
[[-4.81705809 -4.66786623 -3.9407227  -8.31574345]]
2
[[-2.86889577 -6.17948055 -2.979738   -8.93934631]]
0
[[-4.81705809 -4.66786623 -3.9407227  -8.31574345]]
2
[[-2.86889577 -6.17948055 -2.979738   -8.93934631]]
0
[[-4.81705809 -4.66786623 -3.9407227  -8.31574345]]
2
[[-2.86889577 -6.17948055 -2.979738   -8.93934631]]
0
[[-4.81705809 -4.66786623 -3.9407227  -8.31574345]]
2
[[-2.86889577 -6.17948055 -2.979738   -8.93934631]]
0
[[-4.81705809 -4.66786623 -3.9407227  -8.31574345]]
2
[[-2.86889577 -6.17948055 -2.979738   -8.93934631]]
0
[[-4.81705809 -4.66786623 -3.9407227  -8.31574345]]
2
[[-2.86889577 -6.17948055 -2.979738   -8.93934631]]
0
[[-4.81705809 -4.66786623 -3.9407227  -8.31574345]]
2
[[-2.86889577 -6.17948055 -2.979738   -8.93934631]]
0
[[-4.81705809 -4.66786623 -3.9407227  -8.31574345]]
2
[[-2.86889577 -6.17948055 -2.979738   -8.93934631]]
0
[[-4.81705809 -4.66786623 -3.9407227  -8.31574345]]
2
[[-2.86889577 -6.17948055 -2.979738   -8.93934631]]
0
[[-4.81705809 -4.66786623 -3.9407227  -8.31574345]]
2
[[-2.86889577 -6.17948055 -2.979738   -8.93934631]]
0
[[-4.81705809 -4.66786623 -3.9407227  -8.31574345]]
2
[[-2.86889577 -6.17948055 -2.979738   -8.93934631]]
0
[[-4.81705809 -4.66786623 -3.9407227  -8.31574345]]
2
[[-2.86889577 -6.17948055 -2.979738   -8.93934631]]
0
[[-4.81705809 -4.66786623 -3.9407227  -8.31574345]]
2
FAIL
0/5
