[[-3.93524194 -7.77987528 -4.39236832 -8.0773201 ]]
0
[[-12.38768005 -15.0406065   -0.05644979  -7.69423103]]
2
[[-3.93524194 -7.77987528 -4.39236832 -8.0773201 ]]
0
[[-12.38768005 -15.0406065   -0.05644979  -7.69423103]]
2
[[-3.93524194 -7.77987528 -4.39236832 -8.0773201 ]]
0
[[-12.38768005 -15.0406065   -0.05644979  -7.69423103]]
2
[[-3.93524194 -7.77987528 -4.39236832 -8.0773201 ]]
0
[[-12.38768005 -15.0406065   -0.05644979  -7.69423103]]
2
[[-3.93524194 -7.77987528 -4.39236832 -8.0773201 ]]
0
[[-12.38768005 -15.0406065   -0.05644979  -7.69423103]]
2
[[-3.93524194 -7.77987528 -4.39236832 -8.0773201 ]]
0
[[-12.38768005 -15.0406065   -0.05644979  -7.69423103]]
2
[[-3.93524194 -7.77987528 -4.39236832 -8.0773201 ]]
0
[[-12.38768005 -15.0406065   -0.05644979  -7.69423103]]
2
[[-3.93524194 -7.77987528 -4.39236832 -8.0773201 ]]
0
[[-12.38768005 -15.0406065   -0.05644979  -7.69423103]]
2
[[-3.93524194 -7.77987528 -4.39236832 -8.0773201 ]]
0
[[-12.38768005 -15.0406065   -0.05644979  -7.69423103]]
2
[[-3.93524194 -7.77987528 -4.39236832 -8.0773201 ]]
0
[[-12.38768005 -15.0406065   -0.05644979  -7.69423103]]
2
[[-3.93524194 -7.77987528 -4.39236832 -8.0773201 ]]
0
[[-12.38768005 -15.0406065   -0.05644979  -7.69423103]]
2
[[-3.93524194 -7.77987528 -4.39236832 -8.0773201 ]]
0
[[-12.38768005 -15.0406065   -0.05644979  -7.69423103]]
2
[[-3.93524194 -7.77987528 -4.39236832 -8.0773201 ]]
0
[[-12.38768005 -15.0406065   -0.05644979  -7.69423103]]
2
[[-3.93524194 -7.77987528 -4.39236832 -8.0773201 ]]
0
[[-12.38768005 -15.0406065   -0.05644979  -7.69423103]]
2
[[-3.93524194 -7.77987528 -4.39236832 -8.0773201 ]]
0
[[-12.38768005 -15.0406065   -0.05644979  -7.69423103]]
2
[[-3.93524194 -7.77987528 -4.39236832 -8.0773201 ]]
0
[[-12.38768005 -15.0406065   -0.05644979  -7.69423103]]
2
[[-3.93524194 -7.77987528 -4.39236832 -8.0773201 ]]
0
[[-12.38768005 -15.0406065   -0.05644979  -7.69423103]]
2
[[-3.93524194 -7.77987528 -4.39236832 -8.0773201 ]]
0
[[-12.38768005 -15.0406065   -0.05644979  -7.69423103]]
2
[[-3.93524194 -7.77987528 -4.39236832 -8.0773201 ]]
0
[[-12.38768005 -15.0406065   -0.05644979  -7.69423103]]
2
[[-3.93524194 -7.77987528 -4.39236832 -8.0773201 ]]
0
[[-12.38768005 -15.0406065   -0.05644979  -7.69423103]]
2
[[-3.93524194 -7.77987528 -4.39236832 -8.0773201 ]]
0
[[-12.38768005 -15.0406065   -0.05644979  -7.69423103]]
2
[[-3.93524194 -7.77987528 -4.39236832 -8.0773201 ]]
0
[[-12.38768005 -15.0406065   -0.05644979  -7.69423103]]
2
[[-3.93524194 -7.77987528 -4.39236832 -8.0773201 ]]
0
[[-12.38768005 -15.0406065   -0.05644979  -7.69423103]]
2
[[-3.93524194 -7.77987528 -4.39236832 -8.0773201 ]]
0
[[-12.38768005 -15.0406065   -0.05644979  -7.69423103]]
2
[[-3.93524194 -7.77987528 -4.39236832 -8.0773201 ]]
0
[[-12.38768005 -15.0406065   -0.05644979  -7.69423103]]
2
[[-3.93524194 -7.77987528 -4.39236832 -8.0773201 ]]
0
[[-12.38768005 -15.0406065   -0.05644979  -7.69423103]]
2
[[-3.93524194 -7.77987528 -4.39236832 -8.0773201 ]]
0
[[-12.38768005 -15.0406065   -0.05644979  -7.69423103]]
2
[[-3.93524194 -7.77987528 -4.39236832 -8.0773201 ]]
0
[[-12.38768005 -15.0406065   -0.05644979  -7.69423103]]
2
[[-3.93524194 -7.77987528 -4.39236832 -8.0773201 ]]
0
[[-12.38768005 -15.0406065   -0.05644979  -7.69423103]]
2
[[-3.93524194 -7.77987528 -4.39236832 -8.0773201 ]]
0
[[-12.38768005 -15.0406065   -0.05644979  -7.69423103]]
2
[[-3.93524194 -7.77987528 -4.39236832 -8.0773201 ]]
0
[[-12.38768005 -15.0406065   -0.05644979  -7.69423103]]
2
[[-3.93524194 -7.77987528 -4.39236832 -8.0773201 ]]
0
[[-12.38768005 -15.0406065   -0.05644979  -7.69423103]]
2
[[-3.93524194 -7.77987528 -4.39236832 -8.0773201 ]]
0
[[-12.38768005 -15.0406065   -0.05644979  -7.69423103]]
2
[[-3.93524194 -7.77987528 -4.39236832 -8.0773201 ]]
0
[[-12.38768005 -15.0406065   -0.05644979  -7.69423103]]
2
[[-3.93524194 -7.77987528 -4.39236832 -8.0773201 ]]
0
[[-12.38768005 -15.0406065   -0.05644979  -7.69423103]]
2
[[-3.93524194 -7.77987528 -4.39236832 -8.0773201 ]]
0
[[-12.38768005 -15.0406065   -0.05644979  -7.69423103]]
2
[[-3.93524194 -7.77987528 -4.39236832 -8.0773201 ]]
0
[[-12.38768005 -15.0406065   -0.05644979  -7.69423103]]
2
[[-3.93524194 -7.77987528 -4.39236832 -8.0773201 ]]
0
[[-12.38768005 -15.0406065   -0.05644979  -7.69423103]]
2
[[-3.93524194 -7.77987528 -4.39236832 -8.0773201 ]]
0
[[-12.38768005 -15.0406065   -0.05644979  -7.69423103]]
2
[[-3.93524194 -7.77987528 -4.39236832 -8.0773201 ]]
0
[[-12.38768005 -15.0406065   -0.05644979  -7.69423103]]
2
[[-3.93524194 -7.77987528 -4.39236832 -8.0773201 ]]
0
[[-12.38768005 -15.0406065   -0.05644979  -7.69423103]]
2
[[-3.93524194 -7.77987528 -4.39236832 -8.0773201 ]]
0
[[-12.38768005 -15.0406065   -0.05644979  -7.69423103]]
2
[[-3.93524194 -7.77987528 -4.39236832 -8.0773201 ]]
0
[[-12.38768005 -15.0406065   -0.05644979  -7.69423103]]
2
[[-3.93524194 -7.77987528 -4.39236832 -8.0773201 ]]
0
[[-12.38768005 -15.0406065   -0.05644979  -7.69423103]]
2
[[-3.93524194 -7.77987528 -4.39236832 -8.0773201 ]]
0
[[-12.38768005 -15.0406065   -0.05644979  -7.69423103]]
2
[[-3.93524194 -7.77987528 -4.39236832 -8.0773201 ]]
0
[[-12.38768005 -15.0406065   -0.05644979  -7.69423103]]
2
[[-3.93524194 -7.77987528 -4.39236832 -8.0773201 ]]
0
[[-12.38768005 -15.0406065   -0.05644979  -7.69423103]]
2
[[-3.93524194 -7.77987528 -4.39236832 -8.0773201 ]]
0
[[-12.38768005 -15.0406065   -0.05644979  -7.69423103]]
2
[[-3.93524194 -7.77987528 -4.39236832 -8.0773201 ]]
0
[[-12.38768005 -15.0406065   -0.05644979  -7.69423103]]
2
[[-3.93524194 -7.77987528 -4.39236832 -8.0773201 ]]
0
[[-12.38768005 -15.0406065   -0.05644979  -7.69423103]]
2
[[-3.93524194 -7.77987528 -4.39236832 -8.0773201 ]]
0
FAIL
1/2
