[[-3.97112393 -7.66722918 -4.29511118 -8.20427799]]
0
[[-12.41497231 -14.92657089   0.04629947  -7.80983448]]
2
[[-3.97112393 -7.66722918 -4.29511118 -8.20427799]]
0
[[-12.41497231 -14.92657089   0.04629947  -7.80983448]]
2
[[-3.97112393 -7.66722918 -4.29511118 -8.20427799]]
0
[[-12.41497231 -14.92657089   0.04629947  -7.80983448]]
2
[[-3.97112393 -7.66722918 -4.29511118 -8.20427799]]
0
[[-12.41497231 -14.92657089   0.04629947  -7.80983448]]
2
[[-3.97112393 -7.66722918 -4.29511118 -8.20427799]]
0
[[-12.41497231 -14.92657089   0.04629947  -7.80983448]]
2
[[-3.97112393 -7.66722918 -4.29511118 -8.20427799]]
0
[[-12.41497231 -14.92657089   0.04629947  -7.80983448]]
2
[[-3.97112393 -7.66722918 -4.29511118 -8.20427799]]
0
[[-12.41497231 -14.92657089   0.04629947  -7.80983448]]
2
[[-3.97112393 -7.66722918 -4.29511118 -8.20427799]]
0
[[-12.41497231 -14.92657089   0.04629947  -7.80983448]]
2
[[-3.97112393 -7.66722918 -4.29511118 -8.20427799]]
0
[[-12.41497231 -14.92657089   0.04629947  -7.80983448]]
2
[[-3.97112393 -7.66722918 -4.29511118 -8.20427799]]
0
[[-12.41497231 -14.92657089   0.04629947  -7.80983448]]
2
[[-3.97112393 -7.66722918 -4.29511118 -8.20427799]]
0
[[-12.41497231 -14.92657089   0.04629947  -7.80983448]]
2
[[-3.97112393 -7.66722918 -4.29511118 -8.20427799]]
0
[[-12.41497231 -14.92657089   0.04629947  -7.80983448]]
2
[[-3.97112393 -7.66722918 -4.29511118 -8.20427799]]
0
[[-12.41497231 -14.92657089   0.04629947  -7.80983448]]
2
[[-3.97112393 -7.66722918 -4.29511118 -8.20427799]]
0
[[-12.41497231 -14.92657089   0.04629947  -7.80983448]]
2
[[-3.97112393 -7.66722918 -4.29511118 -8.20427799]]
0
[[-12.41497231 -14.92657089   0.04629947  -7.80983448]]
2
[[-3.97112393 -7.66722918 -4.29511118 -8.20427799]]
0
[[-12.41497231 -14.92657089   0.04629947  -7.80983448]]
2
[[-3.97112393 -7.66722918 -4.29511118 -8.20427799]]
0
[[-12.41497231 -14.92657089   0.04629947  -7.80983448]]
2
[[-3.97112393 -7.66722918 -4.29511118 -8.20427799]]
0
[[-12.41497231 -14.92657089   0.04629947  -7.80983448]]
2
[[-3.97112393 -7.66722918 -4.29511118 -8.20427799]]
0
[[-12.41497231 -14.92657089   0.04629947  -7.80983448]]
2
[[-3.97112393 -7.66722918 -4.29511118 -8.20427799]]
0
[[-12.41497231 -14.92657089   0.04629947  -7.80983448]]
2
[[-3.97112393 -7.66722918 -4.29511118 -8.20427799]]
0
[[-12.41497231 -14.92657089   0.04629947  -7.80983448]]
2
[[-3.97112393 -7.66722918 -4.29511118 -8.20427799]]
0
[[-12.41497231 -14.92657089   0.04629947  -7.80983448]]
2
[[-3.97112393 -7.66722918 -4.29511118 -8.20427799]]
0
[[-12.41497231 -14.92657089   0.04629947  -7.80983448]]
2
[[-3.97112393 -7.66722918 -4.29511118 -8.20427799]]
0
[[-12.41497231 -14.92657089   0.04629947  -7.80983448]]
2
[[-3.97112393 -7.66722918 -4.29511118 -8.20427799]]
0
[[-12.41497231 -14.92657089   0.04629947  -7.80983448]]
2
[[-3.97112393 -7.66722918 -4.29511118 -8.20427799]]
0
[[-12.41497231 -14.92657089   0.04629947  -7.80983448]]
2
[[-3.97112393 -7.66722918 -4.29511118 -8.20427799]]
0
[[-12.41497231 -14.92657089   0.04629947  -7.80983448]]
2
[[-3.97112393 -7.66722918 -4.29511118 -8.20427799]]
0
[[-12.41497231 -14.92657089   0.04629947  -7.80983448]]
2
[[-3.97112393 -7.66722918 -4.29511118 -8.20427799]]
0
[[-12.41497231 -14.92657089   0.04629947  -7.80983448]]
2
[[-3.97112393 -7.66722918 -4.29511118 -8.20427799]]
0
[[-12.41497231 -14.92657089   0.04629947  -7.80983448]]
2
[[-3.97112393 -7.66722918 -4.29511118 -8.20427799]]
0
[[-12.41497231 -14.92657089   0.04629947  -7.80983448]]
2
[[-3.97112393 -7.66722918 -4.29511118 -8.20427799]]
0
[[-12.41497231 -14.92657089   0.04629947  -7.80983448]]
2
[[-3.97112393 -7.66722918 -4.29511118 -8.20427799]]
0
[[-12.41497231 -14.92657089   0.04629947  -7.80983448]]
2
[[-3.97112393 -7.66722918 -4.29511118 -8.20427799]]
0
[[-12.41497231 -14.92657089   0.04629947  -7.80983448]]
2
[[-3.97112393 -7.66722918 -4.29511118 -8.20427799]]
0
[[-12.41497231 -14.92657089   0.04629947  -7.80983448]]
2
[[-3.97112393 -7.66722918 -4.29511118 -8.20427799]]
0
[[-12.41497231 -14.92657089   0.04629947  -7.80983448]]
2
[[-3.97112393 -7.66722918 -4.29511118 -8.20427799]]
0
[[-12.41497231 -14.92657089   0.04629947  -7.80983448]]
2
[[-3.97112393 -7.66722918 -4.29511118 -8.20427799]]
0
[[-12.41497231 -14.92657089   0.04629947  -7.80983448]]
2
[[-3.97112393 -7.66722918 -4.29511118 -8.20427799]]
0
[[-12.41497231 -14.92657089   0.04629947  -7.80983448]]
2
[[-3.97112393 -7.66722918 -4.29511118 -8.20427799]]
0
[[-12.41497231 -14.92657089   0.04629947  -7.80983448]]
2
[[-3.97112393 -7.66722918 -4.29511118 -8.20427799]]
0
[[-12.41497231 -14.92657089   0.04629947  -7.80983448]]
2
[[-3.97112393 -7.66722918 -4.29511118 -8.20427799]]
0
[[-12.41497231 -14.92657089   0.04629947  -7.80983448]]
2
[[-3.97112393 -7.66722918 -4.29511118 -8.20427799]]
0
[[-12.41497231 -14.92657089   0.04629947  -7.80983448]]
2
[[-3.97112393 -7.66722918 -4.29511118 -8.20427799]]
0
[[-12.41497231 -14.92657089   0.04629947  -7.80983448]]
2
[[-3.97112393 -7.66722918 -4.29511118 -8.20427799]]
0
[[-12.41497231 -14.92657089   0.04629947  -7.80983448]]
2
[[-3.97112393 -7.66722918 -4.29511118 -8.20427799]]
0
[[-12.41497231 -14.92657089   0.04629947  -7.80983448]]
2
[[-3.97112393 -7.66722918 -4.29511118 -8.20427799]]
0
[[-12.41497231 -14.92657089   0.04629947  -7.80983448]]
2
[[-3.97112393 -7.66722918 -4.29511118 -8.20427799]]
0
[[-12.41497231 -14.92657089   0.04629947  -7.80983448]]
2
[[-3.97112393 -7.66722918 -4.29511118 -8.20427799]]
0
[[-12.41497231 -14.92657089   0.04629947  -7.80983448]]
2
[[-3.97112393 -7.66722918 -4.29511118 -8.20427799]]
0
[[-12.41497231 -14.92657089   0.04629947  -7.80983448]]
2
[[-3.97112393 -7.66722918 -4.29511118 -8.20427799]]
0
FAIL
1/2
