[[-3.82929635 -7.72899246 -4.5636487  -8.03881931]]
0
[[-12.27344322 -14.9745779   -0.20759331  -7.63405943]]
2
[[-3.82929635 -7.72899246 -4.5636487  -8.03881931]]
0
[[-12.27344322 -14.9745779   -0.20759331  -7.63405943]]
2
[[-3.82929635 -7.72899246 -4.5636487  -8.03881931]]
0
[[-12.27344322 -14.9745779   -0.20759331  -7.63405943]]
2
[[-3.82929635 -7.72899246 -4.5636487  -8.03881931]]
0
[[-12.27344322 -14.9745779   -0.20759331  -7.63405943]]
2
[[-3.82929635 -7.72899246 -4.5636487  -8.03881931]]
0
[[-12.27344322 -14.9745779   -0.20759331  -7.63405943]]
2
[[-3.82929635 -7.72899246 -4.5636487  -8.03881931]]
0
[[-12.27344322 -14.9745779   -0.20759331  -7.63405943]]
2
[[-3.82929635 -7.72899246 -4.5636487  -8.03881931]]
0
[[-12.27344322 -14.9745779   -0.20759331  -7.63405943]]
2
[[-3.82929635 -7.72899246 -4.5636487  -8.03881931]]
0
[[-12.27344322 -14.9745779   -0.20759331  -7.63405943]]
2
[[-3.82929635 -7.72899246 -4.5636487  -8.03881931]]
0
[[-12.27344322 -14.9745779   -0.20759331  -7.63405943]]
2
[[-3.82929635 -7.72899246 -4.5636487  -8.03881931]]
0
[[-12.27344322 -14.9745779   -0.20759331  -7.63405943]]
2
[[-3.82929635 -7.72899246 -4.5636487  -8.03881931]]
0
[[-12.27344322 -14.9745779   -0.20759331  -7.63405943]]
2
[[-3.82929635 -7.72899246 -4.5636487  -8.03881931]]
0
[[-12.27344322 -14.9745779   -0.20759331  -7.63405943]]
2
[[-3.82929635 -7.72899246 -4.5636487  -8.03881931]]
0
[[-12.27344322 -14.9745779   -0.20759331  -7.63405943]]
2
[[-3.82929635 -7.72899246 -4.5636487  -8.03881931]]
0
[[-12.27344322 -14.9745779   -0.20759331  -7.63405943]]
2
[[-3.82929635 -7.72899246 -4.5636487  -8.03881931]]
0
[[-12.27344322 -14.9745779   -0.20759331  -7.63405943]]
2
[[-3.82929635 -7.72899246 -4.5636487  -8.03881931]]
0
[[-12.27344322 -14.9745779   -0.20759331  -7.63405943]]
2
[[-3.82929635 -7.72899246 -4.5636487  -8.03881931]]
0
[[-12.27344322 -14.9745779   -0.20759331  -7.63405943]]
2
[[-3.82929635 -7.72899246 -4.5636487  -8.03881931]]
0
[[-12.27344322 -14.9745779   -0.20759331  -7.63405943]]
2
[[-3.82929635 -7.72899246 -4.5636487  -8.03881931]]
0
[[-12.27344322 -14.9745779   -0.20759331  -7.63405943]]
2
[[-3.82929635 -7.72899246 -4.5636487  -8.03881931]]
0
[[-12.27344322 -14.9745779   -0.20759331  -7.63405943]]
2
[[-3.82929635 -7.72899246 -4.5636487  -8.03881931]]
0
[[-12.27344322 -14.9745779   -0.20759331  -7.63405943]]
2
[[-3.82929635 -7.72899246 -4.5636487  -8.03881931]]
0
[[-12.27344322 -14.9745779   -0.20759331  -7.63405943]]
2
[[-3.82929635 -7.72899246 -4.5636487  -8.03881931]]
0
[[-12.27344322 -14.9745779   -0.20759331  -7.63405943]]
2
[[-3.82929635 -7.72899246 -4.5636487  -8.03881931]]
0
[[-12.27344322 -14.9745779   -0.20759331  -7.63405943]]
2
[[-3.82929635 -7.72899246 -4.5636487  -8.03881931]]
0
[[-12.27344322 -14.9745779   -0.20759331  -7.63405943]]
2
[[-3.82929635 -7.72899246 -4.5636487  -8.03881931]]
0
[[-12.27344322 -14.9745779   -0.20759331  -7.63405943]]
2
[[-3.82929635 -7.72899246 -4.5636487  -8.03881931]]
0
[[-12.27344322 -14.9745779   -0.20759331  -7.63405943]]
2
[[-3.82929635 -7.72899246 -4.5636487  -8.03881931]]
0
[[-12.27344322 -14.9745779   -0.20759331  -7.63405943]]
2
[[-3.82929635 -7.72899246 -4.5636487  -8.03881931]]
0
[[-12.27344322 -14.9745779   -0.20759331  -7.63405943]]
2
[[-3.82929635 -7.72899246 -4.5636487  -8.03881931]]
0
[[-12.27344322 -14.9745779   -0.20759331  -7.63405943]]
2
[[-3.82929635 -7.72899246 -4.5636487  -8.03881931]]
0
[[-12.27344322 -14.9745779   -0.20759331  -7.63405943]]
2
[[-3.82929635 -7.72899246 -4.5636487  -8.03881931]]
0
[[-12.27344322 -14.9745779   -0.20759331  -7.63405943]]
2
[[-3.82929635 -7.72899246 -4.5636487  -8.03881931]]
0
[[-12.27344322 -14.9745779   -0.20759331  -7.63405943]]
2
[[-3.82929635 -7.72899246 -4.5636487  -8.03881931]]
0
[[-12.27344322 -14.9745779   -0.20759331  -7.63405943]]
2
[[-3.82929635 -7.72899246 -4.5636487  -8.03881931]]
0
[[-12.27344322 -14.9745779   -0.20759331  -7.63405943]]
2
[[-3.82929635 -7.72899246 -4.5636487  -8.03881931]]
0
[[-12.27344322 -14.9745779   -0.20759331  -7.63405943]]
2
[[-3.82929635 -7.72899246 -4.5636487  -8.03881931]]
0
[[-12.27344322 -14.9745779   -0.20759331  -7.63405943]]
2
[[-3.82929635 -7.72899246 -4.5636487  -8.03881931]]
0
[[-12.27344322 -14.9745779   -0.20759331  -7.63405943]]
2
[[-3.82929635 -7.72899246 -4.5636487  -8.03881931]]
0
[[-12.27344322 -14.9745779   -0.20759331  -7.63405943]]
2
[[-3.82929635 -7.72899246 -4.5636487  -8.03881931]]
0
[[-12.27344322 -14.9745779   -0.20759331  -7.63405943]]
2
[[-3.82929635 -7.72899246 -4.5636487  -8.03881931]]
0
[[-12.27344322 -14.9745779   -0.20759331  -7.63405943]]
2
[[-3.82929635 -7.72899246 -4.5636487  -8.03881931]]
0
[[-12.27344322 -14.9745779   -0.20759331  -7.63405943]]
2
[[-3.82929635 -7.72899246 -4.5636487  -8.03881931]]
0
[[-12.27344322 -14.9745779   -0.20759331  -7.63405943]]
2
[[-3.82929635 -7.72899246 -4.5636487  -8.03881931]]
0
[[-12.27344322 -14.9745779   -0.20759331  -7.63405943]]
2
[[-3.82929635 -7.72899246 -4.5636487  -8.03881931]]
0
[[-12.27344322 -14.9745779   -0.20759331  -7.63405943]]
2
[[-3.82929635 -7.72899246 -4.5636487  -8.03881931]]
0
[[-12.27344322 -14.9745779   -0.20759331  -7.63405943]]
2
[[-3.82929635 -7.72899246 -4.5636487  -8.03881931]]
0
[[-12.27344322 -14.9745779   -0.20759331  -7.63405943]]
2
[[-3.82929635 -7.72899246 -4.5636487  -8.03881931]]
0
[[-12.27344322 -14.9745779   -0.20759331  -7.63405943]]
2
[[-3.82929635 -7.72899246 -4.5636487  -8.03881931]]
0
[[-12.27344322 -14.9745779   -0.20759331  -7.63405943]]
2
[[-3.82929635 -7.72899246 -4.5636487  -8.03881931]]
0
[[-12.27344322 -14.9745779   -0.20759331  -7.63405943]]
2
[[-3.82929635 -7.72899246 -4.5636487  -8.03881931]]
0
FAIL
1/2
