[[-4.73640347 -4.62837648 -4.07692671 -8.29224396]]
2
[[-2.80552173 -6.14989233 -3.10873747 -8.9199152 ]]
0
[[-4.73640347 -4.62837648 -4.07692671 -8.29224396]]
2
[[-2.80552173 -6.14989233 -3.10873747 -8.9199152 ]]
0
[[-4.73640347 -4.62837648 -4.07692671 -8.29224396]]
2
[[-2.80552173 -6.14989233 -3.10873747 -8.9199152 ]]
0
[[-4.73640347 -4.62837648 -4.07692671 -8.29224396]]
2
[[-2.80552173 -6.14989233 -3.10873747 -8.9199152 ]]
0
[[-4.73640347 -4.62837648 -4.07692671 -8.29224396]]
2
[[-2.80552173 -6.14989233 -3.10873747 -8.9199152 ]]
0
[[-4.73640347 -4.62837648 -4.07692671 -8.29224396]]
2
[[-2.80552173 -6.14989233 -3.10873747 -8.9199152 ]]
0
[[-4.73640347 -4.62837648 -4.07692671 -8.29224396]]
2
[[-2.80552173 -6.14989233 -3.10873747 -8.9199152 ]]
0
[[-4.73640347 -4.62837648 -4.07692671 -8.29224396]]
2
[[-2.80552173 -6.14989233 -3.10873747 -8.9199152 ]]
0
[[-4.73640347 -4.62837648 -4.07692671 -8.29224396]]
2
[[-2.80552173 -6.14989233 -3.10873747 -8.9199152 ]]
0
[[-4.73640347 -4.62837648 -4.07692671 -8.29224396]]
2
[[-2.80552173 -6.14989233 -3.10873747 -8.9199152 ]]
0
[[-4.73640347 -4.62837648 -4.07692671 -8.29224396]]
2
[[-2.80552173 -6.14989233 -3.10873747 -8.9199152 ]]
0
[[-4.73640347 -4.62837648 -4.07692671 -8.29224396]]
2
[[-2.80552173 -6.14989233 -3.10873747 -8.9199152 ]]
0
[[-4.73640347 -4.62837648 -4.07692671 -8.29224396]]
2
[[-2.80552173 -6.14989233 -3.10873747 -8.9199152 ]]
0
[[-4.73640347 -4.62837648 -4.07692671 -8.29224396]]
2
[[-2.80552173 -6.14989233 -3.10873747 -8.9199152 ]]
0
[[-4.73640347 -4.62837648 -4.07692671 -8.29224396]]
2
[[-2.80552173 -6.14989233 -3.10873747 -8.9199152 ]]
0
[[-4.73640347 -4.62837648 -4.07692671 -8.29224396]]
2
[[-2.80552173 -6.14989233 -3.10873747 -8.9199152 ]]
0
[[-4.73640347 -4.62837648 -4.07692671 -8.29224396]]
2
[[-2.80552173 -6.14989233 -3.10873747 -8.9199152 ]]
0
[[-4.73640347 -4.62837648 -4.07692671 -8.29224396]]
2
[[-2.80552173 -6.14989233 -3.10873747 -8.9199152 ]]
0
[[-4.73640347 -4.62837648 -4.07692671 -8.29224396]]
2
[[-2.80552173 -6.14989233 -3.10873747 -8.9199152 ]]
0
[[-4.73640347 -4.62837648 -4.07692671 -8.29224396]]
2
[[-2.80552173 -6.14989233 -3.10873747 -8.9199152 ]]
0
[[-4.73640347 -4.62837648 -4.07692671 -8.29224396]]
2
[[-2.80552173 -6.14989233 -3.10873747 -8.9199152 ]]
0
[[-4.73640347 -4.62837648 -4.07692671 -8.29224396]]
2
[[-2.80552173 -6.14989233 -3.10873747 -8.9199152 ]]
0
[[-4.73640347 -4.62837648 -4.07692671 -8.29224396]]
2
[[-2.80552173 -6.14989233 -3.10873747 -8.9199152 ]]
0
[[-4.73640347 -4.62837648 -4.07692671 -8.29224396]]
2
[[-2.80552173 -6.14989233 -3.10873747 -8.9199152 ]]
0
[[-4.73640347 -4.62837648 -4.07692671 -8.29224396]]
2
[[-2.80552173 -6.14989233 -3.10873747 -8.9199152 ]]
0
[[-4.73640347 -4.62837648 -4.07692671 -8.29224396]]
2
[[-2.80552173 -6.14989233 -3.10873747 -8.9199152 ]]
0
[[-4.73640347 -4.62837648 -4.07692671 -8.29224396]]
2
[[-2.80552173 -6.14989233 -3.10873747 -8.9199152 ]]
0
[[-4.73640347 -4.62837648 -4.07692671 -8.29224396]]
2
[[-2.80552173 -6.14989233 -3.10873747 -8.9199152 ]]
0
[[-4.73640347 -4.62837648 -4.07692671 -8.29224396]]
2
[[-2.80552173 -6.14989233 -3.10873747 -8.9199152 ]]
0
[[-4.73640347 -4.62837648 -4.07692671 -8.29224396]]
2
[[-2.80552173 -6.14989233 -3.10873747 -8.9199152 ]]
0
[[-4.73640347 -4.62837648 -4.07692671 -8.29224396]]
2
[[-2.80552173 -6.14989233 -3.10873747 -8.9199152 ]]
0
[[-4.73640347 -4.62837648 -4.07692671 -8.29224396]]
2
[[-2.80552173 -6.14989233 -3.10873747 -8.9199152 ]]
0
[[-4.73640347 -4.62837648 -4.07692671 -8.29224396]]
2
[[-2.80552173 -6.14989233 -3.10873747 -8.9199152 ]]
0
[[-4.73640347 -4.62837648 -4.07692671 -8.29224396]]
2
[[-2.80552173 -6.14989233 -3.10873747 -8.9199152 ]]
0
[[-4.73640347 -4.62837648 -4.07692671 -8.29224396]]
2
[[-2.80552173 -6.14989233 -3.10873747 -8.9199152 ]]
0
[[-4.73640347 -4.62837648 -4.07692671 -8.29224396]]
2
[[-2.80552173 -6.14989233 -3.10873747 -8.9199152 ]]
0
[[-4.73640347 -4.62837648 -4.07692671 -8.29224396]]
2
[[-2.80552173 -6.14989233 -3.10873747 -8.9199152 ]]
0
[[-4.73640347 -4.62837648 -4.07692671 -8.29224396]]
2
[[-2.80552173 -6.14989233 -3.10873747 -8.9199152 ]]
0
[[-4.73640347 -4.62837648 -4.07692671 -8.29224396]]
2
[[-2.80552173 -6.14989233 -3.10873747 -8.9199152 ]]
0
[[-4.73640347 -4.62837648 -4.07692671 -8.29224396]]
2
[[-2.80552173 -6.14989233 -3.10873747 -8.9199152 ]]
0
[[-4.73640347 -4.62837648 -4.07692671 -8.29224396]]
2
[[-2.80552173 -6.14989233 -3.10873747 -8.9199152 ]]
0
[[-4.73640347 -4.62837648 -4.07692671 -8.29224396]]
2
[[-2.80552173 -6.14989233 -3.10873747 -8.9199152 ]]
0
[[-4.73640347 -4.62837648 -4.07692671 -8.29224396]]
2
[[-2.80552173 -6.14989233 -3.10873747 -8.9199152 ]]
0
[[-4.73640347 -4.62837648 -4.07692671 -8.29224396]]
2
[[-2.80552173 -6.14989233 -3.10873747 -8.9199152 ]]
0
[[-4.73640347 -4.62837648 -4.07692671 -8.29224396]]
2
[[-2.80552173 -6.14989233 -3.10873747 -8.9199152 ]]
0
[[-4.73640347 -4.62837648 -4.07692671 -8.29224396]]
2
[[-2.80552173 -6.14989233 -3.10873747 -8.9199152 ]]
0
[[-4.73640347 -4.62837648 -4.07692671 -8.29224396]]
2
[[-2.80552173 -6.14989233 -3.10873747 -8.9199152 ]]
0
[[-4.73640347 -4.62837648 -4.07692671 -8.29224396]]
2
[[-2.80552173 -6.14989233 -3.10873747 -8.9199152 ]]
0
[[-4.73640347 -4.62837648 -4.07692671 -8.29224396]]
2
[[-2.80552173 -6.14989233 -3.10873747 -8.9199152 ]]
0
[[-4.73640347 -4.62837648 -4.07692671 -8.29224396]]
2
[[-2.80552173 -6.14989233 -3.10873747 -8.9199152 ]]
0
[[-4.73640347 -4.62837648 -4.07692671 -8.29224396]]
2
FAIL
0/5
