[[-4.59201574 -4.5510006  -3.8750577  -8.20685291]]
2
[[-2.66361475 -6.06613207 -2.90314674 -8.83641338]]
0
[[-4.59201574 -4.5510006  -3.8750577  -8.20685291]]
2
[[-2.66361475 -6.06613207 -2.90314674 -8.83641338]]
0
[[-4.59201574 -4.5510006  -3.8750577  -8.20685291]]
2
[[-2.66361475 -6.06613207 -2.90314674 -8.83641338]]
0
[[-4.59201574 -4.5510006  -3.8750577  -8.20685291]]
2
[[-2.66361475 -6.06613207 -2.90314674 -8.83641338]]
0
[[-4.59201574 -4.5510006  -3.8750577  -8.20685291]]
2
[[-2.66361475 -6.06613207 -2.90314674 -8.83641338]]
0
[[-4.59201574 -4.5510006  -3.8750577  -8.20685291]]
2
[[-2.66361475 -6.06613207 -2.90314674 -8.83641338]]
0
[[-4.59201574 -4.5510006  -3.8750577  -8.20685291]]
2
[[-2.66361475 -6.06613207 -2.90314674 -8.83641338]]
0
[[-4.59201574 -4.5510006  -3.8750577  -8.20685291]]
2
[[-2.66361475 -6.06613207 -2.90314674 -8.83641338]]
0
[[-4.59201574 -4.5510006  -3.8750577  -8.20685291]]
2
[[-2.66361475 -6.06613207 -2.90314674 -8.83641338]]
0
[[-4.59201574 -4.5510006  -3.8750577  -8.20685291]]
2
[[-2.66361475 -6.06613207 -2.90314674 -8.83641338]]
0
[[-4.59201574 -4.5510006  -3.8750577  -8.20685291]]
2
[[-2.66361475 -6.06613207 -2.90314674 -8.83641338]]
0
[[-4.59201574 -4.5510006  -3.8750577  -8.20685291]]
2
[[-2.66361475 -6.06613207 -2.90314674 -8.83641338]]
0
[[-4.59201574 -4.5510006  -3.8750577  -8.20685291]]
2
[[-2.66361475 -6.06613207 -2.90314674 -8.83641338]]
0
[[-4.59201574 -4.5510006  -3.8750577  -8.20685291]]
2
[[-2.66361475 -6.06613207 -2.90314674 -8.83641338]]
0
[[-4.59201574 -4.5510006  -3.8750577  -8.20685291]]
2
[[-2.66361475 -6.06613207 -2.90314674 -8.83641338]]
0
[[-4.59201574 -4.5510006  -3.8750577  -8.20685291]]
2
[[-2.66361475 -6.06613207 -2.90314674 -8.83641338]]
0
[[-4.59201574 -4.5510006  -3.8750577  -8.20685291]]
2
[[-2.66361475 -6.06613207 -2.90314674 -8.83641338]]
0
[[-4.59201574 -4.5510006  -3.8750577  -8.20685291]]
2
[[-2.66361475 -6.06613207 -2.90314674 -8.83641338]]
0
[[-4.59201574 -4.5510006  -3.8750577  -8.20685291]]
2
[[-2.66361475 -6.06613207 -2.90314674 -8.83641338]]
0
[[-4.59201574 -4.5510006  -3.8750577  -8.20685291]]
2
[[-2.66361475 -6.06613207 -2.90314674 -8.83641338]]
0
[[-4.59201574 -4.5510006  -3.8750577  -8.20685291]]
2
[[-2.66361475 -6.06613207 -2.90314674 -8.83641338]]
0
[[-4.59201574 -4.5510006  -3.8750577  -8.20685291]]
2
[[-2.66361475 -6.06613207 -2.90314674 -8.83641338]]
0
[[-4.59201574 -4.5510006  -3.8750577  -8.20685291]]
2
[[-2.66361475 -6.06613207 -2.90314674 -8.83641338]]
0
[[-4.59201574 -4.5510006  -3.8750577  -8.20685291]]
2
[[-2.66361475 -6.06613207 -2.90314674 -8.83641338]]
0
[[-4.59201574 -4.5510006  -3.8750577  -8.20685291]]
2
[[-2.66361475 -6.06613207 -2.90314674 -8.83641338]]
0
[[-4.59201574 -4.5510006  -3.8750577  -8.20685291]]
2
[[-2.66361475 -6.06613207 -2.90314674 -8.83641338]]
0
[[-4.59201574 -4.5510006  -3.8750577  -8.20685291]]
2
[[-2.66361475 -6.06613207 -2.90314674 -8.83641338]]
0
[[-4.59201574 -4.5510006  -3.8750577  -8.20685291]]
2
[[-2.66361475 -6.06613207 -2.90314674 -8.83641338]]
0
[[-4.59201574 -4.5510006  -3.8750577  -8.20685291]]
2
[[-2.66361475 -6.06613207 -2.90314674 -8.83641338]]
0
[[-4.59201574 -4.5510006  -3.8750577  -8.20685291]]
2
[[-2.66361475 -6.06613207 -2.90314674 -8.83641338]]
0
[[-4.59201574 -4.5510006  -3.8750577  -8.20685291]]
2
[[-2.66361475 -6.06613207 -2.90314674 -8.83641338]]
0
[[-4.59201574 -4.5510006  -3.8750577  -8.20685291]]
2
[[-2.66361475 -6.06613207 -2.90314674 -8.83641338]]
0
[[-4.59201574 -4.5510006  -3.8750577  -8.20685291]]
2
[[-2.66361475 -6.06613207 -2.90314674 -8.83641338]]
0
[[-4.59201574 -4.5510006  -3.8750577  -8.20685291]]
2
[[-2.66361475 -6.06613207 -2.90314674 -8.83641338]]
0
[[-4.59201574 -4.5510006  -3.8750577  -8.20685291]]
2
[[-2.66361475 -6.06613207 -2.90314674 -8.83641338]]
0
[[-4.59201574 -4.5510006  -3.8750577  -8.20685291]]
2
[[-2.66361475 -6.06613207 -2.90314674 -8.83641338]]
0
[[-4.59201574 -4.5510006  -3.8750577  -8.20685291]]
2
[[-2.66361475 -6.06613207 -2.90314674 -8.83641338]]
0
[[-4.59201574 -4.5510006  -3.8750577  -8.20685291]]
2
[[-2.66361475 -6.06613207 -2.90314674 -8.83641338]]
0
[[-4.59201574 -4.5510006  -3.8750577  -8.20685291]]
2
[[-2.66361475 -6.06613207 -2.90314674 -8.83641338]]
0
[[-4.59201574 -4.5510006  -3.8750577  -8.20685291]]
2
[[-2.66361475 -6.06613207 -2.90314674 -8.83641338]]
0
[[-4.59201574 -4.5510006  -3.8750577  -8.20685291]]
2
[[-2.66361475 -6.06613207 -2.90314674 -8.83641338]]
0
[[-4.59201574 -4.5510006  -3.8750577  -8.20685291]]
2
[[-2.66361475 -6.06613207 -2.90314674 -8.83641338]]
0
[[-4.59201574 -4.5510006  -3.8750577  -8.20685291]]
2
[[-2.66361475 -6.06613207 -2.90314674 -8.83641338]]
0
[[-4.59201574 -4.5510006  -3.8750577  -8.20685291]]
2
[[-2.66361475 -6.06613207 -2.90314674 -8.83641338]]
0
[[-4.59201574 -4.5510006  -3.8750577  -8.20685291]]
2
[[-2.66361475 -6.06613207 -2.90314674 -8.83641338]]
0
[[-4.59201574 -4.5510006  -3.8750577  -8.20685291]]
2
[[-2.66361475 -6.06613207 -2.90314674 -8.83641338]]
0
[[-4.59201574 -4.5510006  -3.8750577  -8.20685291]]
2
[[-2.66361475 -6.06613207 -2.90314674 -8.83641338]]
0
[[-4.59201574 -4.5510006  -3.8750577  -8.20685291]]
2
[[-2.66361475 -6.06613207 -2.90314674 -8.83641338]]
0
[[-4.59201574 -4.5510006  -3.8750577  -8.20685291]]
2
[[-2.66361475 -6.06613207 -2.90314674 -8.83641338]]
0
[[-4.59201574 -4.5510006  -3.8750577  -8.20685291]]
2
[[-2.66361475 -6.06613207 -2.90314674 -8.83641338]]
0
[[-4.59201574 -4.5510006  -3.8750577  -8.20685291]]
2
FAIL
0/5
