[[-3.68012571 -7.65284443 -4.34919119 -7.94101191]]
0
[[ -1.21161499e+01  -1.48841410e+01   1.16683803e-02  -7.53152800e+00]]
2
[[-3.68012571 -7.65284443 -4.34919119 -7.94101191]]
0
[[ -1.21161499e+01  -1.48841410e+01   1.16683803e-02  -7.53152800e+00]]
2
[[-3.68012571 -7.65284443 -4.34919119 -7.94101191]]
0
[[ -1.21161499e+01  -1.48841410e+01   1.16683803e-02  -7.53152800e+00]]
2
[[-3.68012571 -7.65284443 -4.34919119 -7.94101191]]
0
[[ -1.21161499e+01  -1.48841410e+01   1.16683803e-02  -7.53152800e+00]]
2
[[-3.68012571 -7.65284443 -4.34919119 -7.94101191]]
0
[[ -1.21161499e+01  -1.48841410e+01   1.16683803e-02  -7.53152800e+00]]
2
[[-3.68012571 -7.65284443 -4.34919119 -7.94101191]]
0
[[ -1.21161499e+01  -1.48841410e+01   1.16683803e-02  -7.53152800e+00]]
2
[[-3.68012571 -7.65284443 -4.34919119 -7.94101191]]
0
[[ -1.21161499e+01  -1.48841410e+01   1.16683803e-02  -7.53152800e+00]]
2
[[-3.68012571 -7.65284443 -4.34919119 -7.94101191]]
0
[[ -1.21161499e+01  -1.48841410e+01   1.16683803e-02  -7.53152800e+00]]
2
[[-3.68012571 -7.65284443 -4.34919119 -7.94101191]]
0
[[ -1.21161499e+01  -1.48841410e+01   1.16683803e-02  -7.53152800e+00]]
2
[[-3.68012571 -7.65284443 -4.34919119 -7.94101191]]
0
[[ -1.21161499e+01  -1.48841410e+01   1.16683803e-02  -7.53152800e+00]]
2
[[-3.68012571 -7.65284443 -4.34919119 -7.94101191]]
0
[[ -1.21161499e+01  -1.48841410e+01   1.16683803e-02  -7.53152800e+00]]
2
[[-3.68012571 -7.65284443 -4.34919119 -7.94101191]]
0
[[ -1.21161499e+01  -1.48841410e+01   1.16683803e-02  -7.53152800e+00]]
2
[[-3.68012571 -7.65284443 -4.34919119 -7.94101191]]
0
[[ -1.21161499e+01  -1.48841410e+01   1.16683803e-02  -7.53152800e+00]]
2
[[-3.68012571 -7.65284443 -4.34919119 -7.94101191]]
0
[[ -1.21161499e+01  -1.48841410e+01   1.16683803e-02  -7.53152800e+00]]
2
[[-3.68012571 -7.65284443 -4.34919119 -7.94101191]]
0
[[ -1.21161499e+01  -1.48841410e+01   1.16683803e-02  -7.53152800e+00]]
2
[[-3.68012571 -7.65284443 -4.34919119 -7.94101191]]
0
[[ -1.21161499e+01  -1.48841410e+01   1.16683803e-02  -7.53152800e+00]]
2
[[-3.68012571 -7.65284443 -4.34919119 -7.94101191]]
0
[[ -1.21161499e+01  -1.48841410e+01   1.16683803e-02  -7.53152800e+00]]
2
[[-3.68012571 -7.65284443 -4.34919119 -7.94101191]]
0
[[ -1.21161499e+01  -1.48841410e+01   1.16683803e-02  -7.53152800e+00]]
2
[[-3.68012571 -7.65284443 -4.34919119 -7.94101191]]
0
[[ -1.21161499e+01  -1.48841410e+01   1.16683803e-02  -7.53152800e+00]]
2
[[-3.68012571 -7.65284443 -4.34919119 -7.94101191]]
0
[[ -1.21161499e+01  -1.48841410e+01   1.16683803e-02  -7.53152800e+00]]
2
[[-3.68012571 -7.65284443 -4.34919119 -7.94101191]]
0
[[ -1.21161499e+01  -1.48841410e+01   1.16683803e-02  -7.53152800e+00]]
2
[[-3.68012571 -7.65284443 -4.34919119 -7.94101191]]
0
[[ -1.21161499e+01  -1.48841410e+01   1.16683803e-02  -7.53152800e+00]]
2
[[-3.68012571 -7.65284443 -4.34919119 -7.94101191]]
0
[[ -1.21161499e+01  -1.48841410e+01   1.16683803e-02  -7.53152800e+00]]
2
[[-3.68012571 -7.65284443 -4.34919119 -7.94101191]]
0
[[ -1.21161499e+01  -1.48841410e+01   1.16683803e-02  -7.53152800e+00]]
2
[[-3.68012571 -7.65284443 -4.34919119 -7.94101191]]
0
[[ -1.21161499e+01  -1.48841410e+01   1.16683803e-02  -7.53152800e+00]]
2
[[-3.68012571 -7.65284443 -4.34919119 -7.94101191]]
0
[[ -1.21161499e+01  -1.48841410e+01   1.16683803e-02  -7.53152800e+00]]
2
[[-3.68012571 -7.65284443 -4.34919119 -7.94101191]]
0
[[ -1.21161499e+01  -1.48841410e+01   1.16683803e-02  -7.53152800e+00]]
2
[[-3.68012571 -7.65284443 -4.34919119 -7.94101191]]
0
[[ -1.21161499e+01  -1.48841410e+01   1.16683803e-02  -7.53152800e+00]]
2
[[-3.68012571 -7.65284443 -4.34919119 -7.94101191]]
0
[[ -1.21161499e+01  -1.48841410e+01   1.16683803e-02  -7.53152800e+00]]
2
[[-3.68012571 -7.65284443 -4.34919119 -7.94101191]]
0
[[ -1.21161499e+01  -1.48841410e+01   1.16683803e-02  -7.53152800e+00]]
2
[[-3.68012571 -7.65284443 -4.34919119 -7.94101191]]
0
[[ -1.21161499e+01  -1.48841410e+01   1.16683803e-02  -7.53152800e+00]]
2
[[-3.68012571 -7.65284443 -4.34919119 -7.94101191]]
0
[[ -1.21161499e+01  -1.48841410e+01   1.16683803e-02  -7.53152800e+00]]
2
[[-3.68012571 -7.65284443 -4.34919119 -7.94101191]]
0
[[ -1.21161499e+01  -1.48841410e+01   1.16683803e-02  -7.53152800e+00]]
2
[[-3.68012571 -7.65284443 -4.34919119 -7.94101191]]
0
[[ -1.21161499e+01  -1.48841410e+01   1.16683803e-02  -7.53152800e+00]]
2
[[-3.68012571 -7.65284443 -4.34919119 -7.94101191]]
0
[[ -1.21161499e+01  -1.48841410e+01   1.16683803e-02  -7.53152800e+00]]
2
[[-3.68012571 -7.65284443 -4.34919119 -7.94101191]]
0
[[ -1.21161499e+01  -1.48841410e+01   1.16683803e-02  -7.53152800e+00]]
2
[[-3.68012571 -7.65284443 -4.34919119 -7.94101191]]
0
[[ -1.21161499e+01  -1.48841410e+01   1.16683803e-02  -7.53152800e+00]]
2
[[-3.68012571 -7.65284443 -4.34919119 -7.94101191]]
0
[[ -1.21161499e+01  -1.48841410e+01   1.16683803e-02  -7.53152800e+00]]
2
[[-3.68012571 -7.65284443 -4.34919119 -7.94101191]]
0
[[ -1.21161499e+01  -1.48841410e+01   1.16683803e-02  -7.53152800e+00]]
2
[[-3.68012571 -7.65284443 -4.34919119 -7.94101191]]
0
[[ -1.21161499e+01  -1.48841410e+01   1.16683803e-02  -7.53152800e+00]]
2
[[-3.68012571 -7.65284443 -4.34919119 -7.94101191]]
0
[[ -1.21161499e+01  -1.48841410e+01   1.16683803e-02  -7.53152800e+00]]
2
[[-3.68012571 -7.65284443 -4.34919119 -7.94101191]]
0
[[ -1.21161499e+01  -1.48841410e+01   1.16683803e-02  -7.53152800e+00]]
2
[[-3.68012571 -7.65284443 -4.34919119 -7.94101191]]
0
[[ -1.21161499e+01  -1.48841410e+01   1.16683803e-02  -7.53152800e+00]]
2
[[-3.68012571 -7.65284443 -4.34919119 -7.94101191]]
0
[[ -1.21161499e+01  -1.48841410e+01   1.16683803e-02  -7.53152800e+00]]
2
[[-3.68012571 -7.65284443 -4.34919119 -7.94101191]]
0
[[ -1.21161499e+01  -1.48841410e+01   1.16683803e-02  -7.53152800e+00]]
2
[[-3.68012571 -7.65284443 -4.34919119 -7.94101191]]
0
[[ -1.21161499e+01  -1.48841410e+01   1.16683803e-02  -7.53152800e+00]]
2
[[-3.68012571 -7.65284443 -4.34919119 -7.94101191]]
0
[[ -1.21161499e+01  -1.48841410e+01   1.16683803e-02  -7.53152800e+00]]
2
[[-3.68012571 -7.65284443 -4.34919119 -7.94101191]]
0
[[ -1.21161499e+01  -1.48841410e+01   1.16683803e-02  -7.53152800e+00]]
2
[[-3.68012571 -7.65284443 -4.34919119 -7.94101191]]
0
[[ -1.21161499e+01  -1.48841410e+01   1.16683803e-02  -7.53152800e+00]]
2
[[-3.68012571 -7.65284443 -4.34919119 -7.94101191]]
0
[[ -1.21161499e+01  -1.48841410e+01   1.16683803e-02  -7.53152800e+00]]
2
[[-3.68012571 -7.65284443 -4.34919119 -7.94101191]]
0
FAIL
1/2
