[[-3.80262208 -7.64604187 -4.32530975 -7.98346376]]
0
[[-12.23067951 -14.87257576   0.05048984  -7.56782818]]
2
[[-3.80262208 -7.64604187 -4.32530975 -7.98346376]]
0
[[-12.23067951 -14.87257576   0.05048984  -7.56782818]]
2
[[-3.80262208 -7.64604187 -4.32530975 -7.98346376]]
0
[[-12.23067951 -14.87257576   0.05048984  -7.56782818]]
2
[[-3.80262208 -7.64604187 -4.32530975 -7.98346376]]
0
[[-12.23067951 -14.87257576   0.05048984  -7.56782818]]
2
[[-3.80262208 -7.64604187 -4.32530975 -7.98346376]]
0
[[-12.23067951 -14.87257576   0.05048984  -7.56782818]]
2
[[-3.80262208 -7.64604187 -4.32530975 -7.98346376]]
0
[[-12.23067951 -14.87257576   0.05048984  -7.56782818]]
2
[[-3.80262208 -7.64604187 -4.32530975 -7.98346376]]
0
[[-12.23067951 -14.87257576   0.05048984  -7.56782818]]
2
[[-3.80262208 -7.64604187 -4.32530975 -7.98346376]]
0
[[-12.23067951 -14.87257576   0.05048984  -7.56782818]]
2
[[-3.80262208 -7.64604187 -4.32530975 -7.98346376]]
0
[[-12.23067951 -14.87257576   0.05048984  -7.56782818]]
2
[[-3.80262208 -7.64604187 -4.32530975 -7.98346376]]
0
[[-12.23067951 -14.87257576   0.05048984  -7.56782818]]
2
[[-3.80262208 -7.64604187 -4.32530975 -7.98346376]]
0
[[-12.23067951 -14.87257576   0.05048984  -7.56782818]]
2
[[-3.80262208 -7.64604187 -4.32530975 -7.98346376]]
0
[[-12.23067951 -14.87257576   0.05048984  -7.56782818]]
2
[[-3.80262208 -7.64604187 -4.32530975 -7.98346376]]
0
[[-12.23067951 -14.87257576   0.05048984  -7.56782818]]
2
[[-3.80262208 -7.64604187 -4.32530975 -7.98346376]]
0
[[-12.23067951 -14.87257576   0.05048984  -7.56782818]]
2
[[-3.80262208 -7.64604187 -4.32530975 -7.98346376]]
0
[[-12.23067951 -14.87257576   0.05048984  -7.56782818]]
2
[[-3.80262208 -7.64604187 -4.32530975 -7.98346376]]
0
[[-12.23067951 -14.87257576   0.05048984  -7.56782818]]
2
[[-3.80262208 -7.64604187 -4.32530975 -7.98346376]]
0
[[-12.23067951 -14.87257576   0.05048984  -7.56782818]]
2
[[-3.80262208 -7.64604187 -4.32530975 -7.98346376]]
0
[[-12.23067951 -14.87257576   0.05048984  -7.56782818]]
2
[[-3.80262208 -7.64604187 -4.32530975 -7.98346376]]
0
[[-12.23067951 -14.87257576   0.05048984  -7.56782818]]
2
[[-3.80262208 -7.64604187 -4.32530975 -7.98346376]]
0
[[-12.23067951 -14.87257576   0.05048984  -7.56782818]]
2
[[-3.80262208 -7.64604187 -4.32530975 -7.98346376]]
0
[[-12.23067951 -14.87257576   0.05048984  -7.56782818]]
2
[[-3.80262208 -7.64604187 -4.32530975 -7.98346376]]
0
[[-12.23067951 -14.87257576   0.05048984  -7.56782818]]
2
[[-3.80262208 -7.64604187 -4.32530975 -7.98346376]]
0
[[-12.23067951 -14.87257576   0.05048984  -7.56782818]]
2
[[-3.80262208 -7.64604187 -4.32530975 -7.98346376]]
0
[[-12.23067951 -14.87257576   0.05048984  -7.56782818]]
2
[[-3.80262208 -7.64604187 -4.32530975 -7.98346376]]
0
[[-12.23067951 -14.87257576   0.05048984  -7.56782818]]
2
[[-3.80262208 -7.64604187 -4.32530975 -7.98346376]]
0
[[-12.23067951 -14.87257576   0.05048984  -7.56782818]]
2
[[-3.80262208 -7.64604187 -4.32530975 -7.98346376]]
0
[[-12.23067951 -14.87257576   0.05048984  -7.56782818]]
2
[[-3.80262208 -7.64604187 -4.32530975 -7.98346376]]
0
[[-12.23067951 -14.87257576   0.05048984  -7.56782818]]
2
[[-3.80262208 -7.64604187 -4.32530975 -7.98346376]]
0
[[-12.23067951 -14.87257576   0.05048984  -7.56782818]]
2
[[-3.80262208 -7.64604187 -4.32530975 -7.98346376]]
0
[[-12.23067951 -14.87257576   0.05048984  -7.56782818]]
2
[[-3.80262208 -7.64604187 -4.32530975 -7.98346376]]
0
[[-12.23067951 -14.87257576   0.05048984  -7.56782818]]
2
[[-3.80262208 -7.64604187 -4.32530975 -7.98346376]]
0
[[-12.23067951 -14.87257576   0.05048984  -7.56782818]]
2
[[-3.80262208 -7.64604187 -4.32530975 -7.98346376]]
0
[[-12.23067951 -14.87257576   0.05048984  -7.56782818]]
2
[[-3.80262208 -7.64604187 -4.32530975 -7.98346376]]
0
[[-12.23067951 -14.87257576   0.05048984  -7.56782818]]
2
[[-3.80262208 -7.64604187 -4.32530975 -7.98346376]]
0
[[-12.23067951 -14.87257576   0.05048984  -7.56782818]]
2
[[-3.80262208 -7.64604187 -4.32530975 -7.98346376]]
0
[[-12.23067951 -14.87257576   0.05048984  -7.56782818]]
2
[[-3.80262208 -7.64604187 -4.32530975 -7.98346376]]
0
[[-12.23067951 -14.87257576   0.05048984  -7.56782818]]
2
[[-3.80262208 -7.64604187 -4.32530975 -7.98346376]]
0
[[-12.23067951 -14.87257576   0.05048984  -7.56782818]]
2
[[-3.80262208 -7.64604187 -4.32530975 -7.98346376]]
0
[[-12.23067951 -14.87257576   0.05048984  -7.56782818]]
2
[[-3.80262208 -7.64604187 -4.32530975 -7.98346376]]
0
[[-12.23067951 -14.87257576   0.05048984  -7.56782818]]
2
[[-3.80262208 -7.64604187 -4.32530975 -7.98346376]]
0
[[-12.23067951 -14.87257576   0.05048984  -7.56782818]]
2
[[-3.80262208 -7.64604187 -4.32530975 -7.98346376]]
0
[[-12.23067951 -14.87257576   0.05048984  -7.56782818]]
2
[[-3.80262208 -7.64604187 -4.32530975 -7.98346376]]
0
[[-12.23067951 -14.87257576   0.05048984  -7.56782818]]
2
[[-3.80262208 -7.64604187 -4.32530975 -7.98346376]]
0
[[-12.23067951 -14.87257576   0.05048984  -7.56782818]]
2
[[-3.80262208 -7.64604187 -4.32530975 -7.98346376]]
0
[[-12.23067951 -14.87257576   0.05048984  -7.56782818]]
2
[[-3.80262208 -7.64604187 -4.32530975 -7.98346376]]
0
[[-12.23067951 -14.87257576   0.05048984  -7.56782818]]
2
[[-3.80262208 -7.64604187 -4.32530975 -7.98346376]]
0
[[-12.23067951 -14.87257576   0.05048984  -7.56782818]]
2
[[-3.80262208 -7.64604187 -4.32530975 -7.98346376]]
0
[[-12.23067951 -14.87257576   0.05048984  -7.56782818]]
2
[[-3.80262208 -7.64604187 -4.32530975 -7.98346376]]
0
[[-12.23067951 -14.87257576   0.05048984  -7.56782818]]
2
[[-3.80262208 -7.64604187 -4.32530975 -7.98346376]]
0
[[-12.23067951 -14.87257576   0.05048984  -7.56782818]]
2
[[-3.80262208 -7.64604187 -4.32530975 -7.98346376]]
0
FAIL
1/2
