[[-4.72334003 -4.55987358 -3.86462569 -8.28885174]]
2
[[-2.79905534 -6.07244301 -2.88832259 -8.92080784]]
0
[[-4.72334003 -4.55987358 -3.86462569 -8.28885174]]
2
[[-2.79905534 -6.07244301 -2.88832259 -8.92080784]]
0
[[-4.72334003 -4.55987358 -3.86462569 -8.28885174]]
2
[[-2.79905534 -6.07244301 -2.88832259 -8.92080784]]
0
[[-4.72334003 -4.55987358 -3.86462569 -8.28885174]]
2
[[-2.79905534 -6.07244301 -2.88832259 -8.92080784]]
0
[[-4.72334003 -4.55987358 -3.86462569 -8.28885174]]
2
[[-2.79905534 -6.07244301 -2.88832259 -8.92080784]]
0
[[-4.72334003 -4.55987358 -3.86462569 -8.28885174]]
2
[[-2.79905534 -6.07244301 -2.88832259 -8.92080784]]
0
[[-4.72334003 -4.55987358 -3.86462569 -8.28885174]]
2
[[-2.79905534 -6.07244301 -2.88832259 -8.92080784]]
0
[[-4.72334003 -4.55987358 -3.86462569 -8.28885174]]
2
[[-2.79905534 -6.07244301 -2.88832259 -8.92080784]]
0
[[-4.72334003 -4.55987358 -3.86462569 -8.28885174]]
2
[[-2.79905534 -6.07244301 -2.88832259 -8.92080784]]
0
[[-4.72334003 -4.55987358 -3.86462569 -8.28885174]]
2
[[-2.79905534 -6.07244301 -2.88832259 -8.92080784]]
0
[[-4.72334003 -4.55987358 -3.86462569 -8.28885174]]
2
[[-2.79905534 -6.07244301 -2.88832259 -8.92080784]]
0
[[-4.72334003 -4.55987358 -3.86462569 -8.28885174]]
2
[[-2.79905534 -6.07244301 -2.88832259 -8.92080784]]
0
[[-4.72334003 -4.55987358 -3.86462569 -8.28885174]]
2
[[-2.79905534 -6.07244301 -2.88832259 -8.92080784]]
0
[[-4.72334003 -4.55987358 -3.86462569 -8.28885174]]
2
[[-2.79905534 -6.07244301 -2.88832259 -8.92080784]]
0
[[-4.72334003 -4.55987358 -3.86462569 -8.28885174]]
2
[[-2.79905534 -6.07244301 -2.88832259 -8.92080784]]
0
[[-4.72334003 -4.55987358 -3.86462569 -8.28885174]]
2
[[-2.79905534 -6.07244301 -2.88832259 -8.92080784]]
0
[[-4.72334003 -4.55987358 -3.86462569 -8.28885174]]
2
[[-2.79905534 -6.07244301 -2.88832259 -8.92080784]]
0
[[-4.72334003 -4.55987358 -3.86462569 -8.28885174]]
2
[[-2.79905534 -6.07244301 -2.88832259 -8.92080784]]
0
[[-4.72334003 -4.55987358 -3.86462569 -8.28885174]]
2
[[-2.79905534 -6.07244301 -2.88832259 -8.92080784]]
0
[[-4.72334003 -4.55987358 -3.86462569 -8.28885174]]
2
[[-2.79905534 -6.07244301 -2.88832259 -8.92080784]]
0
[[-4.72334003 -4.55987358 -3.86462569 -8.28885174]]
2
[[-2.79905534 -6.07244301 -2.88832259 -8.92080784]]
0
[[-4.72334003 -4.55987358 -3.86462569 -8.28885174]]
2
[[-2.79905534 -6.07244301 -2.88832259 -8.92080784]]
0
[[-4.72334003 -4.55987358 -3.86462569 -8.28885174]]
2
[[-2.79905534 -6.07244301 -2.88832259 -8.92080784]]
0
[[-4.72334003 -4.55987358 -3.86462569 -8.28885174]]
2
[[-2.79905534 -6.07244301 -2.88832259 -8.92080784]]
0
[[-4.72334003 -4.55987358 -3.86462569 -8.28885174]]
2
[[-2.79905534 -6.07244301 -2.88832259 -8.92080784]]
0
[[-4.72334003 -4.55987358 -3.86462569 -8.28885174]]
2
[[-2.79905534 -6.07244301 -2.88832259 -8.92080784]]
0
[[-4.72334003 -4.55987358 -3.86462569 -8.28885174]]
2
[[-2.79905534 -6.07244301 -2.88832259 -8.92080784]]
0
[[-4.72334003 -4.55987358 -3.86462569 -8.28885174]]
2
[[-2.79905534 -6.07244301 -2.88832259 -8.92080784]]
0
[[-4.72334003 -4.55987358 -3.86462569 -8.28885174]]
2
[[-2.79905534 -6.07244301 -2.88832259 -8.92080784]]
0
[[-4.72334003 -4.55987358 -3.86462569 -8.28885174]]
2
[[-2.79905534 -6.07244301 -2.88832259 -8.92080784]]
0
[[-4.72334003 -4.55987358 -3.86462569 -8.28885174]]
2
[[-2.79905534 -6.07244301 -2.88832259 -8.92080784]]
0
[[-4.72334003 -4.55987358 -3.86462569 -8.28885174]]
2
[[-2.79905534 -6.07244301 -2.88832259 -8.92080784]]
0
[[-4.72334003 -4.55987358 -3.86462569 -8.28885174]]
2
[[-2.79905534 -6.07244301 -2.88832259 -8.92080784]]
0
[[-4.72334003 -4.55987358 -3.86462569 -8.28885174]]
2
[[-2.79905534 -6.07244301 -2.88832259 -8.92080784]]
0
[[-4.72334003 -4.55987358 -3.86462569 -8.28885174]]
2
[[-2.79905534 -6.07244301 -2.88832259 -8.92080784]]
0
[[-4.72334003 -4.55987358 -3.86462569 -8.28885174]]
2
[[-2.79905534 -6.07244301 -2.88832259 -8.92080784]]
0
[[-4.72334003 -4.55987358 -3.86462569 -8.28885174]]
2
[[-2.79905534 -6.07244301 -2.88832259 -8.92080784]]
0
[[-4.72334003 -4.55987358 -3.86462569 -8.28885174]]
2
[[-2.79905534 -6.07244301 -2.88832259 -8.92080784]]
0
[[-4.72334003 -4.55987358 -3.86462569 -8.28885174]]
2
[[-2.79905534 -6.07244301 -2.88832259 -8.92080784]]
0
[[-4.72334003 -4.55987358 -3.86462569 -8.28885174]]
2
[[-2.79905534 -6.07244301 -2.88832259 -8.92080784]]
0
[[-4.72334003 -4.55987358 -3.86462569 -8.28885174]]
2
[[-2.79905534 -6.07244301 -2.88832259 -8.92080784]]
0
[[-4.72334003 -4.55987358 -3.86462569 -8.28885174]]
2
[[-2.79905534 -6.07244301 -2.88832259 -8.92080784]]
0
[[-4.72334003 -4.55987358 -3.86462569 -8.28885174]]
2
[[-2.79905534 -6.07244301 -2.88832259 -8.92080784]]
0
[[-4.72334003 -4.55987358 -3.86462569 -8.28885174]]
2
[[-2.79905534 -6.07244301 -2.88832259 -8.92080784]]
0
[[-4.72334003 -4.55987358 -3.86462569 -8.28885174]]
2
[[-2.79905534 -6.07244301 -2.88832259 -8.92080784]]
0
[[-4.72334003 -4.55987358 -3.86462569 -8.28885174]]
2
[[-2.79905534 -6.07244301 -2.88832259 -8.92080784]]
0
[[-4.72334003 -4.55987358 -3.86462569 -8.28885174]]
2
[[-2.79905534 -6.07244301 -2.88832259 -8.92080784]]
0
[[-4.72334003 -4.55987358 -3.86462569 -8.28885174]]
2
[[-2.79905534 -6.07244301 -2.88832259 -8.92080784]]
0
[[-4.72334003 -4.55987358 -3.86462569 -8.28885174]]
2
[[-2.79905534 -6.07244301 -2.88832259 -8.92080784]]
0
[[-4.72334003 -4.55987358 -3.86462569 -8.28885174]]
2
[[-2.79905534 -6.07244301 -2.88832259 -8.92080784]]
0
[[-4.72334003 -4.55987358 -3.86462569 -8.28885174]]
2
FAIL
0/5
