[[-4.76416063 -4.57224607 -4.00589657 -8.5579958 ]]
2
[[-2.85151076 -6.09031391 -3.03280544 -9.1905756 ]]
0
[[-4.76416063 -4.57224607 -4.00589657 -8.5579958 ]]
2
[[-2.85151076 -6.09031391 -3.03280544 -9.1905756 ]]
0
[[-4.76416063 -4.57224607 -4.00589657 -8.5579958 ]]
2
[[-2.85151076 -6.09031391 -3.03280544 -9.1905756 ]]
0
[[-4.76416063 -4.57224607 -4.00589657 -8.5579958 ]]
2
[[-2.85151076 -6.09031391 -3.03280544 -9.1905756 ]]
0
[[-4.76416063 -4.57224607 -4.00589657 -8.5579958 ]]
2
[[-2.85151076 -6.09031391 -3.03280544 -9.1905756 ]]
0
[[-4.76416063 -4.57224607 -4.00589657 -8.5579958 ]]
2
[[-2.85151076 -6.09031391 -3.03280544 -9.1905756 ]]
0
[[-4.76416063 -4.57224607 -4.00589657 -8.5579958 ]]
2
[[-2.85151076 -6.09031391 -3.03280544 -9.1905756 ]]
0
[[-4.76416063 -4.57224607 -4.00589657 -8.5579958 ]]
2
[[-2.85151076 -6.09031391 -3.03280544 -9.1905756 ]]
0
[[-4.76416063 -4.57224607 -4.00589657 -8.5579958 ]]
2
[[-2.85151076 -6.09031391 -3.03280544 -9.1905756 ]]
0
[[-4.76416063 -4.57224607 -4.00589657 -8.5579958 ]]
2
[[-2.85151076 -6.09031391 -3.03280544 -9.1905756 ]]
0
[[-4.76416063 -4.57224607 -4.00589657 -8.5579958 ]]
2
[[-2.85151076 -6.09031391 -3.03280544 -9.1905756 ]]
0
[[-4.76416063 -4.57224607 -4.00589657 -8.5579958 ]]
2
[[-2.85151076 -6.09031391 -3.03280544 -9.1905756 ]]
0
[[-4.76416063 -4.57224607 -4.00589657 -8.5579958 ]]
2
[[-2.85151076 -6.09031391 -3.03280544 -9.1905756 ]]
0
[[-4.76416063 -4.57224607 -4.00589657 -8.5579958 ]]
2
[[-2.85151076 -6.09031391 -3.03280544 -9.1905756 ]]
0
[[-4.76416063 -4.57224607 -4.00589657 -8.5579958 ]]
2
[[-2.85151076 -6.09031391 -3.03280544 -9.1905756 ]]
0
[[-4.76416063 -4.57224607 -4.00589657 -8.5579958 ]]
2
[[-2.85151076 -6.09031391 -3.03280544 -9.1905756 ]]
0
[[-4.76416063 -4.57224607 -4.00589657 -8.5579958 ]]
2
[[-2.85151076 -6.09031391 -3.03280544 -9.1905756 ]]
0
[[-4.76416063 -4.57224607 -4.00589657 -8.5579958 ]]
2
[[-2.85151076 -6.09031391 -3.03280544 -9.1905756 ]]
0
[[-4.76416063 -4.57224607 -4.00589657 -8.5579958 ]]
2
[[-2.85151076 -6.09031391 -3.03280544 -9.1905756 ]]
0
[[-4.76416063 -4.57224607 -4.00589657 -8.5579958 ]]
2
[[-2.85151076 -6.09031391 -3.03280544 -9.1905756 ]]
0
[[-4.76416063 -4.57224607 -4.00589657 -8.5579958 ]]
2
[[-2.85151076 -6.09031391 -3.03280544 -9.1905756 ]]
0
[[-4.76416063 -4.57224607 -4.00589657 -8.5579958 ]]
2
[[-2.85151076 -6.09031391 -3.03280544 -9.1905756 ]]
0
[[-4.76416063 -4.57224607 -4.00589657 -8.5579958 ]]
2
[[-2.85151076 -6.09031391 -3.03280544 -9.1905756 ]]
0
[[-4.76416063 -4.57224607 -4.00589657 -8.5579958 ]]
2
[[-2.85151076 -6.09031391 -3.03280544 -9.1905756 ]]
0
[[-4.76416063 -4.57224607 -4.00589657 -8.5579958 ]]
2
[[-2.85151076 -6.09031391 -3.03280544 -9.1905756 ]]
0
[[-4.76416063 -4.57224607 -4.00589657 -8.5579958 ]]
2
[[-2.85151076 -6.09031391 -3.03280544 -9.1905756 ]]
0
[[-4.76416063 -4.57224607 -4.00589657 -8.5579958 ]]
2
[[-2.85151076 -6.09031391 -3.03280544 -9.1905756 ]]
0
[[-4.76416063 -4.57224607 -4.00589657 -8.5579958 ]]
2
[[-2.85151076 -6.09031391 -3.03280544 -9.1905756 ]]
0
[[-4.76416063 -4.57224607 -4.00589657 -8.5579958 ]]
2
[[-2.85151076 -6.09031391 -3.03280544 -9.1905756 ]]
0
[[-4.76416063 -4.57224607 -4.00589657 -8.5579958 ]]
2
[[-2.85151076 -6.09031391 -3.03280544 -9.1905756 ]]
0
[[-4.76416063 -4.57224607 -4.00589657 -8.5579958 ]]
2
[[-2.85151076 -6.09031391 -3.03280544 -9.1905756 ]]
0
[[-4.76416063 -4.57224607 -4.00589657 -8.5579958 ]]
2
[[-2.85151076 -6.09031391 -3.03280544 -9.1905756 ]]
0
[[-4.76416063 -4.57224607 -4.00589657 -8.5579958 ]]
2
[[-2.85151076 -6.09031391 -3.03280544 -9.1905756 ]]
0
[[-4.76416063 -4.57224607 -4.00589657 -8.5579958 ]]
2
[[-2.85151076 -6.09031391 -3.03280544 -9.1905756 ]]
0
[[-4.76416063 -4.57224607 -4.00589657 -8.5579958 ]]
2
[[-2.85151076 -6.09031391 -3.03280544 -9.1905756 ]]
0
[[-4.76416063 -4.57224607 -4.00589657 -8.5579958 ]]
2
[[-2.85151076 -6.09031391 -3.03280544 -9.1905756 ]]
0
[[-4.76416063 -4.57224607 -4.00589657 -8.5579958 ]]
2
[[-2.85151076 -6.09031391 -3.03280544 -9.1905756 ]]
0
[[-4.76416063 -4.57224607 -4.00589657 -8.5579958 ]]
2
[[-2.85151076 -6.09031391 -3.03280544 -9.1905756 ]]
0
[[-4.76416063 -4.57224607 -4.00589657 -8.5579958 ]]
2
[[-2.85151076 -6.09031391 -3.03280544 -9.1905756 ]]
0
[[-4.76416063 -4.57224607 -4.00589657 -8.5579958 ]]
2
[[-2.85151076 -6.09031391 -3.03280544 -9.1905756 ]]
0
[[-4.76416063 -4.57224607 -4.00589657 -8.5579958 ]]
2
[[-2.85151076 -6.09031391 -3.03280544 -9.1905756 ]]
0
[[-4.76416063 -4.57224607 -4.00589657 -8.5579958 ]]
2
[[-2.85151076 -6.09031391 -3.03280544 -9.1905756 ]]
0
[[-4.76416063 -4.57224607 -4.00589657 -8.5579958 ]]
2
[[-2.85151076 -6.09031391 -3.03280544 -9.1905756 ]]
0
[[-4.76416063 -4.57224607 -4.00589657 -8.5579958 ]]
2
[[-2.85151076 -6.09031391 -3.03280544 -9.1905756 ]]
0
[[-4.76416063 -4.57224607 -4.00589657 -8.5579958 ]]
2
[[-2.85151076 -6.09031391 -3.03280544 -9.1905756 ]]
0
[[-4.76416063 -4.57224607 -4.00589657 -8.5579958 ]]
2
[[-2.85151076 -6.09031391 -3.03280544 -9.1905756 ]]
0
[[-4.76416063 -4.57224607 -4.00589657 -8.5579958 ]]
2
[[-2.85151076 -6.09031391 -3.03280544 -9.1905756 ]]
0
[[-4.76416063 -4.57224607 -4.00589657 -8.5579958 ]]
2
[[-2.85151076 -6.09031391 -3.03280544 -9.1905756 ]]
0
[[-4.76416063 -4.57224607 -4.00589657 -8.5579958 ]]
2
[[-2.85151076 -6.09031391 -3.03280544 -9.1905756 ]]
0
[[-4.76416063 -4.57224607 -4.00589657 -8.5579958 ]]
2
[[-2.85151076 -6.09031391 -3.03280544 -9.1905756 ]]
0
[[-4.76416063 -4.57224607 -4.00589657 -8.5579958 ]]
2
FAIL
0/5
