[[-3.83197618 -7.68629789 -4.47686768 -8.27663422]]
0
[[-12.24807644 -14.89776993  -0.08443319  -7.84436512]]
2
[[-3.83197618 -7.68629789 -4.47686768 -8.27663422]]
0
[[-12.24807644 -14.89776993  -0.08443319  -7.84436512]]
2
[[-3.83197618 -7.68629789 -4.47686768 -8.27663422]]
0
[[-12.24807644 -14.89776993  -0.08443319  -7.84436512]]
2
[[-3.83197618 -7.68629789 -4.47686768 -8.27663422]]
0
[[-12.24807644 -14.89776993  -0.08443319  -7.84436512]]
2
[[-3.83197618 -7.68629789 -4.47686768 -8.27663422]]
0
[[-12.24807644 -14.89776993  -0.08443319  -7.84436512]]
2
[[-3.83197618 -7.68629789 -4.47686768 -8.27663422]]
0
[[-12.24807644 -14.89776993  -0.08443319  -7.84436512]]
2
[[-3.83197618 -7.68629789 -4.47686768 -8.27663422]]
0
[[-12.24807644 -14.89776993  -0.08443319  -7.84436512]]
2
[[-3.83197618 -7.68629789 -4.47686768 -8.27663422]]
0
[[-12.24807644 -14.89776993  -0.08443319  -7.84436512]]
2
[[-3.83197618 -7.68629789 -4.47686768 -8.27663422]]
0
[[-12.24807644 -14.89776993  -0.08443319  -7.84436512]]
2
[[-3.83197618 -7.68629789 -4.47686768 -8.27663422]]
0
[[-12.24807644 -14.89776993  -0.08443319  -7.84436512]]
2
[[-3.83197618 -7.68629789 -4.47686768 -8.27663422]]
0
[[-12.24807644 -14.89776993  -0.08443319  -7.84436512]]
2
[[-3.83197618 -7.68629789 -4.47686768 -8.27663422]]
0
[[-12.24807644 -14.89776993  -0.08443319  -7.84436512]]
2
[[-3.83197618 -7.68629789 -4.47686768 -8.27663422]]
0
[[-12.24807644 -14.89776993  -0.08443319  -7.84436512]]
2
[[-3.83197618 -7.68629789 -4.47686768 -8.27663422]]
0
[[-12.24807644 -14.89776993  -0.08443319  -7.84436512]]
2
[[-3.83197618 -7.68629789 -4.47686768 -8.27663422]]
0
[[-12.24807644 -14.89776993  -0.08443319  -7.84436512]]
2
[[-3.83197618 -7.68629789 -4.47686768 -8.27663422]]
0
[[-12.24807644 -14.89776993  -0.08443319  -7.84436512]]
2
[[-3.83197618 -7.68629789 -4.47686768 -8.27663422]]
0
[[-12.24807644 -14.89776993  -0.08443319  -7.84436512]]
2
[[-3.83197618 -7.68629789 -4.47686768 -8.27663422]]
0
[[-12.24807644 -14.89776993  -0.08443319  -7.84436512]]
2
[[-3.83197618 -7.68629789 -4.47686768 -8.27663422]]
0
[[-12.24807644 -14.89776993  -0.08443319  -7.84436512]]
2
[[-3.83197618 -7.68629789 -4.47686768 -8.27663422]]
0
[[-12.24807644 -14.89776993  -0.08443319  -7.84436512]]
2
[[-3.83197618 -7.68629789 -4.47686768 -8.27663422]]
0
[[-12.24807644 -14.89776993  -0.08443319  -7.84436512]]
2
[[-3.83197618 -7.68629789 -4.47686768 -8.27663422]]
0
[[-12.24807644 -14.89776993  -0.08443319  -7.84436512]]
2
[[-3.83197618 -7.68629789 -4.47686768 -8.27663422]]
0
[[-12.24807644 -14.89776993  -0.08443319  -7.84436512]]
2
[[-3.83197618 -7.68629789 -4.47686768 -8.27663422]]
0
[[-12.24807644 -14.89776993  -0.08443319  -7.84436512]]
2
[[-3.83197618 -7.68629789 -4.47686768 -8.27663422]]
0
[[-12.24807644 -14.89776993  -0.08443319  -7.84436512]]
2
[[-3.83197618 -7.68629789 -4.47686768 -8.27663422]]
0
[[-12.24807644 -14.89776993  -0.08443319  -7.84436512]]
2
[[-3.83197618 -7.68629789 -4.47686768 -8.27663422]]
0
[[-12.24807644 -14.89776993  -0.08443319  -7.84436512]]
2
[[-3.83197618 -7.68629789 -4.47686768 -8.27663422]]
0
[[-12.24807644 -14.89776993  -0.08443319  -7.84436512]]
2
[[-3.83197618 -7.68629789 -4.47686768 -8.27663422]]
0
[[-12.24807644 -14.89776993  -0.08443319  -7.84436512]]
2
[[-3.83197618 -7.68629789 -4.47686768 -8.27663422]]
0
[[-12.24807644 -14.89776993  -0.08443319  -7.84436512]]
2
[[-3.83197618 -7.68629789 -4.47686768 -8.27663422]]
0
[[-12.24807644 -14.89776993  -0.08443319  -7.84436512]]
2
[[-3.83197618 -7.68629789 -4.47686768 -8.27663422]]
0
[[-12.24807644 -14.89776993  -0.08443319  -7.84436512]]
2
[[-3.83197618 -7.68629789 -4.47686768 -8.27663422]]
0
[[-12.24807644 -14.89776993  -0.08443319  -7.84436512]]
2
[[-3.83197618 -7.68629789 -4.47686768 -8.27663422]]
0
[[-12.24807644 -14.89776993  -0.08443319  -7.84436512]]
2
[[-3.83197618 -7.68629789 -4.47686768 -8.27663422]]
0
[[-12.24807644 -14.89776993  -0.08443319  -7.84436512]]
2
[[-3.83197618 -7.68629789 -4.47686768 -8.27663422]]
0
[[-12.24807644 -14.89776993  -0.08443319  -7.84436512]]
2
[[-3.83197618 -7.68629789 -4.47686768 -8.27663422]]
0
[[-12.24807644 -14.89776993  -0.08443319  -7.84436512]]
2
[[-3.83197618 -7.68629789 -4.47686768 -8.27663422]]
0
[[-12.24807644 -14.89776993  -0.08443319  -7.84436512]]
2
[[-3.83197618 -7.68629789 -4.47686768 -8.27663422]]
0
[[-12.24807644 -14.89776993  -0.08443319  -7.84436512]]
2
[[-3.83197618 -7.68629789 -4.47686768 -8.27663422]]
0
[[-12.24807644 -14.89776993  -0.08443319  -7.84436512]]
2
[[-3.83197618 -7.68629789 -4.47686768 -8.27663422]]
0
[[-12.24807644 -14.89776993  -0.08443319  -7.84436512]]
2
[[-3.83197618 -7.68629789 -4.47686768 -8.27663422]]
0
[[-12.24807644 -14.89776993  -0.08443319  -7.84436512]]
2
[[-3.83197618 -7.68629789 -4.47686768 -8.27663422]]
0
[[-12.24807644 -14.89776993  -0.08443319  -7.84436512]]
2
[[-3.83197618 -7.68629789 -4.47686768 -8.27663422]]
0
[[-12.24807644 -14.89776993  -0.08443319  -7.84436512]]
2
[[-3.83197618 -7.68629789 -4.47686768 -8.27663422]]
0
[[-12.24807644 -14.89776993  -0.08443319  -7.84436512]]
2
[[-3.83197618 -7.68629789 -4.47686768 -8.27663422]]
0
[[-12.24807644 -14.89776993  -0.08443319  -7.84436512]]
2
[[-3.83197618 -7.68629789 -4.47686768 -8.27663422]]
0
[[-12.24807644 -14.89776993  -0.08443319  -7.84436512]]
2
[[-3.83197618 -7.68629789 -4.47686768 -8.27663422]]
0
[[-12.24807644 -14.89776993  -0.08443319  -7.84436512]]
2
[[-3.83197618 -7.68629789 -4.47686768 -8.27663422]]
0
[[-12.24807644 -14.89776993  -0.08443319  -7.84436512]]
2
[[-3.83197618 -7.68629789 -4.47686768 -8.27663422]]
0
[[-12.24807644 -14.89776993  -0.08443319  -7.84436512]]
2
[[-3.83197618 -7.68629789 -4.47686768 -8.27663422]]
0
FAIL
1/2
