[[-3.8412838  -7.60506153 -4.15844345 -8.37082767]]
0
[[-12.24498749 -14.80853176   0.24015453  -7.92725801]]
2
[[-3.8412838  -7.60506153 -4.15844345 -8.37082767]]
0
[[-12.24498749 -14.80853176   0.24015453  -7.92725801]]
2
[[-3.8412838  -7.60506153 -4.15844345 -8.37082767]]
0
[[-12.24498749 -14.80853176   0.24015453  -7.92725801]]
2
[[-3.8412838  -7.60506153 -4.15844345 -8.37082767]]
0
[[-12.24498749 -14.80853176   0.24015453  -7.92725801]]
2
[[-3.8412838  -7.60506153 -4.15844345 -8.37082767]]
0
[[-12.24498749 -14.80853176   0.24015453  -7.92725801]]
2
[[-3.8412838  -7.60506153 -4.15844345 -8.37082767]]
0
[[-12.24498749 -14.80853176   0.24015453  -7.92725801]]
2
[[-3.8412838  -7.60506153 -4.15844345 -8.37082767]]
0
[[-12.24498749 -14.80853176   0.24015453  -7.92725801]]
2
[[-3.8412838  -7.60506153 -4.15844345 -8.37082767]]
0
[[-12.24498749 -14.80853176   0.24015453  -7.92725801]]
2
[[-3.8412838  -7.60506153 -4.15844345 -8.37082767]]
0
[[-12.24498749 -14.80853176   0.24015453  -7.92725801]]
2
[[-3.8412838  -7.60506153 -4.15844345 -8.37082767]]
0
[[-12.24498749 -14.80853176   0.24015453  -7.92725801]]
2
[[-3.8412838  -7.60506153 -4.15844345 -8.37082767]]
0
[[-12.24498749 -14.80853176   0.24015453  -7.92725801]]
2
[[-3.8412838  -7.60506153 -4.15844345 -8.37082767]]
0
[[-12.24498749 -14.80853176   0.24015453  -7.92725801]]
2
[[-3.8412838  -7.60506153 -4.15844345 -8.37082767]]
0
[[-12.24498749 -14.80853176   0.24015453  -7.92725801]]
2
[[-3.8412838  -7.60506153 -4.15844345 -8.37082767]]
0
[[-12.24498749 -14.80853176   0.24015453  -7.92725801]]
2
[[-3.8412838  -7.60506153 -4.15844345 -8.37082767]]
0
[[-12.24498749 -14.80853176   0.24015453  -7.92725801]]
2
[[-3.8412838  -7.60506153 -4.15844345 -8.37082767]]
0
[[-12.24498749 -14.80853176   0.24015453  -7.92725801]]
2
[[-3.8412838  -7.60506153 -4.15844345 -8.37082767]]
0
[[-12.24498749 -14.80853176   0.24015453  -7.92725801]]
2
[[-3.8412838  -7.60506153 -4.15844345 -8.37082767]]
0
[[-12.24498749 -14.80853176   0.24015453  -7.92725801]]
2
[[-3.8412838  -7.60506153 -4.15844345 -8.37082767]]
0
[[-12.24498749 -14.80853176   0.24015453  -7.92725801]]
2
[[-3.8412838  -7.60506153 -4.15844345 -8.37082767]]
0
[[-12.24498749 -14.80853176   0.24015453  -7.92725801]]
2
[[-3.8412838  -7.60506153 -4.15844345 -8.37082767]]
0
[[-12.24498749 -14.80853176   0.24015453  -7.92725801]]
2
[[-3.8412838  -7.60506153 -4.15844345 -8.37082767]]
0
[[-12.24498749 -14.80853176   0.24015453  -7.92725801]]
2
[[-3.8412838  -7.60506153 -4.15844345 -8.37082767]]
0
[[-12.24498749 -14.80853176   0.24015453  -7.92725801]]
2
[[-3.8412838  -7.60506153 -4.15844345 -8.37082767]]
0
[[-12.24498749 -14.80853176   0.24015453  -7.92725801]]
2
[[-3.8412838  -7.60506153 -4.15844345 -8.37082767]]
0
[[-12.24498749 -14.80853176   0.24015453  -7.92725801]]
2
[[-3.8412838  -7.60506153 -4.15844345 -8.37082767]]
0
[[-12.24498749 -14.80853176   0.24015453  -7.92725801]]
2
[[-3.8412838  -7.60506153 -4.15844345 -8.37082767]]
0
[[-12.24498749 -14.80853176   0.24015453  -7.92725801]]
2
[[-3.8412838  -7.60506153 -4.15844345 -8.37082767]]
0
[[-12.24498749 -14.80853176   0.24015453  -7.92725801]]
2
[[-3.8412838  -7.60506153 -4.15844345 -8.37082767]]
0
[[-12.24498749 -14.80853176   0.24015453  -7.92725801]]
2
[[-3.8412838  -7.60506153 -4.15844345 -8.37082767]]
0
[[-12.24498749 -14.80853176   0.24015453  -7.92725801]]
2
[[-3.8412838  -7.60506153 -4.15844345 -8.37082767]]
0
[[-12.24498749 -14.80853176   0.24015453  -7.92725801]]
2
[[-3.8412838  -7.60506153 -4.15844345 -8.37082767]]
0
[[-12.24498749 -14.80853176   0.24015453  -7.92725801]]
2
[[-3.8412838  -7.60506153 -4.15844345 -8.37082767]]
0
[[-12.24498749 -14.80853176   0.24015453  -7.92725801]]
2
[[-3.8412838  -7.60506153 -4.15844345 -8.37082767]]
0
[[-12.24498749 -14.80853176   0.24015453  -7.92725801]]
2
[[-3.8412838  -7.60506153 -4.15844345 -8.37082767]]
0
[[-12.24498749 -14.80853176   0.24015453  -7.92725801]]
2
[[-3.8412838  -7.60506153 -4.15844345 -8.37082767]]
0
[[-12.24498749 -14.80853176   0.24015453  -7.92725801]]
2
[[-3.8412838  -7.60506153 -4.15844345 -8.37082767]]
0
[[-12.24498749 -14.80853176   0.24015453  -7.92725801]]
2
[[-3.8412838  -7.60506153 -4.15844345 -8.37082767]]
0
[[-12.24498749 -14.80853176   0.24015453  -7.92725801]]
2
[[-3.8412838  -7.60506153 -4.15844345 -8.37082767]]
0
[[-12.24498749 -14.80853176   0.24015453  -7.92725801]]
2
[[-3.8412838  -7.60506153 -4.15844345 -8.37082767]]
0
[[-12.24498749 -14.80853176   0.24015453  -7.92725801]]
2
[[-3.8412838  -7.60506153 -4.15844345 -8.37082767]]
0
[[-12.24498749 -14.80853176   0.24015453  -7.92725801]]
2
[[-3.8412838  -7.60506153 -4.15844345 -8.37082767]]
0
[[-12.24498749 -14.80853176   0.24015453  -7.92725801]]
2
[[-3.8412838  -7.60506153 -4.15844345 -8.37082767]]
0
[[-12.24498749 -14.80853176   0.24015453  -7.92725801]]
2
[[-3.8412838  -7.60506153 -4.15844345 -8.37082767]]
0
[[-12.24498749 -14.80853176   0.24015453  -7.92725801]]
2
[[-3.8412838  -7.60506153 -4.15844345 -8.37082767]]
0
[[-12.24498749 -14.80853176   0.24015453  -7.92725801]]
2
[[-3.8412838  -7.60506153 -4.15844345 -8.37082767]]
0
[[-12.24498749 -14.80853176   0.24015453  -7.92725801]]
2
[[-3.8412838  -7.60506153 -4.15844345 -8.37082767]]
0
[[-12.24498749 -14.80853176   0.24015453  -7.92725801]]
2
[[-3.8412838  -7.60506153 -4.15844345 -8.37082767]]
0
[[-12.24498749 -14.80853176   0.24015453  -7.92725801]]
2
[[-3.8412838  -7.60506153 -4.15844345 -8.37082767]]
0
[[-12.24498749 -14.80853176   0.24015453  -7.92725801]]
2
[[-3.8412838  -7.60506153 -4.15844345 -8.37082767]]
0
[[-12.24498749 -14.80853176   0.24015453  -7.92725801]]
2
[[-3.8412838  -7.60506153 -4.15844345 -8.37082767]]
0
FAIL
1/2
