[[ 19223078.  11131817.  11240468.   5040277.]]
0
[[ 20982928.  17089088.  23091010.   8561773.]]
2
[[ 19223078.  11131817.  11240468.   5040277.]]
0
[[ 20982928.  17089088.  23091010.   8561773.]]
2
[[ 19223078.  11131817.  11240468.   5040277.]]
0
[[ 20982928.  17089088.  23091010.   8561773.]]
2
[[ 19223078.  11131817.  11240468.   5040277.]]
0
[[ 20982928.  17089088.  23091010.   8561773.]]
2
[[ 19223078.  11131817.  11240468.   5040277.]]
0
[[ 20982928.  17089088.  23091010.   8561773.]]
2
[[ 19223078.  11131817.  11240468.   5040277.]]
0
[[ 20982928.  17089088.  23091010.   8561773.]]
2
[[ 19223078.  11131817.  11240468.   5040277.]]
0
[[ 20982928.  17089088.  23091010.   8561773.]]
2
[[ 19223078.  11131817.  11240468.   5040277.]]
0
[[ 20982928.  17089088.  23091010.   8561773.]]
2
[[ 19223078.  11131817.  11240468.   5040277.]]
0
[[ 20982928.  17089088.  23091010.   8561773.]]
2
[[ 19223078.  11131817.  11240468.   5040277.]]
0
[[ 20982928.  17089088.  23091010.   8561773.]]
2
[[ 19223078.  11131817.  11240468.   5040277.]]
0
[[ 20982928.  17089088.  23091010.   8561773.]]
2
[[ 19223078.  11131817.  11240468.   5040277.]]
0
[[ 20982928.  17089088.  23091010.   8561773.]]
2
[[ 19223078.  11131817.  11240468.   5040277.]]
0
[[ 20982928.  17089088.  23091010.   8561773.]]
2
[[ 19223078.  11131817.  11240468.   5040277.]]
0
[[ 20982928.  17089088.  23091010.   8561773.]]
2
[[ 19223078.  11131817.  11240468.   5040277.]]
0
[[ 20982928.  17089088.  23091010.   8561773.]]
2
[[ 19223078.  11131817.  11240468.   5040277.]]
0
[[ 20982928.  17089088.  23091010.   8561773.]]
2
[[ 19223078.  11131817.  11240468.   5040277.]]
0
[[ 20982928.  17089088.  23091010.   8561773.]]
2
[[ 19223078.  11131817.  11240468.   5040277.]]
0
[[ 20982928.  17089088.  23091010.   8561773.]]
2
[[ 19223078.  11131817.  11240468.   5040277.]]
0
[[ 20982928.  17089088.  23091010.   8561773.]]
2
[[ 19223078.  11131817.  11240468.   5040277.]]
0
[[ 20982928.  17089088.  23091010.   8561773.]]
2
[[ 19223078.  11131817.  11240468.   5040277.]]
0
[[ 20982928.  17089088.  23091010.   8561773.]]
2
[[ 19223078.  11131817.  11240468.   5040277.]]
0
[[ 20982928.  17089088.  23091010.   8561773.]]
2
[[ 19223078.  11131817.  11240468.   5040277.]]
0
[[ 20982928.  17089088.  23091010.   8561773.]]
2
[[ 19223078.  11131817.  11240468.   5040277.]]
0
[[ 20982928.  17089088.  23091010.   8561773.]]
2
[[ 19223078.  11131817.  11240468.   5040277.]]
0
[[ 20982928.  17089088.  23091010.   8561773.]]
2
[[ 19223078.  11131817.  11240468.   5040277.]]
0
[[ 20982928.  17089088.  23091010.   8561773.]]
2
[[ 19223078.  11131817.  11240468.   5040277.]]
0
[[ 20982928.  17089088.  23091010.   8561773.]]
2
[[ 19223078.  11131817.  11240468.   5040277.]]
0
[[ 20982928.  17089088.  23091010.   8561773.]]
2
[[ 19223078.  11131817.  11240468.   5040277.]]
0
[[ 20982928.  17089088.  23091010.   8561773.]]
2
[[ 19223078.  11131817.  11240468.   5040277.]]
0
[[ 20982928.  17089088.  23091010.   8561773.]]
2
[[ 19223078.  11131817.  11240468.   5040277.]]
0
[[ 20982928.  17089088.  23091010.   8561773.]]
2
[[ 19223078.  11131817.  11240468.   5040277.]]
0
[[ 20982928.  17089088.  23091010.   8561773.]]
2
[[ 19223078.  11131817.  11240468.   5040277.]]
0
[[ 20982928.  17089088.  23091010.   8561773.]]
2
[[ 19223078.  11131817.  11240468.   5040277.]]
0
[[ 20982928.  17089088.  23091010.   8561773.]]
2
[[ 19223078.  11131817.  11240468.   5040277.]]
0
[[ 20982928.  17089088.  23091010.   8561773.]]
2
[[ 19223078.  11131817.  11240468.   5040277.]]
0
[[ 20982928.  17089088.  23091010.   8561773.]]
2
[[ 19223078.  11131817.  11240468.   5040277.]]
0
[[ 20982928.  17089088.  23091010.   8561773.]]
2
[[ 19223078.  11131817.  11240468.   5040277.]]
0
[[ 20982928.  17089088.  23091010.   8561773.]]
2
[[ 19223078.  11131817.  11240468.   5040277.]]
0
[[ 20982928.  17089088.  23091010.   8561773.]]
2
[[ 19223078.  11131817.  11240468.   5040277.]]
0
[[ 20982928.  17089088.  23091010.   8561773.]]
2
[[ 19223078.  11131817.  11240468.   5040277.]]
0
[[ 20982928.  17089088.  23091010.   8561773.]]
2
[[ 19223078.  11131817.  11240468.   5040277.]]
0
[[ 20982928.  17089088.  23091010.   8561773.]]
2
[[ 19223078.  11131817.  11240468.   5040277.]]
0
[[ 20982928.  17089088.  23091010.   8561773.]]
2
[[ 19223078.  11131817.  11240468.   5040277.]]
0
[[ 20982928.  17089088.  23091010.   8561773.]]
2
[[ 19223078.  11131817.  11240468.   5040277.]]
0
[[ 20982928.  17089088.  23091010.   8561773.]]
2
[[ 19223078.  11131817.  11240468.   5040277.]]
0
[[ 20982928.  17089088.  23091010.   8561773.]]
2
[[ 19223078.  11131817.  11240468.   5040277.]]
0
[[ 20982928.  17089088.  23091010.   8561773.]]
2
[[ 19223078.  11131817.  11240468.   5040277.]]
0
[[ 20982928.  17089088.  23091010.   8561773.]]
2
[[ 19223078.  11131817.  11240468.   5040277.]]
0
[[ 20982928.  17089088.  23091010.   8561773.]]
2
[[ 19223078.  11131817.  11240468.   5040277.]]
0
[[ 20982928.  17089088.  23091010.   8561773.]]
2
[[ 19223078.  11131817.  11240468.   5040277.]]
0
FAIL
1/4
