[[ 23288544.  45814788.  24947234.  44915972.]]
1
[[ 23768684.  43537028.  23129848.  44221004.]]
3
[[ 23288544.  45814788.  24947234.  44915972.]]
1
[[ 23768684.  43537028.  23129848.  44221004.]]
3
[[ 23288544.  45814788.  24947234.  44915972.]]
1
[[ 23768684.  43537028.  23129848.  44221004.]]
3
[[ 23288544.  45814788.  24947234.  44915972.]]
1
[[ 23768684.  43537028.  23129848.  44221004.]]
3
[[ 23288544.  45814788.  24947234.  44915972.]]
1
[[ 23768684.  43537028.  23129848.  44221004.]]
3
[[ 23288544.  45814788.  24947234.  44915972.]]
1
[[ 23768684.  43537028.  23129848.  44221004.]]
3
[[ 23288544.  45814788.  24947234.  44915972.]]
1
[[ 23768684.  43537028.  23129848.  44221004.]]
3
[[ 23288544.  45814788.  24947234.  44915972.]]
1
[[ 23768684.  43537028.  23129848.  44221004.]]
3
[[ 23288544.  45814788.  24947234.  44915972.]]
1
[[ 23768684.  43537028.  23129848.  44221004.]]
3
[[ 23288544.  45814788.  24947234.  44915972.]]
1
[[ 23768684.  43537028.  23129848.  44221004.]]
3
[[ 23288544.  45814788.  24947234.  44915972.]]
1
[[ 23768684.  43537028.  23129848.  44221004.]]
3
[[ 23288544.  45814788.  24947234.  44915972.]]
1
[[ 23768684.  43537028.  23129848.  44221004.]]
3
[[ 23288544.  45814788.  24947234.  44915972.]]
1
[[ 23768684.  43537028.  23129848.  44221004.]]
3
[[ 23288544.  45814788.  24947234.  44915972.]]
1
[[ 23768684.  43537028.  23129848.  44221004.]]
3
[[ 23288544.  45814788.  24947234.  44915972.]]
1
[[ 23768684.  43537028.  23129848.  44221004.]]
3
[[ 23288544.  45814788.  24947234.  44915972.]]
1
[[ 23768684.  43537028.  23129848.  44221004.]]
3
[[ 23288544.  45814788.  24947234.  44915972.]]
1
[[ 23768684.  43537028.  23129848.  44221004.]]
3
[[ 23288544.  45814788.  24947234.  44915972.]]
1
[[ 23768684.  43537028.  23129848.  44221004.]]
3
[[ 23288544.  45814788.  24947234.  44915972.]]
1
[[ 23768684.  43537028.  23129848.  44221004.]]
3
[[ 23288544.  45814788.  24947234.  44915972.]]
1
[[ 23768684.  43537028.  23129848.  44221004.]]
3
[[ 23288544.  45814788.  24947234.  44915972.]]
1
[[ 23768684.  43537028.  23129848.  44221004.]]
3
[[ 23288544.  45814788.  24947234.  44915972.]]
1
[[ 23768684.  43537028.  23129848.  44221004.]]
3
[[ 23288544.  45814788.  24947234.  44915972.]]
1
[[ 23768684.  43537028.  23129848.  44221004.]]
3
[[ 23288544.  45814788.  24947234.  44915972.]]
1
[[ 23768684.  43537028.  23129848.  44221004.]]
3
[[ 23288544.  45814788.  24947234.  44915972.]]
1
[[ 23768684.  43537028.  23129848.  44221004.]]
3
[[ 23288544.  45814788.  24947234.  44915972.]]
1
[[ 23768684.  43537028.  23129848.  44221004.]]
3
[[ 23288544.  45814788.  24947234.  44915972.]]
1
[[ 23768684.  43537028.  23129848.  44221004.]]
3
[[ 23288544.  45814788.  24947234.  44915972.]]
1
[[ 23768684.  43537028.  23129848.  44221004.]]
3
[[ 23288544.  45814788.  24947234.  44915972.]]
1
[[ 23768684.  43537028.  23129848.  44221004.]]
3
[[ 23288544.  45814788.  24947234.  44915972.]]
1
[[ 23768684.  43537028.  23129848.  44221004.]]
3
[[ 23288544.  45814788.  24947234.  44915972.]]
1
[[ 23768684.  43537028.  23129848.  44221004.]]
3
[[ 23288544.  45814788.  24947234.  44915972.]]
1
[[ 23768684.  43537028.  23129848.  44221004.]]
3
[[ 23288544.  45814788.  24947234.  44915972.]]
1
[[ 23768684.  43537028.  23129848.  44221004.]]
3
[[ 23288544.  45814788.  24947234.  44915972.]]
1
[[ 23768684.  43537028.  23129848.  44221004.]]
3
[[ 23288544.  45814788.  24947234.  44915972.]]
1
[[ 23768684.  43537028.  23129848.  44221004.]]
3
[[ 23288544.  45814788.  24947234.  44915972.]]
1
[[ 23768684.  43537028.  23129848.  44221004.]]
3
[[ 23288544.  45814788.  24947234.  44915972.]]
1
[[ 23768684.  43537028.  23129848.  44221004.]]
3
[[ 23288544.  45814788.  24947234.  44915972.]]
1
[[ 23768684.  43537028.  23129848.  44221004.]]
3
[[ 23288544.  45814788.  24947234.  44915972.]]
1
[[ 23768684.  43537028.  23129848.  44221004.]]
3
[[ 23288544.  45814788.  24947234.  44915972.]]
1
[[ 23768684.  43537028.  23129848.  44221004.]]
3
[[ 23288544.  45814788.  24947234.  44915972.]]
1
[[ 23768684.  43537028.  23129848.  44221004.]]
3
[[ 23288544.  45814788.  24947234.  44915972.]]
1
[[ 23768684.  43537028.  23129848.  44221004.]]
3
[[ 23288544.  45814788.  24947234.  44915972.]]
1
[[ 23768684.  43537028.  23129848.  44221004.]]
3
[[ 23288544.  45814788.  24947234.  44915972.]]
1
[[ 23768684.  43537028.  23129848.  44221004.]]
3
[[ 23288544.  45814788.  24947234.  44915972.]]
1
[[ 23768684.  43537028.  23129848.  44221004.]]
3
[[ 23288544.  45814788.  24947234.  44915972.]]
1
[[ 23768684.  43537028.  23129848.  44221004.]]
3
[[ 23288544.  45814788.  24947234.  44915972.]]
1
[[ 23768684.  43537028.  23129848.  44221004.]]
3
[[ 23288544.  45814788.  24947234.  44915972.]]
1
[[ 23768684.  43537028.  23129848.  44221004.]]
3
[[ 23288544.  45814788.  24947234.  44915972.]]
1
[[ 23768684.  43537028.  23129848.  44221004.]]
3
[[ 23288544.  45814788.  24947234.  44915972.]]
1
[[ 23768684.  43537028.  23129848.  44221004.]]
3
[[ 23288544.  45814788.  24947234.  44915972.]]
1
FAIL
1/7
