[[-4.62447548 -4.36875868 -4.0667119  -8.32876396]]
2
[[-2.72496367 -5.89031363 -3.10078597 -8.97449017]]
0
[[-4.62447548 -4.36875868 -4.0667119  -8.32876396]]
2
[[-2.72496367 -5.89031363 -3.10078597 -8.97449017]]
0
[[-4.62447548 -4.36875868 -4.0667119  -8.32876396]]
2
[[-2.72496367 -5.89031363 -3.10078597 -8.97449017]]
0
[[-4.62447548 -4.36875868 -4.0667119  -8.32876396]]
2
[[-2.72496367 -5.89031363 -3.10078597 -8.97449017]]
0
[[-4.62447548 -4.36875868 -4.0667119  -8.32876396]]
2
[[-2.72496367 -5.89031363 -3.10078597 -8.97449017]]
0
[[-4.62447548 -4.36875868 -4.0667119  -8.32876396]]
2
[[-2.72496367 -5.89031363 -3.10078597 -8.97449017]]
0
[[-4.62447548 -4.36875868 -4.0667119  -8.32876396]]
2
[[-2.72496367 -5.89031363 -3.10078597 -8.97449017]]
0
[[-4.62447548 -4.36875868 -4.0667119  -8.32876396]]
2
[[-2.72496367 -5.89031363 -3.10078597 -8.97449017]]
0
[[-4.62447548 -4.36875868 -4.0667119  -8.32876396]]
2
[[-2.72496367 -5.89031363 -3.10078597 -8.97449017]]
0
[[-4.62447548 -4.36875868 -4.0667119  -8.32876396]]
2
[[-2.72496367 -5.89031363 -3.10078597 -8.97449017]]
0
[[-4.62447548 -4.36875868 -4.0667119  -8.32876396]]
2
[[-2.72496367 -5.89031363 -3.10078597 -8.97449017]]
0
[[-4.62447548 -4.36875868 -4.0667119  -8.32876396]]
2
[[-2.72496367 -5.89031363 -3.10078597 -8.97449017]]
0
[[-4.62447548 -4.36875868 -4.0667119  -8.32876396]]
2
[[-2.72496367 -5.89031363 -3.10078597 -8.97449017]]
0
[[-4.62447548 -4.36875868 -4.0667119  -8.32876396]]
2
[[-2.72496367 -5.89031363 -3.10078597 -8.97449017]]
0
[[-4.62447548 -4.36875868 -4.0667119  -8.32876396]]
2
[[-2.72496367 -5.89031363 -3.10078597 -8.97449017]]
0
[[-4.62447548 -4.36875868 -4.0667119  -8.32876396]]
2
[[-2.72496367 -5.89031363 -3.10078597 -8.97449017]]
0
[[-4.62447548 -4.36875868 -4.0667119  -8.32876396]]
2
[[-2.72496367 -5.89031363 -3.10078597 -8.97449017]]
0
[[-4.62447548 -4.36875868 -4.0667119  -8.32876396]]
2
[[-2.72496367 -5.89031363 -3.10078597 -8.97449017]]
0
[[-4.62447548 -4.36875868 -4.0667119  -8.32876396]]
2
[[-2.72496367 -5.89031363 -3.10078597 -8.97449017]]
0
[[-4.62447548 -4.36875868 -4.0667119  -8.32876396]]
2
[[-2.72496367 -5.89031363 -3.10078597 -8.97449017]]
0
[[-4.62447548 -4.36875868 -4.0667119  -8.32876396]]
2
[[-2.72496367 -5.89031363 -3.10078597 -8.97449017]]
0
[[-4.62447548 -4.36875868 -4.0667119  -8.32876396]]
2
[[-2.72496367 -5.89031363 -3.10078597 -8.97449017]]
0
[[-4.62447548 -4.36875868 -4.0667119  -8.32876396]]
2
[[-2.72496367 -5.89031363 -3.10078597 -8.97449017]]
0
[[-4.62447548 -4.36875868 -4.0667119  -8.32876396]]
2
[[-2.72496367 -5.89031363 -3.10078597 -8.97449017]]
0
[[-4.62447548 -4.36875868 -4.0667119  -8.32876396]]
2
[[-2.72496367 -5.89031363 -3.10078597 -8.97449017]]
0
[[-4.62447548 -4.36875868 -4.0667119  -8.32876396]]
2
[[-2.72496367 -5.89031363 -3.10078597 -8.97449017]]
0
[[-4.62447548 -4.36875868 -4.0667119  -8.32876396]]
2
[[-2.72496367 -5.89031363 -3.10078597 -8.97449017]]
0
[[-4.62447548 -4.36875868 -4.0667119  -8.32876396]]
2
[[-2.72496367 -5.89031363 -3.10078597 -8.97449017]]
0
[[-4.62447548 -4.36875868 -4.0667119  -8.32876396]]
2
[[-2.72496367 -5.89031363 -3.10078597 -8.97449017]]
0
[[-4.62447548 -4.36875868 -4.0667119  -8.32876396]]
2
[[-2.72496367 -5.89031363 -3.10078597 -8.97449017]]
0
[[-4.62447548 -4.36875868 -4.0667119  -8.32876396]]
2
[[-2.72496367 -5.89031363 -3.10078597 -8.97449017]]
0
[[-4.62447548 -4.36875868 -4.0667119  -8.32876396]]
2
[[-2.72496367 -5.89031363 -3.10078597 -8.97449017]]
0
[[-4.62447548 -4.36875868 -4.0667119  -8.32876396]]
2
[[-2.72496367 -5.89031363 -3.10078597 -8.97449017]]
0
[[-4.62447548 -4.36875868 -4.0667119  -8.32876396]]
2
[[-2.72496367 -5.89031363 -3.10078597 -8.97449017]]
0
[[-4.62447548 -4.36875868 -4.0667119  -8.32876396]]
2
[[-2.72496367 -5.89031363 -3.10078597 -8.97449017]]
0
[[-4.62447548 -4.36875868 -4.0667119  -8.32876396]]
2
[[-2.72496367 -5.89031363 -3.10078597 -8.97449017]]
0
[[-4.62447548 -4.36875868 -4.0667119  -8.32876396]]
2
[[-2.72496367 -5.89031363 -3.10078597 -8.97449017]]
0
[[-4.62447548 -4.36875868 -4.0667119  -8.32876396]]
2
[[-2.72496367 -5.89031363 -3.10078597 -8.97449017]]
0
[[-4.62447548 -4.36875868 -4.0667119  -8.32876396]]
2
[[-2.72496367 -5.89031363 -3.10078597 -8.97449017]]
0
[[-4.62447548 -4.36875868 -4.0667119  -8.32876396]]
2
[[-2.72496367 -5.89031363 -3.10078597 -8.97449017]]
0
[[-4.62447548 -4.36875868 -4.0667119  -8.32876396]]
2
[[-2.72496367 -5.89031363 -3.10078597 -8.97449017]]
0
[[-4.62447548 -4.36875868 -4.0667119  -8.32876396]]
2
[[-2.72496367 -5.89031363 -3.10078597 -8.97449017]]
0
[[-4.62447548 -4.36875868 -4.0667119  -8.32876396]]
2
[[-2.72496367 -5.89031363 -3.10078597 -8.97449017]]
0
[[-4.62447548 -4.36875868 -4.0667119  -8.32876396]]
2
[[-2.72496367 -5.89031363 -3.10078597 -8.97449017]]
0
[[-4.62447548 -4.36875868 -4.0667119  -8.32876396]]
2
[[-2.72496367 -5.89031363 -3.10078597 -8.97449017]]
0
[[-4.62447548 -4.36875868 -4.0667119  -8.32876396]]
2
[[-2.72496367 -5.89031363 -3.10078597 -8.97449017]]
0
[[-4.62447548 -4.36875868 -4.0667119  -8.32876396]]
2
[[-2.72496367 -5.89031363 -3.10078597 -8.97449017]]
0
[[-4.62447548 -4.36875868 -4.0667119  -8.32876396]]
2
[[-2.72496367 -5.89031363 -3.10078597 -8.97449017]]
0
[[-4.62447548 -4.36875868 -4.0667119  -8.32876396]]
2
[[-2.72496367 -5.89031363 -3.10078597 -8.97449017]]
0
[[-4.62447548 -4.36875868 -4.0667119  -8.32876396]]
2
[[-2.72496367 -5.89031363 -3.10078597 -8.97449017]]
0
[[-4.62447548 -4.36875868 -4.0667119  -8.32876396]]
2
FAIL
0/5
