[[-3.6685276  -7.47849703 -4.5116806  -8.07332706]]
0
[[-12.07099152 -14.67639256  -0.09390055  -7.63524342]]
2
[[-3.6685276  -7.47849703 -4.5116806  -8.07332706]]
0
[[-12.07099152 -14.67639256  -0.09390055  -7.63524342]]
2
[[-3.6685276  -7.47849703 -4.5116806  -8.07332706]]
0
[[-12.07099152 -14.67639256  -0.09390055  -7.63524342]]
2
[[-3.6685276  -7.47849703 -4.5116806  -8.07332706]]
0
[[-12.07099152 -14.67639256  -0.09390055  -7.63524342]]
2
[[-3.6685276  -7.47849703 -4.5116806  -8.07332706]]
0
[[-12.07099152 -14.67639256  -0.09390055  -7.63524342]]
2
[[-3.6685276  -7.47849703 -4.5116806  -8.07332706]]
0
[[-12.07099152 -14.67639256  -0.09390055  -7.63524342]]
2
[[-3.6685276  -7.47849703 -4.5116806  -8.07332706]]
0
[[-12.07099152 -14.67639256  -0.09390055  -7.63524342]]
2
[[-3.6685276  -7.47849703 -4.5116806  -8.07332706]]
0
[[-12.07099152 -14.67639256  -0.09390055  -7.63524342]]
2
[[-3.6685276  -7.47849703 -4.5116806  -8.07332706]]
0
[[-12.07099152 -14.67639256  -0.09390055  -7.63524342]]
2
[[-3.6685276  -7.47849703 -4.5116806  -8.07332706]]
0
[[-12.07099152 -14.67639256  -0.09390055  -7.63524342]]
2
[[-3.6685276  -7.47849703 -4.5116806  -8.07332706]]
0
[[-12.07099152 -14.67639256  -0.09390055  -7.63524342]]
2
[[-3.6685276  -7.47849703 -4.5116806  -8.07332706]]
0
[[-12.07099152 -14.67639256  -0.09390055  -7.63524342]]
2
[[-3.6685276  -7.47849703 -4.5116806  -8.07332706]]
0
[[-12.07099152 -14.67639256  -0.09390055  -7.63524342]]
2
[[-3.6685276  -7.47849703 -4.5116806  -8.07332706]]
0
[[-12.07099152 -14.67639256  -0.09390055  -7.63524342]]
2
[[-3.6685276  -7.47849703 -4.5116806  -8.07332706]]
0
[[-12.07099152 -14.67639256  -0.09390055  -7.63524342]]
2
[[-3.6685276  -7.47849703 -4.5116806  -8.07332706]]
0
[[-12.07099152 -14.67639256  -0.09390055  -7.63524342]]
2
[[-3.6685276  -7.47849703 -4.5116806  -8.07332706]]
0
[[-12.07099152 -14.67639256  -0.09390055  -7.63524342]]
2
[[-3.6685276  -7.47849703 -4.5116806  -8.07332706]]
0
[[-12.07099152 -14.67639256  -0.09390055  -7.63524342]]
2
[[-3.6685276  -7.47849703 -4.5116806  -8.07332706]]
0
[[-12.07099152 -14.67639256  -0.09390055  -7.63524342]]
2
[[-3.6685276  -7.47849703 -4.5116806  -8.07332706]]
0
[[-12.07099152 -14.67639256  -0.09390055  -7.63524342]]
2
[[-3.6685276  -7.47849703 -4.5116806  -8.07332706]]
0
[[-12.07099152 -14.67639256  -0.09390055  -7.63524342]]
2
[[-3.6685276  -7.47849703 -4.5116806  -8.07332706]]
0
[[-12.07099152 -14.67639256  -0.09390055  -7.63524342]]
2
[[-3.6685276  -7.47849703 -4.5116806  -8.07332706]]
0
[[-12.07099152 -14.67639256  -0.09390055  -7.63524342]]
2
[[-3.6685276  -7.47849703 -4.5116806  -8.07332706]]
0
[[-12.07099152 -14.67639256  -0.09390055  -7.63524342]]
2
[[-3.6685276  -7.47849703 -4.5116806  -8.07332706]]
0
[[-12.07099152 -14.67639256  -0.09390055  -7.63524342]]
2
[[-3.6685276  -7.47849703 -4.5116806  -8.07332706]]
0
[[-12.07099152 -14.67639256  -0.09390055  -7.63524342]]
2
[[-3.6685276  -7.47849703 -4.5116806  -8.07332706]]
0
[[-12.07099152 -14.67639256  -0.09390055  -7.63524342]]
2
[[-3.6685276  -7.47849703 -4.5116806  -8.07332706]]
0
[[-12.07099152 -14.67639256  -0.09390055  -7.63524342]]
2
[[-3.6685276  -7.47849703 -4.5116806  -8.07332706]]
0
[[-12.07099152 -14.67639256  -0.09390055  -7.63524342]]
2
[[-3.6685276  -7.47849703 -4.5116806  -8.07332706]]
0
[[-12.07099152 -14.67639256  -0.09390055  -7.63524342]]
2
[[-3.6685276  -7.47849703 -4.5116806  -8.07332706]]
0
[[-12.07099152 -14.67639256  -0.09390055  -7.63524342]]
2
[[-3.6685276  -7.47849703 -4.5116806  -8.07332706]]
0
[[-12.07099152 -14.67639256  -0.09390055  -7.63524342]]
2
[[-3.6685276  -7.47849703 -4.5116806  -8.07332706]]
0
[[-12.07099152 -14.67639256  -0.09390055  -7.63524342]]
2
[[-3.6685276  -7.47849703 -4.5116806  -8.07332706]]
0
[[-12.07099152 -14.67639256  -0.09390055  -7.63524342]]
2
[[-3.6685276  -7.47849703 -4.5116806  -8.07332706]]
0
[[-12.07099152 -14.67639256  -0.09390055  -7.63524342]]
2
[[-3.6685276  -7.47849703 -4.5116806  -8.07332706]]
0
[[-12.07099152 -14.67639256  -0.09390055  -7.63524342]]
2
[[-3.6685276  -7.47849703 -4.5116806  -8.07332706]]
0
[[-12.07099152 -14.67639256  -0.09390055  -7.63524342]]
2
[[-3.6685276  -7.47849703 -4.5116806  -8.07332706]]
0
[[-12.07099152 -14.67639256  -0.09390055  -7.63524342]]
2
[[-3.6685276  -7.47849703 -4.5116806  -8.07332706]]
0
[[-12.07099152 -14.67639256  -0.09390055  -7.63524342]]
2
[[-3.6685276  -7.47849703 -4.5116806  -8.07332706]]
0
[[-12.07099152 -14.67639256  -0.09390055  -7.63524342]]
2
[[-3.6685276  -7.47849703 -4.5116806  -8.07332706]]
0
[[-12.07099152 -14.67639256  -0.09390055  -7.63524342]]
2
[[-3.6685276  -7.47849703 -4.5116806  -8.07332706]]
0
[[-12.07099152 -14.67639256  -0.09390055  -7.63524342]]
2
[[-3.6685276  -7.47849703 -4.5116806  -8.07332706]]
0
[[-12.07099152 -14.67639256  -0.09390055  -7.63524342]]
2
[[-3.6685276  -7.47849703 -4.5116806  -8.07332706]]
0
[[-12.07099152 -14.67639256  -0.09390055  -7.63524342]]
2
[[-3.6685276  -7.47849703 -4.5116806  -8.07332706]]
0
[[-12.07099152 -14.67639256  -0.09390055  -7.63524342]]
2
[[-3.6685276  -7.47849703 -4.5116806  -8.07332706]]
0
[[-12.07099152 -14.67639256  -0.09390055  -7.63524342]]
2
[[-3.6685276  -7.47849703 -4.5116806  -8.07332706]]
0
[[-12.07099152 -14.67639256  -0.09390055  -7.63524342]]
2
[[-3.6685276  -7.47849703 -4.5116806  -8.07332706]]
0
[[-12.07099152 -14.67639256  -0.09390055  -7.63524342]]
2
[[-3.6685276  -7.47849703 -4.5116806  -8.07332706]]
0
[[-12.07099152 -14.67639256  -0.09390055  -7.63524342]]
2
[[-3.6685276  -7.47849703 -4.5116806  -8.07332706]]
0
[[-12.07099152 -14.67639256  -0.09390055  -7.63524342]]
2
[[-3.6685276  -7.47849703 -4.5116806  -8.07332706]]
0
FAIL
1/2
