[[ 33796508.  19612628.  26278658.  11249512.]]
0
[[ 34623568.  28200768.  40702372.  16542845.]]
2
[[ 33796508.  19612628.  26278658.  11249512.]]
0
[[ 34623568.  28200768.  40702372.  16542845.]]
2
[[ 33796508.  19612628.  26278658.  11249512.]]
0
[[ 34623568.  28200768.  40702372.  16542845.]]
2
[[ 33796508.  19612628.  26278658.  11249512.]]
0
[[ 34623568.  28200768.  40702372.  16542845.]]
2
[[ 33796508.  19612628.  26278658.  11249512.]]
0
[[ 34623568.  28200768.  40702372.  16542845.]]
2
[[ 33796508.  19612628.  26278658.  11249512.]]
0
[[ 34623568.  28200768.  40702372.  16542845.]]
2
[[ 33796508.  19612628.  26278658.  11249512.]]
0
[[ 34623568.  28200768.  40702372.  16542845.]]
2
[[ 33796508.  19612628.  26278658.  11249512.]]
0
[[ 34623568.  28200768.  40702372.  16542845.]]
2
[[ 33796508.  19612628.  26278658.  11249512.]]
0
[[ 34623568.  28200768.  40702372.  16542845.]]
2
[[ 33796508.  19612628.  26278658.  11249512.]]
0
[[ 34623568.  28200768.  40702372.  16542845.]]
2
[[ 33796508.  19612628.  26278658.  11249512.]]
0
[[ 34623568.  28200768.  40702372.  16542845.]]
2
[[ 33796508.  19612628.  26278658.  11249512.]]
0
[[ 34623568.  28200768.  40702372.  16542845.]]
2
[[ 33796508.  19612628.  26278658.  11249512.]]
0
[[ 34623568.  28200768.  40702372.  16542845.]]
2
[[ 33796508.  19612628.  26278658.  11249512.]]
0
[[ 34623568.  28200768.  40702372.  16542845.]]
2
[[ 33796508.  19612628.  26278658.  11249512.]]
0
[[ 34623568.  28200768.  40702372.  16542845.]]
2
[[ 33796508.  19612628.  26278658.  11249512.]]
0
[[ 34623568.  28200768.  40702372.  16542845.]]
2
[[ 33796508.  19612628.  26278658.  11249512.]]
0
[[ 34623568.  28200768.  40702372.  16542845.]]
2
[[ 33796508.  19612628.  26278658.  11249512.]]
0
[[ 34623568.  28200768.  40702372.  16542845.]]
2
[[ 33796508.  19612628.  26278658.  11249512.]]
0
[[ 34623568.  28200768.  40702372.  16542845.]]
2
[[ 33796508.  19612628.  26278658.  11249512.]]
0
[[ 34623568.  28200768.  40702372.  16542845.]]
2
[[ 33796508.  19612628.  26278658.  11249512.]]
0
[[ 34623568.  28200768.  40702372.  16542845.]]
2
[[ 33796508.  19612628.  26278658.  11249512.]]
0
[[ 34623568.  28200768.  40702372.  16542845.]]
2
[[ 33796508.  19612628.  26278658.  11249512.]]
0
[[ 34623568.  28200768.  40702372.  16542845.]]
2
[[ 33796508.  19612628.  26278658.  11249512.]]
0
[[ 34623568.  28200768.  40702372.  16542845.]]
2
[[ 33796508.  19612628.  26278658.  11249512.]]
0
[[ 34623568.  28200768.  40702372.  16542845.]]
2
[[ 33796508.  19612628.  26278658.  11249512.]]
0
[[ 34623568.  28200768.  40702372.  16542845.]]
2
[[ 33796508.  19612628.  26278658.  11249512.]]
0
[[ 34623568.  28200768.  40702372.  16542845.]]
2
[[ 33796508.  19612628.  26278658.  11249512.]]
0
[[ 34623568.  28200768.  40702372.  16542845.]]
2
[[ 33796508.  19612628.  26278658.  11249512.]]
0
[[ 34623568.  28200768.  40702372.  16542845.]]
2
[[ 33796508.  19612628.  26278658.  11249512.]]
0
[[ 34623568.  28200768.  40702372.  16542845.]]
2
[[ 33796508.  19612628.  26278658.  11249512.]]
0
[[ 34623568.  28200768.  40702372.  16542845.]]
2
[[ 33796508.  19612628.  26278658.  11249512.]]
0
[[ 34623568.  28200768.  40702372.  16542845.]]
2
[[ 33796508.  19612628.  26278658.  11249512.]]
0
[[ 34623568.  28200768.  40702372.  16542845.]]
2
[[ 33796508.  19612628.  26278658.  11249512.]]
0
[[ 34623568.  28200768.  40702372.  16542845.]]
2
[[ 33796508.  19612628.  26278658.  11249512.]]
0
[[ 34623568.  28200768.  40702372.  16542845.]]
2
[[ 33796508.  19612628.  26278658.  11249512.]]
0
[[ 34623568.  28200768.  40702372.  16542845.]]
2
[[ 33796508.  19612628.  26278658.  11249512.]]
0
[[ 34623568.  28200768.  40702372.  16542845.]]
2
[[ 33796508.  19612628.  26278658.  11249512.]]
0
[[ 34623568.  28200768.  40702372.  16542845.]]
2
[[ 33796508.  19612628.  26278658.  11249512.]]
0
[[ 34623568.  28200768.  40702372.  16542845.]]
2
[[ 33796508.  19612628.  26278658.  11249512.]]
0
[[ 34623568.  28200768.  40702372.  16542845.]]
2
[[ 33796508.  19612628.  26278658.  11249512.]]
0
[[ 34623568.  28200768.  40702372.  16542845.]]
2
[[ 33796508.  19612628.  26278658.  11249512.]]
0
[[ 34623568.  28200768.  40702372.  16542845.]]
2
[[ 33796508.  19612628.  26278658.  11249512.]]
0
[[ 34623568.  28200768.  40702372.  16542845.]]
2
[[ 33796508.  19612628.  26278658.  11249512.]]
0
[[ 34623568.  28200768.  40702372.  16542845.]]
2
[[ 33796508.  19612628.  26278658.  11249512.]]
0
[[ 34623568.  28200768.  40702372.  16542845.]]
2
[[ 33796508.  19612628.  26278658.  11249512.]]
0
[[ 34623568.  28200768.  40702372.  16542845.]]
2
[[ 33796508.  19612628.  26278658.  11249512.]]
0
[[ 34623568.  28200768.  40702372.  16542845.]]
2
[[ 33796508.  19612628.  26278658.  11249512.]]
0
[[ 34623568.  28200768.  40702372.  16542845.]]
2
[[ 33796508.  19612628.  26278658.  11249512.]]
0
[[ 34623568.  28200768.  40702372.  16542845.]]
2
[[ 33796508.  19612628.  26278658.  11249512.]]
0
[[ 34623568.  28200768.  40702372.  16542845.]]
2
[[ 33796508.  19612628.  26278658.  11249512.]]
0
FAIL
1/4
