[[-4.64341211 -3.74962687 -3.02458262 -9.5693264 ]]
2
[[-1.24818218 -7.79554796 -3.05508232 -8.4789629 ]]
0
[[-4.64341211 -3.74962687 -3.02458262 -9.5693264 ]]
2
[[-1.24818218 -7.79554796 -3.05508232 -8.4789629 ]]
0
[[-4.64341211 -3.74962687 -3.02458262 -9.5693264 ]]
2
[[-1.24818218 -7.79554796 -3.05508232 -8.4789629 ]]
0
[[-4.64341211 -3.74962687 -3.02458262 -9.5693264 ]]
2
[[-1.24818218 -7.79554796 -3.05508232 -8.4789629 ]]
0
[[-4.64341211 -3.74962687 -3.02458262 -9.5693264 ]]
2
[[-1.24818218 -7.79554796 -3.05508232 -8.4789629 ]]
0
[[-4.64341211 -3.74962687 -3.02458262 -9.5693264 ]]
2
[[-1.24818218 -7.79554796 -3.05508232 -8.4789629 ]]
0
[[-4.64341211 -3.74962687 -3.02458262 -9.5693264 ]]
2
[[-1.24818218 -7.79554796 -3.05508232 -8.4789629 ]]
0
[[-4.64341211 -3.74962687 -3.02458262 -9.5693264 ]]
2
[[-1.24818218 -7.79554796 -3.05508232 -8.4789629 ]]
0
[[-4.64341211 -3.74962687 -3.02458262 -9.5693264 ]]
2
[[-1.24818218 -7.79554796 -3.05508232 -8.4789629 ]]
0
[[-4.64341211 -3.74962687 -3.02458262 -9.5693264 ]]
2
[[-1.24818218 -7.79554796 -3.05508232 -8.4789629 ]]
0
[[-4.64341211 -3.74962687 -3.02458262 -9.5693264 ]]
2
[[-1.24818218 -7.79554796 -3.05508232 -8.4789629 ]]
0
[[-4.64341211 -3.74962687 -3.02458262 -9.5693264 ]]
2
[[-1.24818218 -7.79554796 -3.05508232 -8.4789629 ]]
0
[[-4.64341211 -3.74962687 -3.02458262 -9.5693264 ]]
2
[[-1.24818218 -7.79554796 -3.05508232 -8.4789629 ]]
0
[[-4.64341211 -3.74962687 -3.02458262 -9.5693264 ]]
2
[[-1.24818218 -7.79554796 -3.05508232 -8.4789629 ]]
0
[[-4.64341211 -3.74962687 -3.02458262 -9.5693264 ]]
2
[[-1.24818218 -7.79554796 -3.05508232 -8.4789629 ]]
0
[[-4.64341211 -3.74962687 -3.02458262 -9.5693264 ]]
2
[[-1.24818218 -7.79554796 -3.05508232 -8.4789629 ]]
0
[[-4.64341211 -3.74962687 -3.02458262 -9.5693264 ]]
2
[[-1.24818218 -7.79554796 -3.05508232 -8.4789629 ]]
0
[[-4.64341211 -3.74962687 -3.02458262 -9.5693264 ]]
2
[[-1.24818218 -7.79554796 -3.05508232 -8.4789629 ]]
0
[[-4.64341211 -3.74962687 -3.02458262 -9.5693264 ]]
2
[[-1.24818218 -7.79554796 -3.05508232 -8.4789629 ]]
0
[[-4.64341211 -3.74962687 -3.02458262 -9.5693264 ]]
2
[[-1.24818218 -7.79554796 -3.05508232 -8.4789629 ]]
0
[[-4.64341211 -3.74962687 -3.02458262 -9.5693264 ]]
2
[[-1.24818218 -7.79554796 -3.05508232 -8.4789629 ]]
0
[[-4.64341211 -3.74962687 -3.02458262 -9.5693264 ]]
2
[[-1.24818218 -7.79554796 -3.05508232 -8.4789629 ]]
0
[[-4.64341211 -3.74962687 -3.02458262 -9.5693264 ]]
2
[[-1.24818218 -7.79554796 -3.05508232 -8.4789629 ]]
0
[[-4.64341211 -3.74962687 -3.02458262 -9.5693264 ]]
2
[[-1.24818218 -7.79554796 -3.05508232 -8.4789629 ]]
0
[[-4.64341211 -3.74962687 -3.02458262 -9.5693264 ]]
2
[[-1.24818218 -7.79554796 -3.05508232 -8.4789629 ]]
0
[[-4.64341211 -3.74962687 -3.02458262 -9.5693264 ]]
2
[[-1.24818218 -7.79554796 -3.05508232 -8.4789629 ]]
0
[[-4.64341211 -3.74962687 -3.02458262 -9.5693264 ]]
2
[[-1.24818218 -7.79554796 -3.05508232 -8.4789629 ]]
0
[[-4.64341211 -3.74962687 -3.02458262 -9.5693264 ]]
2
[[-1.24818218 -7.79554796 -3.05508232 -8.4789629 ]]
0
[[-4.64341211 -3.74962687 -3.02458262 -9.5693264 ]]
2
[[-1.24818218 -7.79554796 -3.05508232 -8.4789629 ]]
0
[[-4.64341211 -3.74962687 -3.02458262 -9.5693264 ]]
2
[[-1.24818218 -7.79554796 -3.05508232 -8.4789629 ]]
0
[[-4.64341211 -3.74962687 -3.02458262 -9.5693264 ]]
2
[[-1.24818218 -7.79554796 -3.05508232 -8.4789629 ]]
0
[[-4.64341211 -3.74962687 -3.02458262 -9.5693264 ]]
2
[[-1.24818218 -7.79554796 -3.05508232 -8.4789629 ]]
0
[[-4.64341211 -3.74962687 -3.02458262 -9.5693264 ]]
2
[[-1.24818218 -7.79554796 -3.05508232 -8.4789629 ]]
0
[[-4.64341211 -3.74962687 -3.02458262 -9.5693264 ]]
2
[[-1.24818218 -7.79554796 -3.05508232 -8.4789629 ]]
0
[[-4.64341211 -3.74962687 -3.02458262 -9.5693264 ]]
2
[[-1.24818218 -7.79554796 -3.05508232 -8.4789629 ]]
0
[[-4.64341211 -3.74962687 -3.02458262 -9.5693264 ]]
2
[[-1.24818218 -7.79554796 -3.05508232 -8.4789629 ]]
0
[[-4.64341211 -3.74962687 -3.02458262 -9.5693264 ]]
2
[[-1.24818218 -7.79554796 -3.05508232 -8.4789629 ]]
0
[[-4.64341211 -3.74962687 -3.02458262 -9.5693264 ]]
2
[[-1.24818218 -7.79554796 -3.05508232 -8.4789629 ]]
0
[[-4.64341211 -3.74962687 -3.02458262 -9.5693264 ]]
2
[[-1.24818218 -7.79554796 -3.05508232 -8.4789629 ]]
0
[[-4.64341211 -3.74962687 -3.02458262 -9.5693264 ]]
2
[[-1.24818218 -7.79554796 -3.05508232 -8.4789629 ]]
0
[[-4.64341211 -3.74962687 -3.02458262 -9.5693264 ]]
2
[[-1.24818218 -7.79554796 -3.05508232 -8.4789629 ]]
0
[[-4.64341211 -3.74962687 -3.02458262 -9.5693264 ]]
2
[[-1.24818218 -7.79554796 -3.05508232 -8.4789629 ]]
0
[[-4.64341211 -3.74962687 -3.02458262 -9.5693264 ]]
2
[[-1.24818218 -7.79554796 -3.05508232 -8.4789629 ]]
0
[[-4.64341211 -3.74962687 -3.02458262 -9.5693264 ]]
2
[[-1.24818218 -7.79554796 -3.05508232 -8.4789629 ]]
0
[[-4.64341211 -3.74962687 -3.02458262 -9.5693264 ]]
2
[[-1.24818218 -7.79554796 -3.05508232 -8.4789629 ]]
0
[[-4.64341211 -3.74962687 -3.02458262 -9.5693264 ]]
2
[[-1.24818218 -7.79554796 -3.05508232 -8.4789629 ]]
0
[[-4.64341211 -3.74962687 -3.02458262 -9.5693264 ]]
2
[[-1.24818218 -7.79554796 -3.05508232 -8.4789629 ]]
0
[[-4.64341211 -3.74962687 -3.02458262 -9.5693264 ]]
2
[[-1.24818218 -7.79554796 -3.05508232 -8.4789629 ]]
0
[[-4.64341211 -3.74962687 -3.02458262 -9.5693264 ]]
2
[[-1.24818218 -7.79554796 -3.05508232 -8.4789629 ]]
0
[[-4.64341211 -3.74962687 -3.02458262 -9.5693264 ]]
2
[[-1.24818218 -7.79554796 -3.05508232 -8.4789629 ]]
0
[[-4.64341211 -3.74962687 -3.02458262 -9.5693264 ]]
2
FAIL
0/5
