[[-7.87067986 -1.65064323 -6.67444849  0.94488049]]
3
[[-4.13686943  0.10680944 -5.94844055 -2.94764709]]
1
[[-7.87067986 -1.65064323 -6.67444849  0.94488049]]
3
[[-4.13686943  0.10680944 -5.94844055 -2.94764709]]
1
[[-7.87067986 -1.65064323 -6.67444849  0.94488049]]
3
[[-4.13686943  0.10680944 -5.94844055 -2.94764709]]
1
[[-7.87067986 -1.65064323 -6.67444849  0.94488049]]
3
[[-4.13686943  0.10680944 -5.94844055 -2.94764709]]
1
[[-7.87067986 -1.65064323 -6.67444849  0.94488049]]
3
[[-4.13686943  0.10680944 -5.94844055 -2.94764709]]
1
[[-7.87067986 -1.65064323 -6.67444849  0.94488049]]
3
[[-4.13686943  0.10680944 -5.94844055 -2.94764709]]
1
[[-7.87067986 -1.65064323 -6.67444849  0.94488049]]
3
[[-4.13686943  0.10680944 -5.94844055 -2.94764709]]
1
[[-7.87067986 -1.65064323 -6.67444849  0.94488049]]
3
[[-4.13686943  0.10680944 -5.94844055 -2.94764709]]
1
[[-7.87067986 -1.65064323 -6.67444849  0.94488049]]
3
[[-4.13686943  0.10680944 -5.94844055 -2.94764709]]
1
[[-7.87067986 -1.65064323 -6.67444849  0.94488049]]
3
[[-4.13686943  0.10680944 -5.94844055 -2.94764709]]
1
[[-7.87067986 -1.65064323 -6.67444849  0.94488049]]
3
[[-4.13686943  0.10680944 -5.94844055 -2.94764709]]
1
[[-7.87067986 -1.65064323 -6.67444849  0.94488049]]
3
[[-4.13686943  0.10680944 -5.94844055 -2.94764709]]
1
[[-7.87067986 -1.65064323 -6.67444849  0.94488049]]
3
[[-4.13686943  0.10680944 -5.94844055 -2.94764709]]
1
[[-7.87067986 -1.65064323 -6.67444849  0.94488049]]
3
[[-4.13686943  0.10680944 -5.94844055 -2.94764709]]
1
[[-7.87067986 -1.65064323 -6.67444849  0.94488049]]
3
[[-4.13686943  0.10680944 -5.94844055 -2.94764709]]
1
[[-7.87067986 -1.65064323 -6.67444849  0.94488049]]
3
[[-4.13686943  0.10680944 -5.94844055 -2.94764709]]
1
[[-7.87067986 -1.65064323 -6.67444849  0.94488049]]
3
[[-4.13686943  0.10680944 -5.94844055 -2.94764709]]
1
[[-7.87067986 -1.65064323 -6.67444849  0.94488049]]
3
[[-4.13686943  0.10680944 -5.94844055 -2.94764709]]
1
[[-7.87067986 -1.65064323 -6.67444849  0.94488049]]
3
[[-4.13686943  0.10680944 -5.94844055 -2.94764709]]
1
[[-7.87067986 -1.65064323 -6.67444849  0.94488049]]
3
[[-4.13686943  0.10680944 -5.94844055 -2.94764709]]
1
[[-7.87067986 -1.65064323 -6.67444849  0.94488049]]
3
[[-4.13686943  0.10680944 -5.94844055 -2.94764709]]
1
[[-7.87067986 -1.65064323 -6.67444849  0.94488049]]
3
[[-4.13686943  0.10680944 -5.94844055 -2.94764709]]
1
[[-7.87067986 -1.65064323 -6.67444849  0.94488049]]
3
[[-4.13686943  0.10680944 -5.94844055 -2.94764709]]
1
[[-7.87067986 -1.65064323 -6.67444849  0.94488049]]
3
[[-4.13686943  0.10680944 -5.94844055 -2.94764709]]
1
[[-7.87067986 -1.65064323 -6.67444849  0.94488049]]
3
[[-4.13686943  0.10680944 -5.94844055 -2.94764709]]
1
[[-7.87067986 -1.65064323 -6.67444849  0.94488049]]
3
[[-4.13686943  0.10680944 -5.94844055 -2.94764709]]
1
[[-7.87067986 -1.65064323 -6.67444849  0.94488049]]
3
[[-4.13686943  0.10680944 -5.94844055 -2.94764709]]
1
[[-7.87067986 -1.65064323 -6.67444849  0.94488049]]
3
[[-4.13686943  0.10680944 -5.94844055 -2.94764709]]
1
[[-7.87067986 -1.65064323 -6.67444849  0.94488049]]
3
[[-4.13686943  0.10680944 -5.94844055 -2.94764709]]
1
[[-7.87067986 -1.65064323 -6.67444849  0.94488049]]
3
[[-4.13686943  0.10680944 -5.94844055 -2.94764709]]
1
[[-7.87067986 -1.65064323 -6.67444849  0.94488049]]
3
[[-4.13686943  0.10680944 -5.94844055 -2.94764709]]
1
[[-7.87067986 -1.65064323 -6.67444849  0.94488049]]
3
[[-4.13686943  0.10680944 -5.94844055 -2.94764709]]
1
[[-7.87067986 -1.65064323 -6.67444849  0.94488049]]
3
[[-4.13686943  0.10680944 -5.94844055 -2.94764709]]
1
[[-7.87067986 -1.65064323 -6.67444849  0.94488049]]
3
[[-4.13686943  0.10680944 -5.94844055 -2.94764709]]
1
[[-7.87067986 -1.65064323 -6.67444849  0.94488049]]
3
[[-4.13686943  0.10680944 -5.94844055 -2.94764709]]
1
[[-7.87067986 -1.65064323 -6.67444849  0.94488049]]
3
[[-4.13686943  0.10680944 -5.94844055 -2.94764709]]
1
[[-7.87067986 -1.65064323 -6.67444849  0.94488049]]
3
[[-4.13686943  0.10680944 -5.94844055 -2.94764709]]
1
[[-7.87067986 -1.65064323 -6.67444849  0.94488049]]
3
[[-4.13686943  0.10680944 -5.94844055 -2.94764709]]
1
[[-7.87067986 -1.65064323 -6.67444849  0.94488049]]
3
[[-4.13686943  0.10680944 -5.94844055 -2.94764709]]
1
[[-7.87067986 -1.65064323 -6.67444849  0.94488049]]
3
[[-4.13686943  0.10680944 -5.94844055 -2.94764709]]
1
[[-7.87067986 -1.65064323 -6.67444849  0.94488049]]
3
[[-4.13686943  0.10680944 -5.94844055 -2.94764709]]
1
[[-7.87067986 -1.65064323 -6.67444849  0.94488049]]
3
[[-4.13686943  0.10680944 -5.94844055 -2.94764709]]
1
[[-7.87067986 -1.65064323 -6.67444849  0.94488049]]
3
[[-4.13686943  0.10680944 -5.94844055 -2.94764709]]
1
[[-7.87067986 -1.65064323 -6.67444849  0.94488049]]
3
[[-4.13686943  0.10680944 -5.94844055 -2.94764709]]
1
[[-7.87067986 -1.65064323 -6.67444849  0.94488049]]
3
[[-4.13686943  0.10680944 -5.94844055 -2.94764709]]
1
[[-7.87067986 -1.65064323 -6.67444849  0.94488049]]
3
[[-4.13686943  0.10680944 -5.94844055 -2.94764709]]
1
[[-7.87067986 -1.65064323 -6.67444849  0.94488049]]
3
[[-4.13686943  0.10680944 -5.94844055 -2.94764709]]
1
[[-7.87067986 -1.65064323 -6.67444849  0.94488049]]
3
[[-4.13686943  0.10680944 -5.94844055 -2.94764709]]
1
[[-7.87067986 -1.65064323 -6.67444849  0.94488049]]
3
[[-4.13686943  0.10680944 -5.94844055 -2.94764709]]
1
[[-7.87067986 -1.65064323 -6.67444849  0.94488049]]
3
[[-4.13686943  0.10680944 -5.94844055 -2.94764709]]
1
[[-7.87067986 -1.65064323 -6.67444849  0.94488049]]
3
FAIL
1/5
