[[ 24318586.    3211364.5  20220624.   16302123. ]]
0
[[ 21861960.  11830122.  35233384.  22935340.]]
2
[[ 24318586.    3211364.5  20220624.   16302123. ]]
0
[[ 21861960.  11830122.  35233384.  22935340.]]
2
[[ 24318586.    3211364.5  20220624.   16302123. ]]
0
[[ 21861960.  11830122.  35233384.  22935340.]]
2
[[ 24318586.    3211364.5  20220624.   16302123. ]]
0
[[ 21861960.  11830122.  35233384.  22935340.]]
2
[[ 24318586.    3211364.5  20220624.   16302123. ]]
0
[[ 21861960.  11830122.  35233384.  22935340.]]
2
[[ 24318586.    3211364.5  20220624.   16302123. ]]
0
[[ 21861960.  11830122.  35233384.  22935340.]]
2
[[ 24318586.    3211364.5  20220624.   16302123. ]]
0
[[ 21861960.  11830122.  35233384.  22935340.]]
2
[[ 24318586.    3211364.5  20220624.   16302123. ]]
0
[[ 21861960.  11830122.  35233384.  22935340.]]
2
[[ 24318586.    3211364.5  20220624.   16302123. ]]
0
[[ 21861960.  11830122.  35233384.  22935340.]]
2
[[ 24318586.    3211364.5  20220624.   16302123. ]]
0
[[ 21861960.  11830122.  35233384.  22935340.]]
2
[[ 24318586.    3211364.5  20220624.   16302123. ]]
0
[[ 21861960.  11830122.  35233384.  22935340.]]
2
[[ 24318586.    3211364.5  20220624.   16302123. ]]
0
[[ 21861960.  11830122.  35233384.  22935340.]]
2
[[ 24318586.    3211364.5  20220624.   16302123. ]]
0
[[ 21861960.  11830122.  35233384.  22935340.]]
2
[[ 24318586.    3211364.5  20220624.   16302123. ]]
0
[[ 21861960.  11830122.  35233384.  22935340.]]
2
[[ 24318586.    3211364.5  20220624.   16302123. ]]
0
[[ 21861960.  11830122.  35233384.  22935340.]]
2
[[ 24318586.    3211364.5  20220624.   16302123. ]]
0
[[ 21861960.  11830122.  35233384.  22935340.]]
2
[[ 24318586.    3211364.5  20220624.   16302123. ]]
0
[[ 21861960.  11830122.  35233384.  22935340.]]
2
[[ 24318586.    3211364.5  20220624.   16302123. ]]
0
[[ 21861960.  11830122.  35233384.  22935340.]]
2
[[ 24318586.    3211364.5  20220624.   16302123. ]]
0
[[ 21861960.  11830122.  35233384.  22935340.]]
2
[[ 24318586.    3211364.5  20220624.   16302123. ]]
0
[[ 21861960.  11830122.  35233384.  22935340.]]
2
[[ 24318586.    3211364.5  20220624.   16302123. ]]
0
[[ 21861960.  11830122.  35233384.  22935340.]]
2
[[ 24318586.    3211364.5  20220624.   16302123. ]]
0
[[ 21861960.  11830122.  35233384.  22935340.]]
2
[[ 24318586.    3211364.5  20220624.   16302123. ]]
0
[[ 21861960.  11830122.  35233384.  22935340.]]
2
[[ 24318586.    3211364.5  20220624.   16302123. ]]
0
[[ 21861960.  11830122.  35233384.  22935340.]]
2
[[ 24318586.    3211364.5  20220624.   16302123. ]]
0
[[ 21861960.  11830122.  35233384.  22935340.]]
2
[[ 24318586.    3211364.5  20220624.   16302123. ]]
0
[[ 21861960.  11830122.  35233384.  22935340.]]
2
[[ 24318586.    3211364.5  20220624.   16302123. ]]
0
[[ 21861960.  11830122.  35233384.  22935340.]]
2
[[ 24318586.    3211364.5  20220624.   16302123. ]]
0
[[ 21861960.  11830122.  35233384.  22935340.]]
2
[[ 24318586.    3211364.5  20220624.   16302123. ]]
0
[[ 21861960.  11830122.  35233384.  22935340.]]
2
[[ 24318586.    3211364.5  20220624.   16302123. ]]
0
[[ 21861960.  11830122.  35233384.  22935340.]]
2
[[ 24318586.    3211364.5  20220624.   16302123. ]]
0
[[ 21861960.  11830122.  35233384.  22935340.]]
2
[[ 24318586.    3211364.5  20220624.   16302123. ]]
0
[[ 21861960.  11830122.  35233384.  22935340.]]
2
[[ 24318586.    3211364.5  20220624.   16302123. ]]
0
[[ 21861960.  11830122.  35233384.  22935340.]]
2
[[ 24318586.    3211364.5  20220624.   16302123. ]]
0
[[ 21861960.  11830122.  35233384.  22935340.]]
2
[[ 24318586.    3211364.5  20220624.   16302123. ]]
0
[[ 21861960.  11830122.  35233384.  22935340.]]
2
[[ 24318586.    3211364.5  20220624.   16302123. ]]
0
[[ 21861960.  11830122.  35233384.  22935340.]]
2
[[ 24318586.    3211364.5  20220624.   16302123. ]]
0
[[ 21861960.  11830122.  35233384.  22935340.]]
2
[[ 24318586.    3211364.5  20220624.   16302123. ]]
0
[[ 21861960.  11830122.  35233384.  22935340.]]
2
[[ 24318586.    3211364.5  20220624.   16302123. ]]
0
[[ 21861960.  11830122.  35233384.  22935340.]]
2
[[ 24318586.    3211364.5  20220624.   16302123. ]]
0
[[ 21861960.  11830122.  35233384.  22935340.]]
2
[[ 24318586.    3211364.5  20220624.   16302123. ]]
0
[[ 21861960.  11830122.  35233384.  22935340.]]
2
[[ 24318586.    3211364.5  20220624.   16302123. ]]
0
[[ 21861960.  11830122.  35233384.  22935340.]]
2
[[ 24318586.    3211364.5  20220624.   16302123. ]]
0
[[ 21861960.  11830122.  35233384.  22935340.]]
2
[[ 24318586.    3211364.5  20220624.   16302123. ]]
0
[[ 21861960.  11830122.  35233384.  22935340.]]
2
[[ 24318586.    3211364.5  20220624.   16302123. ]]
0
[[ 21861960.  11830122.  35233384.  22935340.]]
2
[[ 24318586.    3211364.5  20220624.   16302123. ]]
0
[[ 21861960.  11830122.  35233384.  22935340.]]
2
[[ 24318586.    3211364.5  20220624.   16302123. ]]
0
[[ 21861960.  11830122.  35233384.  22935340.]]
2
[[ 24318586.    3211364.5  20220624.   16302123. ]]
0
[[ 21861960.  11830122.  35233384.  22935340.]]
2
[[ 24318586.    3211364.5  20220624.   16302123. ]]
0
[[ 21861960.  11830122.  35233384.  22935340.]]
2
[[ 24318586.    3211364.5  20220624.   16302123. ]]
0
[[ 21861960.  11830122.  35233384.  22935340.]]
2
[[ 24318586.    3211364.5  20220624.   16302123. ]]
0
FAIL
1/4
