[[-3.78134108 -7.64206171 -4.48433542 -8.15793324]]
0
[[-12.17612267 -14.82922363  -0.04954223  -7.71494722]]
2
[[-3.78134108 -7.64206171 -4.48433542 -8.15793324]]
0
[[-12.17612267 -14.82922363  -0.04954223  -7.71494722]]
2
[[-3.78134108 -7.64206171 -4.48433542 -8.15793324]]
0
[[-12.17612267 -14.82922363  -0.04954223  -7.71494722]]
2
[[-3.78134108 -7.64206171 -4.48433542 -8.15793324]]
0
[[-12.17612267 -14.82922363  -0.04954223  -7.71494722]]
2
[[-3.78134108 -7.64206171 -4.48433542 -8.15793324]]
0
[[-12.17612267 -14.82922363  -0.04954223  -7.71494722]]
2
[[-3.78134108 -7.64206171 -4.48433542 -8.15793324]]
0
[[-12.17612267 -14.82922363  -0.04954223  -7.71494722]]
2
[[-3.78134108 -7.64206171 -4.48433542 -8.15793324]]
0
[[-12.17612267 -14.82922363  -0.04954223  -7.71494722]]
2
[[-3.78134108 -7.64206171 -4.48433542 -8.15793324]]
0
[[-12.17612267 -14.82922363  -0.04954223  -7.71494722]]
2
[[-3.78134108 -7.64206171 -4.48433542 -8.15793324]]
0
[[-12.17612267 -14.82922363  -0.04954223  -7.71494722]]
2
[[-3.78134108 -7.64206171 -4.48433542 -8.15793324]]
0
[[-12.17612267 -14.82922363  -0.04954223  -7.71494722]]
2
[[-3.78134108 -7.64206171 -4.48433542 -8.15793324]]
0
[[-12.17612267 -14.82922363  -0.04954223  -7.71494722]]
2
[[-3.78134108 -7.64206171 -4.48433542 -8.15793324]]
0
[[-12.17612267 -14.82922363  -0.04954223  -7.71494722]]
2
[[-3.78134108 -7.64206171 -4.48433542 -8.15793324]]
0
[[-12.17612267 -14.82922363  -0.04954223  -7.71494722]]
2
[[-3.78134108 -7.64206171 -4.48433542 -8.15793324]]
0
[[-12.17612267 -14.82922363  -0.04954223  -7.71494722]]
2
[[-3.78134108 -7.64206171 -4.48433542 -8.15793324]]
0
[[-12.17612267 -14.82922363  -0.04954223  -7.71494722]]
2
[[-3.78134108 -7.64206171 -4.48433542 -8.15793324]]
0
[[-12.17612267 -14.82922363  -0.04954223  -7.71494722]]
2
[[-3.78134108 -7.64206171 -4.48433542 -8.15793324]]
0
[[-12.17612267 -14.82922363  -0.04954223  -7.71494722]]
2
[[-3.78134108 -7.64206171 -4.48433542 -8.15793324]]
0
[[-12.17612267 -14.82922363  -0.04954223  -7.71494722]]
2
[[-3.78134108 -7.64206171 -4.48433542 -8.15793324]]
0
[[-12.17612267 -14.82922363  -0.04954223  -7.71494722]]
2
[[-3.78134108 -7.64206171 -4.48433542 -8.15793324]]
0
[[-12.17612267 -14.82922363  -0.04954223  -7.71494722]]
2
[[-3.78134108 -7.64206171 -4.48433542 -8.15793324]]
0
[[-12.17612267 -14.82922363  -0.04954223  -7.71494722]]
2
[[-3.78134108 -7.64206171 -4.48433542 -8.15793324]]
0
[[-12.17612267 -14.82922363  -0.04954223  -7.71494722]]
2
[[-3.78134108 -7.64206171 -4.48433542 -8.15793324]]
0
[[-12.17612267 -14.82922363  -0.04954223  -7.71494722]]
2
[[-3.78134108 -7.64206171 -4.48433542 -8.15793324]]
0
[[-12.17612267 -14.82922363  -0.04954223  -7.71494722]]
2
[[-3.78134108 -7.64206171 -4.48433542 -8.15793324]]
0
[[-12.17612267 -14.82922363  -0.04954223  -7.71494722]]
2
[[-3.78134108 -7.64206171 -4.48433542 -8.15793324]]
0
[[-12.17612267 -14.82922363  -0.04954223  -7.71494722]]
2
[[-3.78134108 -7.64206171 -4.48433542 -8.15793324]]
0
[[-12.17612267 -14.82922363  -0.04954223  -7.71494722]]
2
[[-3.78134108 -7.64206171 -4.48433542 -8.15793324]]
0
[[-12.17612267 -14.82922363  -0.04954223  -7.71494722]]
2
[[-3.78134108 -7.64206171 -4.48433542 -8.15793324]]
0
[[-12.17612267 -14.82922363  -0.04954223  -7.71494722]]
2
[[-3.78134108 -7.64206171 -4.48433542 -8.15793324]]
0
[[-12.17612267 -14.82922363  -0.04954223  -7.71494722]]
2
[[-3.78134108 -7.64206171 -4.48433542 -8.15793324]]
0
[[-12.17612267 -14.82922363  -0.04954223  -7.71494722]]
2
[[-3.78134108 -7.64206171 -4.48433542 -8.15793324]]
0
[[-12.17612267 -14.82922363  -0.04954223  -7.71494722]]
2
[[-3.78134108 -7.64206171 -4.48433542 -8.15793324]]
0
[[-12.17612267 -14.82922363  -0.04954223  -7.71494722]]
2
[[-3.78134108 -7.64206171 -4.48433542 -8.15793324]]
0
[[-12.17612267 -14.82922363  -0.04954223  -7.71494722]]
2
[[-3.78134108 -7.64206171 -4.48433542 -8.15793324]]
0
[[-12.17612267 -14.82922363  -0.04954223  -7.71494722]]
2
[[-3.78134108 -7.64206171 -4.48433542 -8.15793324]]
0
[[-12.17612267 -14.82922363  -0.04954223  -7.71494722]]
2
[[-3.78134108 -7.64206171 -4.48433542 -8.15793324]]
0
[[-12.17612267 -14.82922363  -0.04954223  -7.71494722]]
2
[[-3.78134108 -7.64206171 -4.48433542 -8.15793324]]
0
[[-12.17612267 -14.82922363  -0.04954223  -7.71494722]]
2
[[-3.78134108 -7.64206171 -4.48433542 -8.15793324]]
0
[[-12.17612267 -14.82922363  -0.04954223  -7.71494722]]
2
[[-3.78134108 -7.64206171 -4.48433542 -8.15793324]]
0
[[-12.17612267 -14.82922363  -0.04954223  -7.71494722]]
2
[[-3.78134108 -7.64206171 -4.48433542 -8.15793324]]
0
[[-12.17612267 -14.82922363  -0.04954223  -7.71494722]]
2
[[-3.78134108 -7.64206171 -4.48433542 -8.15793324]]
0
[[-12.17612267 -14.82922363  -0.04954223  -7.71494722]]
2
[[-3.78134108 -7.64206171 -4.48433542 -8.15793324]]
0
[[-12.17612267 -14.82922363  -0.04954223  -7.71494722]]
2
[[-3.78134108 -7.64206171 -4.48433542 -8.15793324]]
0
[[-12.17612267 -14.82922363  -0.04954223  -7.71494722]]
2
[[-3.78134108 -7.64206171 -4.48433542 -8.15793324]]
0
[[-12.17612267 -14.82922363  -0.04954223  -7.71494722]]
2
[[-3.78134108 -7.64206171 -4.48433542 -8.15793324]]
0
[[-12.17612267 -14.82922363  -0.04954223  -7.71494722]]
2
[[-3.78134108 -7.64206171 -4.48433542 -8.15793324]]
0
[[-12.17612267 -14.82922363  -0.04954223  -7.71494722]]
2
[[-3.78134108 -7.64206171 -4.48433542 -8.15793324]]
0
[[-12.17612267 -14.82922363  -0.04954223  -7.71494722]]
2
[[-3.78134108 -7.64206171 -4.48433542 -8.15793324]]
0
[[-12.17612267 -14.82922363  -0.04954223  -7.71494722]]
2
[[-3.78134108 -7.64206171 -4.48433542 -8.15793324]]
0
[[-12.17612267 -14.82922363  -0.04954223  -7.71494722]]
2
[[-3.78134108 -7.64206171 -4.48433542 -8.15793324]]
0
FAIL
1/2
