[[-4.73389769 -4.51608467 -4.0506072  -8.42815399]]
2
[[-2.84163332 -6.03565025 -3.08022809 -9.07678509]]
0
[[-4.73389769 -4.51608467 -4.0506072  -8.42815399]]
2
[[-2.84163332 -6.03565025 -3.08022809 -9.07678509]]
0
[[-4.73389769 -4.51608467 -4.0506072  -8.42815399]]
2
[[-2.84163332 -6.03565025 -3.08022809 -9.07678509]]
0
[[-4.73389769 -4.51608467 -4.0506072  -8.42815399]]
2
[[-2.84163332 -6.03565025 -3.08022809 -9.07678509]]
0
[[-4.73389769 -4.51608467 -4.0506072  -8.42815399]]
2
[[-2.84163332 -6.03565025 -3.08022809 -9.07678509]]
0
[[-4.73389769 -4.51608467 -4.0506072  -8.42815399]]
2
[[-2.84163332 -6.03565025 -3.08022809 -9.07678509]]
0
[[-4.73389769 -4.51608467 -4.0506072  -8.42815399]]
2
[[-2.84163332 -6.03565025 -3.08022809 -9.07678509]]
0
[[-4.73389769 -4.51608467 -4.0506072  -8.42815399]]
2
[[-2.84163332 -6.03565025 -3.08022809 -9.07678509]]
0
[[-4.73389769 -4.51608467 -4.0506072  -8.42815399]]
2
[[-2.84163332 -6.03565025 -3.08022809 -9.07678509]]
0
[[-4.73389769 -4.51608467 -4.0506072  -8.42815399]]
2
[[-2.84163332 -6.03565025 -3.08022809 -9.07678509]]
0
[[-4.73389769 -4.51608467 -4.0506072  -8.42815399]]
2
[[-2.84163332 -6.03565025 -3.08022809 -9.07678509]]
0
[[-4.73389769 -4.51608467 -4.0506072  -8.42815399]]
2
[[-2.84163332 -6.03565025 -3.08022809 -9.07678509]]
0
[[-4.73389769 -4.51608467 -4.0506072  -8.42815399]]
2
[[-2.84163332 -6.03565025 -3.08022809 -9.07678509]]
0
[[-4.73389769 -4.51608467 -4.0506072  -8.42815399]]
2
[[-2.84163332 -6.03565025 -3.08022809 -9.07678509]]
0
[[-4.73389769 -4.51608467 -4.0506072  -8.42815399]]
2
[[-2.84163332 -6.03565025 -3.08022809 -9.07678509]]
0
[[-4.73389769 -4.51608467 -4.0506072  -8.42815399]]
2
[[-2.84163332 -6.03565025 -3.08022809 -9.07678509]]
0
[[-4.73389769 -4.51608467 -4.0506072  -8.42815399]]
2
[[-2.84163332 -6.03565025 -3.08022809 -9.07678509]]
0
[[-4.73389769 -4.51608467 -4.0506072  -8.42815399]]
2
[[-2.84163332 -6.03565025 -3.08022809 -9.07678509]]
0
[[-4.73389769 -4.51608467 -4.0506072  -8.42815399]]
2
[[-2.84163332 -6.03565025 -3.08022809 -9.07678509]]
0
[[-4.73389769 -4.51608467 -4.0506072  -8.42815399]]
2
[[-2.84163332 -6.03565025 -3.08022809 -9.07678509]]
0
[[-4.73389769 -4.51608467 -4.0506072  -8.42815399]]
2
[[-2.84163332 -6.03565025 -3.08022809 -9.07678509]]
0
[[-4.73389769 -4.51608467 -4.0506072  -8.42815399]]
2
[[-2.84163332 -6.03565025 -3.08022809 -9.07678509]]
0
[[-4.73389769 -4.51608467 -4.0506072  -8.42815399]]
2
[[-2.84163332 -6.03565025 -3.08022809 -9.07678509]]
0
[[-4.73389769 -4.51608467 -4.0506072  -8.42815399]]
2
[[-2.84163332 -6.03565025 -3.08022809 -9.07678509]]
0
[[-4.73389769 -4.51608467 -4.0506072  -8.42815399]]
2
[[-2.84163332 -6.03565025 -3.08022809 -9.07678509]]
0
[[-4.73389769 -4.51608467 -4.0506072  -8.42815399]]
2
[[-2.84163332 -6.03565025 -3.08022809 -9.07678509]]
0
[[-4.73389769 -4.51608467 -4.0506072  -8.42815399]]
2
[[-2.84163332 -6.03565025 -3.08022809 -9.07678509]]
0
[[-4.73389769 -4.51608467 -4.0506072  -8.42815399]]
2
[[-2.84163332 -6.03565025 -3.08022809 -9.07678509]]
0
[[-4.73389769 -4.51608467 -4.0506072  -8.42815399]]
2
[[-2.84163332 -6.03565025 -3.08022809 -9.07678509]]
0
[[-4.73389769 -4.51608467 -4.0506072  -8.42815399]]
2
[[-2.84163332 -6.03565025 -3.08022809 -9.07678509]]
0
[[-4.73389769 -4.51608467 -4.0506072  -8.42815399]]
2
[[-2.84163332 -6.03565025 -3.08022809 -9.07678509]]
0
[[-4.73389769 -4.51608467 -4.0506072  -8.42815399]]
2
[[-2.84163332 -6.03565025 -3.08022809 -9.07678509]]
0
[[-4.73389769 -4.51608467 -4.0506072  -8.42815399]]
2
[[-2.84163332 -6.03565025 -3.08022809 -9.07678509]]
0
[[-4.73389769 -4.51608467 -4.0506072  -8.42815399]]
2
[[-2.84163332 -6.03565025 -3.08022809 -9.07678509]]
0
[[-4.73389769 -4.51608467 -4.0506072  -8.42815399]]
2
[[-2.84163332 -6.03565025 -3.08022809 -9.07678509]]
0
[[-4.73389769 -4.51608467 -4.0506072  -8.42815399]]
2
[[-2.84163332 -6.03565025 -3.08022809 -9.07678509]]
0
[[-4.73389769 -4.51608467 -4.0506072  -8.42815399]]
2
[[-2.84163332 -6.03565025 -3.08022809 -9.07678509]]
0
[[-4.73389769 -4.51608467 -4.0506072  -8.42815399]]
2
[[-2.84163332 -6.03565025 -3.08022809 -9.07678509]]
0
[[-4.73389769 -4.51608467 -4.0506072  -8.42815399]]
2
[[-2.84163332 -6.03565025 -3.08022809 -9.07678509]]
0
[[-4.73389769 -4.51608467 -4.0506072  -8.42815399]]
2
[[-2.84163332 -6.03565025 -3.08022809 -9.07678509]]
0
[[-4.73389769 -4.51608467 -4.0506072  -8.42815399]]
2
[[-2.84163332 -6.03565025 -3.08022809 -9.07678509]]
0
[[-4.73389769 -4.51608467 -4.0506072  -8.42815399]]
2
[[-2.84163332 -6.03565025 -3.08022809 -9.07678509]]
0
[[-4.73389769 -4.51608467 -4.0506072  -8.42815399]]
2
[[-2.84163332 -6.03565025 -3.08022809 -9.07678509]]
0
[[-4.73389769 -4.51608467 -4.0506072  -8.42815399]]
2
[[-2.84163332 -6.03565025 -3.08022809 -9.07678509]]
0
[[-4.73389769 -4.51608467 -4.0506072  -8.42815399]]
2
[[-2.84163332 -6.03565025 -3.08022809 -9.07678509]]
0
[[-4.73389769 -4.51608467 -4.0506072  -8.42815399]]
2
[[-2.84163332 -6.03565025 -3.08022809 -9.07678509]]
0
[[-4.73389769 -4.51608467 -4.0506072  -8.42815399]]
2
[[-2.84163332 -6.03565025 -3.08022809 -9.07678509]]
0
[[-4.73389769 -4.51608467 -4.0506072  -8.42815399]]
2
[[-2.84163332 -6.03565025 -3.08022809 -9.07678509]]
0
[[-4.73389769 -4.51608467 -4.0506072  -8.42815399]]
2
[[-2.84163332 -6.03565025 -3.08022809 -9.07678509]]
0
[[-4.73389769 -4.51608467 -4.0506072  -8.42815399]]
2
[[-2.84163332 -6.03565025 -3.08022809 -9.07678509]]
0
[[-4.73389769 -4.51608467 -4.0506072  -8.42815399]]
2
FAIL
0/5
