[[ 19407166.   7583615.  14725804.  14658080.]]
0
[[ 22878630.  15523174.  28721598.  19658400.]]
2
[[ 19407166.   7583615.  14725804.  14658080.]]
0
[[ 22878630.  15523174.  28721598.  19658400.]]
2
[[ 19407166.   7583615.  14725804.  14658080.]]
0
[[ 22878630.  15523174.  28721598.  19658400.]]
2
[[ 19407166.   7583615.  14725804.  14658080.]]
0
[[ 22878630.  15523174.  28721598.  19658400.]]
2
[[ 19407166.   7583615.  14725804.  14658080.]]
0
[[ 22878630.  15523174.  28721598.  19658400.]]
2
[[ 19407166.   7583615.  14725804.  14658080.]]
0
[[ 22878630.  15523174.  28721598.  19658400.]]
2
[[ 19407166.   7583615.  14725804.  14658080.]]
0
[[ 22878630.  15523174.  28721598.  19658400.]]
2
[[ 19407166.   7583615.  14725804.  14658080.]]
0
[[ 22878630.  15523174.  28721598.  19658400.]]
2
[[ 19407166.   7583615.  14725804.  14658080.]]
0
[[ 22878630.  15523174.  28721598.  19658400.]]
2
[[ 19407166.   7583615.  14725804.  14658080.]]
0
[[ 22878630.  15523174.  28721598.  19658400.]]
2
[[ 19407166.   7583615.  14725804.  14658080.]]
0
[[ 22878630.  15523174.  28721598.  19658400.]]
2
[[ 19407166.   7583615.  14725804.  14658080.]]
0
[[ 22878630.  15523174.  28721598.  19658400.]]
2
[[ 19407166.   7583615.  14725804.  14658080.]]
0
[[ 22878630.  15523174.  28721598.  19658400.]]
2
[[ 19407166.   7583615.  14725804.  14658080.]]
0
[[ 22878630.  15523174.  28721598.  19658400.]]
2
[[ 19407166.   7583615.  14725804.  14658080.]]
0
[[ 22878630.  15523174.  28721598.  19658400.]]
2
[[ 19407166.   7583615.  14725804.  14658080.]]
0
[[ 22878630.  15523174.  28721598.  19658400.]]
2
[[ 19407166.   7583615.  14725804.  14658080.]]
0
[[ 22878630.  15523174.  28721598.  19658400.]]
2
[[ 19407166.   7583615.  14725804.  14658080.]]
0
[[ 22878630.  15523174.  28721598.  19658400.]]
2
[[ 19407166.   7583615.  14725804.  14658080.]]
0
[[ 22878630.  15523174.  28721598.  19658400.]]
2
[[ 19407166.   7583615.  14725804.  14658080.]]
0
[[ 22878630.  15523174.  28721598.  19658400.]]
2
[[ 19407166.   7583615.  14725804.  14658080.]]
0
[[ 22878630.  15523174.  28721598.  19658400.]]
2
[[ 19407166.   7583615.  14725804.  14658080.]]
0
[[ 22878630.  15523174.  28721598.  19658400.]]
2
[[ 19407166.   7583615.  14725804.  14658080.]]
0
[[ 22878630.  15523174.  28721598.  19658400.]]
2
[[ 19407166.   7583615.  14725804.  14658080.]]
0
[[ 22878630.  15523174.  28721598.  19658400.]]
2
[[ 19407166.   7583615.  14725804.  14658080.]]
0
[[ 22878630.  15523174.  28721598.  19658400.]]
2
[[ 19407166.   7583615.  14725804.  14658080.]]
0
[[ 22878630.  15523174.  28721598.  19658400.]]
2
[[ 19407166.   7583615.  14725804.  14658080.]]
0
[[ 22878630.  15523174.  28721598.  19658400.]]
2
[[ 19407166.   7583615.  14725804.  14658080.]]
0
[[ 22878630.  15523174.  28721598.  19658400.]]
2
[[ 19407166.   7583615.  14725804.  14658080.]]
0
[[ 22878630.  15523174.  28721598.  19658400.]]
2
[[ 19407166.   7583615.  14725804.  14658080.]]
0
[[ 22878630.  15523174.  28721598.  19658400.]]
2
[[ 19407166.   7583615.  14725804.  14658080.]]
0
[[ 22878630.  15523174.  28721598.  19658400.]]
2
[[ 19407166.   7583615.  14725804.  14658080.]]
0
[[ 22878630.  15523174.  28721598.  19658400.]]
2
[[ 19407166.   7583615.  14725804.  14658080.]]
0
[[ 22878630.  15523174.  28721598.  19658400.]]
2
[[ 19407166.   7583615.  14725804.  14658080.]]
0
[[ 22878630.  15523174.  28721598.  19658400.]]
2
[[ 19407166.   7583615.  14725804.  14658080.]]
0
[[ 22878630.  15523174.  28721598.  19658400.]]
2
[[ 19407166.   7583615.  14725804.  14658080.]]
0
[[ 22878630.  15523174.  28721598.  19658400.]]
2
[[ 19407166.   7583615.  14725804.  14658080.]]
0
[[ 22878630.  15523174.  28721598.  19658400.]]
2
[[ 19407166.   7583615.  14725804.  14658080.]]
0
[[ 22878630.  15523174.  28721598.  19658400.]]
2
[[ 19407166.   7583615.  14725804.  14658080.]]
0
[[ 22878630.  15523174.  28721598.  19658400.]]
2
[[ 19407166.   7583615.  14725804.  14658080.]]
0
[[ 22878630.  15523174.  28721598.  19658400.]]
2
[[ 19407166.   7583615.  14725804.  14658080.]]
0
[[ 22878630.  15523174.  28721598.  19658400.]]
2
[[ 19407166.   7583615.  14725804.  14658080.]]
0
[[ 22878630.  15523174.  28721598.  19658400.]]
2
[[ 19407166.   7583615.  14725804.  14658080.]]
0
[[ 22878630.  15523174.  28721598.  19658400.]]
2
[[ 19407166.   7583615.  14725804.  14658080.]]
0
[[ 22878630.  15523174.  28721598.  19658400.]]
2
[[ 19407166.   7583615.  14725804.  14658080.]]
0
[[ 22878630.  15523174.  28721598.  19658400.]]
2
[[ 19407166.   7583615.  14725804.  14658080.]]
0
[[ 22878630.  15523174.  28721598.  19658400.]]
2
[[ 19407166.   7583615.  14725804.  14658080.]]
0
[[ 22878630.  15523174.  28721598.  19658400.]]
2
[[ 19407166.   7583615.  14725804.  14658080.]]
0
[[ 22878630.  15523174.  28721598.  19658400.]]
2
[[ 19407166.   7583615.  14725804.  14658080.]]
0
[[ 22878630.  15523174.  28721598.  19658400.]]
2
[[ 19407166.   7583615.  14725804.  14658080.]]
0
[[ 22878630.  15523174.  28721598.  19658400.]]
2
[[ 19407166.   7583615.  14725804.  14658080.]]
0
FAIL
1/4
