[[-3.69230843 -7.40807295 -4.31256771 -8.11237717]]
0
[[-12.07800293 -14.59268284   0.12353991  -7.66553688]]
2
[[-3.69230843 -7.40807295 -4.31256771 -8.11237717]]
0
[[-12.07800293 -14.59268284   0.12353991  -7.66553688]]
2
[[-3.69230843 -7.40807295 -4.31256771 -8.11237717]]
0
[[-12.07800293 -14.59268284   0.12353991  -7.66553688]]
2
[[-3.69230843 -7.40807295 -4.31256771 -8.11237717]]
0
[[-12.07800293 -14.59268284   0.12353991  -7.66553688]]
2
[[-3.69230843 -7.40807295 -4.31256771 -8.11237717]]
0
[[-12.07800293 -14.59268284   0.12353991  -7.66553688]]
2
[[-3.69230843 -7.40807295 -4.31256771 -8.11237717]]
0
[[-12.07800293 -14.59268284   0.12353991  -7.66553688]]
2
[[-3.69230843 -7.40807295 -4.31256771 -8.11237717]]
0
[[-12.07800293 -14.59268284   0.12353991  -7.66553688]]
2
[[-3.69230843 -7.40807295 -4.31256771 -8.11237717]]
0
[[-12.07800293 -14.59268284   0.12353991  -7.66553688]]
2
[[-3.69230843 -7.40807295 -4.31256771 -8.11237717]]
0
[[-12.07800293 -14.59268284   0.12353991  -7.66553688]]
2
[[-3.69230843 -7.40807295 -4.31256771 -8.11237717]]
0
[[-12.07800293 -14.59268284   0.12353991  -7.66553688]]
2
[[-3.69230843 -7.40807295 -4.31256771 -8.11237717]]
0
[[-12.07800293 -14.59268284   0.12353991  -7.66553688]]
2
[[-3.69230843 -7.40807295 -4.31256771 -8.11237717]]
0
[[-12.07800293 -14.59268284   0.12353991  -7.66553688]]
2
[[-3.69230843 -7.40807295 -4.31256771 -8.11237717]]
0
[[-12.07800293 -14.59268284   0.12353991  -7.66553688]]
2
[[-3.69230843 -7.40807295 -4.31256771 -8.11237717]]
0
[[-12.07800293 -14.59268284   0.12353991  -7.66553688]]
2
[[-3.69230843 -7.40807295 -4.31256771 -8.11237717]]
0
[[-12.07800293 -14.59268284   0.12353991  -7.66553688]]
2
[[-3.69230843 -7.40807295 -4.31256771 -8.11237717]]
0
[[-12.07800293 -14.59268284   0.12353991  -7.66553688]]
2
[[-3.69230843 -7.40807295 -4.31256771 -8.11237717]]
0
[[-12.07800293 -14.59268284   0.12353991  -7.66553688]]
2
[[-3.69230843 -7.40807295 -4.31256771 -8.11237717]]
0
[[-12.07800293 -14.59268284   0.12353991  -7.66553688]]
2
[[-3.69230843 -7.40807295 -4.31256771 -8.11237717]]
0
[[-12.07800293 -14.59268284   0.12353991  -7.66553688]]
2
[[-3.69230843 -7.40807295 -4.31256771 -8.11237717]]
0
[[-12.07800293 -14.59268284   0.12353991  -7.66553688]]
2
[[-3.69230843 -7.40807295 -4.31256771 -8.11237717]]
0
[[-12.07800293 -14.59268284   0.12353991  -7.66553688]]
2
[[-3.69230843 -7.40807295 -4.31256771 -8.11237717]]
0
[[-12.07800293 -14.59268284   0.12353991  -7.66553688]]
2
[[-3.69230843 -7.40807295 -4.31256771 -8.11237717]]
0
[[-12.07800293 -14.59268284   0.12353991  -7.66553688]]
2
[[-3.69230843 -7.40807295 -4.31256771 -8.11237717]]
0
[[-12.07800293 -14.59268284   0.12353991  -7.66553688]]
2
[[-3.69230843 -7.40807295 -4.31256771 -8.11237717]]
0
[[-12.07800293 -14.59268284   0.12353991  -7.66553688]]
2
[[-3.69230843 -7.40807295 -4.31256771 -8.11237717]]
0
[[-12.07800293 -14.59268284   0.12353991  -7.66553688]]
2
[[-3.69230843 -7.40807295 -4.31256771 -8.11237717]]
0
[[-12.07800293 -14.59268284   0.12353991  -7.66553688]]
2
[[-3.69230843 -7.40807295 -4.31256771 -8.11237717]]
0
[[-12.07800293 -14.59268284   0.12353991  -7.66553688]]
2
[[-3.69230843 -7.40807295 -4.31256771 -8.11237717]]
0
[[-12.07800293 -14.59268284   0.12353991  -7.66553688]]
2
[[-3.69230843 -7.40807295 -4.31256771 -8.11237717]]
0
[[-12.07800293 -14.59268284   0.12353991  -7.66553688]]
2
[[-3.69230843 -7.40807295 -4.31256771 -8.11237717]]
0
[[-12.07800293 -14.59268284   0.12353991  -7.66553688]]
2
[[-3.69230843 -7.40807295 -4.31256771 -8.11237717]]
0
[[-12.07800293 -14.59268284   0.12353991  -7.66553688]]
2
[[-3.69230843 -7.40807295 -4.31256771 -8.11237717]]
0
[[-12.07800293 -14.59268284   0.12353991  -7.66553688]]
2
[[-3.69230843 -7.40807295 -4.31256771 -8.11237717]]
0
[[-12.07800293 -14.59268284   0.12353991  -7.66553688]]
2
[[-3.69230843 -7.40807295 -4.31256771 -8.11237717]]
0
[[-12.07800293 -14.59268284   0.12353991  -7.66553688]]
2
[[-3.69230843 -7.40807295 -4.31256771 -8.11237717]]
0
[[-12.07800293 -14.59268284   0.12353991  -7.66553688]]
2
[[-3.69230843 -7.40807295 -4.31256771 -8.11237717]]
0
[[-12.07800293 -14.59268284   0.12353991  -7.66553688]]
2
[[-3.69230843 -7.40807295 -4.31256771 -8.11237717]]
0
[[-12.07800293 -14.59268284   0.12353991  -7.66553688]]
2
[[-3.69230843 -7.40807295 -4.31256771 -8.11237717]]
0
[[-12.07800293 -14.59268284   0.12353991  -7.66553688]]
2
[[-3.69230843 -7.40807295 -4.31256771 -8.11237717]]
0
[[-12.07800293 -14.59268284   0.12353991  -7.66553688]]
2
[[-3.69230843 -7.40807295 -4.31256771 -8.11237717]]
0
[[-12.07800293 -14.59268284   0.12353991  -7.66553688]]
2
[[-3.69230843 -7.40807295 -4.31256771 -8.11237717]]
0
[[-12.07800293 -14.59268284   0.12353991  -7.66553688]]
2
[[-3.69230843 -7.40807295 -4.31256771 -8.11237717]]
0
[[-12.07800293 -14.59268284   0.12353991  -7.66553688]]
2
[[-3.69230843 -7.40807295 -4.31256771 -8.11237717]]
0
[[-12.07800293 -14.59268284   0.12353991  -7.66553688]]
2
[[-3.69230843 -7.40807295 -4.31256771 -8.11237717]]
0
[[-12.07800293 -14.59268284   0.12353991  -7.66553688]]
2
[[-3.69230843 -7.40807295 -4.31256771 -8.11237717]]
0
[[-12.07800293 -14.59268284   0.12353991  -7.66553688]]
2
[[-3.69230843 -7.40807295 -4.31256771 -8.11237717]]
0
[[-12.07800293 -14.59268284   0.12353991  -7.66553688]]
2
[[-3.69230843 -7.40807295 -4.31256771 -8.11237717]]
0
[[-12.07800293 -14.59268284   0.12353991  -7.66553688]]
2
[[-3.69230843 -7.40807295 -4.31256771 -8.11237717]]
0
[[-12.07800293 -14.59268284   0.12353991  -7.66553688]]
2
[[-3.69230843 -7.40807295 -4.31256771 -8.11237717]]
0
[[-12.07800293 -14.59268284   0.12353991  -7.66553688]]
2
[[-3.69230843 -7.40807295 -4.31256771 -8.11237717]]
0
FAIL
1/2
