[[-4.66169214 -4.3269496  -3.88785458 -8.3779726 ]]
2
[[-2.78364229 -5.84942484 -2.91712546 -9.02886295]]
0
[[-4.66169214 -4.3269496  -3.88785458 -8.3779726 ]]
2
[[-2.78364229 -5.84942484 -2.91712546 -9.02886295]]
0
[[-4.66169214 -4.3269496  -3.88785458 -8.3779726 ]]
2
[[-2.78364229 -5.84942484 -2.91712546 -9.02886295]]
0
[[-4.66169214 -4.3269496  -3.88785458 -8.3779726 ]]
2
[[-2.78364229 -5.84942484 -2.91712546 -9.02886295]]
0
[[-4.66169214 -4.3269496  -3.88785458 -8.3779726 ]]
2
[[-2.78364229 -5.84942484 -2.91712546 -9.02886295]]
0
[[-4.66169214 -4.3269496  -3.88785458 -8.3779726 ]]
2
[[-2.78364229 -5.84942484 -2.91712546 -9.02886295]]
0
[[-4.66169214 -4.3269496  -3.88785458 -8.3779726 ]]
2
[[-2.78364229 -5.84942484 -2.91712546 -9.02886295]]
0
[[-4.66169214 -4.3269496  -3.88785458 -8.3779726 ]]
2
[[-2.78364229 -5.84942484 -2.91712546 -9.02886295]]
0
[[-4.66169214 -4.3269496  -3.88785458 -8.3779726 ]]
2
[[-2.78364229 -5.84942484 -2.91712546 -9.02886295]]
0
[[-4.66169214 -4.3269496  -3.88785458 -8.3779726 ]]
2
[[-2.78364229 -5.84942484 -2.91712546 -9.02886295]]
0
[[-4.66169214 -4.3269496  -3.88785458 -8.3779726 ]]
2
[[-2.78364229 -5.84942484 -2.91712546 -9.02886295]]
0
[[-4.66169214 -4.3269496  -3.88785458 -8.3779726 ]]
2
[[-2.78364229 -5.84942484 -2.91712546 -9.02886295]]
0
[[-4.66169214 -4.3269496  -3.88785458 -8.3779726 ]]
2
[[-2.78364229 -5.84942484 -2.91712546 -9.02886295]]
0
[[-4.66169214 -4.3269496  -3.88785458 -8.3779726 ]]
2
[[-2.78364229 -5.84942484 -2.91712546 -9.02886295]]
0
[[-4.66169214 -4.3269496  -3.88785458 -8.3779726 ]]
2
[[-2.78364229 -5.84942484 -2.91712546 -9.02886295]]
0
[[-4.66169214 -4.3269496  -3.88785458 -8.3779726 ]]
2
[[-2.78364229 -5.84942484 -2.91712546 -9.02886295]]
0
[[-4.66169214 -4.3269496  -3.88785458 -8.3779726 ]]
2
[[-2.78364229 -5.84942484 -2.91712546 -9.02886295]]
0
[[-4.66169214 -4.3269496  -3.88785458 -8.3779726 ]]
2
[[-2.78364229 -5.84942484 -2.91712546 -9.02886295]]
0
[[-4.66169214 -4.3269496  -3.88785458 -8.3779726 ]]
2
[[-2.78364229 -5.84942484 -2.91712546 -9.02886295]]
0
[[-4.66169214 -4.3269496  -3.88785458 -8.3779726 ]]
2
[[-2.78364229 -5.84942484 -2.91712546 -9.02886295]]
0
[[-4.66169214 -4.3269496  -3.88785458 -8.3779726 ]]
2
[[-2.78364229 -5.84942484 -2.91712546 -9.02886295]]
0
[[-4.66169214 -4.3269496  -3.88785458 -8.3779726 ]]
2
[[-2.78364229 -5.84942484 -2.91712546 -9.02886295]]
0
[[-4.66169214 -4.3269496  -3.88785458 -8.3779726 ]]
2
[[-2.78364229 -5.84942484 -2.91712546 -9.02886295]]
0
[[-4.66169214 -4.3269496  -3.88785458 -8.3779726 ]]
2
[[-2.78364229 -5.84942484 -2.91712546 -9.02886295]]
0
[[-4.66169214 -4.3269496  -3.88785458 -8.3779726 ]]
2
[[-2.78364229 -5.84942484 -2.91712546 -9.02886295]]
0
[[-4.66169214 -4.3269496  -3.88785458 -8.3779726 ]]
2
[[-2.78364229 -5.84942484 -2.91712546 -9.02886295]]
0
[[-4.66169214 -4.3269496  -3.88785458 -8.3779726 ]]
2
[[-2.78364229 -5.84942484 -2.91712546 -9.02886295]]
0
[[-4.66169214 -4.3269496  -3.88785458 -8.3779726 ]]
2
[[-2.78364229 -5.84942484 -2.91712546 -9.02886295]]
0
[[-4.66169214 -4.3269496  -3.88785458 -8.3779726 ]]
2
[[-2.78364229 -5.84942484 -2.91712546 -9.02886295]]
0
[[-4.66169214 -4.3269496  -3.88785458 -8.3779726 ]]
2
[[-2.78364229 -5.84942484 -2.91712546 -9.02886295]]
0
[[-4.66169214 -4.3269496  -3.88785458 -8.3779726 ]]
2
[[-2.78364229 -5.84942484 -2.91712546 -9.02886295]]
0
[[-4.66169214 -4.3269496  -3.88785458 -8.3779726 ]]
2
[[-2.78364229 -5.84942484 -2.91712546 -9.02886295]]
0
[[-4.66169214 -4.3269496  -3.88785458 -8.3779726 ]]
2
[[-2.78364229 -5.84942484 -2.91712546 -9.02886295]]
0
[[-4.66169214 -4.3269496  -3.88785458 -8.3779726 ]]
2
[[-2.78364229 -5.84942484 -2.91712546 -9.02886295]]
0
[[-4.66169214 -4.3269496  -3.88785458 -8.3779726 ]]
2
[[-2.78364229 -5.84942484 -2.91712546 -9.02886295]]
0
[[-4.66169214 -4.3269496  -3.88785458 -8.3779726 ]]
2
[[-2.78364229 -5.84942484 -2.91712546 -9.02886295]]
0
[[-4.66169214 -4.3269496  -3.88785458 -8.3779726 ]]
2
[[-2.78364229 -5.84942484 -2.91712546 -9.02886295]]
0
[[-4.66169214 -4.3269496  -3.88785458 -8.3779726 ]]
2
[[-2.78364229 -5.84942484 -2.91712546 -9.02886295]]
0
[[-4.66169214 -4.3269496  -3.88785458 -8.3779726 ]]
2
[[-2.78364229 -5.84942484 -2.91712546 -9.02886295]]
0
[[-4.66169214 -4.3269496  -3.88785458 -8.3779726 ]]
2
[[-2.78364229 -5.84942484 -2.91712546 -9.02886295]]
0
[[-4.66169214 -4.3269496  -3.88785458 -8.3779726 ]]
2
[[-2.78364229 -5.84942484 -2.91712546 -9.02886295]]
0
[[-4.66169214 -4.3269496  -3.88785458 -8.3779726 ]]
2
[[-2.78364229 -5.84942484 -2.91712546 -9.02886295]]
0
[[-4.66169214 -4.3269496  -3.88785458 -8.3779726 ]]
2
[[-2.78364229 -5.84942484 -2.91712546 -9.02886295]]
0
[[-4.66169214 -4.3269496  -3.88785458 -8.3779726 ]]
2
[[-2.78364229 -5.84942484 -2.91712546 -9.02886295]]
0
[[-4.66169214 -4.3269496  -3.88785458 -8.3779726 ]]
2
[[-2.78364229 -5.84942484 -2.91712546 -9.02886295]]
0
[[-4.66169214 -4.3269496  -3.88785458 -8.3779726 ]]
2
[[-2.78364229 -5.84942484 -2.91712546 -9.02886295]]
0
[[-4.66169214 -4.3269496  -3.88785458 -8.3779726 ]]
2
[[-2.78364229 -5.84942484 -2.91712546 -9.02886295]]
0
[[-4.66169214 -4.3269496  -3.88785458 -8.3779726 ]]
2
[[-2.78364229 -5.84942484 -2.91712546 -9.02886295]]
0
[[-4.66169214 -4.3269496  -3.88785458 -8.3779726 ]]
2
[[-2.78364229 -5.84942484 -2.91712546 -9.02886295]]
0
[[-4.66169214 -4.3269496  -3.88785458 -8.3779726 ]]
2
[[-2.78364229 -5.84942484 -2.91712546 -9.02886295]]
0
[[-4.66169214 -4.3269496  -3.88785458 -8.3779726 ]]
2
FAIL
0/5
