[[ 24223626.  15480582.  18537640.   3460244.]]
0
[[ 26592242.  24993392.  31251844.  10684081.]]
2
[[ 24223626.  15480582.  18537640.   3460244.]]
0
[[ 26592242.  24993392.  31251844.  10684081.]]
2
[[ 24223626.  15480582.  18537640.   3460244.]]
0
[[ 26592242.  24993392.  31251844.  10684081.]]
2
[[ 24223626.  15480582.  18537640.   3460244.]]
0
[[ 26592242.  24993392.  31251844.  10684081.]]
2
[[ 24223626.  15480582.  18537640.   3460244.]]
0
[[ 26592242.  24993392.  31251844.  10684081.]]
2
[[ 24223626.  15480582.  18537640.   3460244.]]
0
[[ 26592242.  24993392.  31251844.  10684081.]]
2
[[ 24223626.  15480582.  18537640.   3460244.]]
0
[[ 26592242.  24993392.  31251844.  10684081.]]
2
[[ 24223626.  15480582.  18537640.   3460244.]]
0
[[ 26592242.  24993392.  31251844.  10684081.]]
2
[[ 24223626.  15480582.  18537640.   3460244.]]
0
[[ 26592242.  24993392.  31251844.  10684081.]]
2
[[ 24223626.  15480582.  18537640.   3460244.]]
0
[[ 26592242.  24993392.  31251844.  10684081.]]
2
[[ 24223626.  15480582.  18537640.   3460244.]]
0
[[ 26592242.  24993392.  31251844.  10684081.]]
2
[[ 24223626.  15480582.  18537640.   3460244.]]
0
[[ 26592242.  24993392.  31251844.  10684081.]]
2
[[ 24223626.  15480582.  18537640.   3460244.]]
0
[[ 26592242.  24993392.  31251844.  10684081.]]
2
[[ 24223626.  15480582.  18537640.   3460244.]]
0
[[ 26592242.  24993392.  31251844.  10684081.]]
2
[[ 24223626.  15480582.  18537640.   3460244.]]
0
[[ 26592242.  24993392.  31251844.  10684081.]]
2
[[ 24223626.  15480582.  18537640.   3460244.]]
0
[[ 26592242.  24993392.  31251844.  10684081.]]
2
[[ 24223626.  15480582.  18537640.   3460244.]]
0
[[ 26592242.  24993392.  31251844.  10684081.]]
2
[[ 24223626.  15480582.  18537640.   3460244.]]
0
[[ 26592242.  24993392.  31251844.  10684081.]]
2
[[ 24223626.  15480582.  18537640.   3460244.]]
0
[[ 26592242.  24993392.  31251844.  10684081.]]
2
[[ 24223626.  15480582.  18537640.   3460244.]]
0
[[ 26592242.  24993392.  31251844.  10684081.]]
2
[[ 24223626.  15480582.  18537640.   3460244.]]
0
[[ 26592242.  24993392.  31251844.  10684081.]]
2
[[ 24223626.  15480582.  18537640.   3460244.]]
0
[[ 26592242.  24993392.  31251844.  10684081.]]
2
[[ 24223626.  15480582.  18537640.   3460244.]]
0
[[ 26592242.  24993392.  31251844.  10684081.]]
2
[[ 24223626.  15480582.  18537640.   3460244.]]
0
[[ 26592242.  24993392.  31251844.  10684081.]]
2
[[ 24223626.  15480582.  18537640.   3460244.]]
0
[[ 26592242.  24993392.  31251844.  10684081.]]
2
[[ 24223626.  15480582.  18537640.   3460244.]]
0
[[ 26592242.  24993392.  31251844.  10684081.]]
2
[[ 24223626.  15480582.  18537640.   3460244.]]
0
[[ 26592242.  24993392.  31251844.  10684081.]]
2
[[ 24223626.  15480582.  18537640.   3460244.]]
0
[[ 26592242.  24993392.  31251844.  10684081.]]
2
[[ 24223626.  15480582.  18537640.   3460244.]]
0
[[ 26592242.  24993392.  31251844.  10684081.]]
2
[[ 24223626.  15480582.  18537640.   3460244.]]
0
[[ 26592242.  24993392.  31251844.  10684081.]]
2
[[ 24223626.  15480582.  18537640.   3460244.]]
0
[[ 26592242.  24993392.  31251844.  10684081.]]
2
[[ 24223626.  15480582.  18537640.   3460244.]]
0
[[ 26592242.  24993392.  31251844.  10684081.]]
2
[[ 24223626.  15480582.  18537640.   3460244.]]
0
[[ 26592242.  24993392.  31251844.  10684081.]]
2
[[ 24223626.  15480582.  18537640.   3460244.]]
0
[[ 26592242.  24993392.  31251844.  10684081.]]
2
[[ 24223626.  15480582.  18537640.   3460244.]]
0
[[ 26592242.  24993392.  31251844.  10684081.]]
2
[[ 24223626.  15480582.  18537640.   3460244.]]
0
[[ 26592242.  24993392.  31251844.  10684081.]]
2
[[ 24223626.  15480582.  18537640.   3460244.]]
0
[[ 26592242.  24993392.  31251844.  10684081.]]
2
[[ 24223626.  15480582.  18537640.   3460244.]]
0
[[ 26592242.  24993392.  31251844.  10684081.]]
2
[[ 24223626.  15480582.  18537640.   3460244.]]
0
[[ 26592242.  24993392.  31251844.  10684081.]]
2
[[ 24223626.  15480582.  18537640.   3460244.]]
0
[[ 26592242.  24993392.  31251844.  10684081.]]
2
[[ 24223626.  15480582.  18537640.   3460244.]]
0
[[ 26592242.  24993392.  31251844.  10684081.]]
2
[[ 24223626.  15480582.  18537640.   3460244.]]
0
[[ 26592242.  24993392.  31251844.  10684081.]]
2
[[ 24223626.  15480582.  18537640.   3460244.]]
0
[[ 26592242.  24993392.  31251844.  10684081.]]
2
[[ 24223626.  15480582.  18537640.   3460244.]]
0
[[ 26592242.  24993392.  31251844.  10684081.]]
2
[[ 24223626.  15480582.  18537640.   3460244.]]
0
[[ 26592242.  24993392.  31251844.  10684081.]]
2
[[ 24223626.  15480582.  18537640.   3460244.]]
0
[[ 26592242.  24993392.  31251844.  10684081.]]
2
[[ 24223626.  15480582.  18537640.   3460244.]]
0
[[ 26592242.  24993392.  31251844.  10684081.]]
2
[[ 24223626.  15480582.  18537640.   3460244.]]
0
[[ 26592242.  24993392.  31251844.  10684081.]]
2
[[ 24223626.  15480582.  18537640.   3460244.]]
0
[[ 26592242.  24993392.  31251844.  10684081.]]
2
[[ 24223626.  15480582.  18537640.   3460244.]]
0
[[ 26592242.  24993392.  31251844.  10684081.]]
2
[[ 24223626.  15480582.  18537640.   3460244.]]
0
FAIL
1/4
