[[-3.79131913 -7.63922596 -4.29800797 -8.05479527]]
0
[[-12.16922665 -14.80840969   0.15059623  -7.60000086]]
2
[[-3.79131913 -7.63922596 -4.29800797 -8.05479527]]
0
[[-12.16922665 -14.80840969   0.15059623  -7.60000086]]
2
[[-3.79131913 -7.63922596 -4.29800797 -8.05479527]]
0
[[-12.16922665 -14.80840969   0.15059623  -7.60000086]]
2
[[-3.79131913 -7.63922596 -4.29800797 -8.05479527]]
0
[[-12.16922665 -14.80840969   0.15059623  -7.60000086]]
2
[[-3.79131913 -7.63922596 -4.29800797 -8.05479527]]
0
[[-12.16922665 -14.80840969   0.15059623  -7.60000086]]
2
[[-3.79131913 -7.63922596 -4.29800797 -8.05479527]]
0
[[-12.16922665 -14.80840969   0.15059623  -7.60000086]]
2
[[-3.79131913 -7.63922596 -4.29800797 -8.05479527]]
0
[[-12.16922665 -14.80840969   0.15059623  -7.60000086]]
2
[[-3.79131913 -7.63922596 -4.29800797 -8.05479527]]
0
[[-12.16922665 -14.80840969   0.15059623  -7.60000086]]
2
[[-3.79131913 -7.63922596 -4.29800797 -8.05479527]]
0
[[-12.16922665 -14.80840969   0.15059623  -7.60000086]]
2
[[-3.79131913 -7.63922596 -4.29800797 -8.05479527]]
0
[[-12.16922665 -14.80840969   0.15059623  -7.60000086]]
2
[[-3.79131913 -7.63922596 -4.29800797 -8.05479527]]
0
[[-12.16922665 -14.80840969   0.15059623  -7.60000086]]
2
[[-3.79131913 -7.63922596 -4.29800797 -8.05479527]]
0
[[-12.16922665 -14.80840969   0.15059623  -7.60000086]]
2
[[-3.79131913 -7.63922596 -4.29800797 -8.05479527]]
0
[[-12.16922665 -14.80840969   0.15059623  -7.60000086]]
2
[[-3.79131913 -7.63922596 -4.29800797 -8.05479527]]
0
[[-12.16922665 -14.80840969   0.15059623  -7.60000086]]
2
[[-3.79131913 -7.63922596 -4.29800797 -8.05479527]]
0
[[-12.16922665 -14.80840969   0.15059623  -7.60000086]]
2
[[-3.79131913 -7.63922596 -4.29800797 -8.05479527]]
0
[[-12.16922665 -14.80840969   0.15059623  -7.60000086]]
2
[[-3.79131913 -7.63922596 -4.29800797 -8.05479527]]
0
[[-12.16922665 -14.80840969   0.15059623  -7.60000086]]
2
[[-3.79131913 -7.63922596 -4.29800797 -8.05479527]]
0
[[-12.16922665 -14.80840969   0.15059623  -7.60000086]]
2
[[-3.79131913 -7.63922596 -4.29800797 -8.05479527]]
0
[[-12.16922665 -14.80840969   0.15059623  -7.60000086]]
2
[[-3.79131913 -7.63922596 -4.29800797 -8.05479527]]
0
[[-12.16922665 -14.80840969   0.15059623  -7.60000086]]
2
[[-3.79131913 -7.63922596 -4.29800797 -8.05479527]]
0
[[-12.16922665 -14.80840969   0.15059623  -7.60000086]]
2
[[-3.79131913 -7.63922596 -4.29800797 -8.05479527]]
0
[[-12.16922665 -14.80840969   0.15059623  -7.60000086]]
2
[[-3.79131913 -7.63922596 -4.29800797 -8.05479527]]
0
[[-12.16922665 -14.80840969   0.15059623  -7.60000086]]
2
[[-3.79131913 -7.63922596 -4.29800797 -8.05479527]]
0
[[-12.16922665 -14.80840969   0.15059623  -7.60000086]]
2
[[-3.79131913 -7.63922596 -4.29800797 -8.05479527]]
0
[[-12.16922665 -14.80840969   0.15059623  -7.60000086]]
2
[[-3.79131913 -7.63922596 -4.29800797 -8.05479527]]
0
[[-12.16922665 -14.80840969   0.15059623  -7.60000086]]
2
[[-3.79131913 -7.63922596 -4.29800797 -8.05479527]]
0
[[-12.16922665 -14.80840969   0.15059623  -7.60000086]]
2
[[-3.79131913 -7.63922596 -4.29800797 -8.05479527]]
0
[[-12.16922665 -14.80840969   0.15059623  -7.60000086]]
2
[[-3.79131913 -7.63922596 -4.29800797 -8.05479527]]
0
[[-12.16922665 -14.80840969   0.15059623  -7.60000086]]
2
[[-3.79131913 -7.63922596 -4.29800797 -8.05479527]]
0
[[-12.16922665 -14.80840969   0.15059623  -7.60000086]]
2
[[-3.79131913 -7.63922596 -4.29800797 -8.05479527]]
0
[[-12.16922665 -14.80840969   0.15059623  -7.60000086]]
2
[[-3.79131913 -7.63922596 -4.29800797 -8.05479527]]
0
[[-12.16922665 -14.80840969   0.15059623  -7.60000086]]
2
[[-3.79131913 -7.63922596 -4.29800797 -8.05479527]]
0
[[-12.16922665 -14.80840969   0.15059623  -7.60000086]]
2
[[-3.79131913 -7.63922596 -4.29800797 -8.05479527]]
0
[[-12.16922665 -14.80840969   0.15059623  -7.60000086]]
2
[[-3.79131913 -7.63922596 -4.29800797 -8.05479527]]
0
[[-12.16922665 -14.80840969   0.15059623  -7.60000086]]
2
[[-3.79131913 -7.63922596 -4.29800797 -8.05479527]]
0
[[-12.16922665 -14.80840969   0.15059623  -7.60000086]]
2
[[-3.79131913 -7.63922596 -4.29800797 -8.05479527]]
0
[[-12.16922665 -14.80840969   0.15059623  -7.60000086]]
2
[[-3.79131913 -7.63922596 -4.29800797 -8.05479527]]
0
[[-12.16922665 -14.80840969   0.15059623  -7.60000086]]
2
[[-3.79131913 -7.63922596 -4.29800797 -8.05479527]]
0
[[-12.16922665 -14.80840969   0.15059623  -7.60000086]]
2
[[-3.79131913 -7.63922596 -4.29800797 -8.05479527]]
0
[[-12.16922665 -14.80840969   0.15059623  -7.60000086]]
2
[[-3.79131913 -7.63922596 -4.29800797 -8.05479527]]
0
[[-12.16922665 -14.80840969   0.15059623  -7.60000086]]
2
[[-3.79131913 -7.63922596 -4.29800797 -8.05479527]]
0
[[-12.16922665 -14.80840969   0.15059623  -7.60000086]]
2
[[-3.79131913 -7.63922596 -4.29800797 -8.05479527]]
0
[[-12.16922665 -14.80840969   0.15059623  -7.60000086]]
2
[[-3.79131913 -7.63922596 -4.29800797 -8.05479527]]
0
[[-12.16922665 -14.80840969   0.15059623  -7.60000086]]
2
[[-3.79131913 -7.63922596 -4.29800797 -8.05479527]]
0
[[-12.16922665 -14.80840969   0.15059623  -7.60000086]]
2
[[-3.79131913 -7.63922596 -4.29800797 -8.05479527]]
0
[[-12.16922665 -14.80840969   0.15059623  -7.60000086]]
2
[[-3.79131913 -7.63922596 -4.29800797 -8.05479527]]
0
[[-12.16922665 -14.80840969   0.15059623  -7.60000086]]
2
[[-3.79131913 -7.63922596 -4.29800797 -8.05479527]]
0
[[-12.16922665 -14.80840969   0.15059623  -7.60000086]]
2
[[-3.79131913 -7.63922596 -4.29800797 -8.05479527]]
0
[[-12.16922665 -14.80840969   0.15059623  -7.60000086]]
2
[[-3.79131913 -7.63922596 -4.29800797 -8.05479527]]
0
[[-12.16922665 -14.80840969   0.15059623  -7.60000086]]
2
[[-3.79131913 -7.63922596 -4.29800797 -8.05479527]]
0
FAIL
1/2
