[[ 9605340.   3900016.5  8788322.  -5330581. ]]
0
[[ 14190316.   12693548.   23157884.    2713351.5]]
2
[[ 9605340.   3900016.5  8788322.  -5330581. ]]
0
[[ 14190316.   12693548.   23157884.    2713351.5]]
2
[[ 9605340.   3900016.5  8788322.  -5330581. ]]
0
[[ 14190316.   12693548.   23157884.    2713351.5]]
2
[[ 9605340.   3900016.5  8788322.  -5330581. ]]
0
[[ 14190316.   12693548.   23157884.    2713351.5]]
2
[[ 9605340.   3900016.5  8788322.  -5330581. ]]
0
[[ 14190316.   12693548.   23157884.    2713351.5]]
2
[[ 9605340.   3900016.5  8788322.  -5330581. ]]
0
[[ 14190316.   12693548.   23157884.    2713351.5]]
2
[[ 9605340.   3900016.5  8788322.  -5330581. ]]
0
[[ 14190316.   12693548.   23157884.    2713351.5]]
2
[[ 9605340.   3900016.5  8788322.  -5330581. ]]
0
[[ 14190316.   12693548.   23157884.    2713351.5]]
2
[[ 9605340.   3900016.5  8788322.  -5330581. ]]
0
[[ 14190316.   12693548.   23157884.    2713351.5]]
2
[[ 9605340.   3900016.5  8788322.  -5330581. ]]
0
[[ 14190316.   12693548.   23157884.    2713351.5]]
2
[[ 9605340.   3900016.5  8788322.  -5330581. ]]
0
[[ 14190316.   12693548.   23157884.    2713351.5]]
2
[[ 9605340.   3900016.5  8788322.  -5330581. ]]
0
[[ 14190316.   12693548.   23157884.    2713351.5]]
2
[[ 9605340.   3900016.5  8788322.  -5330581. ]]
0
[[ 14190316.   12693548.   23157884.    2713351.5]]
2
[[ 9605340.   3900016.5  8788322.  -5330581. ]]
0
[[ 14190316.   12693548.   23157884.    2713351.5]]
2
[[ 9605340.   3900016.5  8788322.  -5330581. ]]
0
[[ 14190316.   12693548.   23157884.    2713351.5]]
2
[[ 9605340.   3900016.5  8788322.  -5330581. ]]
0
[[ 14190316.   12693548.   23157884.    2713351.5]]
2
[[ 9605340.   3900016.5  8788322.  -5330581. ]]
0
[[ 14190316.   12693548.   23157884.    2713351.5]]
2
[[ 9605340.   3900016.5  8788322.  -5330581. ]]
0
[[ 14190316.   12693548.   23157884.    2713351.5]]
2
[[ 9605340.   3900016.5  8788322.  -5330581. ]]
0
[[ 14190316.   12693548.   23157884.    2713351.5]]
2
[[ 9605340.   3900016.5  8788322.  -5330581. ]]
0
[[ 14190316.   12693548.   23157884.    2713351.5]]
2
[[ 9605340.   3900016.5  8788322.  -5330581. ]]
0
[[ 14190316.   12693548.   23157884.    2713351.5]]
2
[[ 9605340.   3900016.5  8788322.  -5330581. ]]
0
[[ 14190316.   12693548.   23157884.    2713351.5]]
2
[[ 9605340.   3900016.5  8788322.  -5330581. ]]
0
[[ 14190316.   12693548.   23157884.    2713351.5]]
2
[[ 9605340.   3900016.5  8788322.  -5330581. ]]
0
[[ 14190316.   12693548.   23157884.    2713351.5]]
2
[[ 9605340.   3900016.5  8788322.  -5330581. ]]
0
[[ 14190316.   12693548.   23157884.    2713351.5]]
2
[[ 9605340.   3900016.5  8788322.  -5330581. ]]
0
[[ 14190316.   12693548.   23157884.    2713351.5]]
2
[[ 9605340.   3900016.5  8788322.  -5330581. ]]
0
[[ 14190316.   12693548.   23157884.    2713351.5]]
2
[[ 9605340.   3900016.5  8788322.  -5330581. ]]
0
[[ 14190316.   12693548.   23157884.    2713351.5]]
2
[[ 9605340.   3900016.5  8788322.  -5330581. ]]
0
[[ 14190316.   12693548.   23157884.    2713351.5]]
2
[[ 9605340.   3900016.5  8788322.  -5330581. ]]
0
[[ 14190316.   12693548.   23157884.    2713351.5]]
2
[[ 9605340.   3900016.5  8788322.  -5330581. ]]
0
[[ 14190316.   12693548.   23157884.    2713351.5]]
2
[[ 9605340.   3900016.5  8788322.  -5330581. ]]
0
[[ 14190316.   12693548.   23157884.    2713351.5]]
2
[[ 9605340.   3900016.5  8788322.  -5330581. ]]
0
[[ 14190316.   12693548.   23157884.    2713351.5]]
2
[[ 9605340.   3900016.5  8788322.  -5330581. ]]
0
[[ 14190316.   12693548.   23157884.    2713351.5]]
2
[[ 9605340.   3900016.5  8788322.  -5330581. ]]
0
[[ 14190316.   12693548.   23157884.    2713351.5]]
2
[[ 9605340.   3900016.5  8788322.  -5330581. ]]
0
[[ 14190316.   12693548.   23157884.    2713351.5]]
2
[[ 9605340.   3900016.5  8788322.  -5330581. ]]
0
[[ 14190316.   12693548.   23157884.    2713351.5]]
2
[[ 9605340.   3900016.5  8788322.  -5330581. ]]
0
[[ 14190316.   12693548.   23157884.    2713351.5]]
2
[[ 9605340.   3900016.5  8788322.  -5330581. ]]
0
[[ 14190316.   12693548.   23157884.    2713351.5]]
2
[[ 9605340.   3900016.5  8788322.  -5330581. ]]
0
[[ 14190316.   12693548.   23157884.    2713351.5]]
2
[[ 9605340.   3900016.5  8788322.  -5330581. ]]
0
[[ 14190316.   12693548.   23157884.    2713351.5]]
2
[[ 9605340.   3900016.5  8788322.  -5330581. ]]
0
[[ 14190316.   12693548.   23157884.    2713351.5]]
2
[[ 9605340.   3900016.5  8788322.  -5330581. ]]
0
[[ 14190316.   12693548.   23157884.    2713351.5]]
2
[[ 9605340.   3900016.5  8788322.  -5330581. ]]
0
[[ 14190316.   12693548.   23157884.    2713351.5]]
2
[[ 9605340.   3900016.5  8788322.  -5330581. ]]
0
[[ 14190316.   12693548.   23157884.    2713351.5]]
2
[[ 9605340.   3900016.5  8788322.  -5330581. ]]
0
[[ 14190316.   12693548.   23157884.    2713351.5]]
2
[[ 9605340.   3900016.5  8788322.  -5330581. ]]
0
[[ 14190316.   12693548.   23157884.    2713351.5]]
2
[[ 9605340.   3900016.5  8788322.  -5330581. ]]
0
[[ 14190316.   12693548.   23157884.    2713351.5]]
2
[[ 9605340.   3900016.5  8788322.  -5330581. ]]
0
[[ 14190316.   12693548.   23157884.    2713351.5]]
2
[[ 9605340.   3900016.5  8788322.  -5330581. ]]
0
[[ 14190316.   12693548.   23157884.    2713351.5]]
2
[[ 9605340.   3900016.5  8788322.  -5330581. ]]
0
FAIL
1/4
