[[-4.75347328 -4.32613039 -4.14222717 -8.29788876]]
2
[[-2.88563204 -5.85699224 -3.17276335 -8.96111107]]
0
[[-4.75347328 -4.32613039 -4.14222717 -8.29788876]]
2
[[-2.88563204 -5.85699224 -3.17276335 -8.96111107]]
0
[[-4.75347328 -4.32613039 -4.14222717 -8.29788876]]
2
[[-2.88563204 -5.85699224 -3.17276335 -8.96111107]]
0
[[-4.75347328 -4.32613039 -4.14222717 -8.29788876]]
2
[[-2.88563204 -5.85699224 -3.17276335 -8.96111107]]
0
[[-4.75347328 -4.32613039 -4.14222717 -8.29788876]]
2
[[-2.88563204 -5.85699224 -3.17276335 -8.96111107]]
0
[[-4.75347328 -4.32613039 -4.14222717 -8.29788876]]
2
[[-2.88563204 -5.85699224 -3.17276335 -8.96111107]]
0
[[-4.75347328 -4.32613039 -4.14222717 -8.29788876]]
2
[[-2.88563204 -5.85699224 -3.17276335 -8.96111107]]
0
[[-4.75347328 -4.32613039 -4.14222717 -8.29788876]]
2
[[-2.88563204 -5.85699224 -3.17276335 -8.96111107]]
0
[[-4.75347328 -4.32613039 -4.14222717 -8.29788876]]
2
[[-2.88563204 -5.85699224 -3.17276335 -8.96111107]]
0
[[-4.75347328 -4.32613039 -4.14222717 -8.29788876]]
2
[[-2.88563204 -5.85699224 -3.17276335 -8.96111107]]
0
[[-4.75347328 -4.32613039 -4.14222717 -8.29788876]]
2
[[-2.88563204 -5.85699224 -3.17276335 -8.96111107]]
0
[[-4.75347328 -4.32613039 -4.14222717 -8.29788876]]
2
[[-2.88563204 -5.85699224 -3.17276335 -8.96111107]]
0
[[-4.75347328 -4.32613039 -4.14222717 -8.29788876]]
2
[[-2.88563204 -5.85699224 -3.17276335 -8.96111107]]
0
[[-4.75347328 -4.32613039 -4.14222717 -8.29788876]]
2
[[-2.88563204 -5.85699224 -3.17276335 -8.96111107]]
0
[[-4.75347328 -4.32613039 -4.14222717 -8.29788876]]
2
[[-2.88563204 -5.85699224 -3.17276335 -8.96111107]]
0
[[-4.75347328 -4.32613039 -4.14222717 -8.29788876]]
2
[[-2.88563204 -5.85699224 -3.17276335 -8.96111107]]
0
[[-4.75347328 -4.32613039 -4.14222717 -8.29788876]]
2
[[-2.88563204 -5.85699224 -3.17276335 -8.96111107]]
0
[[-4.75347328 -4.32613039 -4.14222717 -8.29788876]]
2
[[-2.88563204 -5.85699224 -3.17276335 -8.96111107]]
0
[[-4.75347328 -4.32613039 -4.14222717 -8.29788876]]
2
[[-2.88563204 -5.85699224 -3.17276335 -8.96111107]]
0
[[-4.75347328 -4.32613039 -4.14222717 -8.29788876]]
2
[[-2.88563204 -5.85699224 -3.17276335 -8.96111107]]
0
[[-4.75347328 -4.32613039 -4.14222717 -8.29788876]]
2
[[-2.88563204 -5.85699224 -3.17276335 -8.96111107]]
0
[[-4.75347328 -4.32613039 -4.14222717 -8.29788876]]
2
[[-2.88563204 -5.85699224 -3.17276335 -8.96111107]]
0
[[-4.75347328 -4.32613039 -4.14222717 -8.29788876]]
2
[[-2.88563204 -5.85699224 -3.17276335 -8.96111107]]
0
[[-4.75347328 -4.32613039 -4.14222717 -8.29788876]]
2
[[-2.88563204 -5.85699224 -3.17276335 -8.96111107]]
0
[[-4.75347328 -4.32613039 -4.14222717 -8.29788876]]
2
[[-2.88563204 -5.85699224 -3.17276335 -8.96111107]]
0
[[-4.75347328 -4.32613039 -4.14222717 -8.29788876]]
2
[[-2.88563204 -5.85699224 -3.17276335 -8.96111107]]
0
[[-4.75347328 -4.32613039 -4.14222717 -8.29788876]]
2
[[-2.88563204 -5.85699224 -3.17276335 -8.96111107]]
0
[[-4.75347328 -4.32613039 -4.14222717 -8.29788876]]
2
[[-2.88563204 -5.85699224 -3.17276335 -8.96111107]]
0
[[-4.75347328 -4.32613039 -4.14222717 -8.29788876]]
2
[[-2.88563204 -5.85699224 -3.17276335 -8.96111107]]
0
[[-4.75347328 -4.32613039 -4.14222717 -8.29788876]]
2
[[-2.88563204 -5.85699224 -3.17276335 -8.96111107]]
0
[[-4.75347328 -4.32613039 -4.14222717 -8.29788876]]
2
[[-2.88563204 -5.85699224 -3.17276335 -8.96111107]]
0
[[-4.75347328 -4.32613039 -4.14222717 -8.29788876]]
2
[[-2.88563204 -5.85699224 -3.17276335 -8.96111107]]
0
[[-4.75347328 -4.32613039 -4.14222717 -8.29788876]]
2
[[-2.88563204 -5.85699224 -3.17276335 -8.96111107]]
0
[[-4.75347328 -4.32613039 -4.14222717 -8.29788876]]
2
[[-2.88563204 -5.85699224 -3.17276335 -8.96111107]]
0
[[-4.75347328 -4.32613039 -4.14222717 -8.29788876]]
2
[[-2.88563204 -5.85699224 -3.17276335 -8.96111107]]
0
[[-4.75347328 -4.32613039 -4.14222717 -8.29788876]]
2
[[-2.88563204 -5.85699224 -3.17276335 -8.96111107]]
0
[[-4.75347328 -4.32613039 -4.14222717 -8.29788876]]
2
[[-2.88563204 -5.85699224 -3.17276335 -8.96111107]]
0
[[-4.75347328 -4.32613039 -4.14222717 -8.29788876]]
2
[[-2.88563204 -5.85699224 -3.17276335 -8.96111107]]
0
[[-4.75347328 -4.32613039 -4.14222717 -8.29788876]]
2
[[-2.88563204 -5.85699224 -3.17276335 -8.96111107]]
0
[[-4.75347328 -4.32613039 -4.14222717 -8.29788876]]
2
[[-2.88563204 -5.85699224 -3.17276335 -8.96111107]]
0
[[-4.75347328 -4.32613039 -4.14222717 -8.29788876]]
2
[[-2.88563204 -5.85699224 -3.17276335 -8.96111107]]
0
[[-4.75347328 -4.32613039 -4.14222717 -8.29788876]]
2
[[-2.88563204 -5.85699224 -3.17276335 -8.96111107]]
0
[[-4.75347328 -4.32613039 -4.14222717 -8.29788876]]
2
[[-2.88563204 -5.85699224 -3.17276335 -8.96111107]]
0
[[-4.75347328 -4.32613039 -4.14222717 -8.29788876]]
2
[[-2.88563204 -5.85699224 -3.17276335 -8.96111107]]
0
[[-4.75347328 -4.32613039 -4.14222717 -8.29788876]]
2
[[-2.88563204 -5.85699224 -3.17276335 -8.96111107]]
0
[[-4.75347328 -4.32613039 -4.14222717 -8.29788876]]
2
[[-2.88563204 -5.85699224 -3.17276335 -8.96111107]]
0
[[-4.75347328 -4.32613039 -4.14222717 -8.29788876]]
2
[[-2.88563204 -5.85699224 -3.17276335 -8.96111107]]
0
[[-4.75347328 -4.32613039 -4.14222717 -8.29788876]]
2
[[-2.88563204 -5.85699224 -3.17276335 -8.96111107]]
0
[[-4.75347328 -4.32613039 -4.14222717 -8.29788876]]
2
[[-2.88563204 -5.85699224 -3.17276335 -8.96111107]]
0
[[-4.75347328 -4.32613039 -4.14222717 -8.29788876]]
2
[[-2.88563204 -5.85699224 -3.17276335 -8.96111107]]
0
[[-4.75347328 -4.32613039 -4.14222717 -8.29788876]]
2
FAIL
0/5
