[[ 47229536.  55578640.  34805640.  55010324.]]
1
[[ 35478264.  45877144.  25292228.  53875760.]]
3
[[ 47229536.  55578640.  34805640.  55010324.]]
1
[[ 35478264.  45877144.  25292228.  53875760.]]
3
[[ 47229536.  55578640.  34805640.  55010324.]]
1
[[ 35478264.  45877144.  25292228.  53875760.]]
3
[[ 47229536.  55578640.  34805640.  55010324.]]
1
[[ 35478264.  45877144.  25292228.  53875760.]]
3
[[ 47229536.  55578640.  34805640.  55010324.]]
1
[[ 35478264.  45877144.  25292228.  53875760.]]
3
[[ 47229536.  55578640.  34805640.  55010324.]]
1
[[ 35478264.  45877144.  25292228.  53875760.]]
3
[[ 47229536.  55578640.  34805640.  55010324.]]
1
[[ 35478264.  45877144.  25292228.  53875760.]]
3
[[ 47229536.  55578640.  34805640.  55010324.]]
1
[[ 35478264.  45877144.  25292228.  53875760.]]
3
[[ 47229536.  55578640.  34805640.  55010324.]]
1
[[ 35478264.  45877144.  25292228.  53875760.]]
3
[[ 47229536.  55578640.  34805640.  55010324.]]
1
[[ 35478264.  45877144.  25292228.  53875760.]]
3
[[ 47229536.  55578640.  34805640.  55010324.]]
1
[[ 35478264.  45877144.  25292228.  53875760.]]
3
[[ 47229536.  55578640.  34805640.  55010324.]]
1
[[ 35478264.  45877144.  25292228.  53875760.]]
3
[[ 47229536.  55578640.  34805640.  55010324.]]
1
[[ 35478264.  45877144.  25292228.  53875760.]]
3
[[ 47229536.  55578640.  34805640.  55010324.]]
1
[[ 35478264.  45877144.  25292228.  53875760.]]
3
[[ 47229536.  55578640.  34805640.  55010324.]]
1
[[ 35478264.  45877144.  25292228.  53875760.]]
3
[[ 47229536.  55578640.  34805640.  55010324.]]
1
[[ 35478264.  45877144.  25292228.  53875760.]]
3
[[ 47229536.  55578640.  34805640.  55010324.]]
1
[[ 35478264.  45877144.  25292228.  53875760.]]
3
[[ 47229536.  55578640.  34805640.  55010324.]]
1
[[ 35478264.  45877144.  25292228.  53875760.]]
3
[[ 47229536.  55578640.  34805640.  55010324.]]
1
[[ 35478264.  45877144.  25292228.  53875760.]]
3
[[ 47229536.  55578640.  34805640.  55010324.]]
1
[[ 35478264.  45877144.  25292228.  53875760.]]
3
[[ 47229536.  55578640.  34805640.  55010324.]]
1
[[ 35478264.  45877144.  25292228.  53875760.]]
3
[[ 47229536.  55578640.  34805640.  55010324.]]
1
[[ 35478264.  45877144.  25292228.  53875760.]]
3
[[ 47229536.  55578640.  34805640.  55010324.]]
1
[[ 35478264.  45877144.  25292228.  53875760.]]
3
[[ 47229536.  55578640.  34805640.  55010324.]]
1
[[ 35478264.  45877144.  25292228.  53875760.]]
3
[[ 47229536.  55578640.  34805640.  55010324.]]
1
[[ 35478264.  45877144.  25292228.  53875760.]]
3
[[ 47229536.  55578640.  34805640.  55010324.]]
1
[[ 35478264.  45877144.  25292228.  53875760.]]
3
[[ 47229536.  55578640.  34805640.  55010324.]]
1
[[ 35478264.  45877144.  25292228.  53875760.]]
3
[[ 47229536.  55578640.  34805640.  55010324.]]
1
[[ 35478264.  45877144.  25292228.  53875760.]]
3
[[ 47229536.  55578640.  34805640.  55010324.]]
1
[[ 35478264.  45877144.  25292228.  53875760.]]
3
[[ 47229536.  55578640.  34805640.  55010324.]]
1
[[ 35478264.  45877144.  25292228.  53875760.]]
3
[[ 47229536.  55578640.  34805640.  55010324.]]
1
[[ 35478264.  45877144.  25292228.  53875760.]]
3
[[ 47229536.  55578640.  34805640.  55010324.]]
1
[[ 35478264.  45877144.  25292228.  53875760.]]
3
[[ 47229536.  55578640.  34805640.  55010324.]]
1
[[ 35478264.  45877144.  25292228.  53875760.]]
3
[[ 47229536.  55578640.  34805640.  55010324.]]
1
[[ 35478264.  45877144.  25292228.  53875760.]]
3
[[ 47229536.  55578640.  34805640.  55010324.]]
1
[[ 35478264.  45877144.  25292228.  53875760.]]
3
[[ 47229536.  55578640.  34805640.  55010324.]]
1
[[ 35478264.  45877144.  25292228.  53875760.]]
3
[[ 47229536.  55578640.  34805640.  55010324.]]
1
[[ 35478264.  45877144.  25292228.  53875760.]]
3
[[ 47229536.  55578640.  34805640.  55010324.]]
1
[[ 35478264.  45877144.  25292228.  53875760.]]
3
[[ 47229536.  55578640.  34805640.  55010324.]]
1
[[ 35478264.  45877144.  25292228.  53875760.]]
3
[[ 47229536.  55578640.  34805640.  55010324.]]
1
[[ 35478264.  45877144.  25292228.  53875760.]]
3
[[ 47229536.  55578640.  34805640.  55010324.]]
1
[[ 35478264.  45877144.  25292228.  53875760.]]
3
[[ 47229536.  55578640.  34805640.  55010324.]]
1
[[ 35478264.  45877144.  25292228.  53875760.]]
3
[[ 47229536.  55578640.  34805640.  55010324.]]
1
[[ 35478264.  45877144.  25292228.  53875760.]]
3
[[ 47229536.  55578640.  34805640.  55010324.]]
1
[[ 35478264.  45877144.  25292228.  53875760.]]
3
[[ 47229536.  55578640.  34805640.  55010324.]]
1
[[ 35478264.  45877144.  25292228.  53875760.]]
3
[[ 47229536.  55578640.  34805640.  55010324.]]
1
[[ 35478264.  45877144.  25292228.  53875760.]]
3
[[ 47229536.  55578640.  34805640.  55010324.]]
1
[[ 35478264.  45877144.  25292228.  53875760.]]
3
[[ 47229536.  55578640.  34805640.  55010324.]]
1
[[ 35478264.  45877144.  25292228.  53875760.]]
3
[[ 47229536.  55578640.  34805640.  55010324.]]
1
[[ 35478264.  45877144.  25292228.  53875760.]]
3
[[ 47229536.  55578640.  34805640.  55010324.]]
1
[[ 35478264.  45877144.  25292228.  53875760.]]
3
[[ 47229536.  55578640.  34805640.  55010324.]]
1
FAIL
0/2
