[[-3.6069572  -7.428195   -4.40721655 -8.15726185]]
0
[[-11.97804451 -14.58381748   0.06672327  -7.69190073]]
2
[[-3.6069572  -7.428195   -4.40721655 -8.15726185]]
0
[[-11.97804451 -14.58381748   0.06672327  -7.69190073]]
2
[[-3.6069572  -7.428195   -4.40721655 -8.15726185]]
0
[[-11.97804451 -14.58381748   0.06672327  -7.69190073]]
2
[[-3.6069572  -7.428195   -4.40721655 -8.15726185]]
0
[[-11.97804451 -14.58381748   0.06672327  -7.69190073]]
2
[[-3.6069572  -7.428195   -4.40721655 -8.15726185]]
0
[[-11.97804451 -14.58381748   0.06672327  -7.69190073]]
2
[[-3.6069572  -7.428195   -4.40721655 -8.15726185]]
0
[[-11.97804451 -14.58381748   0.06672327  -7.69190073]]
2
[[-3.6069572  -7.428195   -4.40721655 -8.15726185]]
0
[[-11.97804451 -14.58381748   0.06672327  -7.69190073]]
2
[[-3.6069572  -7.428195   -4.40721655 -8.15726185]]
0
[[-11.97804451 -14.58381748   0.06672327  -7.69190073]]
2
[[-3.6069572  -7.428195   -4.40721655 -8.15726185]]
0
[[-11.97804451 -14.58381748   0.06672327  -7.69190073]]
2
[[-3.6069572  -7.428195   -4.40721655 -8.15726185]]
0
[[-11.97804451 -14.58381748   0.06672327  -7.69190073]]
2
[[-3.6069572  -7.428195   -4.40721655 -8.15726185]]
0
[[-11.97804451 -14.58381748   0.06672327  -7.69190073]]
2
[[-3.6069572  -7.428195   -4.40721655 -8.15726185]]
0
[[-11.97804451 -14.58381748   0.06672327  -7.69190073]]
2
[[-3.6069572  -7.428195   -4.40721655 -8.15726185]]
0
[[-11.97804451 -14.58381748   0.06672327  -7.69190073]]
2
[[-3.6069572  -7.428195   -4.40721655 -8.15726185]]
0
[[-11.97804451 -14.58381748   0.06672327  -7.69190073]]
2
[[-3.6069572  -7.428195   -4.40721655 -8.15726185]]
0
[[-11.97804451 -14.58381748   0.06672327  -7.69190073]]
2
[[-3.6069572  -7.428195   -4.40721655 -8.15726185]]
0
[[-11.97804451 -14.58381748   0.06672327  -7.69190073]]
2
[[-3.6069572  -7.428195   -4.40721655 -8.15726185]]
0
[[-11.97804451 -14.58381748   0.06672327  -7.69190073]]
2
[[-3.6069572  -7.428195   -4.40721655 -8.15726185]]
0
[[-11.97804451 -14.58381748   0.06672327  -7.69190073]]
2
[[-3.6069572  -7.428195   -4.40721655 -8.15726185]]
0
[[-11.97804451 -14.58381748   0.06672327  -7.69190073]]
2
[[-3.6069572  -7.428195   -4.40721655 -8.15726185]]
0
[[-11.97804451 -14.58381748   0.06672327  -7.69190073]]
2
[[-3.6069572  -7.428195   -4.40721655 -8.15726185]]
0
[[-11.97804451 -14.58381748   0.06672327  -7.69190073]]
2
[[-3.6069572  -7.428195   -4.40721655 -8.15726185]]
0
[[-11.97804451 -14.58381748   0.06672327  -7.69190073]]
2
[[-3.6069572  -7.428195   -4.40721655 -8.15726185]]
0
[[-11.97804451 -14.58381748   0.06672327  -7.69190073]]
2
[[-3.6069572  -7.428195   -4.40721655 -8.15726185]]
0
[[-11.97804451 -14.58381748   0.06672327  -7.69190073]]
2
[[-3.6069572  -7.428195   -4.40721655 -8.15726185]]
0
[[-11.97804451 -14.58381748   0.06672327  -7.69190073]]
2
[[-3.6069572  -7.428195   -4.40721655 -8.15726185]]
0
[[-11.97804451 -14.58381748   0.06672327  -7.69190073]]
2
[[-3.6069572  -7.428195   -4.40721655 -8.15726185]]
0
[[-11.97804451 -14.58381748   0.06672327  -7.69190073]]
2
[[-3.6069572  -7.428195   -4.40721655 -8.15726185]]
0
[[-11.97804451 -14.58381748   0.06672327  -7.69190073]]
2
[[-3.6069572  -7.428195   -4.40721655 -8.15726185]]
0
[[-11.97804451 -14.58381748   0.06672327  -7.69190073]]
2
[[-3.6069572  -7.428195   -4.40721655 -8.15726185]]
0
[[-11.97804451 -14.58381748   0.06672327  -7.69190073]]
2
[[-3.6069572  -7.428195   -4.40721655 -8.15726185]]
0
[[-11.97804451 -14.58381748   0.06672327  -7.69190073]]
2
[[-3.6069572  -7.428195   -4.40721655 -8.15726185]]
0
[[-11.97804451 -14.58381748   0.06672327  -7.69190073]]
2
[[-3.6069572  -7.428195   -4.40721655 -8.15726185]]
0
[[-11.97804451 -14.58381748   0.06672327  -7.69190073]]
2
[[-3.6069572  -7.428195   -4.40721655 -8.15726185]]
0
[[-11.97804451 -14.58381748   0.06672327  -7.69190073]]
2
[[-3.6069572  -7.428195   -4.40721655 -8.15726185]]
0
[[-11.97804451 -14.58381748   0.06672327  -7.69190073]]
2
[[-3.6069572  -7.428195   -4.40721655 -8.15726185]]
0
[[-11.97804451 -14.58381748   0.06672327  -7.69190073]]
2
[[-3.6069572  -7.428195   -4.40721655 -8.15726185]]
0
[[-11.97804451 -14.58381748   0.06672327  -7.69190073]]
2
[[-3.6069572  -7.428195   -4.40721655 -8.15726185]]
0
[[-11.97804451 -14.58381748   0.06672327  -7.69190073]]
2
[[-3.6069572  -7.428195   -4.40721655 -8.15726185]]
0
[[-11.97804451 -14.58381748   0.06672327  -7.69190073]]
2
[[-3.6069572  -7.428195   -4.40721655 -8.15726185]]
0
[[-11.97804451 -14.58381748   0.06672327  -7.69190073]]
2
[[-3.6069572  -7.428195   -4.40721655 -8.15726185]]
0
[[-11.97804451 -14.58381748   0.06672327  -7.69190073]]
2
[[-3.6069572  -7.428195   -4.40721655 -8.15726185]]
0
[[-11.97804451 -14.58381748   0.06672327  -7.69190073]]
2
[[-3.6069572  -7.428195   -4.40721655 -8.15726185]]
0
[[-11.97804451 -14.58381748   0.06672327  -7.69190073]]
2
[[-3.6069572  -7.428195   -4.40721655 -8.15726185]]
0
[[-11.97804451 -14.58381748   0.06672327  -7.69190073]]
2
[[-3.6069572  -7.428195   -4.40721655 -8.15726185]]
0
[[-11.97804451 -14.58381748   0.06672327  -7.69190073]]
2
[[-3.6069572  -7.428195   -4.40721655 -8.15726185]]
0
[[-11.97804451 -14.58381748   0.06672327  -7.69190073]]
2
[[-3.6069572  -7.428195   -4.40721655 -8.15726185]]
0
[[-11.97804451 -14.58381748   0.06672327  -7.69190073]]
2
[[-3.6069572  -7.428195   -4.40721655 -8.15726185]]
0
[[-11.97804451 -14.58381748   0.06672327  -7.69190073]]
2
[[-3.6069572  -7.428195   -4.40721655 -8.15726185]]
0
[[-11.97804451 -14.58381748   0.06672327  -7.69190073]]
2
[[-3.6069572  -7.428195   -4.40721655 -8.15726185]]
0
[[-11.97804451 -14.58381748   0.06672327  -7.69190073]]
2
[[-3.6069572  -7.428195   -4.40721655 -8.15726185]]
0
FAIL
1/2
