[[-4.62284994 -4.3370924  -3.98307228 -8.43731689]]
2
[[-2.76029181 -5.87040997 -3.01864386 -9.10131264]]
0
[[-4.62284994 -4.3370924  -3.98307228 -8.43731689]]
2
[[-2.76029181 -5.87040997 -3.01864386 -9.10131264]]
0
[[-4.62284994 -4.3370924  -3.98307228 -8.43731689]]
2
[[-2.76029181 -5.87040997 -3.01864386 -9.10131264]]
0
[[-4.62284994 -4.3370924  -3.98307228 -8.43731689]]
2
[[-2.76029181 -5.87040997 -3.01864386 -9.10131264]]
0
[[-4.62284994 -4.3370924  -3.98307228 -8.43731689]]
2
[[-2.76029181 -5.87040997 -3.01864386 -9.10131264]]
0
[[-4.62284994 -4.3370924  -3.98307228 -8.43731689]]
2
[[-2.76029181 -5.87040997 -3.01864386 -9.10131264]]
0
[[-4.62284994 -4.3370924  -3.98307228 -8.43731689]]
2
[[-2.76029181 -5.87040997 -3.01864386 -9.10131264]]
0
[[-4.62284994 -4.3370924  -3.98307228 -8.43731689]]
2
[[-2.76029181 -5.87040997 -3.01864386 -9.10131264]]
0
[[-4.62284994 -4.3370924  -3.98307228 -8.43731689]]
2
[[-2.76029181 -5.87040997 -3.01864386 -9.10131264]]
0
[[-4.62284994 -4.3370924  -3.98307228 -8.43731689]]
2
[[-2.76029181 -5.87040997 -3.01864386 -9.10131264]]
0
[[-4.62284994 -4.3370924  -3.98307228 -8.43731689]]
2
[[-2.76029181 -5.87040997 -3.01864386 -9.10131264]]
0
[[-4.62284994 -4.3370924  -3.98307228 -8.43731689]]
2
[[-2.76029181 -5.87040997 -3.01864386 -9.10131264]]
0
[[-4.62284994 -4.3370924  -3.98307228 -8.43731689]]
2
[[-2.76029181 -5.87040997 -3.01864386 -9.10131264]]
0
[[-4.62284994 -4.3370924  -3.98307228 -8.43731689]]
2
[[-2.76029181 -5.87040997 -3.01864386 -9.10131264]]
0
[[-4.62284994 -4.3370924  -3.98307228 -8.43731689]]
2
[[-2.76029181 -5.87040997 -3.01864386 -9.10131264]]
0
[[-4.62284994 -4.3370924  -3.98307228 -8.43731689]]
2
[[-2.76029181 -5.87040997 -3.01864386 -9.10131264]]
0
[[-4.62284994 -4.3370924  -3.98307228 -8.43731689]]
2
[[-2.76029181 -5.87040997 -3.01864386 -9.10131264]]
0
[[-4.62284994 -4.3370924  -3.98307228 -8.43731689]]
2
[[-2.76029181 -5.87040997 -3.01864386 -9.10131264]]
0
[[-4.62284994 -4.3370924  -3.98307228 -8.43731689]]
2
[[-2.76029181 -5.87040997 -3.01864386 -9.10131264]]
0
[[-4.62284994 -4.3370924  -3.98307228 -8.43731689]]
2
[[-2.76029181 -5.87040997 -3.01864386 -9.10131264]]
0
[[-4.62284994 -4.3370924  -3.98307228 -8.43731689]]
2
[[-2.76029181 -5.87040997 -3.01864386 -9.10131264]]
0
[[-4.62284994 -4.3370924  -3.98307228 -8.43731689]]
2
[[-2.76029181 -5.87040997 -3.01864386 -9.10131264]]
0
[[-4.62284994 -4.3370924  -3.98307228 -8.43731689]]
2
[[-2.76029181 -5.87040997 -3.01864386 -9.10131264]]
0
[[-4.62284994 -4.3370924  -3.98307228 -8.43731689]]
2
[[-2.76029181 -5.87040997 -3.01864386 -9.10131264]]
0
[[-4.62284994 -4.3370924  -3.98307228 -8.43731689]]
2
[[-2.76029181 -5.87040997 -3.01864386 -9.10131264]]
0
[[-4.62284994 -4.3370924  -3.98307228 -8.43731689]]
2
[[-2.76029181 -5.87040997 -3.01864386 -9.10131264]]
0
[[-4.62284994 -4.3370924  -3.98307228 -8.43731689]]
2
[[-2.76029181 -5.87040997 -3.01864386 -9.10131264]]
0
[[-4.62284994 -4.3370924  -3.98307228 -8.43731689]]
2
[[-2.76029181 -5.87040997 -3.01864386 -9.10131264]]
0
[[-4.62284994 -4.3370924  -3.98307228 -8.43731689]]
2
[[-2.76029181 -5.87040997 -3.01864386 -9.10131264]]
0
[[-4.62284994 -4.3370924  -3.98307228 -8.43731689]]
2
[[-2.76029181 -5.87040997 -3.01864386 -9.10131264]]
0
[[-4.62284994 -4.3370924  -3.98307228 -8.43731689]]
2
[[-2.76029181 -5.87040997 -3.01864386 -9.10131264]]
0
[[-4.62284994 -4.3370924  -3.98307228 -8.43731689]]
2
[[-2.76029181 -5.87040997 -3.01864386 -9.10131264]]
0
[[-4.62284994 -4.3370924  -3.98307228 -8.43731689]]
2
[[-2.76029181 -5.87040997 -3.01864386 -9.10131264]]
0
[[-4.62284994 -4.3370924  -3.98307228 -8.43731689]]
2
[[-2.76029181 -5.87040997 -3.01864386 -9.10131264]]
0
[[-4.62284994 -4.3370924  -3.98307228 -8.43731689]]
2
[[-2.76029181 -5.87040997 -3.01864386 -9.10131264]]
0
[[-4.62284994 -4.3370924  -3.98307228 -8.43731689]]
2
[[-2.76029181 -5.87040997 -3.01864386 -9.10131264]]
0
[[-4.62284994 -4.3370924  -3.98307228 -8.43731689]]
2
[[-2.76029181 -5.87040997 -3.01864386 -9.10131264]]
0
[[-4.62284994 -4.3370924  -3.98307228 -8.43731689]]
2
[[-2.76029181 -5.87040997 -3.01864386 -9.10131264]]
0
[[-4.62284994 -4.3370924  -3.98307228 -8.43731689]]
2
[[-2.76029181 -5.87040997 -3.01864386 -9.10131264]]
0
[[-4.62284994 -4.3370924  -3.98307228 -8.43731689]]
2
[[-2.76029181 -5.87040997 -3.01864386 -9.10131264]]
0
[[-4.62284994 -4.3370924  -3.98307228 -8.43731689]]
2
[[-2.76029181 -5.87040997 -3.01864386 -9.10131264]]
0
[[-4.62284994 -4.3370924  -3.98307228 -8.43731689]]
2
[[-2.76029181 -5.87040997 -3.01864386 -9.10131264]]
0
[[-4.62284994 -4.3370924  -3.98307228 -8.43731689]]
2
[[-2.76029181 -5.87040997 -3.01864386 -9.10131264]]
0
[[-4.62284994 -4.3370924  -3.98307228 -8.43731689]]
2
[[-2.76029181 -5.87040997 -3.01864386 -9.10131264]]
0
[[-4.62284994 -4.3370924  -3.98307228 -8.43731689]]
2
[[-2.76029181 -5.87040997 -3.01864386 -9.10131264]]
0
[[-4.62284994 -4.3370924  -3.98307228 -8.43731689]]
2
[[-2.76029181 -5.87040997 -3.01864386 -9.10131264]]
0
[[-4.62284994 -4.3370924  -3.98307228 -8.43731689]]
2
[[-2.76029181 -5.87040997 -3.01864386 -9.10131264]]
0
[[-4.62284994 -4.3370924  -3.98307228 -8.43731689]]
2
[[-2.76029181 -5.87040997 -3.01864386 -9.10131264]]
0
[[-4.62284994 -4.3370924  -3.98307228 -8.43731689]]
2
[[-2.76029181 -5.87040997 -3.01864386 -9.10131264]]
0
[[-4.62284994 -4.3370924  -3.98307228 -8.43731689]]
2
[[-2.76029181 -5.87040997 -3.01864386 -9.10131264]]
0
[[-4.62284994 -4.3370924  -3.98307228 -8.43731689]]
2
FAIL
0/5
