[[-4.59995365 -4.62423182 -3.9980135  -8.18766785]]
2
[[-2.74442077 -6.15628672 -3.03052306 -8.85007191]]
0
[[-4.59995365 -4.62423182 -3.9980135  -8.18766785]]
2
[[-2.74442077 -6.15628672 -3.03052306 -8.85007191]]
0
[[-4.59995365 -4.62423182 -3.9980135  -8.18766785]]
2
[[-2.74442077 -6.15628672 -3.03052306 -8.85007191]]
0
[[-4.59995365 -4.62423182 -3.9980135  -8.18766785]]
2
[[-2.74442077 -6.15628672 -3.03052306 -8.85007191]]
0
[[-4.59995365 -4.62423182 -3.9980135  -8.18766785]]
2
[[-2.74442077 -6.15628672 -3.03052306 -8.85007191]]
0
[[-4.59995365 -4.62423182 -3.9980135  -8.18766785]]
2
[[-2.74442077 -6.15628672 -3.03052306 -8.85007191]]
0
[[-4.59995365 -4.62423182 -3.9980135  -8.18766785]]
2
[[-2.74442077 -6.15628672 -3.03052306 -8.85007191]]
0
[[-4.59995365 -4.62423182 -3.9980135  -8.18766785]]
2
[[-2.74442077 -6.15628672 -3.03052306 -8.85007191]]
0
[[-4.59995365 -4.62423182 -3.9980135  -8.18766785]]
2
[[-2.74442077 -6.15628672 -3.03052306 -8.85007191]]
0
[[-4.59995365 -4.62423182 -3.9980135  -8.18766785]]
2
[[-2.74442077 -6.15628672 -3.03052306 -8.85007191]]
0
[[-4.59995365 -4.62423182 -3.9980135  -8.18766785]]
2
[[-2.74442077 -6.15628672 -3.03052306 -8.85007191]]
0
[[-4.59995365 -4.62423182 -3.9980135  -8.18766785]]
2
[[-2.74442077 -6.15628672 -3.03052306 -8.85007191]]
0
[[-4.59995365 -4.62423182 -3.9980135  -8.18766785]]
2
[[-2.74442077 -6.15628672 -3.03052306 -8.85007191]]
0
[[-4.59995365 -4.62423182 -3.9980135  -8.18766785]]
2
[[-2.74442077 -6.15628672 -3.03052306 -8.85007191]]
0
[[-4.59995365 -4.62423182 -3.9980135  -8.18766785]]
2
[[-2.74442077 -6.15628672 -3.03052306 -8.85007191]]
0
[[-4.59995365 -4.62423182 -3.9980135  -8.18766785]]
2
[[-2.74442077 -6.15628672 -3.03052306 -8.85007191]]
0
[[-4.59995365 -4.62423182 -3.9980135  -8.18766785]]
2
[[-2.74442077 -6.15628672 -3.03052306 -8.85007191]]
0
[[-4.59995365 -4.62423182 -3.9980135  -8.18766785]]
2
[[-2.74442077 -6.15628672 -3.03052306 -8.85007191]]
0
[[-4.59995365 -4.62423182 -3.9980135  -8.18766785]]
2
[[-2.74442077 -6.15628672 -3.03052306 -8.85007191]]
0
[[-4.59995365 -4.62423182 -3.9980135  -8.18766785]]
2
[[-2.74442077 -6.15628672 -3.03052306 -8.85007191]]
0
[[-4.59995365 -4.62423182 -3.9980135  -8.18766785]]
2
[[-2.74442077 -6.15628672 -3.03052306 -8.85007191]]
0
[[-4.59995365 -4.62423182 -3.9980135  -8.18766785]]
2
[[-2.74442077 -6.15628672 -3.03052306 -8.85007191]]
0
[[-4.59995365 -4.62423182 -3.9980135  -8.18766785]]
2
[[-2.74442077 -6.15628672 -3.03052306 -8.85007191]]
0
[[-4.59995365 -4.62423182 -3.9980135  -8.18766785]]
2
[[-2.74442077 -6.15628672 -3.03052306 -8.85007191]]
0
[[-4.59995365 -4.62423182 -3.9980135  -8.18766785]]
2
[[-2.74442077 -6.15628672 -3.03052306 -8.85007191]]
0
[[-4.59995365 -4.62423182 -3.9980135  -8.18766785]]
2
[[-2.74442077 -6.15628672 -3.03052306 -8.85007191]]
0
[[-4.59995365 -4.62423182 -3.9980135  -8.18766785]]
2
[[-2.74442077 -6.15628672 -3.03052306 -8.85007191]]
0
[[-4.59995365 -4.62423182 -3.9980135  -8.18766785]]
2
[[-2.74442077 -6.15628672 -3.03052306 -8.85007191]]
0
[[-4.59995365 -4.62423182 -3.9980135  -8.18766785]]
2
[[-2.74442077 -6.15628672 -3.03052306 -8.85007191]]
0
[[-4.59995365 -4.62423182 -3.9980135  -8.18766785]]
2
[[-2.74442077 -6.15628672 -3.03052306 -8.85007191]]
0
[[-4.59995365 -4.62423182 -3.9980135  -8.18766785]]
2
[[-2.74442077 -6.15628672 -3.03052306 -8.85007191]]
0
[[-4.59995365 -4.62423182 -3.9980135  -8.18766785]]
2
[[-2.74442077 -6.15628672 -3.03052306 -8.85007191]]
0
[[-4.59995365 -4.62423182 -3.9980135  -8.18766785]]
2
[[-2.74442077 -6.15628672 -3.03052306 -8.85007191]]
0
[[-4.59995365 -4.62423182 -3.9980135  -8.18766785]]
2
[[-2.74442077 -6.15628672 -3.03052306 -8.85007191]]
0
[[-4.59995365 -4.62423182 -3.9980135  -8.18766785]]
2
[[-2.74442077 -6.15628672 -3.03052306 -8.85007191]]
0
[[-4.59995365 -4.62423182 -3.9980135  -8.18766785]]
2
[[-2.74442077 -6.15628672 -3.03052306 -8.85007191]]
0
[[-4.59995365 -4.62423182 -3.9980135  -8.18766785]]
2
[[-2.74442077 -6.15628672 -3.03052306 -8.85007191]]
0
[[-4.59995365 -4.62423182 -3.9980135  -8.18766785]]
2
[[-2.74442077 -6.15628672 -3.03052306 -8.85007191]]
0
[[-4.59995365 -4.62423182 -3.9980135  -8.18766785]]
2
[[-2.74442077 -6.15628672 -3.03052306 -8.85007191]]
0
[[-4.59995365 -4.62423182 -3.9980135  -8.18766785]]
2
[[-2.74442077 -6.15628672 -3.03052306 -8.85007191]]
0
[[-4.59995365 -4.62423182 -3.9980135  -8.18766785]]
2
[[-2.74442077 -6.15628672 -3.03052306 -8.85007191]]
0
[[-4.59995365 -4.62423182 -3.9980135  -8.18766785]]
2
[[-2.74442077 -6.15628672 -3.03052306 -8.85007191]]
0
[[-4.59995365 -4.62423182 -3.9980135  -8.18766785]]
2
[[-2.74442077 -6.15628672 -3.03052306 -8.85007191]]
0
[[-4.59995365 -4.62423182 -3.9980135  -8.18766785]]
2
[[-2.74442077 -6.15628672 -3.03052306 -8.85007191]]
0
[[-4.59995365 -4.62423182 -3.9980135  -8.18766785]]
2
[[-2.74442077 -6.15628672 -3.03052306 -8.85007191]]
0
[[-4.59995365 -4.62423182 -3.9980135  -8.18766785]]
2
[[-2.74442077 -6.15628672 -3.03052306 -8.85007191]]
0
[[-4.59995365 -4.62423182 -3.9980135  -8.18766785]]
2
[[-2.74442077 -6.15628672 -3.03052306 -8.85007191]]
0
[[-4.59995365 -4.62423182 -3.9980135  -8.18766785]]
2
[[-2.74442077 -6.15628672 -3.03052306 -8.85007191]]
0
[[-4.59995365 -4.62423182 -3.9980135  -8.18766785]]
2
[[-2.74442077 -6.15628672 -3.03052306 -8.85007191]]
0
[[-4.59995365 -4.62423182 -3.9980135  -8.18766785]]
2
[[-2.74442077 -6.15628672 -3.03052306 -8.85007191]]
0
[[-4.59995365 -4.62423182 -3.9980135  -8.18766785]]
2
FAIL
0/5
