[[ -4.72210455   0.86532134 -12.85007477  -5.63327932]]
1
[[ -4.98046637   1.20104039 -14.32375908  -5.29829741]]
1
[[ -6.97304296  -5.33994102 -12.8441267   -5.31009722]]
3
[[ -4.98046637   1.20104039 -14.32375908  -5.29829741]]
1
[[ -6.97304296  -5.33994102 -12.8441267   -5.31009722]]
3
[[ -4.98046637   1.20104039 -14.32375908  -5.29829741]]
1
[[ -6.97304296  -5.33994102 -12.8441267   -5.31009722]]
3
[[ -4.98046637   1.20104039 -14.32375908  -5.29829741]]
1
[[ -6.97304296  -5.33994102 -12.8441267   -5.31009722]]
3
[[ -4.98046637   1.20104039 -14.32375908  -5.29829741]]
1
[[ -6.97304296  -5.33994102 -12.8441267   -5.31009722]]
3
[[ -4.98046637   1.20104039 -14.32375908  -5.29829741]]
1
[[ -6.97304296  -5.33994102 -12.8441267   -5.31009722]]
3
[[ -4.98046637   1.20104039 -14.32375908  -5.29829741]]
1
[[ -6.97304296  -5.33994102 -12.8441267   -5.31009722]]
3
[[ -4.98046637   1.20104039 -14.32375908  -5.29829741]]
1
[[ -6.97304296  -5.33994102 -12.8441267   -5.31009722]]
3
[[ -4.98046637   1.20104039 -14.32375908  -5.29829741]]
1
[[ -6.97304296  -5.33994102 -12.8441267   -5.31009722]]
3
[[ -4.98046637   1.20104039 -14.32375908  -5.29829741]]
1
[[ -6.97304296  -5.33994102 -12.8441267   -5.31009722]]
3
[[ -4.98046637   1.20104039 -14.32375908  -5.29829741]]
1
[[ -6.97304296  -5.33994102 -12.8441267   -5.31009722]]
3
[[ -4.98046637   1.20104039 -14.32375908  -5.29829741]]
1
[[ -6.97304296  -5.33994102 -12.8441267   -5.31009722]]
3
[[ -4.98046637   1.20104039 -14.32375908  -5.29829741]]
1
[[ -6.97304296  -5.33994102 -12.8441267   -5.31009722]]
3
[[ -4.98046637   1.20104039 -14.32375908  -5.29829741]]
1
[[ -6.97304296  -5.33994102 -12.8441267   -5.31009722]]
3
[[ -4.98046637   1.20104039 -14.32375908  -5.29829741]]
1
[[ -6.97304296  -5.33994102 -12.8441267   -5.31009722]]
3
[[ -4.98046637   1.20104039 -14.32375908  -5.29829741]]
1
[[ -6.97304296  -5.33994102 -12.8441267   -5.31009722]]
3
[[ -4.98046637   1.20104039 -14.32375908  -5.29829741]]
1
[[ -6.97304296  -5.33994102 -12.8441267   -5.31009722]]
3
[[ -4.98046637   1.20104039 -14.32375908  -5.29829741]]
1
[[ -6.97304296  -5.33994102 -12.8441267   -5.31009722]]
3
[[ -4.98046637   1.20104039 -14.32375908  -5.29829741]]
1
[[ -6.97304296  -5.33994102 -12.8441267   -5.31009722]]
3
[[ -4.98046637   1.20104039 -14.32375908  -5.29829741]]
1
[[ -6.97304296  -5.33994102 -12.8441267   -5.31009722]]
3
[[ -4.98046637   1.20104039 -14.32375908  -5.29829741]]
1
[[ -6.97304296  -5.33994102 -12.8441267   -5.31009722]]
3
[[ -4.98046637   1.20104039 -14.32375908  -5.29829741]]
1
[[ -6.97304296  -5.33994102 -12.8441267   -5.31009722]]
3
[[ -4.98046637   1.20104039 -14.32375908  -5.29829741]]
1
[[ -6.97304296  -5.33994102 -12.8441267   -5.31009722]]
3
[[ -4.98046637   1.20104039 -14.32375908  -5.29829741]]
1
[[ -6.97304296  -5.33994102 -12.8441267   -5.31009722]]
3
[[ -4.98046637   1.20104039 -14.32375908  -5.29829741]]
1
[[ -6.97304296  -5.33994102 -12.8441267   -5.31009722]]
3
[[ -4.98046637   1.20104039 -14.32375908  -5.29829741]]
1
[[ -6.97304296  -5.33994102 -12.8441267   -5.31009722]]
3
[[ -4.98046637   1.20104039 -14.32375908  -5.29829741]]
1
[[ -6.97304296  -5.33994102 -12.8441267   -5.31009722]]
3
[[ -4.98046637   1.20104039 -14.32375908  -5.29829741]]
1
[[ -6.97304296  -5.33994102 -12.8441267   -5.31009722]]
3
[[ -4.98046637   1.20104039 -14.32375908  -5.29829741]]
1
[[ -6.97304296  -5.33994102 -12.8441267   -5.31009722]]
3
[[ -4.98046637   1.20104039 -14.32375908  -5.29829741]]
1
[[ -6.97304296  -5.33994102 -12.8441267   -5.31009722]]
3
[[ -4.98046637   1.20104039 -14.32375908  -5.29829741]]
1
[[ -6.97304296  -5.33994102 -12.8441267   -5.31009722]]
3
[[ -4.98046637   1.20104039 -14.32375908  -5.29829741]]
1
[[ -6.97304296  -5.33994102 -12.8441267   -5.31009722]]
3
[[ -4.98046637   1.20104039 -14.32375908  -5.29829741]]
1
[[ -6.97304296  -5.33994102 -12.8441267   -5.31009722]]
3
[[ -4.98046637   1.20104039 -14.32375908  -5.29829741]]
1
[[ -6.97304296  -5.33994102 -12.8441267   -5.31009722]]
3
[[ -4.98046637   1.20104039 -14.32375908  -5.29829741]]
1
[[ -6.97304296  -5.33994102 -12.8441267   -5.31009722]]
3
[[ -4.98046637   1.20104039 -14.32375908  -5.29829741]]
1
[[ -6.97304296  -5.33994102 -12.8441267   -5.31009722]]
3
[[ -4.98046637   1.20104039 -14.32375908  -5.29829741]]
1
[[ -6.97304296  -5.33994102 -12.8441267   -5.31009722]]
3
[[ -4.98046637   1.20104039 -14.32375908  -5.29829741]]
1
[[ -6.97304296  -5.33994102 -12.8441267   -5.31009722]]
3
[[ -4.98046637   1.20104039 -14.32375908  -5.29829741]]
1
[[ -6.97304296  -5.33994102 -12.8441267   -5.31009722]]
3
[[ -4.98046637   1.20104039 -14.32375908  -5.29829741]]
1
[[ -6.97304296  -5.33994102 -12.8441267   -5.31009722]]
3
[[ -4.98046637   1.20104039 -14.32375908  -5.29829741]]
1
[[ -6.97304296  -5.33994102 -12.8441267   -5.31009722]]
3
[[ -4.98046637   1.20104039 -14.32375908  -5.29829741]]
1
[[ -6.97304296  -5.33994102 -12.8441267   -5.31009722]]
3
[[ -4.98046637   1.20104039 -14.32375908  -5.29829741]]
1
[[ -6.97304296  -5.33994102 -12.8441267   -5.31009722]]
3
[[ -4.98046637   1.20104039 -14.32375908  -5.29829741]]
1
[[ -6.97304296  -5.33994102 -12.8441267   -5.31009722]]
3
[[ -4.98046637   1.20104039 -14.32375908  -5.29829741]]
1
[[ -6.97304296  -5.33994102 -12.8441267   -5.31009722]]
3
[[ -4.98046637   1.20104039 -14.32375908  -5.29829741]]
1
[[ -6.97304296  -5.33994102 -12.8441267   -5.31009722]]
3
[[ -4.98046637   1.20104039 -14.32375908  -5.29829741]]
1
[[ -6.97304296  -5.33994102 -12.8441267   -5.31009722]]
3
[[ -4.98046637   1.20104039 -14.32375908  -5.29829741]]
1
[[ -6.97304296  -5.33994102 -12.8441267   -5.31009722]]
3
[[ -4.98046637   1.20104039 -14.32375908  -5.29829741]]
1
[[ -6.97304296  -5.33994102 -12.8441267   -5.31009722]]
3
[[ -4.98046637   1.20104039 -14.32375908  -5.29829741]]
1
[[ -6.97304296  -5.33994102 -12.8441267   -5.31009722]]
3
FAIL
0/8
