[[-3.57236934 -7.69970989 -4.39314318 -7.90779114]]
0
[[-11.93782806 -14.84231853   0.08843084  -7.44109631]]
2
[[-3.57236934 -7.69970989 -4.39314318 -7.90779114]]
0
[[-11.93782806 -14.84231853   0.08843084  -7.44109631]]
2
[[-3.57236934 -7.69970989 -4.39314318 -7.90779114]]
0
[[-11.93782806 -14.84231853   0.08843084  -7.44109631]]
2
[[-3.57236934 -7.69970989 -4.39314318 -7.90779114]]
0
[[-11.93782806 -14.84231853   0.08843084  -7.44109631]]
2
[[-3.57236934 -7.69970989 -4.39314318 -7.90779114]]
0
[[-11.93782806 -14.84231853   0.08843084  -7.44109631]]
2
[[-3.57236934 -7.69970989 -4.39314318 -7.90779114]]
0
[[-11.93782806 -14.84231853   0.08843084  -7.44109631]]
2
[[-3.57236934 -7.69970989 -4.39314318 -7.90779114]]
0
[[-11.93782806 -14.84231853   0.08843084  -7.44109631]]
2
[[-3.57236934 -7.69970989 -4.39314318 -7.90779114]]
0
[[-11.93782806 -14.84231853   0.08843084  -7.44109631]]
2
[[-3.57236934 -7.69970989 -4.39314318 -7.90779114]]
0
[[-11.93782806 -14.84231853   0.08843084  -7.44109631]]
2
[[-3.57236934 -7.69970989 -4.39314318 -7.90779114]]
0
[[-11.93782806 -14.84231853   0.08843084  -7.44109631]]
2
[[-3.57236934 -7.69970989 -4.39314318 -7.90779114]]
0
[[-11.93782806 -14.84231853   0.08843084  -7.44109631]]
2
[[-3.57236934 -7.69970989 -4.39314318 -7.90779114]]
0
[[-11.93782806 -14.84231853   0.08843084  -7.44109631]]
2
[[-3.57236934 -7.69970989 -4.39314318 -7.90779114]]
0
[[-11.93782806 -14.84231853   0.08843084  -7.44109631]]
2
[[-3.57236934 -7.69970989 -4.39314318 -7.90779114]]
0
[[-11.93782806 -14.84231853   0.08843084  -7.44109631]]
2
[[-3.57236934 -7.69970989 -4.39314318 -7.90779114]]
0
[[-11.93782806 -14.84231853   0.08843084  -7.44109631]]
2
[[-3.57236934 -7.69970989 -4.39314318 -7.90779114]]
0
[[-11.93782806 -14.84231853   0.08843084  -7.44109631]]
2
[[-3.57236934 -7.69970989 -4.39314318 -7.90779114]]
0
[[-11.93782806 -14.84231853   0.08843084  -7.44109631]]
2
[[-3.57236934 -7.69970989 -4.39314318 -7.90779114]]
0
[[-11.93782806 -14.84231853   0.08843084  -7.44109631]]
2
[[-3.57236934 -7.69970989 -4.39314318 -7.90779114]]
0
[[-11.93782806 -14.84231853   0.08843084  -7.44109631]]
2
[[-3.57236934 -7.69970989 -4.39314318 -7.90779114]]
0
[[-11.93782806 -14.84231853   0.08843084  -7.44109631]]
2
[[-3.57236934 -7.69970989 -4.39314318 -7.90779114]]
0
[[-11.93782806 -14.84231853   0.08843084  -7.44109631]]
2
[[-3.57236934 -7.69970989 -4.39314318 -7.90779114]]
0
[[-11.93782806 -14.84231853   0.08843084  -7.44109631]]
2
[[-3.57236934 -7.69970989 -4.39314318 -7.90779114]]
0
[[-11.93782806 -14.84231853   0.08843084  -7.44109631]]
2
[[-3.57236934 -7.69970989 -4.39314318 -7.90779114]]
0
[[-11.93782806 -14.84231853   0.08843084  -7.44109631]]
2
[[-3.57236934 -7.69970989 -4.39314318 -7.90779114]]
0
[[-11.93782806 -14.84231853   0.08843084  -7.44109631]]
2
[[-3.57236934 -7.69970989 -4.39314318 -7.90779114]]
0
[[-11.93782806 -14.84231853   0.08843084  -7.44109631]]
2
[[-3.57236934 -7.69970989 -4.39314318 -7.90779114]]
0
[[-11.93782806 -14.84231853   0.08843084  -7.44109631]]
2
[[-3.57236934 -7.69970989 -4.39314318 -7.90779114]]
0
[[-11.93782806 -14.84231853   0.08843084  -7.44109631]]
2
[[-3.57236934 -7.69970989 -4.39314318 -7.90779114]]
0
[[-11.93782806 -14.84231853   0.08843084  -7.44109631]]
2
[[-3.57236934 -7.69970989 -4.39314318 -7.90779114]]
0
[[-11.93782806 -14.84231853   0.08843084  -7.44109631]]
2
[[-3.57236934 -7.69970989 -4.39314318 -7.90779114]]
0
[[-11.93782806 -14.84231853   0.08843084  -7.44109631]]
2
[[-3.57236934 -7.69970989 -4.39314318 -7.90779114]]
0
[[-11.93782806 -14.84231853   0.08843084  -7.44109631]]
2
[[-3.57236934 -7.69970989 -4.39314318 -7.90779114]]
0
[[-11.93782806 -14.84231853   0.08843084  -7.44109631]]
2
[[-3.57236934 -7.69970989 -4.39314318 -7.90779114]]
0
[[-11.93782806 -14.84231853   0.08843084  -7.44109631]]
2
[[-3.57236934 -7.69970989 -4.39314318 -7.90779114]]
0
[[-11.93782806 -14.84231853   0.08843084  -7.44109631]]
2
[[-3.57236934 -7.69970989 -4.39314318 -7.90779114]]
0
[[-11.93782806 -14.84231853   0.08843084  -7.44109631]]
2
[[-3.57236934 -7.69970989 -4.39314318 -7.90779114]]
0
[[-11.93782806 -14.84231853   0.08843084  -7.44109631]]
2
[[-3.57236934 -7.69970989 -4.39314318 -7.90779114]]
0
[[-11.93782806 -14.84231853   0.08843084  -7.44109631]]
2
[[-3.57236934 -7.69970989 -4.39314318 -7.90779114]]
0
[[-11.93782806 -14.84231853   0.08843084  -7.44109631]]
2
[[-3.57236934 -7.69970989 -4.39314318 -7.90779114]]
0
[[-11.93782806 -14.84231853   0.08843084  -7.44109631]]
2
[[-3.57236934 -7.69970989 -4.39314318 -7.90779114]]
0
[[-11.93782806 -14.84231853   0.08843084  -7.44109631]]
2
[[-3.57236934 -7.69970989 -4.39314318 -7.90779114]]
0
[[-11.93782806 -14.84231853   0.08843084  -7.44109631]]
2
[[-3.57236934 -7.69970989 -4.39314318 -7.90779114]]
0
[[-11.93782806 -14.84231853   0.08843084  -7.44109631]]
2
[[-3.57236934 -7.69970989 -4.39314318 -7.90779114]]
0
[[-11.93782806 -14.84231853   0.08843084  -7.44109631]]
2
[[-3.57236934 -7.69970989 -4.39314318 -7.90779114]]
0
[[-11.93782806 -14.84231853   0.08843084  -7.44109631]]
2
[[-3.57236934 -7.69970989 -4.39314318 -7.90779114]]
0
[[-11.93782806 -14.84231853   0.08843084  -7.44109631]]
2
[[-3.57236934 -7.69970989 -4.39314318 -7.90779114]]
0
[[-11.93782806 -14.84231853   0.08843084  -7.44109631]]
2
[[-3.57236934 -7.69970989 -4.39314318 -7.90779114]]
0
[[-11.93782806 -14.84231853   0.08843084  -7.44109631]]
2
[[-3.57236934 -7.69970989 -4.39314318 -7.90779114]]
0
[[-11.93782806 -14.84231853   0.08843084  -7.44109631]]
2
[[-3.57236934 -7.69970989 -4.39314318 -7.90779114]]
0
[[-11.93782806 -14.84231853   0.08843084  -7.44109631]]
2
[[-3.57236934 -7.69970989 -4.39314318 -7.90779114]]
0
FAIL
1/2
