[[-3.75728154 -7.519557   -4.32276964 -8.06649113]]
0
[[-12.11188412 -14.6504221    0.16131604  -7.58809423]]
2
[[-3.75728154 -7.519557   -4.32276964 -8.06649113]]
0
[[-12.11188412 -14.6504221    0.16131604  -7.58809423]]
2
[[-3.75728154 -7.519557   -4.32276964 -8.06649113]]
0
[[-12.11188412 -14.6504221    0.16131604  -7.58809423]]
2
[[-3.75728154 -7.519557   -4.32276964 -8.06649113]]
0
[[-12.11188412 -14.6504221    0.16131604  -7.58809423]]
2
[[-3.75728154 -7.519557   -4.32276964 -8.06649113]]
0
[[-12.11188412 -14.6504221    0.16131604  -7.58809423]]
2
[[-3.75728154 -7.519557   -4.32276964 -8.06649113]]
0
[[-12.11188412 -14.6504221    0.16131604  -7.58809423]]
2
[[-3.75728154 -7.519557   -4.32276964 -8.06649113]]
0
[[-12.11188412 -14.6504221    0.16131604  -7.58809423]]
2
[[-3.75728154 -7.519557   -4.32276964 -8.06649113]]
0
[[-12.11188412 -14.6504221    0.16131604  -7.58809423]]
2
[[-3.75728154 -7.519557   -4.32276964 -8.06649113]]
0
[[-12.11188412 -14.6504221    0.16131604  -7.58809423]]
2
[[-3.75728154 -7.519557   -4.32276964 -8.06649113]]
0
[[-12.11188412 -14.6504221    0.16131604  -7.58809423]]
2
[[-3.75728154 -7.519557   -4.32276964 -8.06649113]]
0
[[-12.11188412 -14.6504221    0.16131604  -7.58809423]]
2
[[-3.75728154 -7.519557   -4.32276964 -8.06649113]]
0
[[-12.11188412 -14.6504221    0.16131604  -7.58809423]]
2
[[-3.75728154 -7.519557   -4.32276964 -8.06649113]]
0
[[-12.11188412 -14.6504221    0.16131604  -7.58809423]]
2
[[-3.75728154 -7.519557   -4.32276964 -8.06649113]]
0
[[-12.11188412 -14.6504221    0.16131604  -7.58809423]]
2
[[-3.75728154 -7.519557   -4.32276964 -8.06649113]]
0
[[-12.11188412 -14.6504221    0.16131604  -7.58809423]]
2
[[-3.75728154 -7.519557   -4.32276964 -8.06649113]]
0
[[-12.11188412 -14.6504221    0.16131604  -7.58809423]]
2
[[-3.75728154 -7.519557   -4.32276964 -8.06649113]]
0
[[-12.11188412 -14.6504221    0.16131604  -7.58809423]]
2
[[-3.75728154 -7.519557   -4.32276964 -8.06649113]]
0
[[-12.11188412 -14.6504221    0.16131604  -7.58809423]]
2
[[-3.75728154 -7.519557   -4.32276964 -8.06649113]]
0
[[-12.11188412 -14.6504221    0.16131604  -7.58809423]]
2
[[-3.75728154 -7.519557   -4.32276964 -8.06649113]]
0
[[-12.11188412 -14.6504221    0.16131604  -7.58809423]]
2
[[-3.75728154 -7.519557   -4.32276964 -8.06649113]]
0
[[-12.11188412 -14.6504221    0.16131604  -7.58809423]]
2
[[-3.75728154 -7.519557   -4.32276964 -8.06649113]]
0
[[-12.11188412 -14.6504221    0.16131604  -7.58809423]]
2
[[-3.75728154 -7.519557   -4.32276964 -8.06649113]]
0
[[-12.11188412 -14.6504221    0.16131604  -7.58809423]]
2
[[-3.75728154 -7.519557   -4.32276964 -8.06649113]]
0
[[-12.11188412 -14.6504221    0.16131604  -7.58809423]]
2
[[-3.75728154 -7.519557   -4.32276964 -8.06649113]]
0
[[-12.11188412 -14.6504221    0.16131604  -7.58809423]]
2
[[-3.75728154 -7.519557   -4.32276964 -8.06649113]]
0
[[-12.11188412 -14.6504221    0.16131604  -7.58809423]]
2
[[-3.75728154 -7.519557   -4.32276964 -8.06649113]]
0
[[-12.11188412 -14.6504221    0.16131604  -7.58809423]]
2
[[-3.75728154 -7.519557   -4.32276964 -8.06649113]]
0
[[-12.11188412 -14.6504221    0.16131604  -7.58809423]]
2
[[-3.75728154 -7.519557   -4.32276964 -8.06649113]]
0
[[-12.11188412 -14.6504221    0.16131604  -7.58809423]]
2
[[-3.75728154 -7.519557   -4.32276964 -8.06649113]]
0
[[-12.11188412 -14.6504221    0.16131604  -7.58809423]]
2
[[-3.75728154 -7.519557   -4.32276964 -8.06649113]]
0
[[-12.11188412 -14.6504221    0.16131604  -7.58809423]]
2
[[-3.75728154 -7.519557   -4.32276964 -8.06649113]]
0
[[-12.11188412 -14.6504221    0.16131604  -7.58809423]]
2
[[-3.75728154 -7.519557   -4.32276964 -8.06649113]]
0
[[-12.11188412 -14.6504221    0.16131604  -7.58809423]]
2
[[-3.75728154 -7.519557   -4.32276964 -8.06649113]]
0
[[-12.11188412 -14.6504221    0.16131604  -7.58809423]]
2
[[-3.75728154 -7.519557   -4.32276964 -8.06649113]]
0
[[-12.11188412 -14.6504221    0.16131604  -7.58809423]]
2
[[-3.75728154 -7.519557   -4.32276964 -8.06649113]]
0
[[-12.11188412 -14.6504221    0.16131604  -7.58809423]]
2
[[-3.75728154 -7.519557   -4.32276964 -8.06649113]]
0
[[-12.11188412 -14.6504221    0.16131604  -7.58809423]]
2
[[-3.75728154 -7.519557   -4.32276964 -8.06649113]]
0
[[-12.11188412 -14.6504221    0.16131604  -7.58809423]]
2
[[-3.75728154 -7.519557   -4.32276964 -8.06649113]]
0
[[-12.11188412 -14.6504221    0.16131604  -7.58809423]]
2
[[-3.75728154 -7.519557   -4.32276964 -8.06649113]]
0
[[-12.11188412 -14.6504221    0.16131604  -7.58809423]]
2
[[-3.75728154 -7.519557   -4.32276964 -8.06649113]]
0
[[-12.11188412 -14.6504221    0.16131604  -7.58809423]]
2
[[-3.75728154 -7.519557   -4.32276964 -8.06649113]]
0
[[-12.11188412 -14.6504221    0.16131604  -7.58809423]]
2
[[-3.75728154 -7.519557   -4.32276964 -8.06649113]]
0
[[-12.11188412 -14.6504221    0.16131604  -7.58809423]]
2
[[-3.75728154 -7.519557   -4.32276964 -8.06649113]]
0
[[-12.11188412 -14.6504221    0.16131604  -7.58809423]]
2
[[-3.75728154 -7.519557   -4.32276964 -8.06649113]]
0
[[-12.11188412 -14.6504221    0.16131604  -7.58809423]]
2
[[-3.75728154 -7.519557   -4.32276964 -8.06649113]]
0
[[-12.11188412 -14.6504221    0.16131604  -7.58809423]]
2
[[-3.75728154 -7.519557   -4.32276964 -8.06649113]]
0
[[-12.11188412 -14.6504221    0.16131604  -7.58809423]]
2
[[-3.75728154 -7.519557   -4.32276964 -8.06649113]]
0
[[-12.11188412 -14.6504221    0.16131604  -7.58809423]]
2
[[-3.75728154 -7.519557   -4.32276964 -8.06649113]]
0
[[-12.11188412 -14.6504221    0.16131604  -7.58809423]]
2
[[-3.75728154 -7.519557   -4.32276964 -8.06649113]]
0
[[-12.11188412 -14.6504221    0.16131604  -7.58809423]]
2
[[-3.75728154 -7.519557   -4.32276964 -8.06649113]]
0
FAIL
1/2
