[[-4.79991484 -4.46071911 -3.94197416 -8.34269905]]
2
[[-2.953089   -6.0042057  -2.97695398 -9.00467968]]
0
[[-4.79991484 -4.46071911 -3.94197416 -8.34269905]]
2
[[-2.953089   -6.0042057  -2.97695398 -9.00467968]]
0
[[-4.79991484 -4.46071911 -3.94197416 -8.34269905]]
2
[[-2.953089   -6.0042057  -2.97695398 -9.00467968]]
0
[[-4.79991484 -4.46071911 -3.94197416 -8.34269905]]
2
[[-2.953089   -6.0042057  -2.97695398 -9.00467968]]
0
[[-4.79991484 -4.46071911 -3.94197416 -8.34269905]]
2
[[-2.953089   -6.0042057  -2.97695398 -9.00467968]]
0
[[-4.79991484 -4.46071911 -3.94197416 -8.34269905]]
2
[[-2.953089   -6.0042057  -2.97695398 -9.00467968]]
0
[[-4.79991484 -4.46071911 -3.94197416 -8.34269905]]
2
[[-2.953089   -6.0042057  -2.97695398 -9.00467968]]
0
[[-4.79991484 -4.46071911 -3.94197416 -8.34269905]]
2
[[-2.953089   -6.0042057  -2.97695398 -9.00467968]]
0
[[-4.79991484 -4.46071911 -3.94197416 -8.34269905]]
2
[[-2.953089   -6.0042057  -2.97695398 -9.00467968]]
0
[[-4.79991484 -4.46071911 -3.94197416 -8.34269905]]
2
[[-2.953089   -6.0042057  -2.97695398 -9.00467968]]
0
[[-4.79991484 -4.46071911 -3.94197416 -8.34269905]]
2
[[-2.953089   -6.0042057  -2.97695398 -9.00467968]]
0
[[-4.79991484 -4.46071911 -3.94197416 -8.34269905]]
2
[[-2.953089   -6.0042057  -2.97695398 -9.00467968]]
0
[[-4.79991484 -4.46071911 -3.94197416 -8.34269905]]
2
[[-2.953089   -6.0042057  -2.97695398 -9.00467968]]
0
[[-4.79991484 -4.46071911 -3.94197416 -8.34269905]]
2
[[-2.953089   -6.0042057  -2.97695398 -9.00467968]]
0
[[-4.79991484 -4.46071911 -3.94197416 -8.34269905]]
2
[[-2.953089   -6.0042057  -2.97695398 -9.00467968]]
0
[[-4.79991484 -4.46071911 -3.94197416 -8.34269905]]
2
[[-2.953089   -6.0042057  -2.97695398 -9.00467968]]
0
[[-4.79991484 -4.46071911 -3.94197416 -8.34269905]]
2
[[-2.953089   -6.0042057  -2.97695398 -9.00467968]]
0
[[-4.79991484 -4.46071911 -3.94197416 -8.34269905]]
2
[[-2.953089   -6.0042057  -2.97695398 -9.00467968]]
0
[[-4.79991484 -4.46071911 -3.94197416 -8.34269905]]
2
[[-2.953089   -6.0042057  -2.97695398 -9.00467968]]
0
[[-4.79991484 -4.46071911 -3.94197416 -8.34269905]]
2
[[-2.953089   -6.0042057  -2.97695398 -9.00467968]]
0
[[-4.79991484 -4.46071911 -3.94197416 -8.34269905]]
2
[[-2.953089   -6.0042057  -2.97695398 -9.00467968]]
0
[[-4.79991484 -4.46071911 -3.94197416 -8.34269905]]
2
[[-2.953089   -6.0042057  -2.97695398 -9.00467968]]
0
[[-4.79991484 -4.46071911 -3.94197416 -8.34269905]]
2
[[-2.953089   -6.0042057  -2.97695398 -9.00467968]]
0
[[-4.79991484 -4.46071911 -3.94197416 -8.34269905]]
2
[[-2.953089   -6.0042057  -2.97695398 -9.00467968]]
0
[[-4.79991484 -4.46071911 -3.94197416 -8.34269905]]
2
[[-2.953089   -6.0042057  -2.97695398 -9.00467968]]
0
[[-4.79991484 -4.46071911 -3.94197416 -8.34269905]]
2
[[-2.953089   -6.0042057  -2.97695398 -9.00467968]]
0
[[-4.79991484 -4.46071911 -3.94197416 -8.34269905]]
2
[[-2.953089   -6.0042057  -2.97695398 -9.00467968]]
0
[[-4.79991484 -4.46071911 -3.94197416 -8.34269905]]
2
[[-2.953089   -6.0042057  -2.97695398 -9.00467968]]
0
[[-4.79991484 -4.46071911 -3.94197416 -8.34269905]]
2
[[-2.953089   -6.0042057  -2.97695398 -9.00467968]]
0
[[-4.79991484 -4.46071911 -3.94197416 -8.34269905]]
2
[[-2.953089   -6.0042057  -2.97695398 -9.00467968]]
0
[[-4.79991484 -4.46071911 -3.94197416 -8.34269905]]
2
[[-2.953089   -6.0042057  -2.97695398 -9.00467968]]
0
[[-4.79991484 -4.46071911 -3.94197416 -8.34269905]]
2
[[-2.953089   -6.0042057  -2.97695398 -9.00467968]]
0
[[-4.79991484 -4.46071911 -3.94197416 -8.34269905]]
2
[[-2.953089   -6.0042057  -2.97695398 -9.00467968]]
0
[[-4.79991484 -4.46071911 -3.94197416 -8.34269905]]
2
[[-2.953089   -6.0042057  -2.97695398 -9.00467968]]
0
[[-4.79991484 -4.46071911 -3.94197416 -8.34269905]]
2
[[-2.953089   -6.0042057  -2.97695398 -9.00467968]]
0
[[-4.79991484 -4.46071911 -3.94197416 -8.34269905]]
2
[[-2.953089   -6.0042057  -2.97695398 -9.00467968]]
0
[[-4.79991484 -4.46071911 -3.94197416 -8.34269905]]
2
[[-2.953089   -6.0042057  -2.97695398 -9.00467968]]
0
[[-4.79991484 -4.46071911 -3.94197416 -8.34269905]]
2
[[-2.953089   -6.0042057  -2.97695398 -9.00467968]]
0
[[-4.79991484 -4.46071911 -3.94197416 -8.34269905]]
2
[[-2.953089   -6.0042057  -2.97695398 -9.00467968]]
0
[[-4.79991484 -4.46071911 -3.94197416 -8.34269905]]
2
[[-2.953089   -6.0042057  -2.97695398 -9.00467968]]
0
[[-4.79991484 -4.46071911 -3.94197416 -8.34269905]]
2
[[-2.953089   -6.0042057  -2.97695398 -9.00467968]]
0
[[-4.79991484 -4.46071911 -3.94197416 -8.34269905]]
2
[[-2.953089   -6.0042057  -2.97695398 -9.00467968]]
0
[[-4.79991484 -4.46071911 -3.94197416 -8.34269905]]
2
[[-2.953089   -6.0042057  -2.97695398 -9.00467968]]
0
[[-4.79991484 -4.46071911 -3.94197416 -8.34269905]]
2
[[-2.953089   -6.0042057  -2.97695398 -9.00467968]]
0
[[-4.79991484 -4.46071911 -3.94197416 -8.34269905]]
2
[[-2.953089   -6.0042057  -2.97695398 -9.00467968]]
0
[[-4.79991484 -4.46071911 -3.94197416 -8.34269905]]
2
[[-2.953089   -6.0042057  -2.97695398 -9.00467968]]
0
[[-4.79991484 -4.46071911 -3.94197416 -8.34269905]]
2
[[-2.953089   -6.0042057  -2.97695398 -9.00467968]]
0
[[-4.79991484 -4.46071911 -3.94197416 -8.34269905]]
2
[[-2.953089   -6.0042057  -2.97695398 -9.00467968]]
0
[[-4.79991484 -4.46071911 -3.94197416 -8.34269905]]
2
[[-2.953089   -6.0042057  -2.97695398 -9.00467968]]
0
[[-4.79991484 -4.46071911 -3.94197416 -8.34269905]]
2
[[-2.953089   -6.0042057  -2.97695398 -9.00467968]]
0
[[-4.79991484 -4.46071911 -3.94197416 -8.34269905]]
2
FAIL
0/5
