[[-3.57543111 -7.53985643 -4.38050318 -7.97459507]]
0
[[-11.92065716 -14.65514278   0.10668327  -7.48570108]]
2
[[-3.57543111 -7.53985643 -4.38050318 -7.97459507]]
0
[[-11.92065716 -14.65514278   0.10668327  -7.48570108]]
2
[[-3.57543111 -7.53985643 -4.38050318 -7.97459507]]
0
[[-11.92065716 -14.65514278   0.10668327  -7.48570108]]
2
[[-3.57543111 -7.53985643 -4.38050318 -7.97459507]]
0
[[-11.92065716 -14.65514278   0.10668327  -7.48570108]]
2
[[-3.57543111 -7.53985643 -4.38050318 -7.97459507]]
0
[[-11.92065716 -14.65514278   0.10668327  -7.48570108]]
2
[[-3.57543111 -7.53985643 -4.38050318 -7.97459507]]
0
[[-11.92065716 -14.65514278   0.10668327  -7.48570108]]
2
[[-3.57543111 -7.53985643 -4.38050318 -7.97459507]]
0
[[-11.92065716 -14.65514278   0.10668327  -7.48570108]]
2
[[-3.57543111 -7.53985643 -4.38050318 -7.97459507]]
0
[[-11.92065716 -14.65514278   0.10668327  -7.48570108]]
2
[[-3.57543111 -7.53985643 -4.38050318 -7.97459507]]
0
[[-11.92065716 -14.65514278   0.10668327  -7.48570108]]
2
[[-3.57543111 -7.53985643 -4.38050318 -7.97459507]]
0
[[-11.92065716 -14.65514278   0.10668327  -7.48570108]]
2
[[-3.57543111 -7.53985643 -4.38050318 -7.97459507]]
0
[[-11.92065716 -14.65514278   0.10668327  -7.48570108]]
2
[[-3.57543111 -7.53985643 -4.38050318 -7.97459507]]
0
[[-11.92065716 -14.65514278   0.10668327  -7.48570108]]
2
[[-3.57543111 -7.53985643 -4.38050318 -7.97459507]]
0
[[-11.92065716 -14.65514278   0.10668327  -7.48570108]]
2
[[-3.57543111 -7.53985643 -4.38050318 -7.97459507]]
0
[[-11.92065716 -14.65514278   0.10668327  -7.48570108]]
2
[[-3.57543111 -7.53985643 -4.38050318 -7.97459507]]
0
[[-11.92065716 -14.65514278   0.10668327  -7.48570108]]
2
[[-3.57543111 -7.53985643 -4.38050318 -7.97459507]]
0
[[-11.92065716 -14.65514278   0.10668327  -7.48570108]]
2
[[-3.57543111 -7.53985643 -4.38050318 -7.97459507]]
0
[[-11.92065716 -14.65514278   0.10668327  -7.48570108]]
2
[[-3.57543111 -7.53985643 -4.38050318 -7.97459507]]
0
[[-11.92065716 -14.65514278   0.10668327  -7.48570108]]
2
[[-3.57543111 -7.53985643 -4.38050318 -7.97459507]]
0
[[-11.92065716 -14.65514278   0.10668327  -7.48570108]]
2
[[-3.57543111 -7.53985643 -4.38050318 -7.97459507]]
0
[[-11.92065716 -14.65514278   0.10668327  -7.48570108]]
2
[[-3.57543111 -7.53985643 -4.38050318 -7.97459507]]
0
[[-11.92065716 -14.65514278   0.10668327  -7.48570108]]
2
[[-3.57543111 -7.53985643 -4.38050318 -7.97459507]]
0
[[-11.92065716 -14.65514278   0.10668327  -7.48570108]]
2
[[-3.57543111 -7.53985643 -4.38050318 -7.97459507]]
0
[[-11.92065716 -14.65514278   0.10668327  -7.48570108]]
2
[[-3.57543111 -7.53985643 -4.38050318 -7.97459507]]
0
[[-11.92065716 -14.65514278   0.10668327  -7.48570108]]
2
[[-3.57543111 -7.53985643 -4.38050318 -7.97459507]]
0
[[-11.92065716 -14.65514278   0.10668327  -7.48570108]]
2
[[-3.57543111 -7.53985643 -4.38050318 -7.97459507]]
0
[[-11.92065716 -14.65514278   0.10668327  -7.48570108]]
2
[[-3.57543111 -7.53985643 -4.38050318 -7.97459507]]
0
[[-11.92065716 -14.65514278   0.10668327  -7.48570108]]
2
[[-3.57543111 -7.53985643 -4.38050318 -7.97459507]]
0
[[-11.92065716 -14.65514278   0.10668327  -7.48570108]]
2
[[-3.57543111 -7.53985643 -4.38050318 -7.97459507]]
0
[[-11.92065716 -14.65514278   0.10668327  -7.48570108]]
2
[[-3.57543111 -7.53985643 -4.38050318 -7.97459507]]
0
[[-11.92065716 -14.65514278   0.10668327  -7.48570108]]
2
[[-3.57543111 -7.53985643 -4.38050318 -7.97459507]]
0
[[-11.92065716 -14.65514278   0.10668327  -7.48570108]]
2
[[-3.57543111 -7.53985643 -4.38050318 -7.97459507]]
0
[[-11.92065716 -14.65514278   0.10668327  -7.48570108]]
2
[[-3.57543111 -7.53985643 -4.38050318 -7.97459507]]
0
[[-11.92065716 -14.65514278   0.10668327  -7.48570108]]
2
[[-3.57543111 -7.53985643 -4.38050318 -7.97459507]]
0
[[-11.92065716 -14.65514278   0.10668327  -7.48570108]]
2
[[-3.57543111 -7.53985643 -4.38050318 -7.97459507]]
0
[[-11.92065716 -14.65514278   0.10668327  -7.48570108]]
2
[[-3.57543111 -7.53985643 -4.38050318 -7.97459507]]
0
[[-11.92065716 -14.65514278   0.10668327  -7.48570108]]
2
[[-3.57543111 -7.53985643 -4.38050318 -7.97459507]]
0
[[-11.92065716 -14.65514278   0.10668327  -7.48570108]]
2
[[-3.57543111 -7.53985643 -4.38050318 -7.97459507]]
0
[[-11.92065716 -14.65514278   0.10668327  -7.48570108]]
2
[[-3.57543111 -7.53985643 -4.38050318 -7.97459507]]
0
[[-11.92065716 -14.65514278   0.10668327  -7.48570108]]
2
[[-3.57543111 -7.53985643 -4.38050318 -7.97459507]]
0
[[-11.92065716 -14.65514278   0.10668327  -7.48570108]]
2
[[-3.57543111 -7.53985643 -4.38050318 -7.97459507]]
0
[[-11.92065716 -14.65514278   0.10668327  -7.48570108]]
2
[[-3.57543111 -7.53985643 -4.38050318 -7.97459507]]
0
[[-11.92065716 -14.65514278   0.10668327  -7.48570108]]
2
[[-3.57543111 -7.53985643 -4.38050318 -7.97459507]]
0
[[-11.92065716 -14.65514278   0.10668327  -7.48570108]]
2
[[-3.57543111 -7.53985643 -4.38050318 -7.97459507]]
0
[[-11.92065716 -14.65514278   0.10668327  -7.48570108]]
2
[[-3.57543111 -7.53985643 -4.38050318 -7.97459507]]
0
[[-11.92065716 -14.65514278   0.10668327  -7.48570108]]
2
[[-3.57543111 -7.53985643 -4.38050318 -7.97459507]]
0
[[-11.92065716 -14.65514278   0.10668327  -7.48570108]]
2
[[-3.57543111 -7.53985643 -4.38050318 -7.97459507]]
0
[[-11.92065716 -14.65514278   0.10668327  -7.48570108]]
2
[[-3.57543111 -7.53985643 -4.38050318 -7.97459507]]
0
[[-11.92065716 -14.65514278   0.10668327  -7.48570108]]
2
[[-3.57543111 -7.53985643 -4.38050318 -7.97459507]]
0
[[-11.92065716 -14.65514278   0.10668327  -7.48570108]]
2
[[-3.57543111 -7.53985643 -4.38050318 -7.97459507]]
0
[[-11.92065716 -14.65514278   0.10668327  -7.48570108]]
2
[[-3.57543111 -7.53985643 -4.38050318 -7.97459507]]
0
FAIL
1/2
