[[-4.63967562 -4.50210381 -4.00016308 -8.25198746]]
2
[[-2.79827285 -6.04271889 -3.0384779  -8.91624451]]
0
[[-4.63967562 -4.50210381 -4.00016308 -8.25198746]]
2
[[-2.79827285 -6.04271889 -3.0384779  -8.91624451]]
0
[[-4.63967562 -4.50210381 -4.00016308 -8.25198746]]
2
[[-2.79827285 -6.04271889 -3.0384779  -8.91624451]]
0
[[-4.63967562 -4.50210381 -4.00016308 -8.25198746]]
2
[[-2.79827285 -6.04271889 -3.0384779  -8.91624451]]
0
[[-4.63967562 -4.50210381 -4.00016308 -8.25198746]]
2
[[-2.79827285 -6.04271889 -3.0384779  -8.91624451]]
0
[[-4.63967562 -4.50210381 -4.00016308 -8.25198746]]
2
[[-2.79827285 -6.04271889 -3.0384779  -8.91624451]]
0
[[-4.63967562 -4.50210381 -4.00016308 -8.25198746]]
2
[[-2.79827285 -6.04271889 -3.0384779  -8.91624451]]
0
[[-4.63967562 -4.50210381 -4.00016308 -8.25198746]]
2
[[-2.79827285 -6.04271889 -3.0384779  -8.91624451]]
0
[[-4.63967562 -4.50210381 -4.00016308 -8.25198746]]
2
[[-2.79827285 -6.04271889 -3.0384779  -8.91624451]]
0
[[-4.63967562 -4.50210381 -4.00016308 -8.25198746]]
2
[[-2.79827285 -6.04271889 -3.0384779  -8.91624451]]
0
[[-4.63967562 -4.50210381 -4.00016308 -8.25198746]]
2
[[-2.79827285 -6.04271889 -3.0384779  -8.91624451]]
0
[[-4.63967562 -4.50210381 -4.00016308 -8.25198746]]
2
[[-2.79827285 -6.04271889 -3.0384779  -8.91624451]]
0
[[-4.63967562 -4.50210381 -4.00016308 -8.25198746]]
2
[[-2.79827285 -6.04271889 -3.0384779  -8.91624451]]
0
[[-4.63967562 -4.50210381 -4.00016308 -8.25198746]]
2
[[-2.79827285 -6.04271889 -3.0384779  -8.91624451]]
0
[[-4.63967562 -4.50210381 -4.00016308 -8.25198746]]
2
[[-2.79827285 -6.04271889 -3.0384779  -8.91624451]]
0
[[-4.63967562 -4.50210381 -4.00016308 -8.25198746]]
2
[[-2.79827285 -6.04271889 -3.0384779  -8.91624451]]
0
[[-4.63967562 -4.50210381 -4.00016308 -8.25198746]]
2
[[-2.79827285 -6.04271889 -3.0384779  -8.91624451]]
0
[[-4.63967562 -4.50210381 -4.00016308 -8.25198746]]
2
[[-2.79827285 -6.04271889 -3.0384779  -8.91624451]]
0
[[-4.63967562 -4.50210381 -4.00016308 -8.25198746]]
2
[[-2.79827285 -6.04271889 -3.0384779  -8.91624451]]
0
[[-4.63967562 -4.50210381 -4.00016308 -8.25198746]]
2
[[-2.79827285 -6.04271889 -3.0384779  -8.91624451]]
0
[[-4.63967562 -4.50210381 -4.00016308 -8.25198746]]
2
[[-2.79827285 -6.04271889 -3.0384779  -8.91624451]]
0
[[-4.63967562 -4.50210381 -4.00016308 -8.25198746]]
2
[[-2.79827285 -6.04271889 -3.0384779  -8.91624451]]
0
[[-4.63967562 -4.50210381 -4.00016308 -8.25198746]]
2
[[-2.79827285 -6.04271889 -3.0384779  -8.91624451]]
0
[[-4.63967562 -4.50210381 -4.00016308 -8.25198746]]
2
[[-2.79827285 -6.04271889 -3.0384779  -8.91624451]]
0
[[-4.63967562 -4.50210381 -4.00016308 -8.25198746]]
2
[[-2.79827285 -6.04271889 -3.0384779  -8.91624451]]
0
[[-4.63967562 -4.50210381 -4.00016308 -8.25198746]]
2
[[-2.79827285 -6.04271889 -3.0384779  -8.91624451]]
0
[[-4.63967562 -4.50210381 -4.00016308 -8.25198746]]
2
[[-2.79827285 -6.04271889 -3.0384779  -8.91624451]]
0
[[-4.63967562 -4.50210381 -4.00016308 -8.25198746]]
2
[[-2.79827285 -6.04271889 -3.0384779  -8.91624451]]
0
[[-4.63967562 -4.50210381 -4.00016308 -8.25198746]]
2
[[-2.79827285 -6.04271889 -3.0384779  -8.91624451]]
0
[[-4.63967562 -4.50210381 -4.00016308 -8.25198746]]
2
[[-2.79827285 -6.04271889 -3.0384779  -8.91624451]]
0
[[-4.63967562 -4.50210381 -4.00016308 -8.25198746]]
2
[[-2.79827285 -6.04271889 -3.0384779  -8.91624451]]
0
[[-4.63967562 -4.50210381 -4.00016308 -8.25198746]]
2
[[-2.79827285 -6.04271889 -3.0384779  -8.91624451]]
0
[[-4.63967562 -4.50210381 -4.00016308 -8.25198746]]
2
[[-2.79827285 -6.04271889 -3.0384779  -8.91624451]]
0
[[-4.63967562 -4.50210381 -4.00016308 -8.25198746]]
2
[[-2.79827285 -6.04271889 -3.0384779  -8.91624451]]
0
[[-4.63967562 -4.50210381 -4.00016308 -8.25198746]]
2
[[-2.79827285 -6.04271889 -3.0384779  -8.91624451]]
0
[[-4.63967562 -4.50210381 -4.00016308 -8.25198746]]
2
[[-2.79827285 -6.04271889 -3.0384779  -8.91624451]]
0
[[-4.63967562 -4.50210381 -4.00016308 -8.25198746]]
2
[[-2.79827285 -6.04271889 -3.0384779  -8.91624451]]
0
[[-4.63967562 -4.50210381 -4.00016308 -8.25198746]]
2
[[-2.79827285 -6.04271889 -3.0384779  -8.91624451]]
0
[[-4.63967562 -4.50210381 -4.00016308 -8.25198746]]
2
[[-2.79827285 -6.04271889 -3.0384779  -8.91624451]]
0
[[-4.63967562 -4.50210381 -4.00016308 -8.25198746]]
2
[[-2.79827285 -6.04271889 -3.0384779  -8.91624451]]
0
[[-4.63967562 -4.50210381 -4.00016308 -8.25198746]]
2
[[-2.79827285 -6.04271889 -3.0384779  -8.91624451]]
0
[[-4.63967562 -4.50210381 -4.00016308 -8.25198746]]
2
[[-2.79827285 -6.04271889 -3.0384779  -8.91624451]]
0
[[-4.63967562 -4.50210381 -4.00016308 -8.25198746]]
2
[[-2.79827285 -6.04271889 -3.0384779  -8.91624451]]
0
[[-4.63967562 -4.50210381 -4.00016308 -8.25198746]]
2
[[-2.79827285 -6.04271889 -3.0384779  -8.91624451]]
0
[[-4.63967562 -4.50210381 -4.00016308 -8.25198746]]
2
[[-2.79827285 -6.04271889 -3.0384779  -8.91624451]]
0
[[-4.63967562 -4.50210381 -4.00016308 -8.25198746]]
2
[[-2.79827285 -6.04271889 -3.0384779  -8.91624451]]
0
[[-4.63967562 -4.50210381 -4.00016308 -8.25198746]]
2
[[-2.79827285 -6.04271889 -3.0384779  -8.91624451]]
0
[[-4.63967562 -4.50210381 -4.00016308 -8.25198746]]
2
[[-2.79827285 -6.04271889 -3.0384779  -8.91624451]]
0
[[-4.63967562 -4.50210381 -4.00016308 -8.25198746]]
2
[[-2.79827285 -6.04271889 -3.0384779  -8.91624451]]
0
[[-4.63967562 -4.50210381 -4.00016308 -8.25198746]]
2
[[-2.79827285 -6.04271889 -3.0384779  -8.91624451]]
0
[[-4.63967562 -4.50210381 -4.00016308 -8.25198746]]
2
FAIL
0/5
