[[-3.44221473 -7.42096186 -4.22111511 -8.11217022]]
0
[[-11.7859726  -14.53176498   0.27115583  -7.60985279]]
2
[[-3.44221473 -7.42096186 -4.22111511 -8.11217022]]
0
[[-11.7859726  -14.53176498   0.27115583  -7.60985279]]
2
[[-3.44221473 -7.42096186 -4.22111511 -8.11217022]]
0
[[-11.7859726  -14.53176498   0.27115583  -7.60985279]]
2
[[-3.44221473 -7.42096186 -4.22111511 -8.11217022]]
0
[[-11.7859726  -14.53176498   0.27115583  -7.60985279]]
2
[[-3.44221473 -7.42096186 -4.22111511 -8.11217022]]
0
[[-11.7859726  -14.53176498   0.27115583  -7.60985279]]
2
[[-3.44221473 -7.42096186 -4.22111511 -8.11217022]]
0
[[-11.7859726  -14.53176498   0.27115583  -7.60985279]]
2
[[-3.44221473 -7.42096186 -4.22111511 -8.11217022]]
0
[[-11.7859726  -14.53176498   0.27115583  -7.60985279]]
2
[[-3.44221473 -7.42096186 -4.22111511 -8.11217022]]
0
[[-11.7859726  -14.53176498   0.27115583  -7.60985279]]
2
[[-3.44221473 -7.42096186 -4.22111511 -8.11217022]]
0
[[-11.7859726  -14.53176498   0.27115583  -7.60985279]]
2
[[-3.44221473 -7.42096186 -4.22111511 -8.11217022]]
0
[[-11.7859726  -14.53176498   0.27115583  -7.60985279]]
2
[[-3.44221473 -7.42096186 -4.22111511 -8.11217022]]
0
[[-11.7859726  -14.53176498   0.27115583  -7.60985279]]
2
[[-3.44221473 -7.42096186 -4.22111511 -8.11217022]]
0
[[-11.7859726  -14.53176498   0.27115583  -7.60985279]]
2
[[-3.44221473 -7.42096186 -4.22111511 -8.11217022]]
0
[[-11.7859726  -14.53176498   0.27115583  -7.60985279]]
2
[[-3.44221473 -7.42096186 -4.22111511 -8.11217022]]
0
[[-11.7859726  -14.53176498   0.27115583  -7.60985279]]
2
[[-3.44221473 -7.42096186 -4.22111511 -8.11217022]]
0
[[-11.7859726  -14.53176498   0.27115583  -7.60985279]]
2
[[-3.44221473 -7.42096186 -4.22111511 -8.11217022]]
0
[[-11.7859726  -14.53176498   0.27115583  -7.60985279]]
2
[[-3.44221473 -7.42096186 -4.22111511 -8.11217022]]
0
[[-11.7859726  -14.53176498   0.27115583  -7.60985279]]
2
[[-3.44221473 -7.42096186 -4.22111511 -8.11217022]]
0
[[-11.7859726  -14.53176498   0.27115583  -7.60985279]]
2
[[-3.44221473 -7.42096186 -4.22111511 -8.11217022]]
0
[[-11.7859726  -14.53176498   0.27115583  -7.60985279]]
2
[[-3.44221473 -7.42096186 -4.22111511 -8.11217022]]
0
[[-11.7859726  -14.53176498   0.27115583  -7.60985279]]
2
[[-3.44221473 -7.42096186 -4.22111511 -8.11217022]]
0
[[-11.7859726  -14.53176498   0.27115583  -7.60985279]]
2
[[-3.44221473 -7.42096186 -4.22111511 -8.11217022]]
0
[[-11.7859726  -14.53176498   0.27115583  -7.60985279]]
2
[[-3.44221473 -7.42096186 -4.22111511 -8.11217022]]
0
[[-11.7859726  -14.53176498   0.27115583  -7.60985279]]
2
[[-3.44221473 -7.42096186 -4.22111511 -8.11217022]]
0
[[-11.7859726  -14.53176498   0.27115583  -7.60985279]]
2
[[-3.44221473 -7.42096186 -4.22111511 -8.11217022]]
0
[[-11.7859726  -14.53176498   0.27115583  -7.60985279]]
2
[[-3.44221473 -7.42096186 -4.22111511 -8.11217022]]
0
[[-11.7859726  -14.53176498   0.27115583  -7.60985279]]
2
[[-3.44221473 -7.42096186 -4.22111511 -8.11217022]]
0
[[-11.7859726  -14.53176498   0.27115583  -7.60985279]]
2
[[-3.44221473 -7.42096186 -4.22111511 -8.11217022]]
0
[[-11.7859726  -14.53176498   0.27115583  -7.60985279]]
2
[[-3.44221473 -7.42096186 -4.22111511 -8.11217022]]
0
[[-11.7859726  -14.53176498   0.27115583  -7.60985279]]
2
[[-3.44221473 -7.42096186 -4.22111511 -8.11217022]]
0
[[-11.7859726  -14.53176498   0.27115583  -7.60985279]]
2
[[-3.44221473 -7.42096186 -4.22111511 -8.11217022]]
0
[[-11.7859726  -14.53176498   0.27115583  -7.60985279]]
2
[[-3.44221473 -7.42096186 -4.22111511 -8.11217022]]
0
[[-11.7859726  -14.53176498   0.27115583  -7.60985279]]
2
[[-3.44221473 -7.42096186 -4.22111511 -8.11217022]]
0
[[-11.7859726  -14.53176498   0.27115583  -7.60985279]]
2
[[-3.44221473 -7.42096186 -4.22111511 -8.11217022]]
0
[[-11.7859726  -14.53176498   0.27115583  -7.60985279]]
2
[[-3.44221473 -7.42096186 -4.22111511 -8.11217022]]
0
[[-11.7859726  -14.53176498   0.27115583  -7.60985279]]
2
[[-3.44221473 -7.42096186 -4.22111511 -8.11217022]]
0
[[-11.7859726  -14.53176498   0.27115583  -7.60985279]]
2
[[-3.44221473 -7.42096186 -4.22111511 -8.11217022]]
0
[[-11.7859726  -14.53176498   0.27115583  -7.60985279]]
2
[[-3.44221473 -7.42096186 -4.22111511 -8.11217022]]
0
[[-11.7859726  -14.53176498   0.27115583  -7.60985279]]
2
[[-3.44221473 -7.42096186 -4.22111511 -8.11217022]]
0
[[-11.7859726  -14.53176498   0.27115583  -7.60985279]]
2
[[-3.44221473 -7.42096186 -4.22111511 -8.11217022]]
0
[[-11.7859726  -14.53176498   0.27115583  -7.60985279]]
2
[[-3.44221473 -7.42096186 -4.22111511 -8.11217022]]
0
[[-11.7859726  -14.53176498   0.27115583  -7.60985279]]
2
[[-3.44221473 -7.42096186 -4.22111511 -8.11217022]]
0
[[-11.7859726  -14.53176498   0.27115583  -7.60985279]]
2
[[-3.44221473 -7.42096186 -4.22111511 -8.11217022]]
0
[[-11.7859726  -14.53176498   0.27115583  -7.60985279]]
2
[[-3.44221473 -7.42096186 -4.22111511 -8.11217022]]
0
[[-11.7859726  -14.53176498   0.27115583  -7.60985279]]
2
[[-3.44221473 -7.42096186 -4.22111511 -8.11217022]]
0
[[-11.7859726  -14.53176498   0.27115583  -7.60985279]]
2
[[-3.44221473 -7.42096186 -4.22111511 -8.11217022]]
0
[[-11.7859726  -14.53176498   0.27115583  -7.60985279]]
2
[[-3.44221473 -7.42096186 -4.22111511 -8.11217022]]
0
[[-11.7859726  -14.53176498   0.27115583  -7.60985279]]
2
[[-3.44221473 -7.42096186 -4.22111511 -8.11217022]]
0
[[-11.7859726  -14.53176498   0.27115583  -7.60985279]]
2
[[-3.44221473 -7.42096186 -4.22111511 -8.11217022]]
0
[[-11.7859726  -14.53176498   0.27115583  -7.60985279]]
2
[[-3.44221473 -7.42096186 -4.22111511 -8.11217022]]
0
[[-11.7859726  -14.53176498   0.27115583  -7.60985279]]
2
[[-3.44221473 -7.42096186 -4.22111511 -8.11217022]]
0
FAIL
1/2
