[[ 5120156.         2127673.         3917544.          -88829.4453125]]
0
[[ 7000420.   5726482.5  7546778.   1328594.5]]
2
[[ 5120156.         2127673.         3917544.          -88829.4453125]]
0
[[ 7000420.   5726482.5  7546778.   1328594.5]]
2
[[ 5120156.         2127673.         3917544.          -88829.4453125]]
0
[[ 7000420.   5726482.5  7546778.   1328594.5]]
2
[[ 5120156.         2127673.         3917544.          -88829.4453125]]
0
[[ 7000420.   5726482.5  7546778.   1328594.5]]
2
[[ 5120156.         2127673.         3917544.          -88829.4453125]]
0
[[ 7000420.   5726482.5  7546778.   1328594.5]]
2
[[ 5120156.         2127673.         3917544.          -88829.4453125]]
0
[[ 7000420.   5726482.5  7546778.   1328594.5]]
2
[[ 5120156.         2127673.         3917544.          -88829.4453125]]
0
[[ 7000420.   5726482.5  7546778.   1328594.5]]
2
[[ 5120156.         2127673.         3917544.          -88829.4453125]]
0
[[ 7000420.   5726482.5  7546778.   1328594.5]]
2
[[ 5120156.         2127673.         3917544.          -88829.4453125]]
0
[[ 7000420.   5726482.5  7546778.   1328594.5]]
2
[[ 5120156.         2127673.         3917544.          -88829.4453125]]
0
[[ 7000420.   5726482.5  7546778.   1328594.5]]
2
[[ 5120156.         2127673.         3917544.          -88829.4453125]]
0
[[ 7000420.   5726482.5  7546778.   1328594.5]]
2
[[ 5120156.         2127673.         3917544.          -88829.4453125]]
0
[[ 7000420.   5726482.5  7546778.   1328594.5]]
2
[[ 5120156.         2127673.         3917544.          -88829.4453125]]
0
[[ 7000420.   5726482.5  7546778.   1328594.5]]
2
[[ 5120156.         2127673.         3917544.          -88829.4453125]]
0
[[ 7000420.   5726482.5  7546778.   1328594.5]]
2
[[ 5120156.         2127673.         3917544.          -88829.4453125]]
0
[[ 7000420.   5726482.5  7546778.   1328594.5]]
2
[[ 5120156.         2127673.         3917544.          -88829.4453125]]
0
[[ 7000420.   5726482.5  7546778.   1328594.5]]
2
[[ 5120156.         2127673.         3917544.          -88829.4453125]]
0
[[ 7000420.   5726482.5  7546778.   1328594.5]]
2
[[ 5120156.         2127673.         3917544.          -88829.4453125]]
0
[[ 7000420.   5726482.5  7546778.   1328594.5]]
2
[[ 5120156.         2127673.         3917544.          -88829.4453125]]
0
[[ 7000420.   5726482.5  7546778.   1328594.5]]
2
[[ 5120156.         2127673.         3917544.          -88829.4453125]]
0
[[ 7000420.   5726482.5  7546778.   1328594.5]]
2
[[ 5120156.         2127673.         3917544.          -88829.4453125]]
0
[[ 7000420.   5726482.5  7546778.   1328594.5]]
2
[[ 5120156.         2127673.         3917544.          -88829.4453125]]
0
[[ 7000420.   5726482.5  7546778.   1328594.5]]
2
[[ 5120156.         2127673.         3917544.          -88829.4453125]]
0
[[ 7000420.   5726482.5  7546778.   1328594.5]]
2
[[ 5120156.         2127673.         3917544.          -88829.4453125]]
0
[[ 7000420.   5726482.5  7546778.   1328594.5]]
2
[[ 5120156.         2127673.         3917544.          -88829.4453125]]
0
[[ 7000420.   5726482.5  7546778.   1328594.5]]
2
[[ 5120156.         2127673.         3917544.          -88829.4453125]]
0
[[ 7000420.   5726482.5  7546778.   1328594.5]]
2
[[ 5120156.         2127673.         3917544.          -88829.4453125]]
0
[[ 7000420.   5726482.5  7546778.   1328594.5]]
2
[[ 5120156.         2127673.         3917544.          -88829.4453125]]
0
[[ 7000420.   5726482.5  7546778.   1328594.5]]
2
[[ 5120156.         2127673.         3917544.          -88829.4453125]]
0
[[ 7000420.   5726482.5  7546778.   1328594.5]]
2
[[ 5120156.         2127673.         3917544.          -88829.4453125]]
0
[[ 7000420.   5726482.5  7546778.   1328594.5]]
2
[[ 5120156.         2127673.         3917544.          -88829.4453125]]
0
[[ 7000420.   5726482.5  7546778.   1328594.5]]
2
[[ 5120156.         2127673.         3917544.          -88829.4453125]]
0
[[ 7000420.   5726482.5  7546778.   1328594.5]]
2
[[ 5120156.         2127673.         3917544.          -88829.4453125]]
0
[[ 7000420.   5726482.5  7546778.   1328594.5]]
2
[[ 5120156.         2127673.         3917544.          -88829.4453125]]
0
[[ 7000420.   5726482.5  7546778.   1328594.5]]
2
[[ 5120156.         2127673.         3917544.          -88829.4453125]]
0
[[ 7000420.   5726482.5  7546778.   1328594.5]]
2
[[ 5120156.         2127673.         3917544.          -88829.4453125]]
0
[[ 7000420.   5726482.5  7546778.   1328594.5]]
2
[[ 5120156.         2127673.         3917544.          -88829.4453125]]
0
[[ 7000420.   5726482.5  7546778.   1328594.5]]
2
[[ 5120156.         2127673.         3917544.          -88829.4453125]]
0
[[ 7000420.   5726482.5  7546778.   1328594.5]]
2
[[ 5120156.         2127673.         3917544.          -88829.4453125]]
0
[[ 7000420.   5726482.5  7546778.   1328594.5]]
2
[[ 5120156.         2127673.         3917544.          -88829.4453125]]
0
[[ 7000420.   5726482.5  7546778.   1328594.5]]
2
[[ 5120156.         2127673.         3917544.          -88829.4453125]]
0
[[ 7000420.   5726482.5  7546778.   1328594.5]]
2
[[ 5120156.         2127673.         3917544.          -88829.4453125]]
0
[[ 7000420.   5726482.5  7546778.   1328594.5]]
2
[[ 5120156.         2127673.         3917544.          -88829.4453125]]
0
[[ 7000420.   5726482.5  7546778.   1328594.5]]
2
[[ 5120156.         2127673.         3917544.          -88829.4453125]]
0
[[ 7000420.   5726482.5  7546778.   1328594.5]]
2
[[ 5120156.         2127673.         3917544.          -88829.4453125]]
0
[[ 7000420.   5726482.5  7546778.   1328594.5]]
2
[[ 5120156.         2127673.         3917544.          -88829.4453125]]
0
[[ 7000420.   5726482.5  7546778.   1328594.5]]
2
[[ 5120156.         2127673.         3917544.          -88829.4453125]]
0
[[ 7000420.   5726482.5  7546778.   1328594.5]]
2
[[ 5120156.         2127673.         3917544.          -88829.4453125]]
0
[[ 7000420.   5726482.5  7546778.   1328594.5]]
2
[[ 5120156.         2127673.         3917544.          -88829.4453125]]
0
[[ 7000420.   5726482.5  7546778.   1328594.5]]
2
[[ 5120156.         2127673.         3917544.          -88829.4453125]]
0
[[ 7000420.   5726482.5  7546778.   1328594.5]]
2
[[ 5120156.         2127673.         3917544.          -88829.4453125]]
0
FAIL
1/4
