[[-4.50301218 -4.39139032 -3.84193778 -8.39070511]]
2
[[-2.67294765 -5.93510675 -2.8781631  -9.05278111]]
0
[[-4.50301218 -4.39139032 -3.84193778 -8.39070511]]
2
[[-2.67294765 -5.93510675 -2.8781631  -9.05278111]]
0
[[-4.50301218 -4.39139032 -3.84193778 -8.39070511]]
2
[[-2.67294765 -5.93510675 -2.8781631  -9.05278111]]
0
[[-4.50301218 -4.39139032 -3.84193778 -8.39070511]]
2
[[-2.67294765 -5.93510675 -2.8781631  -9.05278111]]
0
[[-4.50301218 -4.39139032 -3.84193778 -8.39070511]]
2
[[-2.67294765 -5.93510675 -2.8781631  -9.05278111]]
0
[[-4.50301218 -4.39139032 -3.84193778 -8.39070511]]
2
[[-2.67294765 -5.93510675 -2.8781631  -9.05278111]]
0
[[-4.50301218 -4.39139032 -3.84193778 -8.39070511]]
2
[[-2.67294765 -5.93510675 -2.8781631  -9.05278111]]
0
[[-4.50301218 -4.39139032 -3.84193778 -8.39070511]]
2
[[-2.67294765 -5.93510675 -2.8781631  -9.05278111]]
0
[[-4.50301218 -4.39139032 -3.84193778 -8.39070511]]
2
[[-2.67294765 -5.93510675 -2.8781631  -9.05278111]]
0
[[-4.50301218 -4.39139032 -3.84193778 -8.39070511]]
2
[[-2.67294765 -5.93510675 -2.8781631  -9.05278111]]
0
[[-4.50301218 -4.39139032 -3.84193778 -8.39070511]]
2
[[-2.67294765 -5.93510675 -2.8781631  -9.05278111]]
0
[[-4.50301218 -4.39139032 -3.84193778 -8.39070511]]
2
[[-2.67294765 -5.93510675 -2.8781631  -9.05278111]]
0
[[-4.50301218 -4.39139032 -3.84193778 -8.39070511]]
2
[[-2.67294765 -5.93510675 -2.8781631  -9.05278111]]
0
[[-4.50301218 -4.39139032 -3.84193778 -8.39070511]]
2
[[-2.67294765 -5.93510675 -2.8781631  -9.05278111]]
0
[[-4.50301218 -4.39139032 -3.84193778 -8.39070511]]
2
[[-2.67294765 -5.93510675 -2.8781631  -9.05278111]]
0
[[-4.50301218 -4.39139032 -3.84193778 -8.39070511]]
2
[[-2.67294765 -5.93510675 -2.8781631  -9.05278111]]
0
[[-4.50301218 -4.39139032 -3.84193778 -8.39070511]]
2
[[-2.67294765 -5.93510675 -2.8781631  -9.05278111]]
0
[[-4.50301218 -4.39139032 -3.84193778 -8.39070511]]
2
[[-2.67294765 -5.93510675 -2.8781631  -9.05278111]]
0
[[-4.50301218 -4.39139032 -3.84193778 -8.39070511]]
2
[[-2.67294765 -5.93510675 -2.8781631  -9.05278111]]
0
[[-4.50301218 -4.39139032 -3.84193778 -8.39070511]]
2
[[-2.67294765 -5.93510675 -2.8781631  -9.05278111]]
0
[[-4.50301218 -4.39139032 -3.84193778 -8.39070511]]
2
[[-2.67294765 -5.93510675 -2.8781631  -9.05278111]]
0
[[-4.50301218 -4.39139032 -3.84193778 -8.39070511]]
2
[[-2.67294765 -5.93510675 -2.8781631  -9.05278111]]
0
[[-4.50301218 -4.39139032 -3.84193778 -8.39070511]]
2
[[-2.67294765 -5.93510675 -2.8781631  -9.05278111]]
0
[[-4.50301218 -4.39139032 -3.84193778 -8.39070511]]
2
[[-2.67294765 -5.93510675 -2.8781631  -9.05278111]]
0
[[-4.50301218 -4.39139032 -3.84193778 -8.39070511]]
2
[[-2.67294765 -5.93510675 -2.8781631  -9.05278111]]
0
[[-4.50301218 -4.39139032 -3.84193778 -8.39070511]]
2
[[-2.67294765 -5.93510675 -2.8781631  -9.05278111]]
0
[[-4.50301218 -4.39139032 -3.84193778 -8.39070511]]
2
[[-2.67294765 -5.93510675 -2.8781631  -9.05278111]]
0
[[-4.50301218 -4.39139032 -3.84193778 -8.39070511]]
2
[[-2.67294765 -5.93510675 -2.8781631  -9.05278111]]
0
[[-4.50301218 -4.39139032 -3.84193778 -8.39070511]]
2
[[-2.67294765 -5.93510675 -2.8781631  -9.05278111]]
0
[[-4.50301218 -4.39139032 -3.84193778 -8.39070511]]
2
[[-2.67294765 -5.93510675 -2.8781631  -9.05278111]]
0
[[-4.50301218 -4.39139032 -3.84193778 -8.39070511]]
2
[[-2.67294765 -5.93510675 -2.8781631  -9.05278111]]
0
[[-4.50301218 -4.39139032 -3.84193778 -8.39070511]]
2
[[-2.67294765 -5.93510675 -2.8781631  -9.05278111]]
0
[[-4.50301218 -4.39139032 -3.84193778 -8.39070511]]
2
[[-2.67294765 -5.93510675 -2.8781631  -9.05278111]]
0
[[-4.50301218 -4.39139032 -3.84193778 -8.39070511]]
2
[[-2.67294765 -5.93510675 -2.8781631  -9.05278111]]
0
[[-4.50301218 -4.39139032 -3.84193778 -8.39070511]]
2
[[-2.67294765 -5.93510675 -2.8781631  -9.05278111]]
0
[[-4.50301218 -4.39139032 -3.84193778 -8.39070511]]
2
[[-2.67294765 -5.93510675 -2.8781631  -9.05278111]]
0
[[-4.50301218 -4.39139032 -3.84193778 -8.39070511]]
2
[[-2.67294765 -5.93510675 -2.8781631  -9.05278111]]
0
[[-4.50301218 -4.39139032 -3.84193778 -8.39070511]]
2
[[-2.67294765 -5.93510675 -2.8781631  -9.05278111]]
0
[[-4.50301218 -4.39139032 -3.84193778 -8.39070511]]
2
[[-2.67294765 -5.93510675 -2.8781631  -9.05278111]]
0
[[-4.50301218 -4.39139032 -3.84193778 -8.39070511]]
2
[[-2.67294765 -5.93510675 -2.8781631  -9.05278111]]
0
[[-4.50301218 -4.39139032 -3.84193778 -8.39070511]]
2
[[-2.67294765 -5.93510675 -2.8781631  -9.05278111]]
0
[[-4.50301218 -4.39139032 -3.84193778 -8.39070511]]
2
[[-2.67294765 -5.93510675 -2.8781631  -9.05278111]]
0
[[-4.50301218 -4.39139032 -3.84193778 -8.39070511]]
2
[[-2.67294765 -5.93510675 -2.8781631  -9.05278111]]
0
[[-4.50301218 -4.39139032 -3.84193778 -8.39070511]]
2
[[-2.67294765 -5.93510675 -2.8781631  -9.05278111]]
0
[[-4.50301218 -4.39139032 -3.84193778 -8.39070511]]
2
[[-2.67294765 -5.93510675 -2.8781631  -9.05278111]]
0
[[-4.50301218 -4.39139032 -3.84193778 -8.39070511]]
2
[[-2.67294765 -5.93510675 -2.8781631  -9.05278111]]
0
[[-4.50301218 -4.39139032 -3.84193778 -8.39070511]]
2
[[-2.67294765 -5.93510675 -2.8781631  -9.05278111]]
0
[[-4.50301218 -4.39139032 -3.84193778 -8.39070511]]
2
[[-2.67294765 -5.93510675 -2.8781631  -9.05278111]]
0
[[-4.50301218 -4.39139032 -3.84193778 -8.39070511]]
2
[[-2.67294765 -5.93510675 -2.8781631  -9.05278111]]
0
[[-4.50301218 -4.39139032 -3.84193778 -8.39070511]]
2
[[-2.67294765 -5.93510675 -2.8781631  -9.05278111]]
0
[[-4.50301218 -4.39139032 -3.84193778 -8.39070511]]
2
FAIL
0/5
