[[-3.58850789 -7.56668901 -4.34405756 -8.02573395]]
0
[[-11.92788506 -14.6675148    0.15968661  -7.51525688]]
2
[[-3.58850789 -7.56668901 -4.34405756 -8.02573395]]
0
[[-11.92788506 -14.6675148    0.15968661  -7.51525688]]
2
[[-3.58850789 -7.56668901 -4.34405756 -8.02573395]]
0
[[-11.92788506 -14.6675148    0.15968661  -7.51525688]]
2
[[-3.58850789 -7.56668901 -4.34405756 -8.02573395]]
0
[[-11.92788506 -14.6675148    0.15968661  -7.51525688]]
2
[[-3.58850789 -7.56668901 -4.34405756 -8.02573395]]
0
[[-11.92788506 -14.6675148    0.15968661  -7.51525688]]
2
[[-3.58850789 -7.56668901 -4.34405756 -8.02573395]]
0
[[-11.92788506 -14.6675148    0.15968661  -7.51525688]]
2
[[-3.58850789 -7.56668901 -4.34405756 -8.02573395]]
0
[[-11.92788506 -14.6675148    0.15968661  -7.51525688]]
2
[[-3.58850789 -7.56668901 -4.34405756 -8.02573395]]
0
[[-11.92788506 -14.6675148    0.15968661  -7.51525688]]
2
[[-3.58850789 -7.56668901 -4.34405756 -8.02573395]]
0
[[-11.92788506 -14.6675148    0.15968661  -7.51525688]]
2
[[-3.58850789 -7.56668901 -4.34405756 -8.02573395]]
0
[[-11.92788506 -14.6675148    0.15968661  -7.51525688]]
2
[[-3.58850789 -7.56668901 -4.34405756 -8.02573395]]
0
[[-11.92788506 -14.6675148    0.15968661  -7.51525688]]
2
[[-3.58850789 -7.56668901 -4.34405756 -8.02573395]]
0
[[-11.92788506 -14.6675148    0.15968661  -7.51525688]]
2
[[-3.58850789 -7.56668901 -4.34405756 -8.02573395]]
0
[[-11.92788506 -14.6675148    0.15968661  -7.51525688]]
2
[[-3.58850789 -7.56668901 -4.34405756 -8.02573395]]
0
[[-11.92788506 -14.6675148    0.15968661  -7.51525688]]
2
[[-3.58850789 -7.56668901 -4.34405756 -8.02573395]]
0
[[-11.92788506 -14.6675148    0.15968661  -7.51525688]]
2
[[-3.58850789 -7.56668901 -4.34405756 -8.02573395]]
0
[[-11.92788506 -14.6675148    0.15968661  -7.51525688]]
2
[[-3.58850789 -7.56668901 -4.34405756 -8.02573395]]
0
[[-11.92788506 -14.6675148    0.15968661  -7.51525688]]
2
[[-3.58850789 -7.56668901 -4.34405756 -8.02573395]]
0
[[-11.92788506 -14.6675148    0.15968661  -7.51525688]]
2
[[-3.58850789 -7.56668901 -4.34405756 -8.02573395]]
0
[[-11.92788506 -14.6675148    0.15968661  -7.51525688]]
2
[[-3.58850789 -7.56668901 -4.34405756 -8.02573395]]
0
[[-11.92788506 -14.6675148    0.15968661  -7.51525688]]
2
[[-3.58850789 -7.56668901 -4.34405756 -8.02573395]]
0
[[-11.92788506 -14.6675148    0.15968661  -7.51525688]]
2
[[-3.58850789 -7.56668901 -4.34405756 -8.02573395]]
0
[[-11.92788506 -14.6675148    0.15968661  -7.51525688]]
2
[[-3.58850789 -7.56668901 -4.34405756 -8.02573395]]
0
[[-11.92788506 -14.6675148    0.15968661  -7.51525688]]
2
[[-3.58850789 -7.56668901 -4.34405756 -8.02573395]]
0
[[-11.92788506 -14.6675148    0.15968661  -7.51525688]]
2
[[-3.58850789 -7.56668901 -4.34405756 -8.02573395]]
0
[[-11.92788506 -14.6675148    0.15968661  -7.51525688]]
2
[[-3.58850789 -7.56668901 -4.34405756 -8.02573395]]
0
[[-11.92788506 -14.6675148    0.15968661  -7.51525688]]
2
[[-3.58850789 -7.56668901 -4.34405756 -8.02573395]]
0
[[-11.92788506 -14.6675148    0.15968661  -7.51525688]]
2
[[-3.58850789 -7.56668901 -4.34405756 -8.02573395]]
0
[[-11.92788506 -14.6675148    0.15968661  -7.51525688]]
2
[[-3.58850789 -7.56668901 -4.34405756 -8.02573395]]
0
[[-11.92788506 -14.6675148    0.15968661  -7.51525688]]
2
[[-3.58850789 -7.56668901 -4.34405756 -8.02573395]]
0
[[-11.92788506 -14.6675148    0.15968661  -7.51525688]]
2
[[-3.58850789 -7.56668901 -4.34405756 -8.02573395]]
0
[[-11.92788506 -14.6675148    0.15968661  -7.51525688]]
2
[[-3.58850789 -7.56668901 -4.34405756 -8.02573395]]
0
[[-11.92788506 -14.6675148    0.15968661  -7.51525688]]
2
[[-3.58850789 -7.56668901 -4.34405756 -8.02573395]]
0
[[-11.92788506 -14.6675148    0.15968661  -7.51525688]]
2
[[-3.58850789 -7.56668901 -4.34405756 -8.02573395]]
0
[[-11.92788506 -14.6675148    0.15968661  -7.51525688]]
2
[[-3.58850789 -7.56668901 -4.34405756 -8.02573395]]
0
[[-11.92788506 -14.6675148    0.15968661  -7.51525688]]
2
[[-3.58850789 -7.56668901 -4.34405756 -8.02573395]]
0
[[-11.92788506 -14.6675148    0.15968661  -7.51525688]]
2
[[-3.58850789 -7.56668901 -4.34405756 -8.02573395]]
0
[[-11.92788506 -14.6675148    0.15968661  -7.51525688]]
2
[[-3.58850789 -7.56668901 -4.34405756 -8.02573395]]
0
[[-11.92788506 -14.6675148    0.15968661  -7.51525688]]
2
[[-3.58850789 -7.56668901 -4.34405756 -8.02573395]]
0
[[-11.92788506 -14.6675148    0.15968661  -7.51525688]]
2
[[-3.58850789 -7.56668901 -4.34405756 -8.02573395]]
0
[[-11.92788506 -14.6675148    0.15968661  -7.51525688]]
2
[[-3.58850789 -7.56668901 -4.34405756 -8.02573395]]
0
[[-11.92788506 -14.6675148    0.15968661  -7.51525688]]
2
[[-3.58850789 -7.56668901 -4.34405756 -8.02573395]]
0
[[-11.92788506 -14.6675148    0.15968661  -7.51525688]]
2
[[-3.58850789 -7.56668901 -4.34405756 -8.02573395]]
0
[[-11.92788506 -14.6675148    0.15968661  -7.51525688]]
2
[[-3.58850789 -7.56668901 -4.34405756 -8.02573395]]
0
[[-11.92788506 -14.6675148    0.15968661  -7.51525688]]
2
[[-3.58850789 -7.56668901 -4.34405756 -8.02573395]]
0
[[-11.92788506 -14.6675148    0.15968661  -7.51525688]]
2
[[-3.58850789 -7.56668901 -4.34405756 -8.02573395]]
0
[[-11.92788506 -14.6675148    0.15968661  -7.51525688]]
2
[[-3.58850789 -7.56668901 -4.34405756 -8.02573395]]
0
[[-11.92788506 -14.6675148    0.15968661  -7.51525688]]
2
[[-3.58850789 -7.56668901 -4.34405756 -8.02573395]]
0
[[-11.92788506 -14.6675148    0.15968661  -7.51525688]]
2
[[-3.58850789 -7.56668901 -4.34405756 -8.02573395]]
0
[[-11.92788506 -14.6675148    0.15968661  -7.51525688]]
2
[[-3.58850789 -7.56668901 -4.34405756 -8.02573395]]
0
[[-11.92788506 -14.6675148    0.15968661  -7.51525688]]
2
[[-3.58850789 -7.56668901 -4.34405756 -8.02573395]]
0
FAIL
1/2
