[[-4.65509224 -4.55921936 -3.97789431 -8.304286  ]]
2
[[-2.83112407 -6.10053825 -3.01526356 -8.97857761]]
0
[[-4.65509224 -4.55921936 -3.97789431 -8.304286  ]]
2
[[-2.83112407 -6.10053825 -3.01526356 -8.97857761]]
0
[[-4.65509224 -4.55921936 -3.97789431 -8.304286  ]]
2
[[-2.83112407 -6.10053825 -3.01526356 -8.97857761]]
0
[[-4.65509224 -4.55921936 -3.97789431 -8.304286  ]]
2
[[-2.83112407 -6.10053825 -3.01526356 -8.97857761]]
0
[[-4.65509224 -4.55921936 -3.97789431 -8.304286  ]]
2
[[-2.83112407 -6.10053825 -3.01526356 -8.97857761]]
0
[[-4.65509224 -4.55921936 -3.97789431 -8.304286  ]]
2
[[-2.83112407 -6.10053825 -3.01526356 -8.97857761]]
0
[[-4.65509224 -4.55921936 -3.97789431 -8.304286  ]]
2
[[-2.83112407 -6.10053825 -3.01526356 -8.97857761]]
0
[[-4.65509224 -4.55921936 -3.97789431 -8.304286  ]]
2
[[-2.83112407 -6.10053825 -3.01526356 -8.97857761]]
0
[[-4.65509224 -4.55921936 -3.97789431 -8.304286  ]]
2
[[-2.83112407 -6.10053825 -3.01526356 -8.97857761]]
0
[[-4.65509224 -4.55921936 -3.97789431 -8.304286  ]]
2
[[-2.83112407 -6.10053825 -3.01526356 -8.97857761]]
0
[[-4.65509224 -4.55921936 -3.97789431 -8.304286  ]]
2
[[-2.83112407 -6.10053825 -3.01526356 -8.97857761]]
0
[[-4.65509224 -4.55921936 -3.97789431 -8.304286  ]]
2
[[-2.83112407 -6.10053825 -3.01526356 -8.97857761]]
0
[[-4.65509224 -4.55921936 -3.97789431 -8.304286  ]]
2
[[-2.83112407 -6.10053825 -3.01526356 -8.97857761]]
0
[[-4.65509224 -4.55921936 -3.97789431 -8.304286  ]]
2
[[-2.83112407 -6.10053825 -3.01526356 -8.97857761]]
0
[[-4.65509224 -4.55921936 -3.97789431 -8.304286  ]]
2
[[-2.83112407 -6.10053825 -3.01526356 -8.97857761]]
0
[[-4.65509224 -4.55921936 -3.97789431 -8.304286  ]]
2
[[-2.83112407 -6.10053825 -3.01526356 -8.97857761]]
0
[[-4.65509224 -4.55921936 -3.97789431 -8.304286  ]]
2
[[-2.83112407 -6.10053825 -3.01526356 -8.97857761]]
0
[[-4.65509224 -4.55921936 -3.97789431 -8.304286  ]]
2
[[-2.83112407 -6.10053825 -3.01526356 -8.97857761]]
0
[[-4.65509224 -4.55921936 -3.97789431 -8.304286  ]]
2
[[-2.83112407 -6.10053825 -3.01526356 -8.97857761]]
0
[[-4.65509224 -4.55921936 -3.97789431 -8.304286  ]]
2
[[-2.83112407 -6.10053825 -3.01526356 -8.97857761]]
0
[[-4.65509224 -4.55921936 -3.97789431 -8.304286  ]]
2
[[-2.83112407 -6.10053825 -3.01526356 -8.97857761]]
0
[[-4.65509224 -4.55921936 -3.97789431 -8.304286  ]]
2
[[-2.83112407 -6.10053825 -3.01526356 -8.97857761]]
0
[[-4.65509224 -4.55921936 -3.97789431 -8.304286  ]]
2
[[-2.83112407 -6.10053825 -3.01526356 -8.97857761]]
0
[[-4.65509224 -4.55921936 -3.97789431 -8.304286  ]]
2
[[-2.83112407 -6.10053825 -3.01526356 -8.97857761]]
0
[[-4.65509224 -4.55921936 -3.97789431 -8.304286  ]]
2
[[-2.83112407 -6.10053825 -3.01526356 -8.97857761]]
0
[[-4.65509224 -4.55921936 -3.97789431 -8.304286  ]]
2
[[-2.83112407 -6.10053825 -3.01526356 -8.97857761]]
0
[[-4.65509224 -4.55921936 -3.97789431 -8.304286  ]]
2
[[-2.83112407 -6.10053825 -3.01526356 -8.97857761]]
0
[[-4.65509224 -4.55921936 -3.97789431 -8.304286  ]]
2
[[-2.83112407 -6.10053825 -3.01526356 -8.97857761]]
0
[[-4.65509224 -4.55921936 -3.97789431 -8.304286  ]]
2
[[-2.83112407 -6.10053825 -3.01526356 -8.97857761]]
0
[[-4.65509224 -4.55921936 -3.97789431 -8.304286  ]]
2
[[-2.83112407 -6.10053825 -3.01526356 -8.97857761]]
0
[[-4.65509224 -4.55921936 -3.97789431 -8.304286  ]]
2
[[-2.83112407 -6.10053825 -3.01526356 -8.97857761]]
0
[[-4.65509224 -4.55921936 -3.97789431 -8.304286  ]]
2
[[-2.83112407 -6.10053825 -3.01526356 -8.97857761]]
0
[[-4.65509224 -4.55921936 -3.97789431 -8.304286  ]]
2
[[-2.83112407 -6.10053825 -3.01526356 -8.97857761]]
0
[[-4.65509224 -4.55921936 -3.97789431 -8.304286  ]]
2
[[-2.83112407 -6.10053825 -3.01526356 -8.97857761]]
0
[[-4.65509224 -4.55921936 -3.97789431 -8.304286  ]]
2
[[-2.83112407 -6.10053825 -3.01526356 -8.97857761]]
0
[[-4.65509224 -4.55921936 -3.97789431 -8.304286  ]]
2
[[-2.83112407 -6.10053825 -3.01526356 -8.97857761]]
0
[[-4.65509224 -4.55921936 -3.97789431 -8.304286  ]]
2
[[-2.83112407 -6.10053825 -3.01526356 -8.97857761]]
0
[[-4.65509224 -4.55921936 -3.97789431 -8.304286  ]]
2
[[-2.83112407 -6.10053825 -3.01526356 -8.97857761]]
0
[[-4.65509224 -4.55921936 -3.97789431 -8.304286  ]]
2
[[-2.83112407 -6.10053825 -3.01526356 -8.97857761]]
0
[[-4.65509224 -4.55921936 -3.97789431 -8.304286  ]]
2
[[-2.83112407 -6.10053825 -3.01526356 -8.97857761]]
0
[[-4.65509224 -4.55921936 -3.97789431 -8.304286  ]]
2
[[-2.83112407 -6.10053825 -3.01526356 -8.97857761]]
0
[[-4.65509224 -4.55921936 -3.97789431 -8.304286  ]]
2
[[-2.83112407 -6.10053825 -3.01526356 -8.97857761]]
0
[[-4.65509224 -4.55921936 -3.97789431 -8.304286  ]]
2
[[-2.83112407 -6.10053825 -3.01526356 -8.97857761]]
0
[[-4.65509224 -4.55921936 -3.97789431 -8.304286  ]]
2
[[-2.83112407 -6.10053825 -3.01526356 -8.97857761]]
0
[[-4.65509224 -4.55921936 -3.97789431 -8.304286  ]]
2
[[-2.83112407 -6.10053825 -3.01526356 -8.97857761]]
0
[[-4.65509224 -4.55921936 -3.97789431 -8.304286  ]]
2
[[-2.83112407 -6.10053825 -3.01526356 -8.97857761]]
0
[[-4.65509224 -4.55921936 -3.97789431 -8.304286  ]]
2
[[-2.83112407 -6.10053825 -3.01526356 -8.97857761]]
0
[[-4.65509224 -4.55921936 -3.97789431 -8.304286  ]]
2
[[-2.83112407 -6.10053825 -3.01526356 -8.97857761]]
0
[[-4.65509224 -4.55921936 -3.97789431 -8.304286  ]]
2
[[-2.83112407 -6.10053825 -3.01526356 -8.97857761]]
0
[[-4.65509224 -4.55921936 -3.97789431 -8.304286  ]]
2
[[-2.83112407 -6.10053825 -3.01526356 -8.97857761]]
0
[[-4.65509224 -4.55921936 -3.97789431 -8.304286  ]]
2
FAIL
0/5
