[[ -7.63237143  -0.92525542 -11.63645935  -7.53835583]]
1
[[ -8.06733894  -1.19324124 -13.75610542  -6.30238628]]
1
[[ -8.51198769  -8.1354351  -12.49101257  -6.94353008]]
3
[[ -8.06733894  -1.19324124 -13.75610542  -6.30238628]]
1
[[ -8.51198769  -8.1354351  -12.49101257  -6.94353008]]
3
[[ -8.06733894  -1.19324124 -13.75610542  -6.30238628]]
1
[[ -8.51198769  -8.1354351  -12.49101257  -6.94353008]]
3
[[ -8.06733894  -1.19324124 -13.75610542  -6.30238628]]
1
[[ -8.51198769  -8.1354351  -12.49101257  -6.94353008]]
3
[[ -8.06733894  -1.19324124 -13.75610542  -6.30238628]]
1
[[ -8.51198769  -8.1354351  -12.49101257  -6.94353008]]
3
[[ -8.06733894  -1.19324124 -13.75610542  -6.30238628]]
1
[[ -8.51198769  -8.1354351  -12.49101257  -6.94353008]]
3
[[ -8.06733894  -1.19324124 -13.75610542  -6.30238628]]
1
[[ -8.51198769  -8.1354351  -12.49101257  -6.94353008]]
3
[[ -8.06733894  -1.19324124 -13.75610542  -6.30238628]]
1
[[ -8.51198769  -8.1354351  -12.49101257  -6.94353008]]
3
[[ -8.06733894  -1.19324124 -13.75610542  -6.30238628]]
1
[[ -8.51198769  -8.1354351  -12.49101257  -6.94353008]]
3
[[ -8.06733894  -1.19324124 -13.75610542  -6.30238628]]
1
[[ -8.51198769  -8.1354351  -12.49101257  -6.94353008]]
3
[[ -8.06733894  -1.19324124 -13.75610542  -6.30238628]]
1
[[ -8.51198769  -8.1354351  -12.49101257  -6.94353008]]
3
[[ -8.06733894  -1.19324124 -13.75610542  -6.30238628]]
1
[[ -8.51198769  -8.1354351  -12.49101257  -6.94353008]]
3
[[ -8.06733894  -1.19324124 -13.75610542  -6.30238628]]
1
[[ -8.51198769  -8.1354351  -12.49101257  -6.94353008]]
3
[[ -8.06733894  -1.19324124 -13.75610542  -6.30238628]]
1
[[ -8.51198769  -8.1354351  -12.49101257  -6.94353008]]
3
[[ -8.06733894  -1.19324124 -13.75610542  -6.30238628]]
1
[[ -8.51198769  -8.1354351  -12.49101257  -6.94353008]]
3
[[ -8.06733894  -1.19324124 -13.75610542  -6.30238628]]
1
[[ -8.51198769  -8.1354351  -12.49101257  -6.94353008]]
3
[[ -8.06733894  -1.19324124 -13.75610542  -6.30238628]]
1
[[ -8.51198769  -8.1354351  -12.49101257  -6.94353008]]
3
[[ -8.06733894  -1.19324124 -13.75610542  -6.30238628]]
1
[[ -8.51198769  -8.1354351  -12.49101257  -6.94353008]]
3
[[ -8.06733894  -1.19324124 -13.75610542  -6.30238628]]
1
[[ -8.51198769  -8.1354351  -12.49101257  -6.94353008]]
3
[[ -8.06733894  -1.19324124 -13.75610542  -6.30238628]]
1
[[ -8.51198769  -8.1354351  -12.49101257  -6.94353008]]
3
[[ -8.06733894  -1.19324124 -13.75610542  -6.30238628]]
1
[[ -8.51198769  -8.1354351  -12.49101257  -6.94353008]]
3
[[ -8.06733894  -1.19324124 -13.75610542  -6.30238628]]
1
[[ -8.51198769  -8.1354351  -12.49101257  -6.94353008]]
3
[[ -8.06733894  -1.19324124 -13.75610542  -6.30238628]]
1
[[ -8.51198769  -8.1354351  -12.49101257  -6.94353008]]
3
[[ -8.06733894  -1.19324124 -13.75610542  -6.30238628]]
1
[[ -8.51198769  -8.1354351  -12.49101257  -6.94353008]]
3
[[ -8.06733894  -1.19324124 -13.75610542  -6.30238628]]
1
[[ -8.51198769  -8.1354351  -12.49101257  -6.94353008]]
3
[[ -8.06733894  -1.19324124 -13.75610542  -6.30238628]]
1
[[ -8.51198769  -8.1354351  -12.49101257  -6.94353008]]
3
[[ -8.06733894  -1.19324124 -13.75610542  -6.30238628]]
1
[[ -8.51198769  -8.1354351  -12.49101257  -6.94353008]]
3
[[ -8.06733894  -1.19324124 -13.75610542  -6.30238628]]
1
[[ -8.51198769  -8.1354351  -12.49101257  -6.94353008]]
3
[[ -8.06733894  -1.19324124 -13.75610542  -6.30238628]]
1
[[ -8.51198769  -8.1354351  -12.49101257  -6.94353008]]
3
[[ -8.06733894  -1.19324124 -13.75610542  -6.30238628]]
1
[[ -8.51198769  -8.1354351  -12.49101257  -6.94353008]]
3
[[ -8.06733894  -1.19324124 -13.75610542  -6.30238628]]
1
[[ -8.51198769  -8.1354351  -12.49101257  -6.94353008]]
3
[[ -8.06733894  -1.19324124 -13.75610542  -6.30238628]]
1
[[ -8.51198769  -8.1354351  -12.49101257  -6.94353008]]
3
[[ -8.06733894  -1.19324124 -13.75610542  -6.30238628]]
1
[[ -8.51198769  -8.1354351  -12.49101257  -6.94353008]]
3
[[ -8.06733894  -1.19324124 -13.75610542  -6.30238628]]
1
[[ -8.51198769  -8.1354351  -12.49101257  -6.94353008]]
3
[[ -8.06733894  -1.19324124 -13.75610542  -6.30238628]]
1
[[ -8.51198769  -8.1354351  -12.49101257  -6.94353008]]
3
[[ -8.06733894  -1.19324124 -13.75610542  -6.30238628]]
1
[[ -8.51198769  -8.1354351  -12.49101257  -6.94353008]]
3
[[ -8.06733894  -1.19324124 -13.75610542  -6.30238628]]
1
[[ -8.51198769  -8.1354351  -12.49101257  -6.94353008]]
3
[[ -8.06733894  -1.19324124 -13.75610542  -6.30238628]]
1
[[ -8.51198769  -8.1354351  -12.49101257  -6.94353008]]
3
[[ -8.06733894  -1.19324124 -13.75610542  -6.30238628]]
1
[[ -8.51198769  -8.1354351  -12.49101257  -6.94353008]]
3
[[ -8.06733894  -1.19324124 -13.75610542  -6.30238628]]
1
[[ -8.51198769  -8.1354351  -12.49101257  -6.94353008]]
3
[[ -8.06733894  -1.19324124 -13.75610542  -6.30238628]]
1
[[ -8.51198769  -8.1354351  -12.49101257  -6.94353008]]
3
[[ -8.06733894  -1.19324124 -13.75610542  -6.30238628]]
1
[[ -8.51198769  -8.1354351  -12.49101257  -6.94353008]]
3
[[ -8.06733894  -1.19324124 -13.75610542  -6.30238628]]
1
[[ -8.51198769  -8.1354351  -12.49101257  -6.94353008]]
3
[[ -8.06733894  -1.19324124 -13.75610542  -6.30238628]]
1
[[ -8.51198769  -8.1354351  -12.49101257  -6.94353008]]
3
[[ -8.06733894  -1.19324124 -13.75610542  -6.30238628]]
1
[[ -8.51198769  -8.1354351  -12.49101257  -6.94353008]]
3
[[ -8.06733894  -1.19324124 -13.75610542  -6.30238628]]
1
[[ -8.51198769  -8.1354351  -12.49101257  -6.94353008]]
3
[[ -8.06733894  -1.19324124 -13.75610542  -6.30238628]]
1
[[ -8.51198769  -8.1354351  -12.49101257  -6.94353008]]
3
[[ -8.06733894  -1.19324124 -13.75610542  -6.30238628]]
1
[[ -8.51198769  -8.1354351  -12.49101257  -6.94353008]]
3
[[ -8.06733894  -1.19324124 -13.75610542  -6.30238628]]
1
[[ -8.51198769  -8.1354351  -12.49101257  -6.94353008]]
3
[[ -8.06733894  -1.19324124 -13.75610542  -6.30238628]]
1
[[ -8.51198769  -8.1354351  -12.49101257  -6.94353008]]
3
FAIL
0/8
