[[-4.22641611 -6.73348475 -4.43378258 -7.88006401]]
0
[[-4.39081812 -4.26577806 -3.67045999 -8.14683628]]
2
[[-4.22641611 -6.73348475 -4.43378258 -7.88006401]]
0
[[-4.39081812 -4.26577806 -3.67045999 -8.14683628]]
2
[[-4.22641611 -6.73348475 -4.43378258 -7.88006401]]
0
[[-4.39081812 -4.26577806 -3.67045999 -8.14683628]]
2
[[-4.22641611 -6.73348475 -4.43378258 -7.88006401]]
0
[[-4.39081812 -4.26577806 -3.67045999 -8.14683628]]
2
[[-4.22641611 -6.73348475 -4.43378258 -7.88006401]]
0
[[-4.39081812 -4.26577806 -3.67045999 -8.14683628]]
2
[[-4.22641611 -6.73348475 -4.43378258 -7.88006401]]
0
[[-4.39081812 -4.26577806 -3.67045999 -8.14683628]]
2
[[-4.22641611 -6.73348475 -4.43378258 -7.88006401]]
0
[[-4.39081812 -4.26577806 -3.67045999 -8.14683628]]
2
[[-4.22641611 -6.73348475 -4.43378258 -7.88006401]]
0
[[-4.39081812 -4.26577806 -3.67045999 -8.14683628]]
2
[[-4.22641611 -6.73348475 -4.43378258 -7.88006401]]
0
[[-4.39081812 -4.26577806 -3.67045999 -8.14683628]]
2
[[-4.22641611 -6.73348475 -4.43378258 -7.88006401]]
0
[[-4.39081812 -4.26577806 -3.67045999 -8.14683628]]
2
[[-4.22641611 -6.73348475 -4.43378258 -7.88006401]]
0
[[-4.39081812 -4.26577806 -3.67045999 -8.14683628]]
2
[[-4.22641611 -6.73348475 -4.43378258 -7.88006401]]
0
[[-4.39081812 -4.26577806 -3.67045999 -8.14683628]]
2
[[-4.22641611 -6.73348475 -4.43378258 -7.88006401]]
0
[[-4.39081812 -4.26577806 -3.67045999 -8.14683628]]
2
[[-4.22641611 -6.73348475 -4.43378258 -7.88006401]]
0
[[-4.39081812 -4.26577806 -3.67045999 -8.14683628]]
2
[[-4.22641611 -6.73348475 -4.43378258 -7.88006401]]
0
[[-4.39081812 -4.26577806 -3.67045999 -8.14683628]]
2
[[-4.22641611 -6.73348475 -4.43378258 -7.88006401]]
0
[[-4.39081812 -4.26577806 -3.67045999 -8.14683628]]
2
[[-4.22641611 -6.73348475 -4.43378258 -7.88006401]]
0
[[-4.39081812 -4.26577806 -3.67045999 -8.14683628]]
2
[[-4.22641611 -6.73348475 -4.43378258 -7.88006401]]
0
[[-4.39081812 -4.26577806 -3.67045999 -8.14683628]]
2
[[-4.22641611 -6.73348475 -4.43378258 -7.88006401]]
0
[[-4.39081812 -4.26577806 -3.67045999 -8.14683628]]
2
[[-4.22641611 -6.73348475 -4.43378258 -7.88006401]]
0
[[-4.39081812 -4.26577806 -3.67045999 -8.14683628]]
2
[[-4.22641611 -6.73348475 -4.43378258 -7.88006401]]
0
[[-4.39081812 -4.26577806 -3.67045999 -8.14683628]]
2
[[-4.22641611 -6.73348475 -4.43378258 -7.88006401]]
0
[[-4.39081812 -4.26577806 -3.67045999 -8.14683628]]
2
[[-4.22641611 -6.73348475 -4.43378258 -7.88006401]]
0
[[-4.39081812 -4.26577806 -3.67045999 -8.14683628]]
2
[[-4.22641611 -6.73348475 -4.43378258 -7.88006401]]
0
[[-4.39081812 -4.26577806 -3.67045999 -8.14683628]]
2
[[-4.22641611 -6.73348475 -4.43378258 -7.88006401]]
0
[[-4.39081812 -4.26577806 -3.67045999 -8.14683628]]
2
[[-4.22641611 -6.73348475 -4.43378258 -7.88006401]]
0
[[-4.39081812 -4.26577806 -3.67045999 -8.14683628]]
2
[[-4.22641611 -6.73348475 -4.43378258 -7.88006401]]
0
[[-4.39081812 -4.26577806 -3.67045999 -8.14683628]]
2
[[-4.22641611 -6.73348475 -4.43378258 -7.88006401]]
0
[[-4.39081812 -4.26577806 -3.67045999 -8.14683628]]
2
[[-4.22641611 -6.73348475 -4.43378258 -7.88006401]]
0
[[-4.39081812 -4.26577806 -3.67045999 -8.14683628]]
2
[[-4.22641611 -6.73348475 -4.43378258 -7.88006401]]
0
[[-4.39081812 -4.26577806 -3.67045999 -8.14683628]]
2
[[-4.22641611 -6.73348475 -4.43378258 -7.88006401]]
0
[[-4.39081812 -4.26577806 -3.67045999 -8.14683628]]
2
[[-4.22641611 -6.73348475 -4.43378258 -7.88006401]]
0
[[-4.39081812 -4.26577806 -3.67045999 -8.14683628]]
2
[[-4.22641611 -6.73348475 -4.43378258 -7.88006401]]
0
[[-4.39081812 -4.26577806 -3.67045999 -8.14683628]]
2
[[-4.22641611 -6.73348475 -4.43378258 -7.88006401]]
0
[[-4.39081812 -4.26577806 -3.67045999 -8.14683628]]
2
[[-4.22641611 -6.73348475 -4.43378258 -7.88006401]]
0
[[-4.39081812 -4.26577806 -3.67045999 -8.14683628]]
2
[[-4.22641611 -6.73348475 -4.43378258 -7.88006401]]
0
[[-4.39081812 -4.26577806 -3.67045999 -8.14683628]]
2
[[-4.22641611 -6.73348475 -4.43378258 -7.88006401]]
0
[[-4.39081812 -4.26577806 -3.67045999 -8.14683628]]
2
[[-4.22641611 -6.73348475 -4.43378258 -7.88006401]]
0
[[-4.39081812 -4.26577806 -3.67045999 -8.14683628]]
2
[[-4.22641611 -6.73348475 -4.43378258 -7.88006401]]
0
[[-4.39081812 -4.26577806 -3.67045999 -8.14683628]]
2
[[-4.22641611 -6.73348475 -4.43378258 -7.88006401]]
0
[[-4.39081812 -4.26577806 -3.67045999 -8.14683628]]
2
[[-4.22641611 -6.73348475 -4.43378258 -7.88006401]]
0
[[-4.39081812 -4.26577806 -3.67045999 -8.14683628]]
2
[[-4.22641611 -6.73348475 -4.43378258 -7.88006401]]
0
[[-4.39081812 -4.26577806 -3.67045999 -8.14683628]]
2
[[-4.22641611 -6.73348475 -4.43378258 -7.88006401]]
0
[[-4.39081812 -4.26577806 -3.67045999 -8.14683628]]
2
[[-4.22641611 -6.73348475 -4.43378258 -7.88006401]]
0
[[-4.39081812 -4.26577806 -3.67045999 -8.14683628]]
2
[[-4.22641611 -6.73348475 -4.43378258 -7.88006401]]
0
[[-4.39081812 -4.26577806 -3.67045999 -8.14683628]]
2
[[-4.22641611 -6.73348475 -4.43378258 -7.88006401]]
0
[[-4.39081812 -4.26577806 -3.67045999 -8.14683628]]
2
[[-4.22641611 -6.73348475 -4.43378258 -7.88006401]]
0
[[-4.39081812 -4.26577806 -3.67045999 -8.14683628]]
2
[[-4.22641611 -6.73348475 -4.43378258 -7.88006401]]
0
[[-4.39081812 -4.26577806 -3.67045999 -8.14683628]]
2
[[-4.22641611 -6.73348475 -4.43378258 -7.88006401]]
0
[[-4.39081812 -4.26577806 -3.67045999 -8.14683628]]
2
[[-4.22641611 -6.73348475 -4.43378258 -7.88006401]]
0
[[-4.39081812 -4.26577806 -3.67045999 -8.14683628]]
2
[[-4.22641611 -6.73348475 -4.43378258 -7.88006401]]
0
FAIL
1/5
