[[-2.47728634 -2.010427   -2.67661476 -3.3229835 ]]
1
[[-5.38256454 -3.18573427 -3.27996254 -3.16680264]]
3
[[-2.47728634 -2.010427   -2.67661476 -3.3229835 ]]
1
[[-5.38256454 -3.18573427 -3.27996254 -3.16680264]]
3
[[-2.47728634 -2.010427   -2.67661476 -3.3229835 ]]
1
[[-5.38256454 -3.18573427 -3.27996254 -3.16680264]]
3
[[-2.47728634 -2.010427   -2.67661476 -3.3229835 ]]
1
[[-5.38256454 -3.18573427 -3.27996254 -3.16680264]]
3
[[-2.47728634 -2.010427   -2.67661476 -3.3229835 ]]
1
[[-5.38256454 -3.18573427 -3.27996254 -3.16680264]]
3
[[-2.47728634 -2.010427   -2.67661476 -3.3229835 ]]
1
[[-5.38256454 -3.18573427 -3.27996254 -3.16680264]]
3
[[-2.47728634 -2.010427   -2.67661476 -3.3229835 ]]
1
[[-5.38256454 -3.18573427 -3.27996254 -3.16680264]]
3
[[-2.47728634 -2.010427   -2.67661476 -3.3229835 ]]
1
[[-5.38256454 -3.18573427 -3.27996254 -3.16680264]]
3
[[-2.47728634 -2.010427   -2.67661476 -3.3229835 ]]
1
[[-5.38256454 -3.18573427 -3.27996254 -3.16680264]]
3
[[-2.47728634 -2.010427   -2.67661476 -3.3229835 ]]
1
[[-5.38256454 -3.18573427 -3.27996254 -3.16680264]]
3
[[-2.47728634 -2.010427   -2.67661476 -3.3229835 ]]
1
[[-5.38256454 -3.18573427 -3.27996254 -3.16680264]]
3
[[-2.47728634 -2.010427   -2.67661476 -3.3229835 ]]
1
[[-5.38256454 -3.18573427 -3.27996254 -3.16680264]]
3
[[-2.47728634 -2.010427   -2.67661476 -3.3229835 ]]
1
[[-5.38256454 -3.18573427 -3.27996254 -3.16680264]]
3
[[-2.47728634 -2.010427   -2.67661476 -3.3229835 ]]
1
[[-5.38256454 -3.18573427 -3.27996254 -3.16680264]]
3
[[-2.47728634 -2.010427   -2.67661476 -3.3229835 ]]
1
[[-5.38256454 -3.18573427 -3.27996254 -3.16680264]]
3
[[-2.47728634 -2.010427   -2.67661476 -3.3229835 ]]
1
[[-5.38256454 -3.18573427 -3.27996254 -3.16680264]]
3
[[-2.47728634 -2.010427   -2.67661476 -3.3229835 ]]
1
[[-5.38256454 -3.18573427 -3.27996254 -3.16680264]]
3
[[-2.47728634 -2.010427   -2.67661476 -3.3229835 ]]
1
[[-5.38256454 -3.18573427 -3.27996254 -3.16680264]]
3
[[-2.47728634 -2.010427   -2.67661476 -3.3229835 ]]
1
[[-5.38256454 -3.18573427 -3.27996254 -3.16680264]]
3
[[-2.47728634 -2.010427   -2.67661476 -3.3229835 ]]
1
[[-5.38256454 -3.18573427 -3.27996254 -3.16680264]]
3
[[-2.47728634 -2.010427   -2.67661476 -3.3229835 ]]
1
[[-5.38256454 -3.18573427 -3.27996254 -3.16680264]]
3
[[-2.47728634 -2.010427   -2.67661476 -3.3229835 ]]
1
[[-5.38256454 -3.18573427 -3.27996254 -3.16680264]]
3
[[-2.47728634 -2.010427   -2.67661476 -3.3229835 ]]
1
[[-5.38256454 -3.18573427 -3.27996254 -3.16680264]]
3
[[-2.47728634 -2.010427   -2.67661476 -3.3229835 ]]
1
[[-5.38256454 -3.18573427 -3.27996254 -3.16680264]]
3
[[-2.47728634 -2.010427   -2.67661476 -3.3229835 ]]
1
[[-5.38256454 -3.18573427 -3.27996254 -3.16680264]]
3
[[-2.47728634 -2.010427   -2.67661476 -3.3229835 ]]
1
[[-5.38256454 -3.18573427 -3.27996254 -3.16680264]]
3
[[-2.47728634 -2.010427   -2.67661476 -3.3229835 ]]
1
[[-5.38256454 -3.18573427 -3.27996254 -3.16680264]]
3
[[-2.47728634 -2.010427   -2.67661476 -3.3229835 ]]
1
[[-5.38256454 -3.18573427 -3.27996254 -3.16680264]]
3
[[-2.47728634 -2.010427   -2.67661476 -3.3229835 ]]
1
[[-5.38256454 -3.18573427 -3.27996254 -3.16680264]]
3
[[-2.47728634 -2.010427   -2.67661476 -3.3229835 ]]
1
[[-5.38256454 -3.18573427 -3.27996254 -3.16680264]]
3
[[-2.47728634 -2.010427   -2.67661476 -3.3229835 ]]
1
[[-5.38256454 -3.18573427 -3.27996254 -3.16680264]]
3
[[-2.47728634 -2.010427   -2.67661476 -3.3229835 ]]
1
[[-5.38256454 -3.18573427 -3.27996254 -3.16680264]]
3
[[-2.47728634 -2.010427   -2.67661476 -3.3229835 ]]
1
[[-5.38256454 -3.18573427 -3.27996254 -3.16680264]]
3
[[-2.47728634 -2.010427   -2.67661476 -3.3229835 ]]
1
[[-5.38256454 -3.18573427 -3.27996254 -3.16680264]]
3
[[-2.47728634 -2.010427   -2.67661476 -3.3229835 ]]
1
[[-5.38256454 -3.18573427 -3.27996254 -3.16680264]]
3
[[-2.47728634 -2.010427   -2.67661476 -3.3229835 ]]
1
[[-5.38256454 -3.18573427 -3.27996254 -3.16680264]]
3
[[-2.47728634 -2.010427   -2.67661476 -3.3229835 ]]
1
[[-5.38256454 -3.18573427 -3.27996254 -3.16680264]]
3
[[-2.47728634 -2.010427   -2.67661476 -3.3229835 ]]
1
[[-5.38256454 -3.18573427 -3.27996254 -3.16680264]]
3
[[-2.47728634 -2.010427   -2.67661476 -3.3229835 ]]
1
[[-5.38256454 -3.18573427 -3.27996254 -3.16680264]]
3
[[-2.47728634 -2.010427   -2.67661476 -3.3229835 ]]
1
[[-5.38256454 -3.18573427 -3.27996254 -3.16680264]]
3
[[-2.47728634 -2.010427   -2.67661476 -3.3229835 ]]
1
[[-5.38256454 -3.18573427 -3.27996254 -3.16680264]]
3
[[-2.47728634 -2.010427   -2.67661476 -3.3229835 ]]
1
[[-5.38256454 -3.18573427 -3.27996254 -3.16680264]]
3
[[-2.47728634 -2.010427   -2.67661476 -3.3229835 ]]
1
[[-5.38256454 -3.18573427 -3.27996254 -3.16680264]]
3
[[-2.47728634 -2.010427   -2.67661476 -3.3229835 ]]
1
[[-5.38256454 -3.18573427 -3.27996254 -3.16680264]]
3
[[-2.47728634 -2.010427   -2.67661476 -3.3229835 ]]
1
[[-5.38256454 -3.18573427 -3.27996254 -3.16680264]]
3
[[-2.47728634 -2.010427   -2.67661476 -3.3229835 ]]
1
[[-5.38256454 -3.18573427 -3.27996254 -3.16680264]]
3
[[-2.47728634 -2.010427   -2.67661476 -3.3229835 ]]
1
[[-5.38256454 -3.18573427 -3.27996254 -3.16680264]]
3
[[-2.47728634 -2.010427   -2.67661476 -3.3229835 ]]
1
[[-5.38256454 -3.18573427 -3.27996254 -3.16680264]]
3
[[-2.47728634 -2.010427   -2.67661476 -3.3229835 ]]
1
[[-5.38256454 -3.18573427 -3.27996254 -3.16680264]]
3
[[-2.47728634 -2.010427   -2.67661476 -3.3229835 ]]
1
[[-5.38256454 -3.18573427 -3.27996254 -3.16680264]]
3
[[-2.47728634 -2.010427   -2.67661476 -3.3229835 ]]
1
FAIL
0/2
