[[-2.65226269 -2.22745776 -2.83695126 -3.44812965]]
1
[[-5.53509617 -3.38934517 -3.42010021 -3.2697072 ]]
3
[[-2.65226269 -2.22745776 -2.83695126 -3.44812965]]
1
[[-5.53509617 -3.38934517 -3.42010021 -3.2697072 ]]
3
[[-2.65226269 -2.22745776 -2.83695126 -3.44812965]]
1
[[-5.53509617 -3.38934517 -3.42010021 -3.2697072 ]]
3
[[-2.65226269 -2.22745776 -2.83695126 -3.44812965]]
1
[[-5.53509617 -3.38934517 -3.42010021 -3.2697072 ]]
3
[[-2.65226269 -2.22745776 -2.83695126 -3.44812965]]
1
[[-5.53509617 -3.38934517 -3.42010021 -3.2697072 ]]
3
[[-2.65226269 -2.22745776 -2.83695126 -3.44812965]]
1
[[-5.53509617 -3.38934517 -3.42010021 -3.2697072 ]]
3
[[-2.65226269 -2.22745776 -2.83695126 -3.44812965]]
1
[[-5.53509617 -3.38934517 -3.42010021 -3.2697072 ]]
3
[[-2.65226269 -2.22745776 -2.83695126 -3.44812965]]
1
[[-5.53509617 -3.38934517 -3.42010021 -3.2697072 ]]
3
[[-2.65226269 -2.22745776 -2.83695126 -3.44812965]]
1
[[-5.53509617 -3.38934517 -3.42010021 -3.2697072 ]]
3
[[-2.65226269 -2.22745776 -2.83695126 -3.44812965]]
1
[[-5.53509617 -3.38934517 -3.42010021 -3.2697072 ]]
3
[[-2.65226269 -2.22745776 -2.83695126 -3.44812965]]
1
[[-5.53509617 -3.38934517 -3.42010021 -3.2697072 ]]
3
[[-2.65226269 -2.22745776 -2.83695126 -3.44812965]]
1
[[-5.53509617 -3.38934517 -3.42010021 -3.2697072 ]]
3
[[-2.65226269 -2.22745776 -2.83695126 -3.44812965]]
1
[[-5.53509617 -3.38934517 -3.42010021 -3.2697072 ]]
3
[[-2.65226269 -2.22745776 -2.83695126 -3.44812965]]
1
[[-5.53509617 -3.38934517 -3.42010021 -3.2697072 ]]
3
[[-2.65226269 -2.22745776 -2.83695126 -3.44812965]]
1
[[-5.53509617 -3.38934517 -3.42010021 -3.2697072 ]]
3
[[-2.65226269 -2.22745776 -2.83695126 -3.44812965]]
1
[[-5.53509617 -3.38934517 -3.42010021 -3.2697072 ]]
3
[[-2.65226269 -2.22745776 -2.83695126 -3.44812965]]
1
[[-5.53509617 -3.38934517 -3.42010021 -3.2697072 ]]
3
[[-2.65226269 -2.22745776 -2.83695126 -3.44812965]]
1
[[-5.53509617 -3.38934517 -3.42010021 -3.2697072 ]]
3
[[-2.65226269 -2.22745776 -2.83695126 -3.44812965]]
1
[[-5.53509617 -3.38934517 -3.42010021 -3.2697072 ]]
3
[[-2.65226269 -2.22745776 -2.83695126 -3.44812965]]
1
[[-5.53509617 -3.38934517 -3.42010021 -3.2697072 ]]
3
[[-2.65226269 -2.22745776 -2.83695126 -3.44812965]]
1
[[-5.53509617 -3.38934517 -3.42010021 -3.2697072 ]]
3
[[-2.65226269 -2.22745776 -2.83695126 -3.44812965]]
1
[[-5.53509617 -3.38934517 -3.42010021 -3.2697072 ]]
3
[[-2.65226269 -2.22745776 -2.83695126 -3.44812965]]
1
[[-5.53509617 -3.38934517 -3.42010021 -3.2697072 ]]
3
[[-2.65226269 -2.22745776 -2.83695126 -3.44812965]]
1
[[-5.53509617 -3.38934517 -3.42010021 -3.2697072 ]]
3
[[-2.65226269 -2.22745776 -2.83695126 -3.44812965]]
1
[[-5.53509617 -3.38934517 -3.42010021 -3.2697072 ]]
3
[[-2.65226269 -2.22745776 -2.83695126 -3.44812965]]
1
[[-5.53509617 -3.38934517 -3.42010021 -3.2697072 ]]
3
[[-2.65226269 -2.22745776 -2.83695126 -3.44812965]]
1
[[-5.53509617 -3.38934517 -3.42010021 -3.2697072 ]]
3
[[-2.65226269 -2.22745776 -2.83695126 -3.44812965]]
1
[[-5.53509617 -3.38934517 -3.42010021 -3.2697072 ]]
3
[[-2.65226269 -2.22745776 -2.83695126 -3.44812965]]
1
[[-5.53509617 -3.38934517 -3.42010021 -3.2697072 ]]
3
[[-2.65226269 -2.22745776 -2.83695126 -3.44812965]]
1
[[-5.53509617 -3.38934517 -3.42010021 -3.2697072 ]]
3
[[-2.65226269 -2.22745776 -2.83695126 -3.44812965]]
1
[[-5.53509617 -3.38934517 -3.42010021 -3.2697072 ]]
3
[[-2.65226269 -2.22745776 -2.83695126 -3.44812965]]
1
[[-5.53509617 -3.38934517 -3.42010021 -3.2697072 ]]
3
[[-2.65226269 -2.22745776 -2.83695126 -3.44812965]]
1
[[-5.53509617 -3.38934517 -3.42010021 -3.2697072 ]]
3
[[-2.65226269 -2.22745776 -2.83695126 -3.44812965]]
1
[[-5.53509617 -3.38934517 -3.42010021 -3.2697072 ]]
3
[[-2.65226269 -2.22745776 -2.83695126 -3.44812965]]
1
[[-5.53509617 -3.38934517 -3.42010021 -3.2697072 ]]
3
[[-2.65226269 -2.22745776 -2.83695126 -3.44812965]]
1
[[-5.53509617 -3.38934517 -3.42010021 -3.2697072 ]]
3
[[-2.65226269 -2.22745776 -2.83695126 -3.44812965]]
1
[[-5.53509617 -3.38934517 -3.42010021 -3.2697072 ]]
3
[[-2.65226269 -2.22745776 -2.83695126 -3.44812965]]
1
[[-5.53509617 -3.38934517 -3.42010021 -3.2697072 ]]
3
[[-2.65226269 -2.22745776 -2.83695126 -3.44812965]]
1
[[-5.53509617 -3.38934517 -3.42010021 -3.2697072 ]]
3
[[-2.65226269 -2.22745776 -2.83695126 -3.44812965]]
1
[[-5.53509617 -3.38934517 -3.42010021 -3.2697072 ]]
3
[[-2.65226269 -2.22745776 -2.83695126 -3.44812965]]
1
[[-5.53509617 -3.38934517 -3.42010021 -3.2697072 ]]
3
[[-2.65226269 -2.22745776 -2.83695126 -3.44812965]]
1
[[-5.53509617 -3.38934517 -3.42010021 -3.2697072 ]]
3
[[-2.65226269 -2.22745776 -2.83695126 -3.44812965]]
1
[[-5.53509617 -3.38934517 -3.42010021 -3.2697072 ]]
3
[[-2.65226269 -2.22745776 -2.83695126 -3.44812965]]
1
[[-5.53509617 -3.38934517 -3.42010021 -3.2697072 ]]
3
[[-2.65226269 -2.22745776 -2.83695126 -3.44812965]]
1
[[-5.53509617 -3.38934517 -3.42010021 -3.2697072 ]]
3
[[-2.65226269 -2.22745776 -2.83695126 -3.44812965]]
1
[[-5.53509617 -3.38934517 -3.42010021 -3.2697072 ]]
3
[[-2.65226269 -2.22745776 -2.83695126 -3.44812965]]
1
[[-5.53509617 -3.38934517 -3.42010021 -3.2697072 ]]
3
[[-2.65226269 -2.22745776 -2.83695126 -3.44812965]]
1
[[-5.53509617 -3.38934517 -3.42010021 -3.2697072 ]]
3
[[-2.65226269 -2.22745776 -2.83695126 -3.44812965]]
1
[[-5.53509617 -3.38934517 -3.42010021 -3.2697072 ]]
3
[[-2.65226269 -2.22745776 -2.83695126 -3.44812965]]
1
[[-5.53509617 -3.38934517 -3.42010021 -3.2697072 ]]
3
[[-2.65226269 -2.22745776 -2.83695126 -3.44812965]]
1
FAIL
0/2
