[[-2.82624054 -2.4449985  -3.00099015 -3.57744884]]
1
[[-5.6797967  -3.57943583 -3.54817486 -3.37094879]]
3
[[-2.82624054 -2.4449985  -3.00099015 -3.57744884]]
1
[[-5.6797967  -3.57943583 -3.54817486 -3.37094879]]
3
[[-2.82624054 -2.4449985  -3.00099015 -3.57744884]]
1
[[-5.6797967  -3.57943583 -3.54817486 -3.37094879]]
3
[[-2.82624054 -2.4449985  -3.00099015 -3.57744884]]
1
[[-5.6797967  -3.57943583 -3.54817486 -3.37094879]]
3
[[-2.82624054 -2.4449985  -3.00099015 -3.57744884]]
1
[[-5.6797967  -3.57943583 -3.54817486 -3.37094879]]
3
[[-2.82624054 -2.4449985  -3.00099015 -3.57744884]]
1
[[-5.6797967  -3.57943583 -3.54817486 -3.37094879]]
3
[[-2.82624054 -2.4449985  -3.00099015 -3.57744884]]
1
[[-5.6797967  -3.57943583 -3.54817486 -3.37094879]]
3
[[-2.82624054 -2.4449985  -3.00099015 -3.57744884]]
1
[[-5.6797967  -3.57943583 -3.54817486 -3.37094879]]
3
[[-2.82624054 -2.4449985  -3.00099015 -3.57744884]]
1
[[-5.6797967  -3.57943583 -3.54817486 -3.37094879]]
3
[[-2.82624054 -2.4449985  -3.00099015 -3.57744884]]
1
[[-5.6797967  -3.57943583 -3.54817486 -3.37094879]]
3
[[-2.82624054 -2.4449985  -3.00099015 -3.57744884]]
1
[[-5.6797967  -3.57943583 -3.54817486 -3.37094879]]
3
[[-2.82624054 -2.4449985  -3.00099015 -3.57744884]]
1
[[-5.6797967  -3.57943583 -3.54817486 -3.37094879]]
3
[[-2.82624054 -2.4449985  -3.00099015 -3.57744884]]
1
[[-5.6797967  -3.57943583 -3.54817486 -3.37094879]]
3
[[-2.82624054 -2.4449985  -3.00099015 -3.57744884]]
1
[[-5.6797967  -3.57943583 -3.54817486 -3.37094879]]
3
[[-2.82624054 -2.4449985  -3.00099015 -3.57744884]]
1
[[-5.6797967  -3.57943583 -3.54817486 -3.37094879]]
3
[[-2.82624054 -2.4449985  -3.00099015 -3.57744884]]
1
[[-5.6797967  -3.57943583 -3.54817486 -3.37094879]]
3
[[-2.82624054 -2.4449985  -3.00099015 -3.57744884]]
1
[[-5.6797967  -3.57943583 -3.54817486 -3.37094879]]
3
[[-2.82624054 -2.4449985  -3.00099015 -3.57744884]]
1
[[-5.6797967  -3.57943583 -3.54817486 -3.37094879]]
3
[[-2.82624054 -2.4449985  -3.00099015 -3.57744884]]
1
[[-5.6797967  -3.57943583 -3.54817486 -3.37094879]]
3
[[-2.82624054 -2.4449985  -3.00099015 -3.57744884]]
1
[[-5.6797967  -3.57943583 -3.54817486 -3.37094879]]
3
[[-2.82624054 -2.4449985  -3.00099015 -3.57744884]]
1
[[-5.6797967  -3.57943583 -3.54817486 -3.37094879]]
3
[[-2.82624054 -2.4449985  -3.00099015 -3.57744884]]
1
[[-5.6797967  -3.57943583 -3.54817486 -3.37094879]]
3
[[-2.82624054 -2.4449985  -3.00099015 -3.57744884]]
1
[[-5.6797967  -3.57943583 -3.54817486 -3.37094879]]
3
[[-2.82624054 -2.4449985  -3.00099015 -3.57744884]]
1
[[-5.6797967  -3.57943583 -3.54817486 -3.37094879]]
3
[[-2.82624054 -2.4449985  -3.00099015 -3.57744884]]
1
[[-5.6797967  -3.57943583 -3.54817486 -3.37094879]]
3
[[-2.82624054 -2.4449985  -3.00099015 -3.57744884]]
1
[[-5.6797967  -3.57943583 -3.54817486 -3.37094879]]
3
[[-2.82624054 -2.4449985  -3.00099015 -3.57744884]]
1
[[-5.6797967  -3.57943583 -3.54817486 -3.37094879]]
3
[[-2.82624054 -2.4449985  -3.00099015 -3.57744884]]
1
[[-5.6797967  -3.57943583 -3.54817486 -3.37094879]]
3
[[-2.82624054 -2.4449985  -3.00099015 -3.57744884]]
1
[[-5.6797967  -3.57943583 -3.54817486 -3.37094879]]
3
[[-2.82624054 -2.4449985  -3.00099015 -3.57744884]]
1
[[-5.6797967  -3.57943583 -3.54817486 -3.37094879]]
3
[[-2.82624054 -2.4449985  -3.00099015 -3.57744884]]
1
[[-5.6797967  -3.57943583 -3.54817486 -3.37094879]]
3
[[-2.82624054 -2.4449985  -3.00099015 -3.57744884]]
1
[[-5.6797967  -3.57943583 -3.54817486 -3.37094879]]
3
[[-2.82624054 -2.4449985  -3.00099015 -3.57744884]]
1
[[-5.6797967  -3.57943583 -3.54817486 -3.37094879]]
3
[[-2.82624054 -2.4449985  -3.00099015 -3.57744884]]
1
[[-5.6797967  -3.57943583 -3.54817486 -3.37094879]]
3
[[-2.82624054 -2.4449985  -3.00099015 -3.57744884]]
1
[[-5.6797967  -3.57943583 -3.54817486 -3.37094879]]
3
[[-2.82624054 -2.4449985  -3.00099015 -3.57744884]]
1
[[-5.6797967  -3.57943583 -3.54817486 -3.37094879]]
3
[[-2.82624054 -2.4449985  -3.00099015 -3.57744884]]
1
[[-5.6797967  -3.57943583 -3.54817486 -3.37094879]]
3
[[-2.82624054 -2.4449985  -3.00099015 -3.57744884]]
1
[[-5.6797967  -3.57943583 -3.54817486 -3.37094879]]
3
[[-2.82624054 -2.4449985  -3.00099015 -3.57744884]]
1
[[-5.6797967  -3.57943583 -3.54817486 -3.37094879]]
3
[[-2.82624054 -2.4449985  -3.00099015 -3.57744884]]
1
[[-5.6797967  -3.57943583 -3.54817486 -3.37094879]]
3
[[-2.82624054 -2.4449985  -3.00099015 -3.57744884]]
1
[[-5.6797967  -3.57943583 -3.54817486 -3.37094879]]
3
[[-2.82624054 -2.4449985  -3.00099015 -3.57744884]]
1
[[-5.6797967  -3.57943583 -3.54817486 -3.37094879]]
3
[[-2.82624054 -2.4449985  -3.00099015 -3.57744884]]
1
[[-5.6797967  -3.57943583 -3.54817486 -3.37094879]]
3
[[-2.82624054 -2.4449985  -3.00099015 -3.57744884]]
1
[[-5.6797967  -3.57943583 -3.54817486 -3.37094879]]
3
[[-2.82624054 -2.4449985  -3.00099015 -3.57744884]]
1
[[-5.6797967  -3.57943583 -3.54817486 -3.37094879]]
3
[[-2.82624054 -2.4449985  -3.00099015 -3.57744884]]
1
[[-5.6797967  -3.57943583 -3.54817486 -3.37094879]]
3
[[-2.82624054 -2.4449985  -3.00099015 -3.57744884]]
1
[[-5.6797967  -3.57943583 -3.54817486 -3.37094879]]
3
[[-2.82624054 -2.4449985  -3.00099015 -3.57744884]]
1
[[-5.6797967  -3.57943583 -3.54817486 -3.37094879]]
3
[[-2.82624054 -2.4449985  -3.00099015 -3.57744884]]
1
[[-5.6797967  -3.57943583 -3.54817486 -3.37094879]]
3
[[-2.82624054 -2.4449985  -3.00099015 -3.57744884]]
1
[[-5.6797967  -3.57943583 -3.54817486 -3.37094879]]
3
[[-2.82624054 -2.4449985  -3.00099015 -3.57744884]]
1
FAIL
0/2
