[[-2.99454594 -2.65651321 -3.16085029 -3.69863629]]
1
[[-5.7988472  -3.73585176 -3.65165758 -3.44828701]]
3
[[-2.99454594 -2.65651321 -3.16085029 -3.69863629]]
1
[[-5.7988472  -3.73585176 -3.65165758 -3.44828701]]
3
[[-2.99454594 -2.65651321 -3.16085029 -3.69863629]]
1
[[-5.7988472  -3.73585176 -3.65165758 -3.44828701]]
3
[[-2.99454594 -2.65651321 -3.16085029 -3.69863629]]
1
[[-5.7988472  -3.73585176 -3.65165758 -3.44828701]]
3
[[-2.99454594 -2.65651321 -3.16085029 -3.69863629]]
1
[[-5.7988472  -3.73585176 -3.65165758 -3.44828701]]
3
[[-2.99454594 -2.65651321 -3.16085029 -3.69863629]]
1
[[-5.7988472  -3.73585176 -3.65165758 -3.44828701]]
3
[[-2.99454594 -2.65651321 -3.16085029 -3.69863629]]
1
[[-5.7988472  -3.73585176 -3.65165758 -3.44828701]]
3
[[-2.99454594 -2.65651321 -3.16085029 -3.69863629]]
1
[[-5.7988472  -3.73585176 -3.65165758 -3.44828701]]
3
[[-2.99454594 -2.65651321 -3.16085029 -3.69863629]]
1
[[-5.7988472  -3.73585176 -3.65165758 -3.44828701]]
3
[[-2.99454594 -2.65651321 -3.16085029 -3.69863629]]
1
[[-5.7988472  -3.73585176 -3.65165758 -3.44828701]]
3
[[-2.99454594 -2.65651321 -3.16085029 -3.69863629]]
1
[[-5.7988472  -3.73585176 -3.65165758 -3.44828701]]
3
[[-2.99454594 -2.65651321 -3.16085029 -3.69863629]]
1
[[-5.7988472  -3.73585176 -3.65165758 -3.44828701]]
3
[[-2.99454594 -2.65651321 -3.16085029 -3.69863629]]
1
[[-5.7988472  -3.73585176 -3.65165758 -3.44828701]]
3
[[-2.99454594 -2.65651321 -3.16085029 -3.69863629]]
1
[[-5.7988472  -3.73585176 -3.65165758 -3.44828701]]
3
[[-2.99454594 -2.65651321 -3.16085029 -3.69863629]]
1
[[-5.7988472  -3.73585176 -3.65165758 -3.44828701]]
3
[[-2.99454594 -2.65651321 -3.16085029 -3.69863629]]
1
[[-5.7988472  -3.73585176 -3.65165758 -3.44828701]]
3
[[-2.99454594 -2.65651321 -3.16085029 -3.69863629]]
1
[[-5.7988472  -3.73585176 -3.65165758 -3.44828701]]
3
[[-2.99454594 -2.65651321 -3.16085029 -3.69863629]]
1
[[-5.7988472  -3.73585176 -3.65165758 -3.44828701]]
3
[[-2.99454594 -2.65651321 -3.16085029 -3.69863629]]
1
[[-5.7988472  -3.73585176 -3.65165758 -3.44828701]]
3
[[-2.99454594 -2.65651321 -3.16085029 -3.69863629]]
1
[[-5.7988472  -3.73585176 -3.65165758 -3.44828701]]
3
[[-2.99454594 -2.65651321 -3.16085029 -3.69863629]]
1
[[-5.7988472  -3.73585176 -3.65165758 -3.44828701]]
3
[[-2.99454594 -2.65651321 -3.16085029 -3.69863629]]
1
[[-5.7988472  -3.73585176 -3.65165758 -3.44828701]]
3
[[-2.99454594 -2.65651321 -3.16085029 -3.69863629]]
1
[[-5.7988472  -3.73585176 -3.65165758 -3.44828701]]
3
[[-2.99454594 -2.65651321 -3.16085029 -3.69863629]]
1
[[-5.7988472  -3.73585176 -3.65165758 -3.44828701]]
3
[[-2.99454594 -2.65651321 -3.16085029 -3.69863629]]
1
[[-5.7988472  -3.73585176 -3.65165758 -3.44828701]]
3
[[-2.99454594 -2.65651321 -3.16085029 -3.69863629]]
1
[[-5.7988472  -3.73585176 -3.65165758 -3.44828701]]
3
[[-2.99454594 -2.65651321 -3.16085029 -3.69863629]]
1
[[-5.7988472  -3.73585176 -3.65165758 -3.44828701]]
3
[[-2.99454594 -2.65651321 -3.16085029 -3.69863629]]
1
[[-5.7988472  -3.73585176 -3.65165758 -3.44828701]]
3
[[-2.99454594 -2.65651321 -3.16085029 -3.69863629]]
1
[[-5.7988472  -3.73585176 -3.65165758 -3.44828701]]
3
[[-2.99454594 -2.65651321 -3.16085029 -3.69863629]]
1
[[-5.7988472  -3.73585176 -3.65165758 -3.44828701]]
3
[[-2.99454594 -2.65651321 -3.16085029 -3.69863629]]
1
[[-5.7988472  -3.73585176 -3.65165758 -3.44828701]]
3
[[-2.99454594 -2.65651321 -3.16085029 -3.69863629]]
1
[[-5.7988472  -3.73585176 -3.65165758 -3.44828701]]
3
[[-2.99454594 -2.65651321 -3.16085029 -3.69863629]]
1
[[-5.7988472  -3.73585176 -3.65165758 -3.44828701]]
3
[[-2.99454594 -2.65651321 -3.16085029 -3.69863629]]
1
[[-5.7988472  -3.73585176 -3.65165758 -3.44828701]]
3
[[-2.99454594 -2.65651321 -3.16085029 -3.69863629]]
1
[[-5.7988472  -3.73585176 -3.65165758 -3.44828701]]
3
[[-2.99454594 -2.65651321 -3.16085029 -3.69863629]]
1
[[-5.7988472  -3.73585176 -3.65165758 -3.44828701]]
3
[[-2.99454594 -2.65651321 -3.16085029 -3.69863629]]
1
[[-5.7988472  -3.73585176 -3.65165758 -3.44828701]]
3
[[-2.99454594 -2.65651321 -3.16085029 -3.69863629]]
1
[[-5.7988472  -3.73585176 -3.65165758 -3.44828701]]
3
[[-2.99454594 -2.65651321 -3.16085029 -3.69863629]]
1
[[-5.7988472  -3.73585176 -3.65165758 -3.44828701]]
3
[[-2.99454594 -2.65651321 -3.16085029 -3.69863629]]
1
[[-5.7988472  -3.73585176 -3.65165758 -3.44828701]]
3
[[-2.99454594 -2.65651321 -3.16085029 -3.69863629]]
1
[[-5.7988472  -3.73585176 -3.65165758 -3.44828701]]
3
[[-2.99454594 -2.65651321 -3.16085029 -3.69863629]]
1
[[-5.7988472  -3.73585176 -3.65165758 -3.44828701]]
3
[[-2.99454594 -2.65651321 -3.16085029 -3.69863629]]
1
[[-5.7988472  -3.73585176 -3.65165758 -3.44828701]]
3
[[-2.99454594 -2.65651321 -3.16085029 -3.69863629]]
1
[[-5.7988472  -3.73585176 -3.65165758 -3.44828701]]
3
[[-2.99454594 -2.65651321 -3.16085029 -3.69863629]]
1
[[-5.7988472  -3.73585176 -3.65165758 -3.44828701]]
3
[[-2.99454594 -2.65651321 -3.16085029 -3.69863629]]
1
[[-5.7988472  -3.73585176 -3.65165758 -3.44828701]]
3
[[-2.99454594 -2.65651321 -3.16085029 -3.69863629]]
1
[[-5.7988472  -3.73585176 -3.65165758 -3.44828701]]
3
[[-2.99454594 -2.65651321 -3.16085029 -3.69863629]]
1
[[-5.7988472  -3.73585176 -3.65165758 -3.44828701]]
3
[[-2.99454594 -2.65651321 -3.16085029 -3.69863629]]
1
[[-5.7988472  -3.73585176 -3.65165758 -3.44828701]]
3
[[-2.99454594 -2.65651321 -3.16085029 -3.69863629]]
1
[[-5.7988472  -3.73585176 -3.65165758 -3.44828701]]
3
[[-2.99454594 -2.65651321 -3.16085029 -3.69863629]]
1
FAIL
0/2
