[[-3.14320064 -2.85113215 -3.3084228  -3.80721545]]
1
[[-5.91147518 -3.88314223 -3.75416231 -3.52361155]]
3
[[-3.14320064 -2.85113215 -3.3084228  -3.80721545]]
1
[[-5.91147518 -3.88314223 -3.75416231 -3.52361155]]
3
[[-3.14320064 -2.85113215 -3.3084228  -3.80721545]]
1
[[-5.91147518 -3.88314223 -3.75416231 -3.52361155]]
3
[[-3.14320064 -2.85113215 -3.3084228  -3.80721545]]
1
[[-5.91147518 -3.88314223 -3.75416231 -3.52361155]]
3
[[-3.14320064 -2.85113215 -3.3084228  -3.80721545]]
1
[[-5.91147518 -3.88314223 -3.75416231 -3.52361155]]
3
[[-3.14320064 -2.85113215 -3.3084228  -3.80721545]]
1
[[-5.91147518 -3.88314223 -3.75416231 -3.52361155]]
3
[[-3.14320064 -2.85113215 -3.3084228  -3.80721545]]
1
[[-5.91147518 -3.88314223 -3.75416231 -3.52361155]]
3
[[-3.14320064 -2.85113215 -3.3084228  -3.80721545]]
1
[[-5.91147518 -3.88314223 -3.75416231 -3.52361155]]
3
[[-3.14320064 -2.85113215 -3.3084228  -3.80721545]]
1
[[-5.91147518 -3.88314223 -3.75416231 -3.52361155]]
3
[[-3.14320064 -2.85113215 -3.3084228  -3.80721545]]
1
[[-5.91147518 -3.88314223 -3.75416231 -3.52361155]]
3
[[-3.14320064 -2.85113215 -3.3084228  -3.80721545]]
1
[[-5.91147518 -3.88314223 -3.75416231 -3.52361155]]
3
[[-3.14320064 -2.85113215 -3.3084228  -3.80721545]]
1
[[-5.91147518 -3.88314223 -3.75416231 -3.52361155]]
3
[[-3.14320064 -2.85113215 -3.3084228  -3.80721545]]
1
[[-5.91147518 -3.88314223 -3.75416231 -3.52361155]]
3
[[-3.14320064 -2.85113215 -3.3084228  -3.80721545]]
1
[[-5.91147518 -3.88314223 -3.75416231 -3.52361155]]
3
[[-3.14320064 -2.85113215 -3.3084228  -3.80721545]]
1
[[-5.91147518 -3.88314223 -3.75416231 -3.52361155]]
3
[[-3.14320064 -2.85113215 -3.3084228  -3.80721545]]
1
[[-5.91147518 -3.88314223 -3.75416231 -3.52361155]]
3
[[-3.14320064 -2.85113215 -3.3084228  -3.80721545]]
1
[[-5.91147518 -3.88314223 -3.75416231 -3.52361155]]
3
[[-3.14320064 -2.85113215 -3.3084228  -3.80721545]]
1
[[-5.91147518 -3.88314223 -3.75416231 -3.52361155]]
3
[[-3.14320064 -2.85113215 -3.3084228  -3.80721545]]
1
[[-5.91147518 -3.88314223 -3.75416231 -3.52361155]]
3
[[-3.14320064 -2.85113215 -3.3084228  -3.80721545]]
1
[[-5.91147518 -3.88314223 -3.75416231 -3.52361155]]
3
[[-3.14320064 -2.85113215 -3.3084228  -3.80721545]]
1
[[-5.91147518 -3.88314223 -3.75416231 -3.52361155]]
3
[[-3.14320064 -2.85113215 -3.3084228  -3.80721545]]
1
[[-5.91147518 -3.88314223 -3.75416231 -3.52361155]]
3
[[-3.14320064 -2.85113215 -3.3084228  -3.80721545]]
1
[[-5.91147518 -3.88314223 -3.75416231 -3.52361155]]
3
[[-3.14320064 -2.85113215 -3.3084228  -3.80721545]]
1
[[-5.91147518 -3.88314223 -3.75416231 -3.52361155]]
3
[[-3.14320064 -2.85113215 -3.3084228  -3.80721545]]
1
[[-5.91147518 -3.88314223 -3.75416231 -3.52361155]]
3
[[-3.14320064 -2.85113215 -3.3084228  -3.80721545]]
1
[[-5.91147518 -3.88314223 -3.75416231 -3.52361155]]
3
[[-3.14320064 -2.85113215 -3.3084228  -3.80721545]]
1
[[-5.91147518 -3.88314223 -3.75416231 -3.52361155]]
3
[[-3.14320064 -2.85113215 -3.3084228  -3.80721545]]
1
[[-5.91147518 -3.88314223 -3.75416231 -3.52361155]]
3
[[-3.14320064 -2.85113215 -3.3084228  -3.80721545]]
1
[[-5.91147518 -3.88314223 -3.75416231 -3.52361155]]
3
[[-3.14320064 -2.85113215 -3.3084228  -3.80721545]]
1
[[-5.91147518 -3.88314223 -3.75416231 -3.52361155]]
3
[[-3.14320064 -2.85113215 -3.3084228  -3.80721545]]
1
[[-5.91147518 -3.88314223 -3.75416231 -3.52361155]]
3
[[-3.14320064 -2.85113215 -3.3084228  -3.80721545]]
1
[[-5.91147518 -3.88314223 -3.75416231 -3.52361155]]
3
[[-3.14320064 -2.85113215 -3.3084228  -3.80721545]]
1
[[-5.91147518 -3.88314223 -3.75416231 -3.52361155]]
3
[[-3.14320064 -2.85113215 -3.3084228  -3.80721545]]
1
[[-5.91147518 -3.88314223 -3.75416231 -3.52361155]]
3
[[-3.14320064 -2.85113215 -3.3084228  -3.80721545]]
1
[[-5.91147518 -3.88314223 -3.75416231 -3.52361155]]
3
[[-3.14320064 -2.85113215 -3.3084228  -3.80721545]]
1
[[-5.91147518 -3.88314223 -3.75416231 -3.52361155]]
3
[[-3.14320064 -2.85113215 -3.3084228  -3.80721545]]
1
[[-5.91147518 -3.88314223 -3.75416231 -3.52361155]]
3
[[-3.14320064 -2.85113215 -3.3084228  -3.80721545]]
1
[[-5.91147518 -3.88314223 -3.75416231 -3.52361155]]
3
[[-3.14320064 -2.85113215 -3.3084228  -3.80721545]]
1
[[-5.91147518 -3.88314223 -3.75416231 -3.52361155]]
3
[[-3.14320064 -2.85113215 -3.3084228  -3.80721545]]
1
[[-5.91147518 -3.88314223 -3.75416231 -3.52361155]]
3
[[-3.14320064 -2.85113215 -3.3084228  -3.80721545]]
1
[[-5.91147518 -3.88314223 -3.75416231 -3.52361155]]
3
[[-3.14320064 -2.85113215 -3.3084228  -3.80721545]]
1
[[-5.91147518 -3.88314223 -3.75416231 -3.52361155]]
3
[[-3.14320064 -2.85113215 -3.3084228  -3.80721545]]
1
[[-5.91147518 -3.88314223 -3.75416231 -3.52361155]]
3
[[-3.14320064 -2.85113215 -3.3084228  -3.80721545]]
1
[[-5.91147518 -3.88314223 -3.75416231 -3.52361155]]
3
[[-3.14320064 -2.85113215 -3.3084228  -3.80721545]]
1
[[-5.91147518 -3.88314223 -3.75416231 -3.52361155]]
3
[[-3.14320064 -2.85113215 -3.3084228  -3.80721545]]
1
[[-5.91147518 -3.88314223 -3.75416231 -3.52361155]]
3
[[-3.14320064 -2.85113215 -3.3084228  -3.80721545]]
1
[[-5.91147518 -3.88314223 -3.75416231 -3.52361155]]
3
[[-3.14320064 -2.85113215 -3.3084228  -3.80721545]]
1
[[-5.91147518 -3.88314223 -3.75416231 -3.52361155]]
3
[[-3.14320064 -2.85113215 -3.3084228  -3.80721545]]
1
[[-5.91147518 -3.88314223 -3.75416231 -3.52361155]]
3
[[-3.14320064 -2.85113215 -3.3084228  -3.80721545]]
1
[[-5.91147518 -3.88314223 -3.75416231 -3.52361155]]
3
[[-3.14320064 -2.85113215 -3.3084228  -3.80721545]]
1
FAIL
0/2
