[[-3.27143121 -3.0043366  -3.43814898 -3.89921188]]
1
[[-6.04119492 -4.04403114 -3.87228727 -3.61377573]]
3
[[-3.27143121 -3.0043366  -3.43814898 -3.89921188]]
1
[[-6.04119492 -4.04403114 -3.87228727 -3.61377573]]
3
[[-3.27143121 -3.0043366  -3.43814898 -3.89921188]]
1
[[-6.04119492 -4.04403114 -3.87228727 -3.61377573]]
3
[[-3.27143121 -3.0043366  -3.43814898 -3.89921188]]
1
[[-6.04119492 -4.04403114 -3.87228727 -3.61377573]]
3
[[-3.27143121 -3.0043366  -3.43814898 -3.89921188]]
1
[[-6.04119492 -4.04403114 -3.87228727 -3.61377573]]
3
[[-3.27143121 -3.0043366  -3.43814898 -3.89921188]]
1
[[-6.04119492 -4.04403114 -3.87228727 -3.61377573]]
3
[[-3.27143121 -3.0043366  -3.43814898 -3.89921188]]
1
[[-6.04119492 -4.04403114 -3.87228727 -3.61377573]]
3
[[-3.27143121 -3.0043366  -3.43814898 -3.89921188]]
1
[[-6.04119492 -4.04403114 -3.87228727 -3.61377573]]
3
[[-3.27143121 -3.0043366  -3.43814898 -3.89921188]]
1
[[-6.04119492 -4.04403114 -3.87228727 -3.61377573]]
3
[[-3.27143121 -3.0043366  -3.43814898 -3.89921188]]
1
[[-6.04119492 -4.04403114 -3.87228727 -3.61377573]]
3
[[-3.27143121 -3.0043366  -3.43814898 -3.89921188]]
1
[[-6.04119492 -4.04403114 -3.87228727 -3.61377573]]
3
[[-3.27143121 -3.0043366  -3.43814898 -3.89921188]]
1
[[-6.04119492 -4.04403114 -3.87228727 -3.61377573]]
3
[[-3.27143121 -3.0043366  -3.43814898 -3.89921188]]
1
[[-6.04119492 -4.04403114 -3.87228727 -3.61377573]]
3
[[-3.27143121 -3.0043366  -3.43814898 -3.89921188]]
1
[[-6.04119492 -4.04403114 -3.87228727 -3.61377573]]
3
[[-3.27143121 -3.0043366  -3.43814898 -3.89921188]]
1
[[-6.04119492 -4.04403114 -3.87228727 -3.61377573]]
3
[[-3.27143121 -3.0043366  -3.43814898 -3.89921188]]
1
[[-6.04119492 -4.04403114 -3.87228727 -3.61377573]]
3
[[-3.27143121 -3.0043366  -3.43814898 -3.89921188]]
1
[[-6.04119492 -4.04403114 -3.87228727 -3.61377573]]
3
[[-3.27143121 -3.0043366  -3.43814898 -3.89921188]]
1
[[-6.04119492 -4.04403114 -3.87228727 -3.61377573]]
3
[[-3.27143121 -3.0043366  -3.43814898 -3.89921188]]
1
[[-6.04119492 -4.04403114 -3.87228727 -3.61377573]]
3
[[-3.27143121 -3.0043366  -3.43814898 -3.89921188]]
1
[[-6.04119492 -4.04403114 -3.87228727 -3.61377573]]
3
[[-3.27143121 -3.0043366  -3.43814898 -3.89921188]]
1
[[-6.04119492 -4.04403114 -3.87228727 -3.61377573]]
3
[[-3.27143121 -3.0043366  -3.43814898 -3.89921188]]
1
[[-6.04119492 -4.04403114 -3.87228727 -3.61377573]]
3
[[-3.27143121 -3.0043366  -3.43814898 -3.89921188]]
1
[[-6.04119492 -4.04403114 -3.87228727 -3.61377573]]
3
[[-3.27143121 -3.0043366  -3.43814898 -3.89921188]]
1
[[-6.04119492 -4.04403114 -3.87228727 -3.61377573]]
3
[[-3.27143121 -3.0043366  -3.43814898 -3.89921188]]
1
[[-6.04119492 -4.04403114 -3.87228727 -3.61377573]]
3
[[-3.27143121 -3.0043366  -3.43814898 -3.89921188]]
1
[[-6.04119492 -4.04403114 -3.87228727 -3.61377573]]
3
[[-3.27143121 -3.0043366  -3.43814898 -3.89921188]]
1
[[-6.04119492 -4.04403114 -3.87228727 -3.61377573]]
3
[[-3.27143121 -3.0043366  -3.43814898 -3.89921188]]
1
[[-6.04119492 -4.04403114 -3.87228727 -3.61377573]]
3
[[-3.27143121 -3.0043366  -3.43814898 -3.89921188]]
1
[[-6.04119492 -4.04403114 -3.87228727 -3.61377573]]
3
[[-3.27143121 -3.0043366  -3.43814898 -3.89921188]]
1
[[-6.04119492 -4.04403114 -3.87228727 -3.61377573]]
3
[[-3.27143121 -3.0043366  -3.43814898 -3.89921188]]
1
[[-6.04119492 -4.04403114 -3.87228727 -3.61377573]]
3
[[-3.27143121 -3.0043366  -3.43814898 -3.89921188]]
1
[[-6.04119492 -4.04403114 -3.87228727 -3.61377573]]
3
[[-3.27143121 -3.0043366  -3.43814898 -3.89921188]]
1
[[-6.04119492 -4.04403114 -3.87228727 -3.61377573]]
3
[[-3.27143121 -3.0043366  -3.43814898 -3.89921188]]
1
[[-6.04119492 -4.04403114 -3.87228727 -3.61377573]]
3
[[-3.27143121 -3.0043366  -3.43814898 -3.89921188]]
1
[[-6.04119492 -4.04403114 -3.87228727 -3.61377573]]
3
[[-3.27143121 -3.0043366  -3.43814898 -3.89921188]]
1
[[-6.04119492 -4.04403114 -3.87228727 -3.61377573]]
3
[[-3.27143121 -3.0043366  -3.43814898 -3.89921188]]
1
[[-6.04119492 -4.04403114 -3.87228727 -3.61377573]]
3
[[-3.27143121 -3.0043366  -3.43814898 -3.89921188]]
1
[[-6.04119492 -4.04403114 -3.87228727 -3.61377573]]
3
[[-3.27143121 -3.0043366  -3.43814898 -3.89921188]]
1
[[-6.04119492 -4.04403114 -3.87228727 -3.61377573]]
3
[[-3.27143121 -3.0043366  -3.43814898 -3.89921188]]
1
[[-6.04119492 -4.04403114 -3.87228727 -3.61377573]]
3
[[-3.27143121 -3.0043366  -3.43814898 -3.89921188]]
1
[[-6.04119492 -4.04403114 -3.87228727 -3.61377573]]
3
[[-3.27143121 -3.0043366  -3.43814898 -3.89921188]]
1
[[-6.04119492 -4.04403114 -3.87228727 -3.61377573]]
3
[[-3.27143121 -3.0043366  -3.43814898 -3.89921188]]
1
[[-6.04119492 -4.04403114 -3.87228727 -3.61377573]]
3
[[-3.27143121 -3.0043366  -3.43814898 -3.89921188]]
1
[[-6.04119492 -4.04403114 -3.87228727 -3.61377573]]
3
[[-3.27143121 -3.0043366  -3.43814898 -3.89921188]]
1
[[-6.04119492 -4.04403114 -3.87228727 -3.61377573]]
3
[[-3.27143121 -3.0043366  -3.43814898 -3.89921188]]
1
[[-6.04119492 -4.04403114 -3.87228727 -3.61377573]]
3
[[-3.27143121 -3.0043366  -3.43814898 -3.89921188]]
1
[[-6.04119492 -4.04403114 -3.87228727 -3.61377573]]
3
[[-3.27143121 -3.0043366  -3.43814898 -3.89921188]]
1
[[-6.04119492 -4.04403114 -3.87228727 -3.61377573]]
3
[[-3.27143121 -3.0043366  -3.43814898 -3.89921188]]
1
[[-6.04119492 -4.04403114 -3.87228727 -3.61377573]]
3
[[-3.27143121 -3.0043366  -3.43814898 -3.89921188]]
1
[[-6.04119492 -4.04403114 -3.87228727 -3.61377573]]
3
[[-3.27143121 -3.0043366  -3.43814898 -3.89921188]]
1
FAIL
0/2
