[[-4.75107145 -4.3377862  -3.89997172 -8.41895008]]
2
[[-2.93642592 -5.88551092 -2.94172764 -9.09066772]]
0
[[-4.75107145 -4.3377862  -3.89997172 -8.41895008]]
2
[[-2.93642592 -5.88551092 -2.94172764 -9.09066772]]
0
[[-4.75107145 -4.3377862  -3.89997172 -8.41895008]]
2
[[-2.93642592 -5.88551092 -2.94172764 -9.09066772]]
0
[[-4.75107145 -4.3377862  -3.89997172 -8.41895008]]
2
[[-2.93642592 -5.88551092 -2.94172764 -9.09066772]]
0
[[-4.75107145 -4.3377862  -3.89997172 -8.41895008]]
2
[[-2.93642592 -5.88551092 -2.94172764 -9.09066772]]
0
[[-4.75107145 -4.3377862  -3.89997172 -8.41895008]]
2
[[-2.93642592 -5.88551092 -2.94172764 -9.09066772]]
0
[[-4.75107145 -4.3377862  -3.89997172 -8.41895008]]
2
[[-2.93642592 -5.88551092 -2.94172764 -9.09066772]]
0
[[-4.75107145 -4.3377862  -3.89997172 -8.41895008]]
2
[[-2.93642592 -5.88551092 -2.94172764 -9.09066772]]
0
[[-4.75107145 -4.3377862  -3.89997172 -8.41895008]]
2
[[-2.93642592 -5.88551092 -2.94172764 -9.09066772]]
0
[[-4.75107145 -4.3377862  -3.89997172 -8.41895008]]
2
[[-2.93642592 -5.88551092 -2.94172764 -9.09066772]]
0
[[-4.75107145 -4.3377862  -3.89997172 -8.41895008]]
2
[[-2.93642592 -5.88551092 -2.94172764 -9.09066772]]
0
[[-4.75107145 -4.3377862  -3.89997172 -8.41895008]]
2
[[-2.93642592 -5.88551092 -2.94172764 -9.09066772]]
0
[[-4.75107145 -4.3377862  -3.89997172 -8.41895008]]
2
[[-2.93642592 -5.88551092 -2.94172764 -9.09066772]]
0
[[-4.75107145 -4.3377862  -3.89997172 -8.41895008]]
2
[[-2.93642592 -5.88551092 -2.94172764 -9.09066772]]
0
[[-4.75107145 -4.3377862  -3.89997172 -8.41895008]]
2
[[-2.93642592 -5.88551092 -2.94172764 -9.09066772]]
0
[[-4.75107145 -4.3377862  -3.89997172 -8.41895008]]
2
[[-2.93642592 -5.88551092 -2.94172764 -9.09066772]]
0
[[-4.75107145 -4.3377862  -3.89997172 -8.41895008]]
2
[[-2.93642592 -5.88551092 -2.94172764 -9.09066772]]
0
[[-4.75107145 -4.3377862  -3.89997172 -8.41895008]]
2
[[-2.93642592 -5.88551092 -2.94172764 -9.09066772]]
0
[[-4.75107145 -4.3377862  -3.89997172 -8.41895008]]
2
[[-2.93642592 -5.88551092 -2.94172764 -9.09066772]]
0
[[-4.75107145 -4.3377862  -3.89997172 -8.41895008]]
2
[[-2.93642592 -5.88551092 -2.94172764 -9.09066772]]
0
[[-4.75107145 -4.3377862  -3.89997172 -8.41895008]]
2
[[-2.93642592 -5.88551092 -2.94172764 -9.09066772]]
0
[[-4.75107145 -4.3377862  -3.89997172 -8.41895008]]
2
[[-2.93642592 -5.88551092 -2.94172764 -9.09066772]]
0
[[-4.75107145 -4.3377862  -3.89997172 -8.41895008]]
2
[[-2.93642592 -5.88551092 -2.94172764 -9.09066772]]
0
[[-4.75107145 -4.3377862  -3.89997172 -8.41895008]]
2
[[-2.93642592 -5.88551092 -2.94172764 -9.09066772]]
0
[[-4.75107145 -4.3377862  -3.89997172 -8.41895008]]
2
[[-2.93642592 -5.88551092 -2.94172764 -9.09066772]]
0
[[-4.75107145 -4.3377862  -3.89997172 -8.41895008]]
2
[[-2.93642592 -5.88551092 -2.94172764 -9.09066772]]
0
[[-4.75107145 -4.3377862  -3.89997172 -8.41895008]]
2
[[-2.93642592 -5.88551092 -2.94172764 -9.09066772]]
0
[[-4.75107145 -4.3377862  -3.89997172 -8.41895008]]
2
[[-2.93642592 -5.88551092 -2.94172764 -9.09066772]]
0
[[-4.75107145 -4.3377862  -3.89997172 -8.41895008]]
2
[[-2.93642592 -5.88551092 -2.94172764 -9.09066772]]
0
[[-4.75107145 -4.3377862  -3.89997172 -8.41895008]]
2
[[-2.93642592 -5.88551092 -2.94172764 -9.09066772]]
0
[[-4.75107145 -4.3377862  -3.89997172 -8.41895008]]
2
[[-2.93642592 -5.88551092 -2.94172764 -9.09066772]]
0
[[-4.75107145 -4.3377862  -3.89997172 -8.41895008]]
2
[[-2.93642592 -5.88551092 -2.94172764 -9.09066772]]
0
[[-4.75107145 -4.3377862  -3.89997172 -8.41895008]]
2
[[-2.93642592 -5.88551092 -2.94172764 -9.09066772]]
0
[[-4.75107145 -4.3377862  -3.89997172 -8.41895008]]
2
[[-2.93642592 -5.88551092 -2.94172764 -9.09066772]]
0
[[-4.75107145 -4.3377862  -3.89997172 -8.41895008]]
2
[[-2.93642592 -5.88551092 -2.94172764 -9.09066772]]
0
[[-4.75107145 -4.3377862  -3.89997172 -8.41895008]]
2
[[-2.93642592 -5.88551092 -2.94172764 -9.09066772]]
0
[[-4.75107145 -4.3377862  -3.89997172 -8.41895008]]
2
[[-2.93642592 -5.88551092 -2.94172764 -9.09066772]]
0
[[-4.75107145 -4.3377862  -3.89997172 -8.41895008]]
2
[[-2.93642592 -5.88551092 -2.94172764 -9.09066772]]
0
[[-4.75107145 -4.3377862  -3.89997172 -8.41895008]]
2
[[-2.93642592 -5.88551092 -2.94172764 -9.09066772]]
0
[[-4.75107145 -4.3377862  -3.89997172 -8.41895008]]
2
[[-2.93642592 -5.88551092 -2.94172764 -9.09066772]]
0
[[-4.75107145 -4.3377862  -3.89997172 -8.41895008]]
2
[[-2.93642592 -5.88551092 -2.94172764 -9.09066772]]
0
[[-4.75107145 -4.3377862  -3.89997172 -8.41895008]]
2
[[-2.93642592 -5.88551092 -2.94172764 -9.09066772]]
0
[[-4.75107145 -4.3377862  -3.89997172 -8.41895008]]
2
[[-2.93642592 -5.88551092 -2.94172764 -9.09066772]]
0
[[-4.75107145 -4.3377862  -3.89997172 -8.41895008]]
2
[[-2.93642592 -5.88551092 -2.94172764 -9.09066772]]
0
[[-4.75107145 -4.3377862  -3.89997172 -8.41895008]]
2
[[-2.93642592 -5.88551092 -2.94172764 -9.09066772]]
0
[[-4.75107145 -4.3377862  -3.89997172 -8.41895008]]
2
[[-2.93642592 -5.88551092 -2.94172764 -9.09066772]]
0
[[-4.75107145 -4.3377862  -3.89997172 -8.41895008]]
2
[[-2.93642592 -5.88551092 -2.94172764 -9.09066772]]
0
[[-4.75107145 -4.3377862  -3.89997172 -8.41895008]]
2
[[-2.93642592 -5.88551092 -2.94172764 -9.09066772]]
0
[[-4.75107145 -4.3377862  -3.89997172 -8.41895008]]
2
[[-2.93642592 -5.88551092 -2.94172764 -9.09066772]]
0
[[-4.75107145 -4.3377862  -3.89997172 -8.41895008]]
2
[[-2.93642592 -5.88551092 -2.94172764 -9.09066772]]
0
[[-4.75107145 -4.3377862  -3.89997172 -8.41895008]]
2
FAIL
0/5
