[[-3.39655852 -3.15226698 -3.56657052 -3.9902854 ]]
1
[[-6.17874527 -4.20788097 -3.99294376 -3.70385194]]
3
[[-3.39655852 -3.15226698 -3.56657052 -3.9902854 ]]
1
[[-6.17874527 -4.20788097 -3.99294376 -3.70385194]]
3
[[-3.39655852 -3.15226698 -3.56657052 -3.9902854 ]]
1
[[-6.17874527 -4.20788097 -3.99294376 -3.70385194]]
3
[[-3.39655852 -3.15226698 -3.56657052 -3.9902854 ]]
1
[[-6.17874527 -4.20788097 -3.99294376 -3.70385194]]
3
[[-3.39655852 -3.15226698 -3.56657052 -3.9902854 ]]
1
[[-6.17874527 -4.20788097 -3.99294376 -3.70385194]]
3
[[-3.39655852 -3.15226698 -3.56657052 -3.9902854 ]]
1
[[-6.17874527 -4.20788097 -3.99294376 -3.70385194]]
3
[[-3.39655852 -3.15226698 -3.56657052 -3.9902854 ]]
1
[[-6.17874527 -4.20788097 -3.99294376 -3.70385194]]
3
[[-3.39655852 -3.15226698 -3.56657052 -3.9902854 ]]
1
[[-6.17874527 -4.20788097 -3.99294376 -3.70385194]]
3
[[-3.39655852 -3.15226698 -3.56657052 -3.9902854 ]]
1
[[-6.17874527 -4.20788097 -3.99294376 -3.70385194]]
3
[[-3.39655852 -3.15226698 -3.56657052 -3.9902854 ]]
1
[[-6.17874527 -4.20788097 -3.99294376 -3.70385194]]
3
[[-3.39655852 -3.15226698 -3.56657052 -3.9902854 ]]
1
[[-6.17874527 -4.20788097 -3.99294376 -3.70385194]]
3
[[-3.39655852 -3.15226698 -3.56657052 -3.9902854 ]]
1
[[-6.17874527 -4.20788097 -3.99294376 -3.70385194]]
3
[[-3.39655852 -3.15226698 -3.56657052 -3.9902854 ]]
1
[[-6.17874527 -4.20788097 -3.99294376 -3.70385194]]
3
[[-3.39655852 -3.15226698 -3.56657052 -3.9902854 ]]
1
[[-6.17874527 -4.20788097 -3.99294376 -3.70385194]]
3
[[-3.39655852 -3.15226698 -3.56657052 -3.9902854 ]]
1
[[-6.17874527 -4.20788097 -3.99294376 -3.70385194]]
3
[[-3.39655852 -3.15226698 -3.56657052 -3.9902854 ]]
1
[[-6.17874527 -4.20788097 -3.99294376 -3.70385194]]
3
[[-3.39655852 -3.15226698 -3.56657052 -3.9902854 ]]
1
[[-6.17874527 -4.20788097 -3.99294376 -3.70385194]]
3
[[-3.39655852 -3.15226698 -3.56657052 -3.9902854 ]]
1
[[-6.17874527 -4.20788097 -3.99294376 -3.70385194]]
3
[[-3.39655852 -3.15226698 -3.56657052 -3.9902854 ]]
1
[[-6.17874527 -4.20788097 -3.99294376 -3.70385194]]
3
[[-3.39655852 -3.15226698 -3.56657052 -3.9902854 ]]
1
[[-6.17874527 -4.20788097 -3.99294376 -3.70385194]]
3
[[-3.39655852 -3.15226698 -3.56657052 -3.9902854 ]]
1
[[-6.17874527 -4.20788097 -3.99294376 -3.70385194]]
3
[[-3.39655852 -3.15226698 -3.56657052 -3.9902854 ]]
1
[[-6.17874527 -4.20788097 -3.99294376 -3.70385194]]
3
[[-3.39655852 -3.15226698 -3.56657052 -3.9902854 ]]
1
[[-6.17874527 -4.20788097 -3.99294376 -3.70385194]]
3
[[-3.39655852 -3.15226698 -3.56657052 -3.9902854 ]]
1
[[-6.17874527 -4.20788097 -3.99294376 -3.70385194]]
3
[[-3.39655852 -3.15226698 -3.56657052 -3.9902854 ]]
1
[[-6.17874527 -4.20788097 -3.99294376 -3.70385194]]
3
[[-3.39655852 -3.15226698 -3.56657052 -3.9902854 ]]
1
[[-6.17874527 -4.20788097 -3.99294376 -3.70385194]]
3
[[-3.39655852 -3.15226698 -3.56657052 -3.9902854 ]]
1
[[-6.17874527 -4.20788097 -3.99294376 -3.70385194]]
3
[[-3.39655852 -3.15226698 -3.56657052 -3.9902854 ]]
1
[[-6.17874527 -4.20788097 -3.99294376 -3.70385194]]
3
[[-3.39655852 -3.15226698 -3.56657052 -3.9902854 ]]
1
[[-6.17874527 -4.20788097 -3.99294376 -3.70385194]]
3
[[-3.39655852 -3.15226698 -3.56657052 -3.9902854 ]]
1
[[-6.17874527 -4.20788097 -3.99294376 -3.70385194]]
3
[[-3.39655852 -3.15226698 -3.56657052 -3.9902854 ]]
1
[[-6.17874527 -4.20788097 -3.99294376 -3.70385194]]
3
[[-3.39655852 -3.15226698 -3.56657052 -3.9902854 ]]
1
[[-6.17874527 -4.20788097 -3.99294376 -3.70385194]]
3
[[-3.39655852 -3.15226698 -3.56657052 -3.9902854 ]]
1
[[-6.17874527 -4.20788097 -3.99294376 -3.70385194]]
3
[[-3.39655852 -3.15226698 -3.56657052 -3.9902854 ]]
1
[[-6.17874527 -4.20788097 -3.99294376 -3.70385194]]
3
[[-3.39655852 -3.15226698 -3.56657052 -3.9902854 ]]
1
[[-6.17874527 -4.20788097 -3.99294376 -3.70385194]]
3
[[-3.39655852 -3.15226698 -3.56657052 -3.9902854 ]]
1
[[-6.17874527 -4.20788097 -3.99294376 -3.70385194]]
3
[[-3.39655852 -3.15226698 -3.56657052 -3.9902854 ]]
1
[[-6.17874527 -4.20788097 -3.99294376 -3.70385194]]
3
[[-3.39655852 -3.15226698 -3.56657052 -3.9902854 ]]
1
[[-6.17874527 -4.20788097 -3.99294376 -3.70385194]]
3
[[-3.39655852 -3.15226698 -3.56657052 -3.9902854 ]]
1
[[-6.17874527 -4.20788097 -3.99294376 -3.70385194]]
3
[[-3.39655852 -3.15226698 -3.56657052 -3.9902854 ]]
1
[[-6.17874527 -4.20788097 -3.99294376 -3.70385194]]
3
[[-3.39655852 -3.15226698 -3.56657052 -3.9902854 ]]
1
[[-6.17874527 -4.20788097 -3.99294376 -3.70385194]]
3
[[-3.39655852 -3.15226698 -3.56657052 -3.9902854 ]]
1
[[-6.17874527 -4.20788097 -3.99294376 -3.70385194]]
3
[[-3.39655852 -3.15226698 -3.56657052 -3.9902854 ]]
1
[[-6.17874527 -4.20788097 -3.99294376 -3.70385194]]
3
[[-3.39655852 -3.15226698 -3.56657052 -3.9902854 ]]
1
[[-6.17874527 -4.20788097 -3.99294376 -3.70385194]]
3
[[-3.39655852 -3.15226698 -3.56657052 -3.9902854 ]]
1
[[-6.17874527 -4.20788097 -3.99294376 -3.70385194]]
3
[[-3.39655852 -3.15226698 -3.56657052 -3.9902854 ]]
1
[[-6.17874527 -4.20788097 -3.99294376 -3.70385194]]
3
[[-3.39655852 -3.15226698 -3.56657052 -3.9902854 ]]
1
[[-6.17874527 -4.20788097 -3.99294376 -3.70385194]]
3
[[-3.39655852 -3.15226698 -3.56657052 -3.9902854 ]]
1
[[-6.17874527 -4.20788097 -3.99294376 -3.70385194]]
3
[[-3.39655852 -3.15226698 -3.56657052 -3.9902854 ]]
1
[[-6.17874527 -4.20788097 -3.99294376 -3.70385194]]
3
[[-3.39655852 -3.15226698 -3.56657052 -3.9902854 ]]
1
[[-6.17874527 -4.20788097 -3.99294376 -3.70385194]]
3
[[-3.39655852 -3.15226698 -3.56657052 -3.9902854 ]]
1
FAIL
0/2
