[[ 25681408.  33364652.  22569616.  31385776.]]
1
[[ 26032642.  26527388.  20947544.  33750820.]]
3
[[ 25681408.  33364652.  22569616.  31385776.]]
1
[[ 26032642.  26527388.  20947544.  33750820.]]
3
[[ 25681408.  33364652.  22569616.  31385776.]]
1
[[ 26032642.  26527388.  20947544.  33750820.]]
3
[[ 25681408.  33364652.  22569616.  31385776.]]
1
[[ 26032642.  26527388.  20947544.  33750820.]]
3
[[ 25681408.  33364652.  22569616.  31385776.]]
1
[[ 26032642.  26527388.  20947544.  33750820.]]
3
[[ 25681408.  33364652.  22569616.  31385776.]]
1
[[ 26032642.  26527388.  20947544.  33750820.]]
3
[[ 25681408.  33364652.  22569616.  31385776.]]
1
[[ 26032642.  26527388.  20947544.  33750820.]]
3
[[ 25681408.  33364652.  22569616.  31385776.]]
1
[[ 26032642.  26527388.  20947544.  33750820.]]
3
[[ 25681408.  33364652.  22569616.  31385776.]]
1
[[ 26032642.  26527388.  20947544.  33750820.]]
3
[[ 25681408.  33364652.  22569616.  31385776.]]
1
[[ 26032642.  26527388.  20947544.  33750820.]]
3
[[ 25681408.  33364652.  22569616.  31385776.]]
1
[[ 26032642.  26527388.  20947544.  33750820.]]
3
[[ 25681408.  33364652.  22569616.  31385776.]]
1
[[ 26032642.  26527388.  20947544.  33750820.]]
3
[[ 25681408.  33364652.  22569616.  31385776.]]
1
[[ 26032642.  26527388.  20947544.  33750820.]]
3
[[ 25681408.  33364652.  22569616.  31385776.]]
1
[[ 26032642.  26527388.  20947544.  33750820.]]
3
[[ 25681408.  33364652.  22569616.  31385776.]]
1
[[ 26032642.  26527388.  20947544.  33750820.]]
3
[[ 25681408.  33364652.  22569616.  31385776.]]
1
[[ 26032642.  26527388.  20947544.  33750820.]]
3
[[ 25681408.  33364652.  22569616.  31385776.]]
1
[[ 26032642.  26527388.  20947544.  33750820.]]
3
[[ 25681408.  33364652.  22569616.  31385776.]]
1
[[ 26032642.  26527388.  20947544.  33750820.]]
3
[[ 25681408.  33364652.  22569616.  31385776.]]
1
[[ 26032642.  26527388.  20947544.  33750820.]]
3
[[ 25681408.  33364652.  22569616.  31385776.]]
1
[[ 26032642.  26527388.  20947544.  33750820.]]
3
[[ 25681408.  33364652.  22569616.  31385776.]]
1
[[ 26032642.  26527388.  20947544.  33750820.]]
3
[[ 25681408.  33364652.  22569616.  31385776.]]
1
[[ 26032642.  26527388.  20947544.  33750820.]]
3
[[ 25681408.  33364652.  22569616.  31385776.]]
1
[[ 26032642.  26527388.  20947544.  33750820.]]
3
[[ 25681408.  33364652.  22569616.  31385776.]]
1
[[ 26032642.  26527388.  20947544.  33750820.]]
3
[[ 25681408.  33364652.  22569616.  31385776.]]
1
[[ 26032642.  26527388.  20947544.  33750820.]]
3
[[ 25681408.  33364652.  22569616.  31385776.]]
1
[[ 26032642.  26527388.  20947544.  33750820.]]
3
[[ 25681408.  33364652.  22569616.  31385776.]]
1
[[ 26032642.  26527388.  20947544.  33750820.]]
3
[[ 25681408.  33364652.  22569616.  31385776.]]
1
[[ 26032642.  26527388.  20947544.  33750820.]]
3
[[ 25681408.  33364652.  22569616.  31385776.]]
1
[[ 26032642.  26527388.  20947544.  33750820.]]
3
[[ 25681408.  33364652.  22569616.  31385776.]]
1
[[ 26032642.  26527388.  20947544.  33750820.]]
3
[[ 25681408.  33364652.  22569616.  31385776.]]
1
[[ 26032642.  26527388.  20947544.  33750820.]]
3
[[ 25681408.  33364652.  22569616.  31385776.]]
1
[[ 26032642.  26527388.  20947544.  33750820.]]
3
[[ 25681408.  33364652.  22569616.  31385776.]]
1
[[ 26032642.  26527388.  20947544.  33750820.]]
3
[[ 25681408.  33364652.  22569616.  31385776.]]
1
[[ 26032642.  26527388.  20947544.  33750820.]]
3
[[ 25681408.  33364652.  22569616.  31385776.]]
1
[[ 26032642.  26527388.  20947544.  33750820.]]
3
[[ 25681408.  33364652.  22569616.  31385776.]]
1
[[ 26032642.  26527388.  20947544.  33750820.]]
3
[[ 25681408.  33364652.  22569616.  31385776.]]
1
[[ 26032642.  26527388.  20947544.  33750820.]]
3
[[ 25681408.  33364652.  22569616.  31385776.]]
1
[[ 26032642.  26527388.  20947544.  33750820.]]
3
[[ 25681408.  33364652.  22569616.  31385776.]]
1
[[ 26032642.  26527388.  20947544.  33750820.]]
3
[[ 25681408.  33364652.  22569616.  31385776.]]
1
[[ 26032642.  26527388.  20947544.  33750820.]]
3
[[ 25681408.  33364652.  22569616.  31385776.]]
1
[[ 26032642.  26527388.  20947544.  33750820.]]
3
[[ 25681408.  33364652.  22569616.  31385776.]]
1
[[ 26032642.  26527388.  20947544.  33750820.]]
3
[[ 25681408.  33364652.  22569616.  31385776.]]
1
[[ 26032642.  26527388.  20947544.  33750820.]]
3
[[ 25681408.  33364652.  22569616.  31385776.]]
1
[[ 26032642.  26527388.  20947544.  33750820.]]
3
[[ 25681408.  33364652.  22569616.  31385776.]]
1
[[ 26032642.  26527388.  20947544.  33750820.]]
3
[[ 25681408.  33364652.  22569616.  31385776.]]
1
[[ 26032642.  26527388.  20947544.  33750820.]]
3
[[ 25681408.  33364652.  22569616.  31385776.]]
1
[[ 26032642.  26527388.  20947544.  33750820.]]
3
[[ 25681408.  33364652.  22569616.  31385776.]]
1
[[ 26032642.  26527388.  20947544.  33750820.]]
3
[[ 25681408.  33364652.  22569616.  31385776.]]
1
[[ 26032642.  26527388.  20947544.  33750820.]]
3
[[ 25681408.  33364652.  22569616.  31385776.]]
1
[[ 26032642.  26527388.  20947544.  33750820.]]
3
[[ 25681408.  33364652.  22569616.  31385776.]]
1
FAIL
0/2
