[[ 4053001. -2615826.  1878537. -6941516.]]
0
[[ 5646960.  3126493.  6235541. -4800780.]]
2
[[ 4053001. -2615826.  1878537. -6941516.]]
0
[[ 5646960.  3126493.  6235541. -4800780.]]
2
[[ 4053001. -2615826.  1878537. -6941516.]]
0
[[ 5646960.  3126493.  6235541. -4800780.]]
2
[[ 4053001. -2615826.  1878537. -6941516.]]
0
[[ 5646960.  3126493.  6235541. -4800780.]]
2
[[ 4053001. -2615826.  1878537. -6941516.]]
0
[[ 5646960.  3126493.  6235541. -4800780.]]
2
[[ 4053001. -2615826.  1878537. -6941516.]]
0
[[ 5646960.  3126493.  6235541. -4800780.]]
2
[[ 4053001. -2615826.  1878537. -6941516.]]
0
[[ 5646960.  3126493.  6235541. -4800780.]]
2
[[ 4053001. -2615826.  1878537. -6941516.]]
0
[[ 5646960.  3126493.  6235541. -4800780.]]
2
[[ 4053001. -2615826.  1878537. -6941516.]]
0
[[ 5646960.  3126493.  6235541. -4800780.]]
2
[[ 4053001. -2615826.  1878537. -6941516.]]
0
[[ 5646960.  3126493.  6235541. -4800780.]]
2
[[ 4053001. -2615826.  1878537. -6941516.]]
0
[[ 5646960.  3126493.  6235541. -4800780.]]
2
[[ 4053001. -2615826.  1878537. -6941516.]]
0
[[ 5646960.  3126493.  6235541. -4800780.]]
2
[[ 4053001. -2615826.  1878537. -6941516.]]
0
[[ 5646960.  3126493.  6235541. -4800780.]]
2
[[ 4053001. -2615826.  1878537. -6941516.]]
0
[[ 5646960.  3126493.  6235541. -4800780.]]
2
[[ 4053001. -2615826.  1878537. -6941516.]]
0
[[ 5646960.  3126493.  6235541. -4800780.]]
2
[[ 4053001. -2615826.  1878537. -6941516.]]
0
[[ 5646960.  3126493.  6235541. -4800780.]]
2
[[ 4053001. -2615826.  1878537. -6941516.]]
0
[[ 5646960.  3126493.  6235541. -4800780.]]
2
[[ 4053001. -2615826.  1878537. -6941516.]]
0
[[ 5646960.  3126493.  6235541. -4800780.]]
2
[[ 4053001. -2615826.  1878537. -6941516.]]
0
[[ 5646960.  3126493.  6235541. -4800780.]]
2
[[ 4053001. -2615826.  1878537. -6941516.]]
0
[[ 5646960.  3126493.  6235541. -4800780.]]
2
[[ 4053001. -2615826.  1878537. -6941516.]]
0
[[ 5646960.  3126493.  6235541. -4800780.]]
2
[[ 4053001. -2615826.  1878537. -6941516.]]
0
[[ 5646960.  3126493.  6235541. -4800780.]]
2
[[ 4053001. -2615826.  1878537. -6941516.]]
0
[[ 5646960.  3126493.  6235541. -4800780.]]
2
[[ 4053001. -2615826.  1878537. -6941516.]]
0
[[ 5646960.  3126493.  6235541. -4800780.]]
2
[[ 4053001. -2615826.  1878537. -6941516.]]
0
[[ 5646960.  3126493.  6235541. -4800780.]]
2
[[ 4053001. -2615826.  1878537. -6941516.]]
0
[[ 5646960.  3126493.  6235541. -4800780.]]
2
[[ 4053001. -2615826.  1878537. -6941516.]]
0
[[ 5646960.  3126493.  6235541. -4800780.]]
2
[[ 4053001. -2615826.  1878537. -6941516.]]
0
[[ 5646960.  3126493.  6235541. -4800780.]]
2
[[ 4053001. -2615826.  1878537. -6941516.]]
0
[[ 5646960.  3126493.  6235541. -4800780.]]
2
[[ 4053001. -2615826.  1878537. -6941516.]]
0
[[ 5646960.  3126493.  6235541. -4800780.]]
2
[[ 4053001. -2615826.  1878537. -6941516.]]
0
[[ 5646960.  3126493.  6235541. -4800780.]]
2
[[ 4053001. -2615826.  1878537. -6941516.]]
0
[[ 5646960.  3126493.  6235541. -4800780.]]
2
[[ 4053001. -2615826.  1878537. -6941516.]]
0
[[ 5646960.  3126493.  6235541. -4800780.]]
2
[[ 4053001. -2615826.  1878537. -6941516.]]
0
[[ 5646960.  3126493.  6235541. -4800780.]]
2
[[ 4053001. -2615826.  1878537. -6941516.]]
0
[[ 5646960.  3126493.  6235541. -4800780.]]
2
[[ 4053001. -2615826.  1878537. -6941516.]]
0
[[ 5646960.  3126493.  6235541. -4800780.]]
2
[[ 4053001. -2615826.  1878537. -6941516.]]
0
[[ 5646960.  3126493.  6235541. -4800780.]]
2
[[ 4053001. -2615826.  1878537. -6941516.]]
0
[[ 5646960.  3126493.  6235541. -4800780.]]
2
[[ 4053001. -2615826.  1878537. -6941516.]]
0
[[ 5646960.  3126493.  6235541. -4800780.]]
2
[[ 4053001. -2615826.  1878537. -6941516.]]
0
[[ 5646960.  3126493.  6235541. -4800780.]]
2
[[ 4053001. -2615826.  1878537. -6941516.]]
0
[[ 5646960.  3126493.  6235541. -4800780.]]
2
[[ 4053001. -2615826.  1878537. -6941516.]]
0
[[ 5646960.  3126493.  6235541. -4800780.]]
2
[[ 4053001. -2615826.  1878537. -6941516.]]
0
[[ 5646960.  3126493.  6235541. -4800780.]]
2
[[ 4053001. -2615826.  1878537. -6941516.]]
0
[[ 5646960.  3126493.  6235541. -4800780.]]
2
[[ 4053001. -2615826.  1878537. -6941516.]]
0
[[ 5646960.  3126493.  6235541. -4800780.]]
2
[[ 4053001. -2615826.  1878537. -6941516.]]
0
[[ 5646960.  3126493.  6235541. -4800780.]]
2
[[ 4053001. -2615826.  1878537. -6941516.]]
0
[[ 5646960.  3126493.  6235541. -4800780.]]
2
[[ 4053001. -2615826.  1878537. -6941516.]]
0
[[ 5646960.  3126493.  6235541. -4800780.]]
2
[[ 4053001. -2615826.  1878537. -6941516.]]
0
[[ 5646960.  3126493.  6235541. -4800780.]]
2
[[ 4053001. -2615826.  1878537. -6941516.]]
0
[[ 5646960.  3126493.  6235541. -4800780.]]
2
[[ 4053001. -2615826.  1878537. -6941516.]]
0
FAIL
1/4
