[[-3.50912833 -3.29091692 -3.68513441 -4.08018017]]
1
[[-6.32942295 -4.37863111 -4.12713528 -3.81093645]]
3
[[-3.50912833 -3.29091692 -3.68513441 -4.08018017]]
1
[[-6.32942295 -4.37863111 -4.12713528 -3.81093645]]
3
[[-3.50912833 -3.29091692 -3.68513441 -4.08018017]]
1
[[-6.32942295 -4.37863111 -4.12713528 -3.81093645]]
3
[[-3.50912833 -3.29091692 -3.68513441 -4.08018017]]
1
[[-6.32942295 -4.37863111 -4.12713528 -3.81093645]]
3
[[-3.50912833 -3.29091692 -3.68513441 -4.08018017]]
1
[[-6.32942295 -4.37863111 -4.12713528 -3.81093645]]
3
[[-3.50912833 -3.29091692 -3.68513441 -4.08018017]]
1
[[-6.32942295 -4.37863111 -4.12713528 -3.81093645]]
3
[[-3.50912833 -3.29091692 -3.68513441 -4.08018017]]
1
[[-6.32942295 -4.37863111 -4.12713528 -3.81093645]]
3
[[-3.50912833 -3.29091692 -3.68513441 -4.08018017]]
1
[[-6.32942295 -4.37863111 -4.12713528 -3.81093645]]
3
[[-3.50912833 -3.29091692 -3.68513441 -4.08018017]]
1
[[-6.32942295 -4.37863111 -4.12713528 -3.81093645]]
3
[[-3.50912833 -3.29091692 -3.68513441 -4.08018017]]
1
[[-6.32942295 -4.37863111 -4.12713528 -3.81093645]]
3
[[-3.50912833 -3.29091692 -3.68513441 -4.08018017]]
1
[[-6.32942295 -4.37863111 -4.12713528 -3.81093645]]
3
[[-3.50912833 -3.29091692 -3.68513441 -4.08018017]]
1
[[-6.32942295 -4.37863111 -4.12713528 -3.81093645]]
3
[[-3.50912833 -3.29091692 -3.68513441 -4.08018017]]
1
[[-6.32942295 -4.37863111 -4.12713528 -3.81093645]]
3
[[-3.50912833 -3.29091692 -3.68513441 -4.08018017]]
1
[[-6.32942295 -4.37863111 -4.12713528 -3.81093645]]
3
[[-3.50912833 -3.29091692 -3.68513441 -4.08018017]]
1
[[-6.32942295 -4.37863111 -4.12713528 -3.81093645]]
3
[[-3.50912833 -3.29091692 -3.68513441 -4.08018017]]
1
[[-6.32942295 -4.37863111 -4.12713528 -3.81093645]]
3
[[-3.50912833 -3.29091692 -3.68513441 -4.08018017]]
1
[[-6.32942295 -4.37863111 -4.12713528 -3.81093645]]
3
[[-3.50912833 -3.29091692 -3.68513441 -4.08018017]]
1
[[-6.32942295 -4.37863111 -4.12713528 -3.81093645]]
3
[[-3.50912833 -3.29091692 -3.68513441 -4.08018017]]
1
[[-6.32942295 -4.37863111 -4.12713528 -3.81093645]]
3
[[-3.50912833 -3.29091692 -3.68513441 -4.08018017]]
1
[[-6.32942295 -4.37863111 -4.12713528 -3.81093645]]
3
[[-3.50912833 -3.29091692 -3.68513441 -4.08018017]]
1
[[-6.32942295 -4.37863111 -4.12713528 -3.81093645]]
3
[[-3.50912833 -3.29091692 -3.68513441 -4.08018017]]
1
[[-6.32942295 -4.37863111 -4.12713528 -3.81093645]]
3
[[-3.50912833 -3.29091692 -3.68513441 -4.08018017]]
1
[[-6.32942295 -4.37863111 -4.12713528 -3.81093645]]
3
[[-3.50912833 -3.29091692 -3.68513441 -4.08018017]]
1
[[-6.32942295 -4.37863111 -4.12713528 -3.81093645]]
3
[[-3.50912833 -3.29091692 -3.68513441 -4.08018017]]
1
[[-6.32942295 -4.37863111 -4.12713528 -3.81093645]]
3
[[-3.50912833 -3.29091692 -3.68513441 -4.08018017]]
1
[[-6.32942295 -4.37863111 -4.12713528 -3.81093645]]
3
[[-3.50912833 -3.29091692 -3.68513441 -4.08018017]]
1
[[-6.32942295 -4.37863111 -4.12713528 -3.81093645]]
3
[[-3.50912833 -3.29091692 -3.68513441 -4.08018017]]
1
[[-6.32942295 -4.37863111 -4.12713528 -3.81093645]]
3
[[-3.50912833 -3.29091692 -3.68513441 -4.08018017]]
1
[[-6.32942295 -4.37863111 -4.12713528 -3.81093645]]
3
[[-3.50912833 -3.29091692 -3.68513441 -4.08018017]]
1
[[-6.32942295 -4.37863111 -4.12713528 -3.81093645]]
3
[[-3.50912833 -3.29091692 -3.68513441 -4.08018017]]
1
[[-6.32942295 -4.37863111 -4.12713528 -3.81093645]]
3
[[-3.50912833 -3.29091692 -3.68513441 -4.08018017]]
1
[[-6.32942295 -4.37863111 -4.12713528 -3.81093645]]
3
[[-3.50912833 -3.29091692 -3.68513441 -4.08018017]]
1
[[-6.32942295 -4.37863111 -4.12713528 -3.81093645]]
3
[[-3.50912833 -3.29091692 -3.68513441 -4.08018017]]
1
[[-6.32942295 -4.37863111 -4.12713528 -3.81093645]]
3
[[-3.50912833 -3.29091692 -3.68513441 -4.08018017]]
1
[[-6.32942295 -4.37863111 -4.12713528 -3.81093645]]
3
[[-3.50912833 -3.29091692 -3.68513441 -4.08018017]]
1
[[-6.32942295 -4.37863111 -4.12713528 -3.81093645]]
3
[[-3.50912833 -3.29091692 -3.68513441 -4.08018017]]
1
[[-6.32942295 -4.37863111 -4.12713528 -3.81093645]]
3
[[-3.50912833 -3.29091692 -3.68513441 -4.08018017]]
1
[[-6.32942295 -4.37863111 -4.12713528 -3.81093645]]
3
[[-3.50912833 -3.29091692 -3.68513441 -4.08018017]]
1
[[-6.32942295 -4.37863111 -4.12713528 -3.81093645]]
3
[[-3.50912833 -3.29091692 -3.68513441 -4.08018017]]
1
[[-6.32942295 -4.37863111 -4.12713528 -3.81093645]]
3
[[-3.50912833 -3.29091692 -3.68513441 -4.08018017]]
1
[[-6.32942295 -4.37863111 -4.12713528 -3.81093645]]
3
[[-3.50912833 -3.29091692 -3.68513441 -4.08018017]]
1
[[-6.32942295 -4.37863111 -4.12713528 -3.81093645]]
3
[[-3.50912833 -3.29091692 -3.68513441 -4.08018017]]
1
[[-6.32942295 -4.37863111 -4.12713528 -3.81093645]]
3
[[-3.50912833 -3.29091692 -3.68513441 -4.08018017]]
1
[[-6.32942295 -4.37863111 -4.12713528 -3.81093645]]
3
[[-3.50912833 -3.29091692 -3.68513441 -4.08018017]]
1
[[-6.32942295 -4.37863111 -4.12713528 -3.81093645]]
3
[[-3.50912833 -3.29091692 -3.68513441 -4.08018017]]
1
[[-6.32942295 -4.37863111 -4.12713528 -3.81093645]]
3
[[-3.50912833 -3.29091692 -3.68513441 -4.08018017]]
1
[[-6.32942295 -4.37863111 -4.12713528 -3.81093645]]
3
[[-3.50912833 -3.29091692 -3.68513441 -4.08018017]]
1
[[-6.32942295 -4.37863111 -4.12713528 -3.81093645]]
3
[[-3.50912833 -3.29091692 -3.68513441 -4.08018017]]
1
[[-6.32942295 -4.37863111 -4.12713528 -3.81093645]]
3
[[-3.50912833 -3.29091692 -3.68513441 -4.08018017]]
1
[[-6.32942295 -4.37863111 -4.12713528 -3.81093645]]
3
[[-3.50912833 -3.29091692 -3.68513441 -4.08018017]]
1
FAIL
0/2
