[[-3.61619115 -3.42820024 -3.80253696 -4.17090321]]
1
[[-6.48177052 -4.55694008 -4.26083612 -3.92180109]]
3
[[-3.61619115 -3.42820024 -3.80253696 -4.17090321]]
1
[[-6.48177052 -4.55694008 -4.26083612 -3.92180109]]
3
[[-3.61619115 -3.42820024 -3.80253696 -4.17090321]]
1
[[-6.48177052 -4.55694008 -4.26083612 -3.92180109]]
3
[[-3.61619115 -3.42820024 -3.80253696 -4.17090321]]
1
[[-6.48177052 -4.55694008 -4.26083612 -3.92180109]]
3
[[-3.61619115 -3.42820024 -3.80253696 -4.17090321]]
1
[[-6.48177052 -4.55694008 -4.26083612 -3.92180109]]
3
[[-3.61619115 -3.42820024 -3.80253696 -4.17090321]]
1
[[-6.48177052 -4.55694008 -4.26083612 -3.92180109]]
3
[[-3.61619115 -3.42820024 -3.80253696 -4.17090321]]
1
[[-6.48177052 -4.55694008 -4.26083612 -3.92180109]]
3
[[-3.61619115 -3.42820024 -3.80253696 -4.17090321]]
1
[[-6.48177052 -4.55694008 -4.26083612 -3.92180109]]
3
[[-3.61619115 -3.42820024 -3.80253696 -4.17090321]]
1
[[-6.48177052 -4.55694008 -4.26083612 -3.92180109]]
3
[[-3.61619115 -3.42820024 -3.80253696 -4.17090321]]
1
[[-6.48177052 -4.55694008 -4.26083612 -3.92180109]]
3
[[-3.61619115 -3.42820024 -3.80253696 -4.17090321]]
1
[[-6.48177052 -4.55694008 -4.26083612 -3.92180109]]
3
[[-3.61619115 -3.42820024 -3.80253696 -4.17090321]]
1
[[-6.48177052 -4.55694008 -4.26083612 -3.92180109]]
3
[[-3.61619115 -3.42820024 -3.80253696 -4.17090321]]
1
[[-6.48177052 -4.55694008 -4.26083612 -3.92180109]]
3
[[-3.61619115 -3.42820024 -3.80253696 -4.17090321]]
1
[[-6.48177052 -4.55694008 -4.26083612 -3.92180109]]
3
[[-3.61619115 -3.42820024 -3.80253696 -4.17090321]]
1
[[-6.48177052 -4.55694008 -4.26083612 -3.92180109]]
3
[[-3.61619115 -3.42820024 -3.80253696 -4.17090321]]
1
[[-6.48177052 -4.55694008 -4.26083612 -3.92180109]]
3
[[-3.61619115 -3.42820024 -3.80253696 -4.17090321]]
1
[[-6.48177052 -4.55694008 -4.26083612 -3.92180109]]
3
[[-3.61619115 -3.42820024 -3.80253696 -4.17090321]]
1
[[-6.48177052 -4.55694008 -4.26083612 -3.92180109]]
3
[[-3.61619115 -3.42820024 -3.80253696 -4.17090321]]
1
[[-6.48177052 -4.55694008 -4.26083612 -3.92180109]]
3
[[-3.61619115 -3.42820024 -3.80253696 -4.17090321]]
1
[[-6.48177052 -4.55694008 -4.26083612 -3.92180109]]
3
[[-3.61619115 -3.42820024 -3.80253696 -4.17090321]]
1
[[-6.48177052 -4.55694008 -4.26083612 -3.92180109]]
3
[[-3.61619115 -3.42820024 -3.80253696 -4.17090321]]
1
[[-6.48177052 -4.55694008 -4.26083612 -3.92180109]]
3
[[-3.61619115 -3.42820024 -3.80253696 -4.17090321]]
1
[[-6.48177052 -4.55694008 -4.26083612 -3.92180109]]
3
[[-3.61619115 -3.42820024 -3.80253696 -4.17090321]]
1
[[-6.48177052 -4.55694008 -4.26083612 -3.92180109]]
3
[[-3.61619115 -3.42820024 -3.80253696 -4.17090321]]
1
[[-6.48177052 -4.55694008 -4.26083612 -3.92180109]]
3
[[-3.61619115 -3.42820024 -3.80253696 -4.17090321]]
1
[[-6.48177052 -4.55694008 -4.26083612 -3.92180109]]
3
[[-3.61619115 -3.42820024 -3.80253696 -4.17090321]]
1
[[-6.48177052 -4.55694008 -4.26083612 -3.92180109]]
3
[[-3.61619115 -3.42820024 -3.80253696 -4.17090321]]
1
[[-6.48177052 -4.55694008 -4.26083612 -3.92180109]]
3
[[-3.61619115 -3.42820024 -3.80253696 -4.17090321]]
1
[[-6.48177052 -4.55694008 -4.26083612 -3.92180109]]
3
[[-3.61619115 -3.42820024 -3.80253696 -4.17090321]]
1
[[-6.48177052 -4.55694008 -4.26083612 -3.92180109]]
3
[[-3.61619115 -3.42820024 -3.80253696 -4.17090321]]
1
[[-6.48177052 -4.55694008 -4.26083612 -3.92180109]]
3
[[-3.61619115 -3.42820024 -3.80253696 -4.17090321]]
1
[[-6.48177052 -4.55694008 -4.26083612 -3.92180109]]
3
[[-3.61619115 -3.42820024 -3.80253696 -4.17090321]]
1
[[-6.48177052 -4.55694008 -4.26083612 -3.92180109]]
3
[[-3.61619115 -3.42820024 -3.80253696 -4.17090321]]
1
[[-6.48177052 -4.55694008 -4.26083612 -3.92180109]]
3
[[-3.61619115 -3.42820024 -3.80253696 -4.17090321]]
1
[[-6.48177052 -4.55694008 -4.26083612 -3.92180109]]
3
[[-3.61619115 -3.42820024 -3.80253696 -4.17090321]]
1
[[-6.48177052 -4.55694008 -4.26083612 -3.92180109]]
3
[[-3.61619115 -3.42820024 -3.80253696 -4.17090321]]
1
[[-6.48177052 -4.55694008 -4.26083612 -3.92180109]]
3
[[-3.61619115 -3.42820024 -3.80253696 -4.17090321]]
1
[[-6.48177052 -4.55694008 -4.26083612 -3.92180109]]
3
[[-3.61619115 -3.42820024 -3.80253696 -4.17090321]]
1
[[-6.48177052 -4.55694008 -4.26083612 -3.92180109]]
3
[[-3.61619115 -3.42820024 -3.80253696 -4.17090321]]
1
[[-6.48177052 -4.55694008 -4.26083612 -3.92180109]]
3
[[-3.61619115 -3.42820024 -3.80253696 -4.17090321]]
1
[[-6.48177052 -4.55694008 -4.26083612 -3.92180109]]
3
[[-3.61619115 -3.42820024 -3.80253696 -4.17090321]]
1
[[-6.48177052 -4.55694008 -4.26083612 -3.92180109]]
3
[[-3.61619115 -3.42820024 -3.80253696 -4.17090321]]
1
[[-6.48177052 -4.55694008 -4.26083612 -3.92180109]]
3
[[-3.61619115 -3.42820024 -3.80253696 -4.17090321]]
1
[[-6.48177052 -4.55694008 -4.26083612 -3.92180109]]
3
[[-3.61619115 -3.42820024 -3.80253696 -4.17090321]]
1
[[-6.48177052 -4.55694008 -4.26083612 -3.92180109]]
3
[[-3.61619115 -3.42820024 -3.80253696 -4.17090321]]
1
[[-6.48177052 -4.55694008 -4.26083612 -3.92180109]]
3
[[-3.61619115 -3.42820024 -3.80253696 -4.17090321]]
1
[[-6.48177052 -4.55694008 -4.26083612 -3.92180109]]
3
[[-3.61619115 -3.42820024 -3.80253696 -4.17090321]]
1
[[-6.48177052 -4.55694008 -4.26083612 -3.92180109]]
3
[[-3.61619115 -3.42820024 -3.80253696 -4.17090321]]
1
[[-6.48177052 -4.55694008 -4.26083612 -3.92180109]]
3
[[-3.61619115 -3.42820024 -3.80253696 -4.17090321]]
1
[[-6.48177052 -4.55694008 -4.26083612 -3.92180109]]
3
[[-3.61619115 -3.42820024 -3.80253696 -4.17090321]]
1
FAIL
0/2
