[[-3.71363568 -3.55723453 -3.91283584 -4.25617504]]
1
[[-6.63145018 -4.7341361  -4.39219522 -4.03239107]]
3
[[-3.71363568 -3.55723453 -3.91283584 -4.25617504]]
1
[[-6.63145018 -4.7341361  -4.39219522 -4.03239107]]
3
[[-3.71363568 -3.55723453 -3.91283584 -4.25617504]]
1
[[-6.63145018 -4.7341361  -4.39219522 -4.03239107]]
3
[[-3.71363568 -3.55723453 -3.91283584 -4.25617504]]
1
[[-6.63145018 -4.7341361  -4.39219522 -4.03239107]]
3
[[-3.71363568 -3.55723453 -3.91283584 -4.25617504]]
1
[[-6.63145018 -4.7341361  -4.39219522 -4.03239107]]
3
[[-3.71363568 -3.55723453 -3.91283584 -4.25617504]]
1
[[-6.63145018 -4.7341361  -4.39219522 -4.03239107]]
3
[[-3.71363568 -3.55723453 -3.91283584 -4.25617504]]
1
[[-6.63145018 -4.7341361  -4.39219522 -4.03239107]]
3
[[-3.71363568 -3.55723453 -3.91283584 -4.25617504]]
1
[[-6.63145018 -4.7341361  -4.39219522 -4.03239107]]
3
[[-3.71363568 -3.55723453 -3.91283584 -4.25617504]]
1
[[-6.63145018 -4.7341361  -4.39219522 -4.03239107]]
3
[[-3.71363568 -3.55723453 -3.91283584 -4.25617504]]
1
[[-6.63145018 -4.7341361  -4.39219522 -4.03239107]]
3
[[-3.71363568 -3.55723453 -3.91283584 -4.25617504]]
1
[[-6.63145018 -4.7341361  -4.39219522 -4.03239107]]
3
[[-3.71363568 -3.55723453 -3.91283584 -4.25617504]]
1
[[-6.63145018 -4.7341361  -4.39219522 -4.03239107]]
3
[[-3.71363568 -3.55723453 -3.91283584 -4.25617504]]
1
[[-6.63145018 -4.7341361  -4.39219522 -4.03239107]]
3
[[-3.71363568 -3.55723453 -3.91283584 -4.25617504]]
1
[[-6.63145018 -4.7341361  -4.39219522 -4.03239107]]
3
[[-3.71363568 -3.55723453 -3.91283584 -4.25617504]]
1
[[-6.63145018 -4.7341361  -4.39219522 -4.03239107]]
3
[[-3.71363568 -3.55723453 -3.91283584 -4.25617504]]
1
[[-6.63145018 -4.7341361  -4.39219522 -4.03239107]]
3
[[-3.71363568 -3.55723453 -3.91283584 -4.25617504]]
1
[[-6.63145018 -4.7341361  -4.39219522 -4.03239107]]
3
[[-3.71363568 -3.55723453 -3.91283584 -4.25617504]]
1
[[-6.63145018 -4.7341361  -4.39219522 -4.03239107]]
3
[[-3.71363568 -3.55723453 -3.91283584 -4.25617504]]
1
[[-6.63145018 -4.7341361  -4.39219522 -4.03239107]]
3
[[-3.71363568 -3.55723453 -3.91283584 -4.25617504]]
1
[[-6.63145018 -4.7341361  -4.39219522 -4.03239107]]
3
[[-3.71363568 -3.55723453 -3.91283584 -4.25617504]]
1
[[-6.63145018 -4.7341361  -4.39219522 -4.03239107]]
3
[[-3.71363568 -3.55723453 -3.91283584 -4.25617504]]
1
[[-6.63145018 -4.7341361  -4.39219522 -4.03239107]]
3
[[-3.71363568 -3.55723453 -3.91283584 -4.25617504]]
1
[[-6.63145018 -4.7341361  -4.39219522 -4.03239107]]
3
[[-3.71363568 -3.55723453 -3.91283584 -4.25617504]]
1
[[-6.63145018 -4.7341361  -4.39219522 -4.03239107]]
3
[[-3.71363568 -3.55723453 -3.91283584 -4.25617504]]
1
[[-6.63145018 -4.7341361  -4.39219522 -4.03239107]]
3
[[-3.71363568 -3.55723453 -3.91283584 -4.25617504]]
1
[[-6.63145018 -4.7341361  -4.39219522 -4.03239107]]
3
[[-3.71363568 -3.55723453 -3.91283584 -4.25617504]]
1
[[-6.63145018 -4.7341361  -4.39219522 -4.03239107]]
3
[[-3.71363568 -3.55723453 -3.91283584 -4.25617504]]
1
[[-6.63145018 -4.7341361  -4.39219522 -4.03239107]]
3
[[-3.71363568 -3.55723453 -3.91283584 -4.25617504]]
1
[[-6.63145018 -4.7341361  -4.39219522 -4.03239107]]
3
[[-3.71363568 -3.55723453 -3.91283584 -4.25617504]]
1
[[-6.63145018 -4.7341361  -4.39219522 -4.03239107]]
3
[[-3.71363568 -3.55723453 -3.91283584 -4.25617504]]
1
[[-6.63145018 -4.7341361  -4.39219522 -4.03239107]]
3
[[-3.71363568 -3.55723453 -3.91283584 -4.25617504]]
1
[[-6.63145018 -4.7341361  -4.39219522 -4.03239107]]
3
[[-3.71363568 -3.55723453 -3.91283584 -4.25617504]]
1
[[-6.63145018 -4.7341361  -4.39219522 -4.03239107]]
3
[[-3.71363568 -3.55723453 -3.91283584 -4.25617504]]
1
[[-6.63145018 -4.7341361  -4.39219522 -4.03239107]]
3
[[-3.71363568 -3.55723453 -3.91283584 -4.25617504]]
1
[[-6.63145018 -4.7341361  -4.39219522 -4.03239107]]
3
[[-3.71363568 -3.55723453 -3.91283584 -4.25617504]]
1
[[-6.63145018 -4.7341361  -4.39219522 -4.03239107]]
3
[[-3.71363568 -3.55723453 -3.91283584 -4.25617504]]
1
[[-6.63145018 -4.7341361  -4.39219522 -4.03239107]]
3
[[-3.71363568 -3.55723453 -3.91283584 -4.25617504]]
1
[[-6.63145018 -4.7341361  -4.39219522 -4.03239107]]
3
[[-3.71363568 -3.55723453 -3.91283584 -4.25617504]]
1
[[-6.63145018 -4.7341361  -4.39219522 -4.03239107]]
3
[[-3.71363568 -3.55723453 -3.91283584 -4.25617504]]
1
[[-6.63145018 -4.7341361  -4.39219522 -4.03239107]]
3
[[-3.71363568 -3.55723453 -3.91283584 -4.25617504]]
1
[[-6.63145018 -4.7341361  -4.39219522 -4.03239107]]
3
[[-3.71363568 -3.55723453 -3.91283584 -4.25617504]]
1
[[-6.63145018 -4.7341361  -4.39219522 -4.03239107]]
3
[[-3.71363568 -3.55723453 -3.91283584 -4.25617504]]
1
[[-6.63145018 -4.7341361  -4.39219522 -4.03239107]]
3
[[-3.71363568 -3.55723453 -3.91283584 -4.25617504]]
1
[[-6.63145018 -4.7341361  -4.39219522 -4.03239107]]
3
[[-3.71363568 -3.55723453 -3.91283584 -4.25617504]]
1
[[-6.63145018 -4.7341361  -4.39219522 -4.03239107]]
3
[[-3.71363568 -3.55723453 -3.91283584 -4.25617504]]
1
[[-6.63145018 -4.7341361  -4.39219522 -4.03239107]]
3
[[-3.71363568 -3.55723453 -3.91283584 -4.25617504]]
1
[[-6.63145018 -4.7341361  -4.39219522 -4.03239107]]
3
[[-3.71363568 -3.55723453 -3.91283584 -4.25617504]]
1
[[-6.63145018 -4.7341361  -4.39219522 -4.03239107]]
3
[[-3.71363568 -3.55723453 -3.91283584 -4.25617504]]
1
[[-6.63145018 -4.7341361  -4.39219522 -4.03239107]]
3
[[-3.71363568 -3.55723453 -3.91283584 -4.25617504]]
1
[[-6.63145018 -4.7341361  -4.39219522 -4.03239107]]
3
[[-3.71363568 -3.55723453 -3.91283584 -4.25617504]]
1
FAIL
0/2
