[[-3.79793    -3.67788148 -4.00787115 -4.331357  ]]
1
[[-6.78391552 -4.91613913 -4.52456427 -4.14426613]]
3
[[-3.79793    -3.67788148 -4.00787115 -4.331357  ]]
1
[[-6.78391552 -4.91613913 -4.52456427 -4.14426613]]
3
[[-3.79793    -3.67788148 -4.00787115 -4.331357  ]]
1
[[-6.78391552 -4.91613913 -4.52456427 -4.14426613]]
3
[[-3.79793    -3.67788148 -4.00787115 -4.331357  ]]
1
[[-6.78391552 -4.91613913 -4.52456427 -4.14426613]]
3
[[-3.79793    -3.67788148 -4.00787115 -4.331357  ]]
1
[[-6.78391552 -4.91613913 -4.52456427 -4.14426613]]
3
[[-3.79793    -3.67788148 -4.00787115 -4.331357  ]]
1
[[-6.78391552 -4.91613913 -4.52456427 -4.14426613]]
3
[[-3.79793    -3.67788148 -4.00787115 -4.331357  ]]
1
[[-6.78391552 -4.91613913 -4.52456427 -4.14426613]]
3
[[-3.79793    -3.67788148 -4.00787115 -4.331357  ]]
1
[[-6.78391552 -4.91613913 -4.52456427 -4.14426613]]
3
[[-3.79793    -3.67788148 -4.00787115 -4.331357  ]]
1
[[-6.78391552 -4.91613913 -4.52456427 -4.14426613]]
3
[[-3.79793    -3.67788148 -4.00787115 -4.331357  ]]
1
[[-6.78391552 -4.91613913 -4.52456427 -4.14426613]]
3
[[-3.79793    -3.67788148 -4.00787115 -4.331357  ]]
1
[[-6.78391552 -4.91613913 -4.52456427 -4.14426613]]
3
[[-3.79793    -3.67788148 -4.00787115 -4.331357  ]]
1
[[-6.78391552 -4.91613913 -4.52456427 -4.14426613]]
3
[[-3.79793    -3.67788148 -4.00787115 -4.331357  ]]
1
[[-6.78391552 -4.91613913 -4.52456427 -4.14426613]]
3
[[-3.79793    -3.67788148 -4.00787115 -4.331357  ]]
1
[[-6.78391552 -4.91613913 -4.52456427 -4.14426613]]
3
[[-3.79793    -3.67788148 -4.00787115 -4.331357  ]]
1
[[-6.78391552 -4.91613913 -4.52456427 -4.14426613]]
3
[[-3.79793    -3.67788148 -4.00787115 -4.331357  ]]
1
[[-6.78391552 -4.91613913 -4.52456427 -4.14426613]]
3
[[-3.79793    -3.67788148 -4.00787115 -4.331357  ]]
1
[[-6.78391552 -4.91613913 -4.52456427 -4.14426613]]
3
[[-3.79793    -3.67788148 -4.00787115 -4.331357  ]]
1
[[-6.78391552 -4.91613913 -4.52456427 -4.14426613]]
3
[[-3.79793    -3.67788148 -4.00787115 -4.331357  ]]
1
[[-6.78391552 -4.91613913 -4.52456427 -4.14426613]]
3
[[-3.79793    -3.67788148 -4.00787115 -4.331357  ]]
1
[[-6.78391552 -4.91613913 -4.52456427 -4.14426613]]
3
[[-3.79793    -3.67788148 -4.00787115 -4.331357  ]]
1
[[-6.78391552 -4.91613913 -4.52456427 -4.14426613]]
3
[[-3.79793    -3.67788148 -4.00787115 -4.331357  ]]
1
[[-6.78391552 -4.91613913 -4.52456427 -4.14426613]]
3
[[-3.79793    -3.67788148 -4.00787115 -4.331357  ]]
1
[[-6.78391552 -4.91613913 -4.52456427 -4.14426613]]
3
[[-3.79793    -3.67788148 -4.00787115 -4.331357  ]]
1
[[-6.78391552 -4.91613913 -4.52456427 -4.14426613]]
3
[[-3.79793    -3.67788148 -4.00787115 -4.331357  ]]
1
[[-6.78391552 -4.91613913 -4.52456427 -4.14426613]]
3
[[-3.79793    -3.67788148 -4.00787115 -4.331357  ]]
1
[[-6.78391552 -4.91613913 -4.52456427 -4.14426613]]
3
[[-3.79793    -3.67788148 -4.00787115 -4.331357  ]]
1
[[-6.78391552 -4.91613913 -4.52456427 -4.14426613]]
3
[[-3.79793    -3.67788148 -4.00787115 -4.331357  ]]
1
[[-6.78391552 -4.91613913 -4.52456427 -4.14426613]]
3
[[-3.79793    -3.67788148 -4.00787115 -4.331357  ]]
1
[[-6.78391552 -4.91613913 -4.52456427 -4.14426613]]
3
[[-3.79793    -3.67788148 -4.00787115 -4.331357  ]]
1
[[-6.78391552 -4.91613913 -4.52456427 -4.14426613]]
3
[[-3.79793    -3.67788148 -4.00787115 -4.331357  ]]
1
[[-6.78391552 -4.91613913 -4.52456427 -4.14426613]]
3
[[-3.79793    -3.67788148 -4.00787115 -4.331357  ]]
1
[[-6.78391552 -4.91613913 -4.52456427 -4.14426613]]
3
[[-3.79793    -3.67788148 -4.00787115 -4.331357  ]]
1
[[-6.78391552 -4.91613913 -4.52456427 -4.14426613]]
3
[[-3.79793    -3.67788148 -4.00787115 -4.331357  ]]
1
[[-6.78391552 -4.91613913 -4.52456427 -4.14426613]]
3
[[-3.79793    -3.67788148 -4.00787115 -4.331357  ]]
1
[[-6.78391552 -4.91613913 -4.52456427 -4.14426613]]
3
[[-3.79793    -3.67788148 -4.00787115 -4.331357  ]]
1
[[-6.78391552 -4.91613913 -4.52456427 -4.14426613]]
3
[[-3.79793    -3.67788148 -4.00787115 -4.331357  ]]
1
[[-6.78391552 -4.91613913 -4.52456427 -4.14426613]]
3
[[-3.79793    -3.67788148 -4.00787115 -4.331357  ]]
1
[[-6.78391552 -4.91613913 -4.52456427 -4.14426613]]
3
[[-3.79793    -3.67788148 -4.00787115 -4.331357  ]]
1
[[-6.78391552 -4.91613913 -4.52456427 -4.14426613]]
3
[[-3.79793    -3.67788148 -4.00787115 -4.331357  ]]
1
[[-6.78391552 -4.91613913 -4.52456427 -4.14426613]]
3
[[-3.79793    -3.67788148 -4.00787115 -4.331357  ]]
1
[[-6.78391552 -4.91613913 -4.52456427 -4.14426613]]
3
[[-3.79793    -3.67788148 -4.00787115 -4.331357  ]]
1
[[-6.78391552 -4.91613913 -4.52456427 -4.14426613]]
3
[[-3.79793    -3.67788148 -4.00787115 -4.331357  ]]
1
[[-6.78391552 -4.91613913 -4.52456427 -4.14426613]]
3
[[-3.79793    -3.67788148 -4.00787115 -4.331357  ]]
1
[[-6.78391552 -4.91613913 -4.52456427 -4.14426613]]
3
[[-3.79793    -3.67788148 -4.00787115 -4.331357  ]]
1
[[-6.78391552 -4.91613913 -4.52456427 -4.14426613]]
3
[[-3.79793    -3.67788148 -4.00787115 -4.331357  ]]
1
[[-6.78391552 -4.91613913 -4.52456427 -4.14426613]]
3
[[-3.79793    -3.67788148 -4.00787115 -4.331357  ]]
1
[[-6.78391552 -4.91613913 -4.52456427 -4.14426613]]
3
[[-3.79793    -3.67788148 -4.00787115 -4.331357  ]]
1
[[-6.78391552 -4.91613913 -4.52456427 -4.14426613]]
3
[[-3.79793    -3.67788148 -4.00787115 -4.331357  ]]
1
[[-6.78391552 -4.91613913 -4.52456427 -4.14426613]]
3
[[-3.79793    -3.67788148 -4.00787115 -4.331357  ]]
1
[[-6.78391552 -4.91613913 -4.52456427 -4.14426613]]
3
[[-3.79793    -3.67788148 -4.00787115 -4.331357  ]]
1
FAIL
0/2
