[[-3.87713814 -3.78264236 -4.09999895 -4.40019989]]
1
[[-6.9110074  -5.06740618 -4.64495182 -4.24400139]]
3
[[-3.87713814 -3.78264236 -4.09999895 -4.40019989]]
1
[[-6.9110074  -5.06740618 -4.64495182 -4.24400139]]
3
[[-3.87713814 -3.78264236 -4.09999895 -4.40019989]]
1
[[-6.9110074  -5.06740618 -4.64495182 -4.24400139]]
3
[[-3.87713814 -3.78264236 -4.09999895 -4.40019989]]
1
[[-6.9110074  -5.06740618 -4.64495182 -4.24400139]]
3
[[-3.87713814 -3.78264236 -4.09999895 -4.40019989]]
1
[[-6.9110074  -5.06740618 -4.64495182 -4.24400139]]
3
[[-3.87713814 -3.78264236 -4.09999895 -4.40019989]]
1
[[-6.9110074  -5.06740618 -4.64495182 -4.24400139]]
3
[[-3.87713814 -3.78264236 -4.09999895 -4.40019989]]
1
[[-6.9110074  -5.06740618 -4.64495182 -4.24400139]]
3
[[-3.87713814 -3.78264236 -4.09999895 -4.40019989]]
1
[[-6.9110074  -5.06740618 -4.64495182 -4.24400139]]
3
[[-3.87713814 -3.78264236 -4.09999895 -4.40019989]]
1
[[-6.9110074  -5.06740618 -4.64495182 -4.24400139]]
3
[[-3.87713814 -3.78264236 -4.09999895 -4.40019989]]
1
[[-6.9110074  -5.06740618 -4.64495182 -4.24400139]]
3
[[-3.87713814 -3.78264236 -4.09999895 -4.40019989]]
1
[[-6.9110074  -5.06740618 -4.64495182 -4.24400139]]
3
[[-3.87713814 -3.78264236 -4.09999895 -4.40019989]]
1
[[-6.9110074  -5.06740618 -4.64495182 -4.24400139]]
3
[[-3.87713814 -3.78264236 -4.09999895 -4.40019989]]
1
[[-6.9110074  -5.06740618 -4.64495182 -4.24400139]]
3
[[-3.87713814 -3.78264236 -4.09999895 -4.40019989]]
1
[[-6.9110074  -5.06740618 -4.64495182 -4.24400139]]
3
[[-3.87713814 -3.78264236 -4.09999895 -4.40019989]]
1
[[-6.9110074  -5.06740618 -4.64495182 -4.24400139]]
3
[[-3.87713814 -3.78264236 -4.09999895 -4.40019989]]
1
[[-6.9110074  -5.06740618 -4.64495182 -4.24400139]]
3
[[-3.87713814 -3.78264236 -4.09999895 -4.40019989]]
1
[[-6.9110074  -5.06740618 -4.64495182 -4.24400139]]
3
[[-3.87713814 -3.78264236 -4.09999895 -4.40019989]]
1
[[-6.9110074  -5.06740618 -4.64495182 -4.24400139]]
3
[[-3.87713814 -3.78264236 -4.09999895 -4.40019989]]
1
[[-6.9110074  -5.06740618 -4.64495182 -4.24400139]]
3
[[-3.87713814 -3.78264236 -4.09999895 -4.40019989]]
1
[[-6.9110074  -5.06740618 -4.64495182 -4.24400139]]
3
[[-3.87713814 -3.78264236 -4.09999895 -4.40019989]]
1
[[-6.9110074  -5.06740618 -4.64495182 -4.24400139]]
3
[[-3.87713814 -3.78264236 -4.09999895 -4.40019989]]
1
[[-6.9110074  -5.06740618 -4.64495182 -4.24400139]]
3
[[-3.87713814 -3.78264236 -4.09999895 -4.40019989]]
1
[[-6.9110074  -5.06740618 -4.64495182 -4.24400139]]
3
[[-3.87713814 -3.78264236 -4.09999895 -4.40019989]]
1
[[-6.9110074  -5.06740618 -4.64495182 -4.24400139]]
3
[[-3.87713814 -3.78264236 -4.09999895 -4.40019989]]
1
[[-6.9110074  -5.06740618 -4.64495182 -4.24400139]]
3
[[-3.87713814 -3.78264236 -4.09999895 -4.40019989]]
1
[[-6.9110074  -5.06740618 -4.64495182 -4.24400139]]
3
[[-3.87713814 -3.78264236 -4.09999895 -4.40019989]]
1
[[-6.9110074  -5.06740618 -4.64495182 -4.24400139]]
3
[[-3.87713814 -3.78264236 -4.09999895 -4.40019989]]
1
[[-6.9110074  -5.06740618 -4.64495182 -4.24400139]]
3
[[-3.87713814 -3.78264236 -4.09999895 -4.40019989]]
1
[[-6.9110074  -5.06740618 -4.64495182 -4.24400139]]
3
[[-3.87713814 -3.78264236 -4.09999895 -4.40019989]]
1
[[-6.9110074  -5.06740618 -4.64495182 -4.24400139]]
3
[[-3.87713814 -3.78264236 -4.09999895 -4.40019989]]
1
[[-6.9110074  -5.06740618 -4.64495182 -4.24400139]]
3
[[-3.87713814 -3.78264236 -4.09999895 -4.40019989]]
1
[[-6.9110074  -5.06740618 -4.64495182 -4.24400139]]
3
[[-3.87713814 -3.78264236 -4.09999895 -4.40019989]]
1
[[-6.9110074  -5.06740618 -4.64495182 -4.24400139]]
3
[[-3.87713814 -3.78264236 -4.09999895 -4.40019989]]
1
[[-6.9110074  -5.06740618 -4.64495182 -4.24400139]]
3
[[-3.87713814 -3.78264236 -4.09999895 -4.40019989]]
1
[[-6.9110074  -5.06740618 -4.64495182 -4.24400139]]
3
[[-3.87713814 -3.78264236 -4.09999895 -4.40019989]]
1
[[-6.9110074  -5.06740618 -4.64495182 -4.24400139]]
3
[[-3.87713814 -3.78264236 -4.09999895 -4.40019989]]
1
[[-6.9110074  -5.06740618 -4.64495182 -4.24400139]]
3
[[-3.87713814 -3.78264236 -4.09999895 -4.40019989]]
1
[[-6.9110074  -5.06740618 -4.64495182 -4.24400139]]
3
[[-3.87713814 -3.78264236 -4.09999895 -4.40019989]]
1
[[-6.9110074  -5.06740618 -4.64495182 -4.24400139]]
3
[[-3.87713814 -3.78264236 -4.09999895 -4.40019989]]
1
[[-6.9110074  -5.06740618 -4.64495182 -4.24400139]]
3
[[-3.87713814 -3.78264236 -4.09999895 -4.40019989]]
1
[[-6.9110074  -5.06740618 -4.64495182 -4.24400139]]
3
[[-3.87713814 -3.78264236 -4.09999895 -4.40019989]]
1
[[-6.9110074  -5.06740618 -4.64495182 -4.24400139]]
3
[[-3.87713814 -3.78264236 -4.09999895 -4.40019989]]
1
[[-6.9110074  -5.06740618 -4.64495182 -4.24400139]]
3
[[-3.87713814 -3.78264236 -4.09999895 -4.40019989]]
1
[[-6.9110074  -5.06740618 -4.64495182 -4.24400139]]
3
[[-3.87713814 -3.78264236 -4.09999895 -4.40019989]]
1
[[-6.9110074  -5.06740618 -4.64495182 -4.24400139]]
3
[[-3.87713814 -3.78264236 -4.09999895 -4.40019989]]
1
[[-6.9110074  -5.06740618 -4.64495182 -4.24400139]]
3
[[-3.87713814 -3.78264236 -4.09999895 -4.40019989]]
1
[[-6.9110074  -5.06740618 -4.64495182 -4.24400139]]
3
[[-3.87713814 -3.78264236 -4.09999895 -4.40019989]]
1
[[-6.9110074  -5.06740618 -4.64495182 -4.24400139]]
3
[[-3.87713814 -3.78264236 -4.09999895 -4.40019989]]
1
[[-6.9110074  -5.06740618 -4.64495182 -4.24400139]]
3
[[-3.87713814 -3.78264236 -4.09999895 -4.40019989]]
1
[[-6.9110074  -5.06740618 -4.64495182 -4.24400139]]
3
[[-3.87713814 -3.78264236 -4.09999895 -4.40019989]]
1
FAIL
0/2
