[[-3.94588113 -3.86875772 -4.17988825 -4.45346737]]
1
[[-7.03043604 -5.21103001 -4.75430775 -4.33757544]]
3
[[-3.94588113 -3.86875772 -4.17988825 -4.45346737]]
1
[[-7.03043604 -5.21103001 -4.75430775 -4.33757544]]
3
[[-3.94588113 -3.86875772 -4.17988825 -4.45346737]]
1
[[-7.03043604 -5.21103001 -4.75430775 -4.33757544]]
3
[[-3.94588113 -3.86875772 -4.17988825 -4.45346737]]
1
[[-7.03043604 -5.21103001 -4.75430775 -4.33757544]]
3
[[-3.94588113 -3.86875772 -4.17988825 -4.45346737]]
1
[[-7.03043604 -5.21103001 -4.75430775 -4.33757544]]
3
[[-3.94588113 -3.86875772 -4.17988825 -4.45346737]]
1
[[-7.03043604 -5.21103001 -4.75430775 -4.33757544]]
3
[[-3.94588113 -3.86875772 -4.17988825 -4.45346737]]
1
[[-7.03043604 -5.21103001 -4.75430775 -4.33757544]]
3
[[-3.94588113 -3.86875772 -4.17988825 -4.45346737]]
1
[[-7.03043604 -5.21103001 -4.75430775 -4.33757544]]
3
[[-3.94588113 -3.86875772 -4.17988825 -4.45346737]]
1
[[-7.03043604 -5.21103001 -4.75430775 -4.33757544]]
3
[[-3.94588113 -3.86875772 -4.17988825 -4.45346737]]
1
[[-7.03043604 -5.21103001 -4.75430775 -4.33757544]]
3
[[-3.94588113 -3.86875772 -4.17988825 -4.45346737]]
1
[[-7.03043604 -5.21103001 -4.75430775 -4.33757544]]
3
[[-3.94588113 -3.86875772 -4.17988825 -4.45346737]]
1
[[-7.03043604 -5.21103001 -4.75430775 -4.33757544]]
3
[[-3.94588113 -3.86875772 -4.17988825 -4.45346737]]
1
[[-7.03043604 -5.21103001 -4.75430775 -4.33757544]]
3
[[-3.94588113 -3.86875772 -4.17988825 -4.45346737]]
1
[[-7.03043604 -5.21103001 -4.75430775 -4.33757544]]
3
[[-3.94588113 -3.86875772 -4.17988825 -4.45346737]]
1
[[-7.03043604 -5.21103001 -4.75430775 -4.33757544]]
3
[[-3.94588113 -3.86875772 -4.17988825 -4.45346737]]
1
[[-7.03043604 -5.21103001 -4.75430775 -4.33757544]]
3
[[-3.94588113 -3.86875772 -4.17988825 -4.45346737]]
1
[[-7.03043604 -5.21103001 -4.75430775 -4.33757544]]
3
[[-3.94588113 -3.86875772 -4.17988825 -4.45346737]]
1
[[-7.03043604 -5.21103001 -4.75430775 -4.33757544]]
3
[[-3.94588113 -3.86875772 -4.17988825 -4.45346737]]
1
[[-7.03043604 -5.21103001 -4.75430775 -4.33757544]]
3
[[-3.94588113 -3.86875772 -4.17988825 -4.45346737]]
1
[[-7.03043604 -5.21103001 -4.75430775 -4.33757544]]
3
[[-3.94588113 -3.86875772 -4.17988825 -4.45346737]]
1
[[-7.03043604 -5.21103001 -4.75430775 -4.33757544]]
3
[[-3.94588113 -3.86875772 -4.17988825 -4.45346737]]
1
[[-7.03043604 -5.21103001 -4.75430775 -4.33757544]]
3
[[-3.94588113 -3.86875772 -4.17988825 -4.45346737]]
1
[[-7.03043604 -5.21103001 -4.75430775 -4.33757544]]
3
[[-3.94588113 -3.86875772 -4.17988825 -4.45346737]]
1
[[-7.03043604 -5.21103001 -4.75430775 -4.33757544]]
3
[[-3.94588113 -3.86875772 -4.17988825 -4.45346737]]
1
[[-7.03043604 -5.21103001 -4.75430775 -4.33757544]]
3
[[-3.94588113 -3.86875772 -4.17988825 -4.45346737]]
1
[[-7.03043604 -5.21103001 -4.75430775 -4.33757544]]
3
[[-3.94588113 -3.86875772 -4.17988825 -4.45346737]]
1
[[-7.03043604 -5.21103001 -4.75430775 -4.33757544]]
3
[[-3.94588113 -3.86875772 -4.17988825 -4.45346737]]
1
[[-7.03043604 -5.21103001 -4.75430775 -4.33757544]]
3
[[-3.94588113 -3.86875772 -4.17988825 -4.45346737]]
1
[[-7.03043604 -5.21103001 -4.75430775 -4.33757544]]
3
[[-3.94588113 -3.86875772 -4.17988825 -4.45346737]]
1
[[-7.03043604 -5.21103001 -4.75430775 -4.33757544]]
3
[[-3.94588113 -3.86875772 -4.17988825 -4.45346737]]
1
[[-7.03043604 -5.21103001 -4.75430775 -4.33757544]]
3
[[-3.94588113 -3.86875772 -4.17988825 -4.45346737]]
1
[[-7.03043604 -5.21103001 -4.75430775 -4.33757544]]
3
[[-3.94588113 -3.86875772 -4.17988825 -4.45346737]]
1
[[-7.03043604 -5.21103001 -4.75430775 -4.33757544]]
3
[[-3.94588113 -3.86875772 -4.17988825 -4.45346737]]
1
[[-7.03043604 -5.21103001 -4.75430775 -4.33757544]]
3
[[-3.94588113 -3.86875772 -4.17988825 -4.45346737]]
1
[[-7.03043604 -5.21103001 -4.75430775 -4.33757544]]
3
[[-3.94588113 -3.86875772 -4.17988825 -4.45346737]]
1
[[-7.03043604 -5.21103001 -4.75430775 -4.33757544]]
3
[[-3.94588113 -3.86875772 -4.17988825 -4.45346737]]
1
[[-7.03043604 -5.21103001 -4.75430775 -4.33757544]]
3
[[-3.94588113 -3.86875772 -4.17988825 -4.45346737]]
1
[[-7.03043604 -5.21103001 -4.75430775 -4.33757544]]
3
[[-3.94588113 -3.86875772 -4.17988825 -4.45346737]]
1
[[-7.03043604 -5.21103001 -4.75430775 -4.33757544]]
3
[[-3.94588113 -3.86875772 -4.17988825 -4.45346737]]
1
[[-7.03043604 -5.21103001 -4.75430775 -4.33757544]]
3
[[-3.94588113 -3.86875772 -4.17988825 -4.45346737]]
1
[[-7.03043604 -5.21103001 -4.75430775 -4.33757544]]
3
[[-3.94588113 -3.86875772 -4.17988825 -4.45346737]]
1
[[-7.03043604 -5.21103001 -4.75430775 -4.33757544]]
3
[[-3.94588113 -3.86875772 -4.17988825 -4.45346737]]
1
[[-7.03043604 -5.21103001 -4.75430775 -4.33757544]]
3
[[-3.94588113 -3.86875772 -4.17988825 -4.45346737]]
1
[[-7.03043604 -5.21103001 -4.75430775 -4.33757544]]
3
[[-3.94588113 -3.86875772 -4.17988825 -4.45346737]]
1
[[-7.03043604 -5.21103001 -4.75430775 -4.33757544]]
3
[[-3.94588113 -3.86875772 -4.17988825 -4.45346737]]
1
[[-7.03043604 -5.21103001 -4.75430775 -4.33757544]]
3
[[-3.94588113 -3.86875772 -4.17988825 -4.45346737]]
1
[[-7.03043604 -5.21103001 -4.75430775 -4.33757544]]
3
[[-3.94588113 -3.86875772 -4.17988825 -4.45346737]]
1
[[-7.03043604 -5.21103001 -4.75430775 -4.33757544]]
3
[[-3.94588113 -3.86875772 -4.17988825 -4.45346737]]
1
[[-7.03043604 -5.21103001 -4.75430775 -4.33757544]]
3
[[-3.94588113 -3.86875772 -4.17988825 -4.45346737]]
1
[[-7.03043604 -5.21103001 -4.75430775 -4.33757544]]
3
[[-3.94588113 -3.86875772 -4.17988825 -4.45346737]]
1
FAIL
0/2
