[[-4.03800297 -3.98210835 -4.28296614 -4.53103638]]
1
[[-7.14987183 -5.34914351 -4.8634696  -4.43023252]]
3
[[-4.03800297 -3.98210835 -4.28296614 -4.53103638]]
1
[[-7.14987183 -5.34914351 -4.8634696  -4.43023252]]
3
[[-4.03800297 -3.98210835 -4.28296614 -4.53103638]]
1
[[-7.14987183 -5.34914351 -4.8634696  -4.43023252]]
3
[[-4.03800297 -3.98210835 -4.28296614 -4.53103638]]
1
[[-7.14987183 -5.34914351 -4.8634696  -4.43023252]]
3
[[-4.03800297 -3.98210835 -4.28296614 -4.53103638]]
1
[[-7.14987183 -5.34914351 -4.8634696  -4.43023252]]
3
[[-4.03800297 -3.98210835 -4.28296614 -4.53103638]]
1
[[-7.14987183 -5.34914351 -4.8634696  -4.43023252]]
3
[[-4.03800297 -3.98210835 -4.28296614 -4.53103638]]
1
[[-7.14987183 -5.34914351 -4.8634696  -4.43023252]]
3
[[-4.03800297 -3.98210835 -4.28296614 -4.53103638]]
1
[[-7.14987183 -5.34914351 -4.8634696  -4.43023252]]
3
[[-4.03800297 -3.98210835 -4.28296614 -4.53103638]]
1
[[-7.14987183 -5.34914351 -4.8634696  -4.43023252]]
3
[[-4.03800297 -3.98210835 -4.28296614 -4.53103638]]
1
[[-7.14987183 -5.34914351 -4.8634696  -4.43023252]]
3
[[-4.03800297 -3.98210835 -4.28296614 -4.53103638]]
1
[[-7.14987183 -5.34914351 -4.8634696  -4.43023252]]
3
[[-4.03800297 -3.98210835 -4.28296614 -4.53103638]]
1
[[-7.14987183 -5.34914351 -4.8634696  -4.43023252]]
3
[[-4.03800297 -3.98210835 -4.28296614 -4.53103638]]
1
[[-7.14987183 -5.34914351 -4.8634696  -4.43023252]]
3
[[-4.03800297 -3.98210835 -4.28296614 -4.53103638]]
1
[[-7.14987183 -5.34914351 -4.8634696  -4.43023252]]
3
[[-4.03800297 -3.98210835 -4.28296614 -4.53103638]]
1
[[-7.14987183 -5.34914351 -4.8634696  -4.43023252]]
3
[[-4.03800297 -3.98210835 -4.28296614 -4.53103638]]
1
[[-7.14987183 -5.34914351 -4.8634696  -4.43023252]]
3
[[-4.03800297 -3.98210835 -4.28296614 -4.53103638]]
1
[[-7.14987183 -5.34914351 -4.8634696  -4.43023252]]
3
[[-4.03800297 -3.98210835 -4.28296614 -4.53103638]]
1
[[-7.14987183 -5.34914351 -4.8634696  -4.43023252]]
3
[[-4.03800297 -3.98210835 -4.28296614 -4.53103638]]
1
[[-7.14987183 -5.34914351 -4.8634696  -4.43023252]]
3
[[-4.03800297 -3.98210835 -4.28296614 -4.53103638]]
1
[[-7.14987183 -5.34914351 -4.8634696  -4.43023252]]
3
[[-4.03800297 -3.98210835 -4.28296614 -4.53103638]]
1
[[-7.14987183 -5.34914351 -4.8634696  -4.43023252]]
3
[[-4.03800297 -3.98210835 -4.28296614 -4.53103638]]
1
[[-7.14987183 -5.34914351 -4.8634696  -4.43023252]]
3
[[-4.03800297 -3.98210835 -4.28296614 -4.53103638]]
1
[[-7.14987183 -5.34914351 -4.8634696  -4.43023252]]
3
[[-4.03800297 -3.98210835 -4.28296614 -4.53103638]]
1
[[-7.14987183 -5.34914351 -4.8634696  -4.43023252]]
3
[[-4.03800297 -3.98210835 -4.28296614 -4.53103638]]
1
[[-7.14987183 -5.34914351 -4.8634696  -4.43023252]]
3
[[-4.03800297 -3.98210835 -4.28296614 -4.53103638]]
1
[[-7.14987183 -5.34914351 -4.8634696  -4.43023252]]
3
[[-4.03800297 -3.98210835 -4.28296614 -4.53103638]]
1
[[-7.14987183 -5.34914351 -4.8634696  -4.43023252]]
3
[[-4.03800297 -3.98210835 -4.28296614 -4.53103638]]
1
[[-7.14987183 -5.34914351 -4.8634696  -4.43023252]]
3
[[-4.03800297 -3.98210835 -4.28296614 -4.53103638]]
1
[[-7.14987183 -5.34914351 -4.8634696  -4.43023252]]
3
[[-4.03800297 -3.98210835 -4.28296614 -4.53103638]]
1
[[-7.14987183 -5.34914351 -4.8634696  -4.43023252]]
3
[[-4.03800297 -3.98210835 -4.28296614 -4.53103638]]
1
[[-7.14987183 -5.34914351 -4.8634696  -4.43023252]]
3
[[-4.03800297 -3.98210835 -4.28296614 -4.53103638]]
1
[[-7.14987183 -5.34914351 -4.8634696  -4.43023252]]
3
[[-4.03800297 -3.98210835 -4.28296614 -4.53103638]]
1
[[-7.14987183 -5.34914351 -4.8634696  -4.43023252]]
3
[[-4.03800297 -3.98210835 -4.28296614 -4.53103638]]
1
[[-7.14987183 -5.34914351 -4.8634696  -4.43023252]]
3
[[-4.03800297 -3.98210835 -4.28296614 -4.53103638]]
1
[[-7.14987183 -5.34914351 -4.8634696  -4.43023252]]
3
[[-4.03800297 -3.98210835 -4.28296614 -4.53103638]]
1
[[-7.14987183 -5.34914351 -4.8634696  -4.43023252]]
3
[[-4.03800297 -3.98210835 -4.28296614 -4.53103638]]
1
[[-7.14987183 -5.34914351 -4.8634696  -4.43023252]]
3
[[-4.03800297 -3.98210835 -4.28296614 -4.53103638]]
1
[[-7.14987183 -5.34914351 -4.8634696  -4.43023252]]
3
[[-4.03800297 -3.98210835 -4.28296614 -4.53103638]]
1
[[-7.14987183 -5.34914351 -4.8634696  -4.43023252]]
3
[[-4.03800297 -3.98210835 -4.28296614 -4.53103638]]
1
[[-7.14987183 -5.34914351 -4.8634696  -4.43023252]]
3
[[-4.03800297 -3.98210835 -4.28296614 -4.53103638]]
1
[[-7.14987183 -5.34914351 -4.8634696  -4.43023252]]
3
[[-4.03800297 -3.98210835 -4.28296614 -4.53103638]]
1
[[-7.14987183 -5.34914351 -4.8634696  -4.43023252]]
3
[[-4.03800297 -3.98210835 -4.28296614 -4.53103638]]
1
[[-7.14987183 -5.34914351 -4.8634696  -4.43023252]]
3
[[-4.03800297 -3.98210835 -4.28296614 -4.53103638]]
1
[[-7.14987183 -5.34914351 -4.8634696  -4.43023252]]
3
[[-4.03800297 -3.98210835 -4.28296614 -4.53103638]]
1
[[-7.14987183 -5.34914351 -4.8634696  -4.43023252]]
3
[[-4.03800297 -3.98210835 -4.28296614 -4.53103638]]
1
[[-7.14987183 -5.34914351 -4.8634696  -4.43023252]]
3
[[-4.03800297 -3.98210835 -4.28296614 -4.53103638]]
1
[[-7.14987183 -5.34914351 -4.8634696  -4.43023252]]
3
[[-4.03800297 -3.98210835 -4.28296614 -4.53103638]]
1
[[-7.14987183 -5.34914351 -4.8634696  -4.43023252]]
3
[[-4.03800297 -3.98210835 -4.28296614 -4.53103638]]
1
[[-7.14987183 -5.34914351 -4.8634696  -4.43023252]]
3
[[-4.03800297 -3.98210835 -4.28296614 -4.53103638]]
1
[[-7.14987183 -5.34914351 -4.8634696  -4.43023252]]
3
[[-4.03800297 -3.98210835 -4.28296614 -4.53103638]]
1
FAIL
0/2
