[[-4.1321559  -4.09884501 -4.39298248 -4.61463165]]
1
[[-7.25734997 -5.4698863  -4.96569347 -4.52643824]]
3
[[-4.1321559  -4.09884501 -4.39298248 -4.61463165]]
1
[[-7.25734997 -5.4698863  -4.96569347 -4.52643824]]
3
[[-4.1321559  -4.09884501 -4.39298248 -4.61463165]]
1
[[-7.25734997 -5.4698863  -4.96569347 -4.52643824]]
3
[[-4.1321559  -4.09884501 -4.39298248 -4.61463165]]
1
[[-7.25734997 -5.4698863  -4.96569347 -4.52643824]]
3
[[-4.1321559  -4.09884501 -4.39298248 -4.61463165]]
1
[[-7.25734997 -5.4698863  -4.96569347 -4.52643824]]
3
[[-4.1321559  -4.09884501 -4.39298248 -4.61463165]]
1
[[-7.25734997 -5.4698863  -4.96569347 -4.52643824]]
3
[[-4.1321559  -4.09884501 -4.39298248 -4.61463165]]
1
[[-7.25734997 -5.4698863  -4.96569347 -4.52643824]]
3
[[-4.1321559  -4.09884501 -4.39298248 -4.61463165]]
1
[[-7.25734997 -5.4698863  -4.96569347 -4.52643824]]
3
[[-4.1321559  -4.09884501 -4.39298248 -4.61463165]]
1
[[-7.25734997 -5.4698863  -4.96569347 -4.52643824]]
3
[[-4.1321559  -4.09884501 -4.39298248 -4.61463165]]
1
[[-7.25734997 -5.4698863  -4.96569347 -4.52643824]]
3
[[-4.1321559  -4.09884501 -4.39298248 -4.61463165]]
1
[[-7.25734997 -5.4698863  -4.96569347 -4.52643824]]
3
[[-4.1321559  -4.09884501 -4.39298248 -4.61463165]]
1
[[-7.25734997 -5.4698863  -4.96569347 -4.52643824]]
3
[[-4.1321559  -4.09884501 -4.39298248 -4.61463165]]
1
[[-7.25734997 -5.4698863  -4.96569347 -4.52643824]]
3
[[-4.1321559  -4.09884501 -4.39298248 -4.61463165]]
1
[[-7.25734997 -5.4698863  -4.96569347 -4.52643824]]
3
[[-4.1321559  -4.09884501 -4.39298248 -4.61463165]]
1
[[-7.25734997 -5.4698863  -4.96569347 -4.52643824]]
3
[[-4.1321559  -4.09884501 -4.39298248 -4.61463165]]
1
[[-7.25734997 -5.4698863  -4.96569347 -4.52643824]]
3
[[-4.1321559  -4.09884501 -4.39298248 -4.61463165]]
1
[[-7.25734997 -5.4698863  -4.96569347 -4.52643824]]
3
[[-4.1321559  -4.09884501 -4.39298248 -4.61463165]]
1
[[-7.25734997 -5.4698863  -4.96569347 -4.52643824]]
3
[[-4.1321559  -4.09884501 -4.39298248 -4.61463165]]
1
[[-7.25734997 -5.4698863  -4.96569347 -4.52643824]]
3
[[-4.1321559  -4.09884501 -4.39298248 -4.61463165]]
1
[[-7.25734997 -5.4698863  -4.96569347 -4.52643824]]
3
[[-4.1321559  -4.09884501 -4.39298248 -4.61463165]]
1
[[-7.25734997 -5.4698863  -4.96569347 -4.52643824]]
3
[[-4.1321559  -4.09884501 -4.39298248 -4.61463165]]
1
[[-7.25734997 -5.4698863  -4.96569347 -4.52643824]]
3
[[-4.1321559  -4.09884501 -4.39298248 -4.61463165]]
1
[[-7.25734997 -5.4698863  -4.96569347 -4.52643824]]
3
[[-4.1321559  -4.09884501 -4.39298248 -4.61463165]]
1
[[-7.25734997 -5.4698863  -4.96569347 -4.52643824]]
3
[[-4.1321559  -4.09884501 -4.39298248 -4.61463165]]
1
[[-7.25734997 -5.4698863  -4.96569347 -4.52643824]]
3
[[-4.1321559  -4.09884501 -4.39298248 -4.61463165]]
1
[[-7.25734997 -5.4698863  -4.96569347 -4.52643824]]
3
[[-4.1321559  -4.09884501 -4.39298248 -4.61463165]]
1
[[-7.25734997 -5.4698863  -4.96569347 -4.52643824]]
3
[[-4.1321559  -4.09884501 -4.39298248 -4.61463165]]
1
[[-7.25734997 -5.4698863  -4.96569347 -4.52643824]]
3
[[-4.1321559  -4.09884501 -4.39298248 -4.61463165]]
1
[[-7.25734997 -5.4698863  -4.96569347 -4.52643824]]
3
[[-4.1321559  -4.09884501 -4.39298248 -4.61463165]]
1
[[-7.25734997 -5.4698863  -4.96569347 -4.52643824]]
3
[[-4.1321559  -4.09884501 -4.39298248 -4.61463165]]
1
[[-7.25734997 -5.4698863  -4.96569347 -4.52643824]]
3
[[-4.1321559  -4.09884501 -4.39298248 -4.61463165]]
1
[[-7.25734997 -5.4698863  -4.96569347 -4.52643824]]
3
[[-4.1321559  -4.09884501 -4.39298248 -4.61463165]]
1
[[-7.25734997 -5.4698863  -4.96569347 -4.52643824]]
3
[[-4.1321559  -4.09884501 -4.39298248 -4.61463165]]
1
[[-7.25734997 -5.4698863  -4.96569347 -4.52643824]]
3
[[-4.1321559  -4.09884501 -4.39298248 -4.61463165]]
1
[[-7.25734997 -5.4698863  -4.96569347 -4.52643824]]
3
[[-4.1321559  -4.09884501 -4.39298248 -4.61463165]]
1
[[-7.25734997 -5.4698863  -4.96569347 -4.52643824]]
3
[[-4.1321559  -4.09884501 -4.39298248 -4.61463165]]
1
[[-7.25734997 -5.4698863  -4.96569347 -4.52643824]]
3
[[-4.1321559  -4.09884501 -4.39298248 -4.61463165]]
1
[[-7.25734997 -5.4698863  -4.96569347 -4.52643824]]
3
[[-4.1321559  -4.09884501 -4.39298248 -4.61463165]]
1
[[-7.25734997 -5.4698863  -4.96569347 -4.52643824]]
3
[[-4.1321559  -4.09884501 -4.39298248 -4.61463165]]
1
[[-7.25734997 -5.4698863  -4.96569347 -4.52643824]]
3
[[-4.1321559  -4.09884501 -4.39298248 -4.61463165]]
1
[[-7.25734997 -5.4698863  -4.96569347 -4.52643824]]
3
[[-4.1321559  -4.09884501 -4.39298248 -4.61463165]]
1
[[-7.25734997 -5.4698863  -4.96569347 -4.52643824]]
3
[[-4.1321559  -4.09884501 -4.39298248 -4.61463165]]
1
[[-7.25734997 -5.4698863  -4.96569347 -4.52643824]]
3
[[-4.1321559  -4.09884501 -4.39298248 -4.61463165]]
1
[[-7.25734997 -5.4698863  -4.96569347 -4.52643824]]
3
[[-4.1321559  -4.09884501 -4.39298248 -4.61463165]]
1
[[-7.25734997 -5.4698863  -4.96569347 -4.52643824]]
3
[[-4.1321559  -4.09884501 -4.39298248 -4.61463165]]
1
[[-7.25734997 -5.4698863  -4.96569347 -4.52643824]]
3
[[-4.1321559  -4.09884501 -4.39298248 -4.61463165]]
1
[[-7.25734997 -5.4698863  -4.96569347 -4.52643824]]
3
[[-4.1321559  -4.09884501 -4.39298248 -4.61463165]]
1
[[-7.25734997 -5.4698863  -4.96569347 -4.52643824]]
3
[[-4.1321559  -4.09884501 -4.39298248 -4.61463165]]
1
[[-7.25734997 -5.4698863  -4.96569347 -4.52643824]]
3
[[-4.1321559  -4.09884501 -4.39298248 -4.61463165]]
1
[[-7.25734997 -5.4698863  -4.96569347 -4.52643824]]
3
[[-4.1321559  -4.09884501 -4.39298248 -4.61463165]]
1
FAIL
0/2
