[[-4.22930098 -4.21674776 -4.50837088 -4.70458603]]
1
[[-7.36448383 -5.58954954 -5.07266188 -4.62919235]]
3
[[-4.22930098 -4.21674776 -4.50837088 -4.70458603]]
1
[[-7.36448383 -5.58954954 -5.07266188 -4.62919235]]
3
[[-4.22930098 -4.21674776 -4.50837088 -4.70458603]]
1
[[-7.36448383 -5.58954954 -5.07266188 -4.62919235]]
3
[[-4.22930098 -4.21674776 -4.50837088 -4.70458603]]
1
[[-7.36448383 -5.58954954 -5.07266188 -4.62919235]]
3
[[-4.22930098 -4.21674776 -4.50837088 -4.70458603]]
1
[[-7.36448383 -5.58954954 -5.07266188 -4.62919235]]
3
[[-4.22930098 -4.21674776 -4.50837088 -4.70458603]]
1
[[-7.36448383 -5.58954954 -5.07266188 -4.62919235]]
3
[[-4.22930098 -4.21674776 -4.50837088 -4.70458603]]
1
[[-7.36448383 -5.58954954 -5.07266188 -4.62919235]]
3
[[-4.22930098 -4.21674776 -4.50837088 -4.70458603]]
1
[[-7.36448383 -5.58954954 -5.07266188 -4.62919235]]
3
[[-4.22930098 -4.21674776 -4.50837088 -4.70458603]]
1
[[-7.36448383 -5.58954954 -5.07266188 -4.62919235]]
3
[[-4.22930098 -4.21674776 -4.50837088 -4.70458603]]
1
[[-7.36448383 -5.58954954 -5.07266188 -4.62919235]]
3
[[-4.22930098 -4.21674776 -4.50837088 -4.70458603]]
1
[[-7.36448383 -5.58954954 -5.07266188 -4.62919235]]
3
[[-4.22930098 -4.21674776 -4.50837088 -4.70458603]]
1
[[-7.36448383 -5.58954954 -5.07266188 -4.62919235]]
3
[[-4.22930098 -4.21674776 -4.50837088 -4.70458603]]
1
[[-7.36448383 -5.58954954 -5.07266188 -4.62919235]]
3
[[-4.22930098 -4.21674776 -4.50837088 -4.70458603]]
1
[[-7.36448383 -5.58954954 -5.07266188 -4.62919235]]
3
[[-4.22930098 -4.21674776 -4.50837088 -4.70458603]]
1
[[-7.36448383 -5.58954954 -5.07266188 -4.62919235]]
3
[[-4.22930098 -4.21674776 -4.50837088 -4.70458603]]
1
[[-7.36448383 -5.58954954 -5.07266188 -4.62919235]]
3
[[-4.22930098 -4.21674776 -4.50837088 -4.70458603]]
1
[[-7.36448383 -5.58954954 -5.07266188 -4.62919235]]
3
[[-4.22930098 -4.21674776 -4.50837088 -4.70458603]]
1
[[-7.36448383 -5.58954954 -5.07266188 -4.62919235]]
3
[[-4.22930098 -4.21674776 -4.50837088 -4.70458603]]
1
[[-7.36448383 -5.58954954 -5.07266188 -4.62919235]]
3
[[-4.22930098 -4.21674776 -4.50837088 -4.70458603]]
1
[[-7.36448383 -5.58954954 -5.07266188 -4.62919235]]
3
[[-4.22930098 -4.21674776 -4.50837088 -4.70458603]]
1
[[-7.36448383 -5.58954954 -5.07266188 -4.62919235]]
3
[[-4.22930098 -4.21674776 -4.50837088 -4.70458603]]
1
[[-7.36448383 -5.58954954 -5.07266188 -4.62919235]]
3
[[-4.22930098 -4.21674776 -4.50837088 -4.70458603]]
1
[[-7.36448383 -5.58954954 -5.07266188 -4.62919235]]
3
[[-4.22930098 -4.21674776 -4.50837088 -4.70458603]]
1
[[-7.36448383 -5.58954954 -5.07266188 -4.62919235]]
3
[[-4.22930098 -4.21674776 -4.50837088 -4.70458603]]
1
[[-7.36448383 -5.58954954 -5.07266188 -4.62919235]]
3
[[-4.22930098 -4.21674776 -4.50837088 -4.70458603]]
1
[[-7.36448383 -5.58954954 -5.07266188 -4.62919235]]
3
[[-4.22930098 -4.21674776 -4.50837088 -4.70458603]]
1
[[-7.36448383 -5.58954954 -5.07266188 -4.62919235]]
3
[[-4.22930098 -4.21674776 -4.50837088 -4.70458603]]
1
[[-7.36448383 -5.58954954 -5.07266188 -4.62919235]]
3
[[-4.22930098 -4.21674776 -4.50837088 -4.70458603]]
1
[[-7.36448383 -5.58954954 -5.07266188 -4.62919235]]
3
[[-4.22930098 -4.21674776 -4.50837088 -4.70458603]]
1
[[-7.36448383 -5.58954954 -5.07266188 -4.62919235]]
3
[[-4.22930098 -4.21674776 -4.50837088 -4.70458603]]
1
[[-7.36448383 -5.58954954 -5.07266188 -4.62919235]]
3
[[-4.22930098 -4.21674776 -4.50837088 -4.70458603]]
1
[[-7.36448383 -5.58954954 -5.07266188 -4.62919235]]
3
[[-4.22930098 -4.21674776 -4.50837088 -4.70458603]]
1
[[-7.36448383 -5.58954954 -5.07266188 -4.62919235]]
3
[[-4.22930098 -4.21674776 -4.50837088 -4.70458603]]
1
[[-7.36448383 -5.58954954 -5.07266188 -4.62919235]]
3
[[-4.22930098 -4.21674776 -4.50837088 -4.70458603]]
1
[[-7.36448383 -5.58954954 -5.07266188 -4.62919235]]
3
[[-4.22930098 -4.21674776 -4.50837088 -4.70458603]]
1
[[-7.36448383 -5.58954954 -5.07266188 -4.62919235]]
3
[[-4.22930098 -4.21674776 -4.50837088 -4.70458603]]
1
[[-7.36448383 -5.58954954 -5.07266188 -4.62919235]]
3
[[-4.22930098 -4.21674776 -4.50837088 -4.70458603]]
1
[[-7.36448383 -5.58954954 -5.07266188 -4.62919235]]
3
[[-4.22930098 -4.21674776 -4.50837088 -4.70458603]]
1
[[-7.36448383 -5.58954954 -5.07266188 -4.62919235]]
3
[[-4.22930098 -4.21674776 -4.50837088 -4.70458603]]
1
[[-7.36448383 -5.58954954 -5.07266188 -4.62919235]]
3
[[-4.22930098 -4.21674776 -4.50837088 -4.70458603]]
1
[[-7.36448383 -5.58954954 -5.07266188 -4.62919235]]
3
[[-4.22930098 -4.21674776 -4.50837088 -4.70458603]]
1
[[-7.36448383 -5.58954954 -5.07266188 -4.62919235]]
3
[[-4.22930098 -4.21674776 -4.50837088 -4.70458603]]
1
[[-7.36448383 -5.58954954 -5.07266188 -4.62919235]]
3
[[-4.22930098 -4.21674776 -4.50837088 -4.70458603]]
1
[[-7.36448383 -5.58954954 -5.07266188 -4.62919235]]
3
[[-4.22930098 -4.21674776 -4.50837088 -4.70458603]]
1
[[-7.36448383 -5.58954954 -5.07266188 -4.62919235]]
3
[[-4.22930098 -4.21674776 -4.50837088 -4.70458603]]
1
[[-7.36448383 -5.58954954 -5.07266188 -4.62919235]]
3
[[-4.22930098 -4.21674776 -4.50837088 -4.70458603]]
1
[[-7.36448383 -5.58954954 -5.07266188 -4.62919235]]
3
[[-4.22930098 -4.21674776 -4.50837088 -4.70458603]]
1
[[-7.36448383 -5.58954954 -5.07266188 -4.62919235]]
3
[[-4.22930098 -4.21674776 -4.50837088 -4.70458603]]
1
[[-7.36448383 -5.58954954 -5.07266188 -4.62919235]]
3
[[-4.22930098 -4.21674776 -4.50837088 -4.70458603]]
1
[[-7.36448383 -5.58954954 -5.07266188 -4.62919235]]
3
[[-4.22930098 -4.21674776 -4.50837088 -4.70458603]]
1
FAIL
0/2
