[[ 17107814.  38683856.  22146180.  34844216.]]
1
[[ 17271274.  33006546.  23326514.  35835032.]]
3
[[ 17107814.  38683856.  22146180.  34844216.]]
1
[[ 17271274.  33006546.  23326514.  35835032.]]
3
[[ 17107814.  38683856.  22146180.  34844216.]]
1
[[ 17271274.  33006546.  23326514.  35835032.]]
3
[[ 17107814.  38683856.  22146180.  34844216.]]
1
[[ 17271274.  33006546.  23326514.  35835032.]]
3
[[ 17107814.  38683856.  22146180.  34844216.]]
1
[[ 17271274.  33006546.  23326514.  35835032.]]
3
[[ 17107814.  38683856.  22146180.  34844216.]]
1
[[ 17271274.  33006546.  23326514.  35835032.]]
3
[[ 17107814.  38683856.  22146180.  34844216.]]
1
[[ 17271274.  33006546.  23326514.  35835032.]]
3
[[ 17107814.  38683856.  22146180.  34844216.]]
1
[[ 17271274.  33006546.  23326514.  35835032.]]
3
[[ 17107814.  38683856.  22146180.  34844216.]]
1
[[ 17271274.  33006546.  23326514.  35835032.]]
3
[[ 17107814.  38683856.  22146180.  34844216.]]
1
[[ 17271274.  33006546.  23326514.  35835032.]]
3
[[ 17107814.  38683856.  22146180.  34844216.]]
1
[[ 17271274.  33006546.  23326514.  35835032.]]
3
[[ 17107814.  38683856.  22146180.  34844216.]]
1
[[ 17271274.  33006546.  23326514.  35835032.]]
3
[[ 17107814.  38683856.  22146180.  34844216.]]
1
[[ 17271274.  33006546.  23326514.  35835032.]]
3
[[ 17107814.  38683856.  22146180.  34844216.]]
1
[[ 17271274.  33006546.  23326514.  35835032.]]
3
[[ 17107814.  38683856.  22146180.  34844216.]]
1
[[ 17271274.  33006546.  23326514.  35835032.]]
3
[[ 17107814.  38683856.  22146180.  34844216.]]
1
[[ 17271274.  33006546.  23326514.  35835032.]]
3
[[ 17107814.  38683856.  22146180.  34844216.]]
1
[[ 17271274.  33006546.  23326514.  35835032.]]
3
[[ 17107814.  38683856.  22146180.  34844216.]]
1
[[ 17271274.  33006546.  23326514.  35835032.]]
3
[[ 17107814.  38683856.  22146180.  34844216.]]
1
[[ 17271274.  33006546.  23326514.  35835032.]]
3
[[ 17107814.  38683856.  22146180.  34844216.]]
1
[[ 17271274.  33006546.  23326514.  35835032.]]
3
[[ 17107814.  38683856.  22146180.  34844216.]]
1
[[ 17271274.  33006546.  23326514.  35835032.]]
3
[[ 17107814.  38683856.  22146180.  34844216.]]
1
[[ 17271274.  33006546.  23326514.  35835032.]]
3
[[ 17107814.  38683856.  22146180.  34844216.]]
1
[[ 17271274.  33006546.  23326514.  35835032.]]
3
[[ 17107814.  38683856.  22146180.  34844216.]]
1
[[ 17271274.  33006546.  23326514.  35835032.]]
3
[[ 17107814.  38683856.  22146180.  34844216.]]
1
[[ 17271274.  33006546.  23326514.  35835032.]]
3
[[ 17107814.  38683856.  22146180.  34844216.]]
1
[[ 17271274.  33006546.  23326514.  35835032.]]
3
[[ 17107814.  38683856.  22146180.  34844216.]]
1
[[ 17271274.  33006546.  23326514.  35835032.]]
3
[[ 17107814.  38683856.  22146180.  34844216.]]
1
[[ 17271274.  33006546.  23326514.  35835032.]]
3
[[ 17107814.  38683856.  22146180.  34844216.]]
1
[[ 17271274.  33006546.  23326514.  35835032.]]
3
[[ 17107814.  38683856.  22146180.  34844216.]]
1
[[ 17271274.  33006546.  23326514.  35835032.]]
3
[[ 17107814.  38683856.  22146180.  34844216.]]
1
[[ 17271274.  33006546.  23326514.  35835032.]]
3
[[ 17107814.  38683856.  22146180.  34844216.]]
1
[[ 17271274.  33006546.  23326514.  35835032.]]
3
[[ 17107814.  38683856.  22146180.  34844216.]]
1
[[ 17271274.  33006546.  23326514.  35835032.]]
3
[[ 17107814.  38683856.  22146180.  34844216.]]
1
[[ 17271274.  33006546.  23326514.  35835032.]]
3
[[ 17107814.  38683856.  22146180.  34844216.]]
1
[[ 17271274.  33006546.  23326514.  35835032.]]
3
[[ 17107814.  38683856.  22146180.  34844216.]]
1
[[ 17271274.  33006546.  23326514.  35835032.]]
3
[[ 17107814.  38683856.  22146180.  34844216.]]
1
[[ 17271274.  33006546.  23326514.  35835032.]]
3
[[ 17107814.  38683856.  22146180.  34844216.]]
1
[[ 17271274.  33006546.  23326514.  35835032.]]
3
[[ 17107814.  38683856.  22146180.  34844216.]]
1
[[ 17271274.  33006546.  23326514.  35835032.]]
3
[[ 17107814.  38683856.  22146180.  34844216.]]
1
[[ 17271274.  33006546.  23326514.  35835032.]]
3
[[ 17107814.  38683856.  22146180.  34844216.]]
1
[[ 17271274.  33006546.  23326514.  35835032.]]
3
[[ 17107814.  38683856.  22146180.  34844216.]]
1
[[ 17271274.  33006546.  23326514.  35835032.]]
3
[[ 17107814.  38683856.  22146180.  34844216.]]
1
[[ 17271274.  33006546.  23326514.  35835032.]]
3
[[ 17107814.  38683856.  22146180.  34844216.]]
1
[[ 17271274.  33006546.  23326514.  35835032.]]
3
[[ 17107814.  38683856.  22146180.  34844216.]]
1
[[ 17271274.  33006546.  23326514.  35835032.]]
3
[[ 17107814.  38683856.  22146180.  34844216.]]
1
[[ 17271274.  33006546.  23326514.  35835032.]]
3
[[ 17107814.  38683856.  22146180.  34844216.]]
1
[[ 17271274.  33006546.  23326514.  35835032.]]
3
[[ 17107814.  38683856.  22146180.  34844216.]]
1
[[ 17271274.  33006546.  23326514.  35835032.]]
3
[[ 17107814.  38683856.  22146180.  34844216.]]
1
[[ 17271274.  33006546.  23326514.  35835032.]]
3
[[ 17107814.  38683856.  22146180.  34844216.]]
1
[[ 17271274.  33006546.  23326514.  35835032.]]
3
[[ 17107814.  38683856.  22146180.  34844216.]]
1
FAIL
0/8
