[[-3.66675544 -7.55445957 -4.12709188 -8.14826679]]
0
[[-11.99577808 -14.64305115   0.38508782  -7.62084818]]
2
[[-3.66675544 -7.55445957 -4.12709188 -8.14826679]]
0
[[-11.99577808 -14.64305115   0.38508782  -7.62084818]]
2
[[-3.66675544 -7.55445957 -4.12709188 -8.14826679]]
0
[[-11.99577808 -14.64305115   0.38508782  -7.62084818]]
2
[[-3.66675544 -7.55445957 -4.12709188 -8.14826679]]
0
[[-11.99577808 -14.64305115   0.38508782  -7.62084818]]
2
[[-3.66675544 -7.55445957 -4.12709188 -8.14826679]]
0
[[-11.99577808 -14.64305115   0.38508782  -7.62084818]]
2
[[-3.66675544 -7.55445957 -4.12709188 -8.14826679]]
0
[[-11.99577808 -14.64305115   0.38508782  -7.62084818]]
2
[[-3.66675544 -7.55445957 -4.12709188 -8.14826679]]
0
[[-11.99577808 -14.64305115   0.38508782  -7.62084818]]
2
[[-3.66675544 -7.55445957 -4.12709188 -8.14826679]]
0
[[-11.99577808 -14.64305115   0.38508782  -7.62084818]]
2
[[-3.66675544 -7.55445957 -4.12709188 -8.14826679]]
0
[[-11.99577808 -14.64305115   0.38508782  -7.62084818]]
2
[[-3.66675544 -7.55445957 -4.12709188 -8.14826679]]
0
[[-11.99577808 -14.64305115   0.38508782  -7.62084818]]
2
[[-3.66675544 -7.55445957 -4.12709188 -8.14826679]]
0
[[-11.99577808 -14.64305115   0.38508782  -7.62084818]]
2
[[-3.66675544 -7.55445957 -4.12709188 -8.14826679]]
0
[[-11.99577808 -14.64305115   0.38508782  -7.62084818]]
2
[[-3.66675544 -7.55445957 -4.12709188 -8.14826679]]
0
[[-11.99577808 -14.64305115   0.38508782  -7.62084818]]
2
[[-3.66675544 -7.55445957 -4.12709188 -8.14826679]]
0
[[-11.99577808 -14.64305115   0.38508782  -7.62084818]]
2
[[-3.66675544 -7.55445957 -4.12709188 -8.14826679]]
0
[[-11.99577808 -14.64305115   0.38508782  -7.62084818]]
2
[[-3.66675544 -7.55445957 -4.12709188 -8.14826679]]
0
[[-11.99577808 -14.64305115   0.38508782  -7.62084818]]
2
[[-3.66675544 -7.55445957 -4.12709188 -8.14826679]]
0
[[-11.99577808 -14.64305115   0.38508782  -7.62084818]]
2
[[-3.66675544 -7.55445957 -4.12709188 -8.14826679]]
0
[[-11.99577808 -14.64305115   0.38508782  -7.62084818]]
2
[[-3.66675544 -7.55445957 -4.12709188 -8.14826679]]
0
[[-11.99577808 -14.64305115   0.38508782  -7.62084818]]
2
[[-3.66675544 -7.55445957 -4.12709188 -8.14826679]]
0
[[-11.99577808 -14.64305115   0.38508782  -7.62084818]]
2
[[-3.66675544 -7.55445957 -4.12709188 -8.14826679]]
0
[[-11.99577808 -14.64305115   0.38508782  -7.62084818]]
2
[[-3.66675544 -7.55445957 -4.12709188 -8.14826679]]
0
[[-11.99577808 -14.64305115   0.38508782  -7.62084818]]
2
[[-3.66675544 -7.55445957 -4.12709188 -8.14826679]]
0
[[-11.99577808 -14.64305115   0.38508782  -7.62084818]]
2
[[-3.66675544 -7.55445957 -4.12709188 -8.14826679]]
0
[[-11.99577808 -14.64305115   0.38508782  -7.62084818]]
2
[[-3.66675544 -7.55445957 -4.12709188 -8.14826679]]
0
[[-11.99577808 -14.64305115   0.38508782  -7.62084818]]
2
[[-3.66675544 -7.55445957 -4.12709188 -8.14826679]]
0
[[-11.99577808 -14.64305115   0.38508782  -7.62084818]]
2
[[-3.66675544 -7.55445957 -4.12709188 -8.14826679]]
0
[[-11.99577808 -14.64305115   0.38508782  -7.62084818]]
2
[[-3.66675544 -7.55445957 -4.12709188 -8.14826679]]
0
[[-11.99577808 -14.64305115   0.38508782  -7.62084818]]
2
[[-3.66675544 -7.55445957 -4.12709188 -8.14826679]]
0
[[-11.99577808 -14.64305115   0.38508782  -7.62084818]]
2
[[-3.66675544 -7.55445957 -4.12709188 -8.14826679]]
0
[[-11.99577808 -14.64305115   0.38508782  -7.62084818]]
2
[[-3.66675544 -7.55445957 -4.12709188 -8.14826679]]
0
[[-11.99577808 -14.64305115   0.38508782  -7.62084818]]
2
[[-3.66675544 -7.55445957 -4.12709188 -8.14826679]]
0
[[-11.99577808 -14.64305115   0.38508782  -7.62084818]]
2
[[-3.66675544 -7.55445957 -4.12709188 -8.14826679]]
0
[[-11.99577808 -14.64305115   0.38508782  -7.62084818]]
2
[[-3.66675544 -7.55445957 -4.12709188 -8.14826679]]
0
[[-11.99577808 -14.64305115   0.38508782  -7.62084818]]
2
[[-3.66675544 -7.55445957 -4.12709188 -8.14826679]]
0
[[-11.99577808 -14.64305115   0.38508782  -7.62084818]]
2
[[-3.66675544 -7.55445957 -4.12709188 -8.14826679]]
0
[[-11.99577808 -14.64305115   0.38508782  -7.62084818]]
2
[[-3.66675544 -7.55445957 -4.12709188 -8.14826679]]
0
[[-11.99577808 -14.64305115   0.38508782  -7.62084818]]
2
[[-3.66675544 -7.55445957 -4.12709188 -8.14826679]]
0
[[-11.99577808 -14.64305115   0.38508782  -7.62084818]]
2
[[-3.66675544 -7.55445957 -4.12709188 -8.14826679]]
0
[[-11.99577808 -14.64305115   0.38508782  -7.62084818]]
2
[[-3.66675544 -7.55445957 -4.12709188 -8.14826679]]
0
[[-11.99577808 -14.64305115   0.38508782  -7.62084818]]
2
[[-3.66675544 -7.55445957 -4.12709188 -8.14826679]]
0
[[-11.99577808 -14.64305115   0.38508782  -7.62084818]]
2
[[-3.66675544 -7.55445957 -4.12709188 -8.14826679]]
0
[[-11.99577808 -14.64305115   0.38508782  -7.62084818]]
2
[[-3.66675544 -7.55445957 -4.12709188 -8.14826679]]
0
[[-11.99577808 -14.64305115   0.38508782  -7.62084818]]
2
[[-3.66675544 -7.55445957 -4.12709188 -8.14826679]]
0
[[-11.99577808 -14.64305115   0.38508782  -7.62084818]]
2
[[-3.66675544 -7.55445957 -4.12709188 -8.14826679]]
0
[[-11.99577808 -14.64305115   0.38508782  -7.62084818]]
2
[[-3.66675544 -7.55445957 -4.12709188 -8.14826679]]
0
[[-11.99577808 -14.64305115   0.38508782  -7.62084818]]
2
[[-3.66675544 -7.55445957 -4.12709188 -8.14826679]]
0
[[-11.99577808 -14.64305115   0.38508782  -7.62084818]]
2
[[-3.66675544 -7.55445957 -4.12709188 -8.14826679]]
0
[[-11.99577808 -14.64305115   0.38508782  -7.62084818]]
2
[[-3.66675544 -7.55445957 -4.12709188 -8.14826679]]
0
[[-11.99577808 -14.64305115   0.38508782  -7.62084818]]
2
[[-3.66675544 -7.55445957 -4.12709188 -8.14826679]]
0
[[-11.99577808 -14.64305115   0.38508782  -7.62084818]]
2
[[-3.66675544 -7.55445957 -4.12709188 -8.14826679]]
0
FAIL
1/2
