[[-3.49153543 -7.48628569 -4.20548725 -8.11097336]]
0
[[-11.81680012 -14.57490253   0.30780095  -7.57606697]]
2
[[-3.49153543 -7.48628569 -4.20548725 -8.11097336]]
0
[[-11.81680012 -14.57490253   0.30780095  -7.57606697]]
2
[[-3.49153543 -7.48628569 -4.20548725 -8.11097336]]
0
[[-11.81680012 -14.57490253   0.30780095  -7.57606697]]
2
[[-3.49153543 -7.48628569 -4.20548725 -8.11097336]]
0
[[-11.81680012 -14.57490253   0.30780095  -7.57606697]]
2
[[-3.49153543 -7.48628569 -4.20548725 -8.11097336]]
0
[[-11.81680012 -14.57490253   0.30780095  -7.57606697]]
2
[[-3.49153543 -7.48628569 -4.20548725 -8.11097336]]
0
[[-11.81680012 -14.57490253   0.30780095  -7.57606697]]
2
[[-3.49153543 -7.48628569 -4.20548725 -8.11097336]]
0
[[-11.81680012 -14.57490253   0.30780095  -7.57606697]]
2
[[-3.49153543 -7.48628569 -4.20548725 -8.11097336]]
0
[[-11.81680012 -14.57490253   0.30780095  -7.57606697]]
2
[[-3.49153543 -7.48628569 -4.20548725 -8.11097336]]
0
[[-11.81680012 -14.57490253   0.30780095  -7.57606697]]
2
[[-3.49153543 -7.48628569 -4.20548725 -8.11097336]]
0
[[-11.81680012 -14.57490253   0.30780095  -7.57606697]]
2
[[-3.49153543 -7.48628569 -4.20548725 -8.11097336]]
0
[[-11.81680012 -14.57490253   0.30780095  -7.57606697]]
2
[[-3.49153543 -7.48628569 -4.20548725 -8.11097336]]
0
[[-11.81680012 -14.57490253   0.30780095  -7.57606697]]
2
[[-3.49153543 -7.48628569 -4.20548725 -8.11097336]]
0
[[-11.81680012 -14.57490253   0.30780095  -7.57606697]]
2
[[-3.49153543 -7.48628569 -4.20548725 -8.11097336]]
0
[[-11.81680012 -14.57490253   0.30780095  -7.57606697]]
2
[[-3.49153543 -7.48628569 -4.20548725 -8.11097336]]
0
[[-11.81680012 -14.57490253   0.30780095  -7.57606697]]
2
[[-3.49153543 -7.48628569 -4.20548725 -8.11097336]]
0
[[-11.81680012 -14.57490253   0.30780095  -7.57606697]]
2
[[-3.49153543 -7.48628569 -4.20548725 -8.11097336]]
0
[[-11.81680012 -14.57490253   0.30780095  -7.57606697]]
2
[[-3.49153543 -7.48628569 -4.20548725 -8.11097336]]
0
[[-11.81680012 -14.57490253   0.30780095  -7.57606697]]
2
[[-3.49153543 -7.48628569 -4.20548725 -8.11097336]]
0
[[-11.81680012 -14.57490253   0.30780095  -7.57606697]]
2
[[-3.49153543 -7.48628569 -4.20548725 -8.11097336]]
0
[[-11.81680012 -14.57490253   0.30780095  -7.57606697]]
2
[[-3.49153543 -7.48628569 -4.20548725 -8.11097336]]
0
[[-11.81680012 -14.57490253   0.30780095  -7.57606697]]
2
[[-3.49153543 -7.48628569 -4.20548725 -8.11097336]]
0
[[-11.81680012 -14.57490253   0.30780095  -7.57606697]]
2
[[-3.49153543 -7.48628569 -4.20548725 -8.11097336]]
0
[[-11.81680012 -14.57490253   0.30780095  -7.57606697]]
2
[[-3.49153543 -7.48628569 -4.20548725 -8.11097336]]
0
[[-11.81680012 -14.57490253   0.30780095  -7.57606697]]
2
[[-3.49153543 -7.48628569 -4.20548725 -8.11097336]]
0
[[-11.81680012 -14.57490253   0.30780095  -7.57606697]]
2
[[-3.49153543 -7.48628569 -4.20548725 -8.11097336]]
0
[[-11.81680012 -14.57490253   0.30780095  -7.57606697]]
2
[[-3.49153543 -7.48628569 -4.20548725 -8.11097336]]
0
[[-11.81680012 -14.57490253   0.30780095  -7.57606697]]
2
[[-3.49153543 -7.48628569 -4.20548725 -8.11097336]]
0
[[-11.81680012 -14.57490253   0.30780095  -7.57606697]]
2
[[-3.49153543 -7.48628569 -4.20548725 -8.11097336]]
0
[[-11.81680012 -14.57490253   0.30780095  -7.57606697]]
2
[[-3.49153543 -7.48628569 -4.20548725 -8.11097336]]
0
[[-11.81680012 -14.57490253   0.30780095  -7.57606697]]
2
[[-3.49153543 -7.48628569 -4.20548725 -8.11097336]]
0
[[-11.81680012 -14.57490253   0.30780095  -7.57606697]]
2
[[-3.49153543 -7.48628569 -4.20548725 -8.11097336]]
0
[[-11.81680012 -14.57490253   0.30780095  -7.57606697]]
2
[[-3.49153543 -7.48628569 -4.20548725 -8.11097336]]
0
[[-11.81680012 -14.57490253   0.30780095  -7.57606697]]
2
[[-3.49153543 -7.48628569 -4.20548725 -8.11097336]]
0
[[-11.81680012 -14.57490253   0.30780095  -7.57606697]]
2
[[-3.49153543 -7.48628569 -4.20548725 -8.11097336]]
0
[[-11.81680012 -14.57490253   0.30780095  -7.57606697]]
2
[[-3.49153543 -7.48628569 -4.20548725 -8.11097336]]
0
[[-11.81680012 -14.57490253   0.30780095  -7.57606697]]
2
[[-3.49153543 -7.48628569 -4.20548725 -8.11097336]]
0
[[-11.81680012 -14.57490253   0.30780095  -7.57606697]]
2
[[-3.49153543 -7.48628569 -4.20548725 -8.11097336]]
0
[[-11.81680012 -14.57490253   0.30780095  -7.57606697]]
2
[[-3.49153543 -7.48628569 -4.20548725 -8.11097336]]
0
[[-11.81680012 -14.57490253   0.30780095  -7.57606697]]
2
[[-3.49153543 -7.48628569 -4.20548725 -8.11097336]]
0
[[-11.81680012 -14.57490253   0.30780095  -7.57606697]]
2
[[-3.49153543 -7.48628569 -4.20548725 -8.11097336]]
0
[[-11.81680012 -14.57490253   0.30780095  -7.57606697]]
2
[[-3.49153543 -7.48628569 -4.20548725 -8.11097336]]
0
[[-11.81680012 -14.57490253   0.30780095  -7.57606697]]
2
[[-3.49153543 -7.48628569 -4.20548725 -8.11097336]]
0
[[-11.81680012 -14.57490253   0.30780095  -7.57606697]]
2
[[-3.49153543 -7.48628569 -4.20548725 -8.11097336]]
0
[[-11.81680012 -14.57490253   0.30780095  -7.57606697]]
2
[[-3.49153543 -7.48628569 -4.20548725 -8.11097336]]
0
[[-11.81680012 -14.57490253   0.30780095  -7.57606697]]
2
[[-3.49153543 -7.48628569 -4.20548725 -8.11097336]]
0
[[-11.81680012 -14.57490253   0.30780095  -7.57606697]]
2
[[-3.49153543 -7.48628569 -4.20548725 -8.11097336]]
0
[[-11.81680012 -14.57490253   0.30780095  -7.57606697]]
2
[[-3.49153543 -7.48628569 -4.20548725 -8.11097336]]
0
[[-11.81680012 -14.57490253   0.30780095  -7.57606697]]
2
[[-3.49153543 -7.48628569 -4.20548725 -8.11097336]]
0
[[-11.81680012 -14.57490253   0.30780095  -7.57606697]]
2
[[-3.49153543 -7.48628569 -4.20548725 -8.11097336]]
0
[[-11.81680012 -14.57490253   0.30780095  -7.57606697]]
2
[[-3.49153543 -7.48628569 -4.20548725 -8.11097336]]
0
FAIL
1/2
