[[-4.56903839 -4.51130533 -3.88460255 -8.37611961]]
2
[[-2.76907945 -6.06099463 -2.93201876 -9.06253815]]
0
[[-4.56903839 -4.51130533 -3.88460255 -8.37611961]]
2
[[-2.76907945 -6.06099463 -2.93201876 -9.06253815]]
0
[[-4.56903839 -4.51130533 -3.88460255 -8.37611961]]
2
[[-2.76907945 -6.06099463 -2.93201876 -9.06253815]]
0
[[-4.56903839 -4.51130533 -3.88460255 -8.37611961]]
2
[[-2.76907945 -6.06099463 -2.93201876 -9.06253815]]
0
[[-4.56903839 -4.51130533 -3.88460255 -8.37611961]]
2
[[-2.76907945 -6.06099463 -2.93201876 -9.06253815]]
0
[[-4.56903839 -4.51130533 -3.88460255 -8.37611961]]
2
[[-2.76907945 -6.06099463 -2.93201876 -9.06253815]]
0
[[-4.56903839 -4.51130533 -3.88460255 -8.37611961]]
2
[[-2.76907945 -6.06099463 -2.93201876 -9.06253815]]
0
[[-4.56903839 -4.51130533 -3.88460255 -8.37611961]]
2
[[-2.76907945 -6.06099463 -2.93201876 -9.06253815]]
0
[[-4.56903839 -4.51130533 -3.88460255 -8.37611961]]
2
[[-2.76907945 -6.06099463 -2.93201876 -9.06253815]]
0
[[-4.56903839 -4.51130533 -3.88460255 -8.37611961]]
2
[[-2.76907945 -6.06099463 -2.93201876 -9.06253815]]
0
[[-4.56903839 -4.51130533 -3.88460255 -8.37611961]]
2
[[-2.76907945 -6.06099463 -2.93201876 -9.06253815]]
0
[[-4.56903839 -4.51130533 -3.88460255 -8.37611961]]
2
[[-2.76907945 -6.06099463 -2.93201876 -9.06253815]]
0
[[-4.56903839 -4.51130533 -3.88460255 -8.37611961]]
2
[[-2.76907945 -6.06099463 -2.93201876 -9.06253815]]
0
[[-4.56903839 -4.51130533 -3.88460255 -8.37611961]]
2
[[-2.76907945 -6.06099463 -2.93201876 -9.06253815]]
0
[[-4.56903839 -4.51130533 -3.88460255 -8.37611961]]
2
[[-2.76907945 -6.06099463 -2.93201876 -9.06253815]]
0
[[-4.56903839 -4.51130533 -3.88460255 -8.37611961]]
2
[[-2.76907945 -6.06099463 -2.93201876 -9.06253815]]
0
[[-4.56903839 -4.51130533 -3.88460255 -8.37611961]]
2
[[-2.76907945 -6.06099463 -2.93201876 -9.06253815]]
0
[[-4.56903839 -4.51130533 -3.88460255 -8.37611961]]
2
[[-2.76907945 -6.06099463 -2.93201876 -9.06253815]]
0
[[-4.56903839 -4.51130533 -3.88460255 -8.37611961]]
2
[[-2.76907945 -6.06099463 -2.93201876 -9.06253815]]
0
[[-4.56903839 -4.51130533 -3.88460255 -8.37611961]]
2
[[-2.76907945 -6.06099463 -2.93201876 -9.06253815]]
0
[[-4.56903839 -4.51130533 -3.88460255 -8.37611961]]
2
[[-2.76907945 -6.06099463 -2.93201876 -9.06253815]]
0
[[-4.56903839 -4.51130533 -3.88460255 -8.37611961]]
2
[[-2.76907945 -6.06099463 -2.93201876 -9.06253815]]
0
[[-4.56903839 -4.51130533 -3.88460255 -8.37611961]]
2
[[-2.76907945 -6.06099463 -2.93201876 -9.06253815]]
0
[[-4.56903839 -4.51130533 -3.88460255 -8.37611961]]
2
[[-2.76907945 -6.06099463 -2.93201876 -9.06253815]]
0
[[-4.56903839 -4.51130533 -3.88460255 -8.37611961]]
2
[[-2.76907945 -6.06099463 -2.93201876 -9.06253815]]
0
[[-4.56903839 -4.51130533 -3.88460255 -8.37611961]]
2
[[-2.76907945 -6.06099463 -2.93201876 -9.06253815]]
0
[[-4.56903839 -4.51130533 -3.88460255 -8.37611961]]
2
[[-2.76907945 -6.06099463 -2.93201876 -9.06253815]]
0
[[-4.56903839 -4.51130533 -3.88460255 -8.37611961]]
2
[[-2.76907945 -6.06099463 -2.93201876 -9.06253815]]
0
[[-4.56903839 -4.51130533 -3.88460255 -8.37611961]]
2
[[-2.76907945 -6.06099463 -2.93201876 -9.06253815]]
0
[[-4.56903839 -4.51130533 -3.88460255 -8.37611961]]
2
[[-2.76907945 -6.06099463 -2.93201876 -9.06253815]]
0
[[-4.56903839 -4.51130533 -3.88460255 -8.37611961]]
2
[[-2.76907945 -6.06099463 -2.93201876 -9.06253815]]
0
[[-4.56903839 -4.51130533 -3.88460255 -8.37611961]]
2
[[-2.76907945 -6.06099463 -2.93201876 -9.06253815]]
0
[[-4.56903839 -4.51130533 -3.88460255 -8.37611961]]
2
[[-2.76907945 -6.06099463 -2.93201876 -9.06253815]]
0
[[-4.56903839 -4.51130533 -3.88460255 -8.37611961]]
2
[[-2.76907945 -6.06099463 -2.93201876 -9.06253815]]
0
[[-4.56903839 -4.51130533 -3.88460255 -8.37611961]]
2
[[-2.76907945 -6.06099463 -2.93201876 -9.06253815]]
0
[[-4.56903839 -4.51130533 -3.88460255 -8.37611961]]
2
[[-2.76907945 -6.06099463 -2.93201876 -9.06253815]]
0
[[-4.56903839 -4.51130533 -3.88460255 -8.37611961]]
2
[[-2.76907945 -6.06099463 -2.93201876 -9.06253815]]
0
[[-4.56903839 -4.51130533 -3.88460255 -8.37611961]]
2
[[-2.76907945 -6.06099463 -2.93201876 -9.06253815]]
0
[[-4.56903839 -4.51130533 -3.88460255 -8.37611961]]
2
[[-2.76907945 -6.06099463 -2.93201876 -9.06253815]]
0
[[-4.56903839 -4.51130533 -3.88460255 -8.37611961]]
2
[[-2.76907945 -6.06099463 -2.93201876 -9.06253815]]
0
[[-4.56903839 -4.51130533 -3.88460255 -8.37611961]]
2
[[-2.76907945 -6.06099463 -2.93201876 -9.06253815]]
0
[[-4.56903839 -4.51130533 -3.88460255 -8.37611961]]
2
[[-2.76907945 -6.06099463 -2.93201876 -9.06253815]]
0
[[-4.56903839 -4.51130533 -3.88460255 -8.37611961]]
2
[[-2.76907945 -6.06099463 -2.93201876 -9.06253815]]
0
[[-4.56903839 -4.51130533 -3.88460255 -8.37611961]]
2
[[-2.76907945 -6.06099463 -2.93201876 -9.06253815]]
0
[[-4.56903839 -4.51130533 -3.88460255 -8.37611961]]
2
[[-2.76907945 -6.06099463 -2.93201876 -9.06253815]]
0
[[-4.56903839 -4.51130533 -3.88460255 -8.37611961]]
2
[[-2.76907945 -6.06099463 -2.93201876 -9.06253815]]
0
[[-4.56903839 -4.51130533 -3.88460255 -8.37611961]]
2
[[-2.76907945 -6.06099463 -2.93201876 -9.06253815]]
0
[[-4.56903839 -4.51130533 -3.88460255 -8.37611961]]
2
[[-2.76907945 -6.06099463 -2.93201876 -9.06253815]]
0
[[-4.56903839 -4.51130533 -3.88460255 -8.37611961]]
2
[[-2.76907945 -6.06099463 -2.93201876 -9.06253815]]
0
[[-4.56903839 -4.51130533 -3.88460255 -8.37611961]]
2
[[-2.76907945 -6.06099463 -2.93201876 -9.06253815]]
0
[[-4.56903839 -4.51130533 -3.88460255 -8.37611961]]
2
FAIL
0/5
