[[-3.56831694 -7.3770833  -4.42116833 -8.25564289]]
0
[[-11.88101292 -14.46073723   0.0973644   -7.71251488]]
2
[[-3.56831694 -7.3770833  -4.42116833 -8.25564289]]
0
[[-11.88101292 -14.46073723   0.0973644   -7.71251488]]
2
[[-3.56831694 -7.3770833  -4.42116833 -8.25564289]]
0
[[-11.88101292 -14.46073723   0.0973644   -7.71251488]]
2
[[-3.56831694 -7.3770833  -4.42116833 -8.25564289]]
0
[[-11.88101292 -14.46073723   0.0973644   -7.71251488]]
2
[[-3.56831694 -7.3770833  -4.42116833 -8.25564289]]
0
[[-11.88101292 -14.46073723   0.0973644   -7.71251488]]
2
[[-3.56831694 -7.3770833  -4.42116833 -8.25564289]]
0
[[-11.88101292 -14.46073723   0.0973644   -7.71251488]]
2
[[-3.56831694 -7.3770833  -4.42116833 -8.25564289]]
0
[[-11.88101292 -14.46073723   0.0973644   -7.71251488]]
2
[[-3.56831694 -7.3770833  -4.42116833 -8.25564289]]
0
[[-11.88101292 -14.46073723   0.0973644   -7.71251488]]
2
[[-3.56831694 -7.3770833  -4.42116833 -8.25564289]]
0
[[-11.88101292 -14.46073723   0.0973644   -7.71251488]]
2
[[-3.56831694 -7.3770833  -4.42116833 -8.25564289]]
0
[[-11.88101292 -14.46073723   0.0973644   -7.71251488]]
2
[[-3.56831694 -7.3770833  -4.42116833 -8.25564289]]
0
[[-11.88101292 -14.46073723   0.0973644   -7.71251488]]
2
[[-3.56831694 -7.3770833  -4.42116833 -8.25564289]]
0
[[-11.88101292 -14.46073723   0.0973644   -7.71251488]]
2
[[-3.56831694 -7.3770833  -4.42116833 -8.25564289]]
0
[[-11.88101292 -14.46073723   0.0973644   -7.71251488]]
2
[[-3.56831694 -7.3770833  -4.42116833 -8.25564289]]
0
[[-11.88101292 -14.46073723   0.0973644   -7.71251488]]
2
[[-3.56831694 -7.3770833  -4.42116833 -8.25564289]]
0
[[-11.88101292 -14.46073723   0.0973644   -7.71251488]]
2
[[-3.56831694 -7.3770833  -4.42116833 -8.25564289]]
0
[[-11.88101292 -14.46073723   0.0973644   -7.71251488]]
2
[[-3.56831694 -7.3770833  -4.42116833 -8.25564289]]
0
[[-11.88101292 -14.46073723   0.0973644   -7.71251488]]
2
[[-3.56831694 -7.3770833  -4.42116833 -8.25564289]]
0
[[-11.88101292 -14.46073723   0.0973644   -7.71251488]]
2
[[-3.56831694 -7.3770833  -4.42116833 -8.25564289]]
0
[[-11.88101292 -14.46073723   0.0973644   -7.71251488]]
2
[[-3.56831694 -7.3770833  -4.42116833 -8.25564289]]
0
[[-11.88101292 -14.46073723   0.0973644   -7.71251488]]
2
[[-3.56831694 -7.3770833  -4.42116833 -8.25564289]]
0
[[-11.88101292 -14.46073723   0.0973644   -7.71251488]]
2
[[-3.56831694 -7.3770833  -4.42116833 -8.25564289]]
0
[[-11.88101292 -14.46073723   0.0973644   -7.71251488]]
2
[[-3.56831694 -7.3770833  -4.42116833 -8.25564289]]
0
[[-11.88101292 -14.46073723   0.0973644   -7.71251488]]
2
[[-3.56831694 -7.3770833  -4.42116833 -8.25564289]]
0
[[-11.88101292 -14.46073723   0.0973644   -7.71251488]]
2
[[-3.56831694 -7.3770833  -4.42116833 -8.25564289]]
0
[[-11.88101292 -14.46073723   0.0973644   -7.71251488]]
2
[[-3.56831694 -7.3770833  -4.42116833 -8.25564289]]
0
[[-11.88101292 -14.46073723   0.0973644   -7.71251488]]
2
[[-3.56831694 -7.3770833  -4.42116833 -8.25564289]]
0
[[-11.88101292 -14.46073723   0.0973644   -7.71251488]]
2
[[-3.56831694 -7.3770833  -4.42116833 -8.25564289]]
0
[[-11.88101292 -14.46073723   0.0973644   -7.71251488]]
2
[[-3.56831694 -7.3770833  -4.42116833 -8.25564289]]
0
[[-11.88101292 -14.46073723   0.0973644   -7.71251488]]
2
[[-3.56831694 -7.3770833  -4.42116833 -8.25564289]]
0
[[-11.88101292 -14.46073723   0.0973644   -7.71251488]]
2
[[-3.56831694 -7.3770833  -4.42116833 -8.25564289]]
0
[[-11.88101292 -14.46073723   0.0973644   -7.71251488]]
2
[[-3.56831694 -7.3770833  -4.42116833 -8.25564289]]
0
[[-11.88101292 -14.46073723   0.0973644   -7.71251488]]
2
[[-3.56831694 -7.3770833  -4.42116833 -8.25564289]]
0
[[-11.88101292 -14.46073723   0.0973644   -7.71251488]]
2
[[-3.56831694 -7.3770833  -4.42116833 -8.25564289]]
0
[[-11.88101292 -14.46073723   0.0973644   -7.71251488]]
2
[[-3.56831694 -7.3770833  -4.42116833 -8.25564289]]
0
[[-11.88101292 -14.46073723   0.0973644   -7.71251488]]
2
[[-3.56831694 -7.3770833  -4.42116833 -8.25564289]]
0
[[-11.88101292 -14.46073723   0.0973644   -7.71251488]]
2
[[-3.56831694 -7.3770833  -4.42116833 -8.25564289]]
0
[[-11.88101292 -14.46073723   0.0973644   -7.71251488]]
2
[[-3.56831694 -7.3770833  -4.42116833 -8.25564289]]
0
[[-11.88101292 -14.46073723   0.0973644   -7.71251488]]
2
[[-3.56831694 -7.3770833  -4.42116833 -8.25564289]]
0
[[-11.88101292 -14.46073723   0.0973644   -7.71251488]]
2
[[-3.56831694 -7.3770833  -4.42116833 -8.25564289]]
0
[[-11.88101292 -14.46073723   0.0973644   -7.71251488]]
2
[[-3.56831694 -7.3770833  -4.42116833 -8.25564289]]
0
[[-11.88101292 -14.46073723   0.0973644   -7.71251488]]
2
[[-3.56831694 -7.3770833  -4.42116833 -8.25564289]]
0
[[-11.88101292 -14.46073723   0.0973644   -7.71251488]]
2
[[-3.56831694 -7.3770833  -4.42116833 -8.25564289]]
0
[[-11.88101292 -14.46073723   0.0973644   -7.71251488]]
2
[[-3.56831694 -7.3770833  -4.42116833 -8.25564289]]
0
[[-11.88101292 -14.46073723   0.0973644   -7.71251488]]
2
[[-3.56831694 -7.3770833  -4.42116833 -8.25564289]]
0
[[-11.88101292 -14.46073723   0.0973644   -7.71251488]]
2
[[-3.56831694 -7.3770833  -4.42116833 -8.25564289]]
0
[[-11.88101292 -14.46073723   0.0973644   -7.71251488]]
2
[[-3.56831694 -7.3770833  -4.42116833 -8.25564289]]
0
[[-11.88101292 -14.46073723   0.0973644   -7.71251488]]
2
[[-3.56831694 -7.3770833  -4.42116833 -8.25564289]]
0
[[-11.88101292 -14.46073723   0.0973644   -7.71251488]]
2
[[-3.56831694 -7.3770833  -4.42116833 -8.25564289]]
0
[[-11.88101292 -14.46073723   0.0973644   -7.71251488]]
2
[[-3.56831694 -7.3770833  -4.42116833 -8.25564289]]
0
[[-11.88101292 -14.46073723   0.0973644   -7.71251488]]
2
[[-3.56831694 -7.3770833  -4.42116833 -8.25564289]]
0
FAIL
1/2
