[[-4.66964865 -4.39687443 -4.11016512 -8.50137138]]
2
[[-2.86705828 -5.94585848 -3.15677404 -9.19111252]]
0
[[-4.66964865 -4.39687443 -4.11016512 -8.50137138]]
2
[[-2.86705828 -5.94585848 -3.15677404 -9.19111252]]
0
[[-4.66964865 -4.39687443 -4.11016512 -8.50137138]]
2
[[-2.86705828 -5.94585848 -3.15677404 -9.19111252]]
0
[[-4.66964865 -4.39687443 -4.11016512 -8.50137138]]
2
[[-2.86705828 -5.94585848 -3.15677404 -9.19111252]]
0
[[-4.66964865 -4.39687443 -4.11016512 -8.50137138]]
2
[[-2.86705828 -5.94585848 -3.15677404 -9.19111252]]
0
[[-4.66964865 -4.39687443 -4.11016512 -8.50137138]]
2
[[-2.86705828 -5.94585848 -3.15677404 -9.19111252]]
0
[[-4.66964865 -4.39687443 -4.11016512 -8.50137138]]
2
[[-2.86705828 -5.94585848 -3.15677404 -9.19111252]]
0
[[-4.66964865 -4.39687443 -4.11016512 -8.50137138]]
2
[[-2.86705828 -5.94585848 -3.15677404 -9.19111252]]
0
[[-4.66964865 -4.39687443 -4.11016512 -8.50137138]]
2
[[-2.86705828 -5.94585848 -3.15677404 -9.19111252]]
0
[[-4.66964865 -4.39687443 -4.11016512 -8.50137138]]
2
[[-2.86705828 -5.94585848 -3.15677404 -9.19111252]]
0
[[-4.66964865 -4.39687443 -4.11016512 -8.50137138]]
2
[[-2.86705828 -5.94585848 -3.15677404 -9.19111252]]
0
[[-4.66964865 -4.39687443 -4.11016512 -8.50137138]]
2
[[-2.86705828 -5.94585848 -3.15677404 -9.19111252]]
0
[[-4.66964865 -4.39687443 -4.11016512 -8.50137138]]
2
[[-2.86705828 -5.94585848 -3.15677404 -9.19111252]]
0
[[-4.66964865 -4.39687443 -4.11016512 -8.50137138]]
2
[[-2.86705828 -5.94585848 -3.15677404 -9.19111252]]
0
[[-4.66964865 -4.39687443 -4.11016512 -8.50137138]]
2
[[-2.86705828 -5.94585848 -3.15677404 -9.19111252]]
0
[[-4.66964865 -4.39687443 -4.11016512 -8.50137138]]
2
[[-2.86705828 -5.94585848 -3.15677404 -9.19111252]]
0
[[-4.66964865 -4.39687443 -4.11016512 -8.50137138]]
2
[[-2.86705828 -5.94585848 -3.15677404 -9.19111252]]
0
[[-4.66964865 -4.39687443 -4.11016512 -8.50137138]]
2
[[-2.86705828 -5.94585848 -3.15677404 -9.19111252]]
0
[[-4.66964865 -4.39687443 -4.11016512 -8.50137138]]
2
[[-2.86705828 -5.94585848 -3.15677404 -9.19111252]]
0
[[-4.66964865 -4.39687443 -4.11016512 -8.50137138]]
2
[[-2.86705828 -5.94585848 -3.15677404 -9.19111252]]
0
[[-4.66964865 -4.39687443 -4.11016512 -8.50137138]]
2
[[-2.86705828 -5.94585848 -3.15677404 -9.19111252]]
0
[[-4.66964865 -4.39687443 -4.11016512 -8.50137138]]
2
[[-2.86705828 -5.94585848 -3.15677404 -9.19111252]]
0
[[-4.66964865 -4.39687443 -4.11016512 -8.50137138]]
2
[[-2.86705828 -5.94585848 -3.15677404 -9.19111252]]
0
[[-4.66964865 -4.39687443 -4.11016512 -8.50137138]]
2
[[-2.86705828 -5.94585848 -3.15677404 -9.19111252]]
0
[[-4.66964865 -4.39687443 -4.11016512 -8.50137138]]
2
[[-2.86705828 -5.94585848 -3.15677404 -9.19111252]]
0
[[-4.66964865 -4.39687443 -4.11016512 -8.50137138]]
2
[[-2.86705828 -5.94585848 -3.15677404 -9.19111252]]
0
[[-4.66964865 -4.39687443 -4.11016512 -8.50137138]]
2
[[-2.86705828 -5.94585848 -3.15677404 -9.19111252]]
0
[[-4.66964865 -4.39687443 -4.11016512 -8.50137138]]
2
[[-2.86705828 -5.94585848 -3.15677404 -9.19111252]]
0
[[-4.66964865 -4.39687443 -4.11016512 -8.50137138]]
2
[[-2.86705828 -5.94585848 -3.15677404 -9.19111252]]
0
[[-4.66964865 -4.39687443 -4.11016512 -8.50137138]]
2
[[-2.86705828 -5.94585848 -3.15677404 -9.19111252]]
0
[[-4.66964865 -4.39687443 -4.11016512 -8.50137138]]
2
[[-2.86705828 -5.94585848 -3.15677404 -9.19111252]]
0
[[-4.66964865 -4.39687443 -4.11016512 -8.50137138]]
2
[[-2.86705828 -5.94585848 -3.15677404 -9.19111252]]
0
[[-4.66964865 -4.39687443 -4.11016512 -8.50137138]]
2
[[-2.86705828 -5.94585848 -3.15677404 -9.19111252]]
0
[[-4.66964865 -4.39687443 -4.11016512 -8.50137138]]
2
[[-2.86705828 -5.94585848 -3.15677404 -9.19111252]]
0
[[-4.66964865 -4.39687443 -4.11016512 -8.50137138]]
2
[[-2.86705828 -5.94585848 -3.15677404 -9.19111252]]
0
[[-4.66964865 -4.39687443 -4.11016512 -8.50137138]]
2
[[-2.86705828 -5.94585848 -3.15677404 -9.19111252]]
0
[[-4.66964865 -4.39687443 -4.11016512 -8.50137138]]
2
[[-2.86705828 -5.94585848 -3.15677404 -9.19111252]]
0
[[-4.66964865 -4.39687443 -4.11016512 -8.50137138]]
2
[[-2.86705828 -5.94585848 -3.15677404 -9.19111252]]
0
[[-4.66964865 -4.39687443 -4.11016512 -8.50137138]]
2
[[-2.86705828 -5.94585848 -3.15677404 -9.19111252]]
0
[[-4.66964865 -4.39687443 -4.11016512 -8.50137138]]
2
[[-2.86705828 -5.94585848 -3.15677404 -9.19111252]]
0
[[-4.66964865 -4.39687443 -4.11016512 -8.50137138]]
2
[[-2.86705828 -5.94585848 -3.15677404 -9.19111252]]
0
[[-4.66964865 -4.39687443 -4.11016512 -8.50137138]]
2
[[-2.86705828 -5.94585848 -3.15677404 -9.19111252]]
0
[[-4.66964865 -4.39687443 -4.11016512 -8.50137138]]
2
[[-2.86705828 -5.94585848 -3.15677404 -9.19111252]]
0
[[-4.66964865 -4.39687443 -4.11016512 -8.50137138]]
2
[[-2.86705828 -5.94585848 -3.15677404 -9.19111252]]
0
[[-4.66964865 -4.39687443 -4.11016512 -8.50137138]]
2
[[-2.86705828 -5.94585848 -3.15677404 -9.19111252]]
0
[[-4.66964865 -4.39687443 -4.11016512 -8.50137138]]
2
[[-2.86705828 -5.94585848 -3.15677404 -9.19111252]]
0
[[-4.66964865 -4.39687443 -4.11016512 -8.50137138]]
2
[[-2.86705828 -5.94585848 -3.15677404 -9.19111252]]
0
[[-4.66964865 -4.39687443 -4.11016512 -8.50137138]]
2
[[-2.86705828 -5.94585848 -3.15677404 -9.19111252]]
0
[[-4.66964865 -4.39687443 -4.11016512 -8.50137138]]
2
[[-2.86705828 -5.94585848 -3.15677404 -9.19111252]]
0
[[-4.66964865 -4.39687443 -4.11016512 -8.50137138]]
2
[[-2.86705828 -5.94585848 -3.15677404 -9.19111252]]
0
[[-4.66964865 -4.39687443 -4.11016512 -8.50137138]]
2
FAIL
0/5
