[[-4.48565054 -4.37819386 -3.89548492 -8.23365688]]
2
[[-2.68387246 -5.92817736 -2.94269848 -8.92393208]]
0
[[-4.48565054 -4.37819386 -3.89548492 -8.23365688]]
2
[[-2.68387246 -5.92817736 -2.94269848 -8.92393208]]
0
[[-4.48565054 -4.37819386 -3.89548492 -8.23365688]]
2
[[-2.68387246 -5.92817736 -2.94269848 -8.92393208]]
0
[[-4.48565054 -4.37819386 -3.89548492 -8.23365688]]
2
[[-2.68387246 -5.92817736 -2.94269848 -8.92393208]]
0
[[-4.48565054 -4.37819386 -3.89548492 -8.23365688]]
2
[[-2.68387246 -5.92817736 -2.94269848 -8.92393208]]
0
[[-4.48565054 -4.37819386 -3.89548492 -8.23365688]]
2
[[-2.68387246 -5.92817736 -2.94269848 -8.92393208]]
0
[[-4.48565054 -4.37819386 -3.89548492 -8.23365688]]
2
[[-2.68387246 -5.92817736 -2.94269848 -8.92393208]]
0
[[-4.48565054 -4.37819386 -3.89548492 -8.23365688]]
2
[[-2.68387246 -5.92817736 -2.94269848 -8.92393208]]
0
[[-4.48565054 -4.37819386 -3.89548492 -8.23365688]]
2
[[-2.68387246 -5.92817736 -2.94269848 -8.92393208]]
0
[[-4.48565054 -4.37819386 -3.89548492 -8.23365688]]
2
[[-2.68387246 -5.92817736 -2.94269848 -8.92393208]]
0
[[-4.48565054 -4.37819386 -3.89548492 -8.23365688]]
2
[[-2.68387246 -5.92817736 -2.94269848 -8.92393208]]
0
[[-4.48565054 -4.37819386 -3.89548492 -8.23365688]]
2
[[-2.68387246 -5.92817736 -2.94269848 -8.92393208]]
0
[[-4.48565054 -4.37819386 -3.89548492 -8.23365688]]
2
[[-2.68387246 -5.92817736 -2.94269848 -8.92393208]]
0
[[-4.48565054 -4.37819386 -3.89548492 -8.23365688]]
2
[[-2.68387246 -5.92817736 -2.94269848 -8.92393208]]
0
[[-4.48565054 -4.37819386 -3.89548492 -8.23365688]]
2
[[-2.68387246 -5.92817736 -2.94269848 -8.92393208]]
0
[[-4.48565054 -4.37819386 -3.89548492 -8.23365688]]
2
[[-2.68387246 -5.92817736 -2.94269848 -8.92393208]]
0
[[-4.48565054 -4.37819386 -3.89548492 -8.23365688]]
2
[[-2.68387246 -5.92817736 -2.94269848 -8.92393208]]
0
[[-4.48565054 -4.37819386 -3.89548492 -8.23365688]]
2
[[-2.68387246 -5.92817736 -2.94269848 -8.92393208]]
0
[[-4.48565054 -4.37819386 -3.89548492 -8.23365688]]
2
[[-2.68387246 -5.92817736 -2.94269848 -8.92393208]]
0
[[-4.48565054 -4.37819386 -3.89548492 -8.23365688]]
2
[[-2.68387246 -5.92817736 -2.94269848 -8.92393208]]
0
[[-4.48565054 -4.37819386 -3.89548492 -8.23365688]]
2
[[-2.68387246 -5.92817736 -2.94269848 -8.92393208]]
0
[[-4.48565054 -4.37819386 -3.89548492 -8.23365688]]
2
[[-2.68387246 -5.92817736 -2.94269848 -8.92393208]]
0
[[-4.48565054 -4.37819386 -3.89548492 -8.23365688]]
2
[[-2.68387246 -5.92817736 -2.94269848 -8.92393208]]
0
[[-4.48565054 -4.37819386 -3.89548492 -8.23365688]]
2
[[-2.68387246 -5.92817736 -2.94269848 -8.92393208]]
0
[[-4.48565054 -4.37819386 -3.89548492 -8.23365688]]
2
[[-2.68387246 -5.92817736 -2.94269848 -8.92393208]]
0
[[-4.48565054 -4.37819386 -3.89548492 -8.23365688]]
2
[[-2.68387246 -5.92817736 -2.94269848 -8.92393208]]
0
[[-4.48565054 -4.37819386 -3.89548492 -8.23365688]]
2
[[-2.68387246 -5.92817736 -2.94269848 -8.92393208]]
0
[[-4.48565054 -4.37819386 -3.89548492 -8.23365688]]
2
[[-2.68387246 -5.92817736 -2.94269848 -8.92393208]]
0
[[-4.48565054 -4.37819386 -3.89548492 -8.23365688]]
2
[[-2.68387246 -5.92817736 -2.94269848 -8.92393208]]
0
[[-4.48565054 -4.37819386 -3.89548492 -8.23365688]]
2
[[-2.68387246 -5.92817736 -2.94269848 -8.92393208]]
0
[[-4.48565054 -4.37819386 -3.89548492 -8.23365688]]
2
[[-2.68387246 -5.92817736 -2.94269848 -8.92393208]]
0
[[-4.48565054 -4.37819386 -3.89548492 -8.23365688]]
2
[[-2.68387246 -5.92817736 -2.94269848 -8.92393208]]
0
[[-4.48565054 -4.37819386 -3.89548492 -8.23365688]]
2
[[-2.68387246 -5.92817736 -2.94269848 -8.92393208]]
0
[[-4.48565054 -4.37819386 -3.89548492 -8.23365688]]
2
[[-2.68387246 -5.92817736 -2.94269848 -8.92393208]]
0
[[-4.48565054 -4.37819386 -3.89548492 -8.23365688]]
2
[[-2.68387246 -5.92817736 -2.94269848 -8.92393208]]
0
[[-4.48565054 -4.37819386 -3.89548492 -8.23365688]]
2
[[-2.68387246 -5.92817736 -2.94269848 -8.92393208]]
0
[[-4.48565054 -4.37819386 -3.89548492 -8.23365688]]
2
[[-2.68387246 -5.92817736 -2.94269848 -8.92393208]]
0
[[-4.48565054 -4.37819386 -3.89548492 -8.23365688]]
2
[[-2.68387246 -5.92817736 -2.94269848 -8.92393208]]
0
[[-4.48565054 -4.37819386 -3.89548492 -8.23365688]]
2
[[-2.68387246 -5.92817736 -2.94269848 -8.92393208]]
0
[[-4.48565054 -4.37819386 -3.89548492 -8.23365688]]
2
[[-2.68387246 -5.92817736 -2.94269848 -8.92393208]]
0
[[-4.48565054 -4.37819386 -3.89548492 -8.23365688]]
2
[[-2.68387246 -5.92817736 -2.94269848 -8.92393208]]
0
[[-4.48565054 -4.37819386 -3.89548492 -8.23365688]]
2
[[-2.68387246 -5.92817736 -2.94269848 -8.92393208]]
0
[[-4.48565054 -4.37819386 -3.89548492 -8.23365688]]
2
[[-2.68387246 -5.92817736 -2.94269848 -8.92393208]]
0
[[-4.48565054 -4.37819386 -3.89548492 -8.23365688]]
2
[[-2.68387246 -5.92817736 -2.94269848 -8.92393208]]
0
[[-4.48565054 -4.37819386 -3.89548492 -8.23365688]]
2
[[-2.68387246 -5.92817736 -2.94269848 -8.92393208]]
0
[[-4.48565054 -4.37819386 -3.89548492 -8.23365688]]
2
[[-2.68387246 -5.92817736 -2.94269848 -8.92393208]]
0
[[-4.48565054 -4.37819386 -3.89548492 -8.23365688]]
2
[[-2.68387246 -5.92817736 -2.94269848 -8.92393208]]
0
[[-4.48565054 -4.37819386 -3.89548492 -8.23365688]]
2
[[-2.68387246 -5.92817736 -2.94269848 -8.92393208]]
0
[[-4.48565054 -4.37819386 -3.89548492 -8.23365688]]
2
[[-2.68387246 -5.92817736 -2.94269848 -8.92393208]]
0
[[-4.48565054 -4.37819386 -3.89548492 -8.23365688]]
2
[[-2.68387246 -5.92817736 -2.94269848 -8.92393208]]
0
[[-4.48565054 -4.37819386 -3.89548492 -8.23365688]]
2
FAIL
0/5
