[[ 36755584.  39684144.  31266420.  34569536.]]
1
[[ 28835098.  33391584.  26356152.  34958816.]]
3
[[ 36755584.  39684144.  31266420.  34569536.]]
1
[[ 28835098.  33391584.  26356152.  34958816.]]
3
[[ 36755584.  39684144.  31266420.  34569536.]]
1
[[ 28835098.  33391584.  26356152.  34958816.]]
3
[[ 36755584.  39684144.  31266420.  34569536.]]
1
[[ 28835098.  33391584.  26356152.  34958816.]]
3
[[ 36755584.  39684144.  31266420.  34569536.]]
1
[[ 28835098.  33391584.  26356152.  34958816.]]
3
[[ 36755584.  39684144.  31266420.  34569536.]]
1
[[ 28835098.  33391584.  26356152.  34958816.]]
3
[[ 36755584.  39684144.  31266420.  34569536.]]
1
[[ 28835098.  33391584.  26356152.  34958816.]]
3
[[ 36755584.  39684144.  31266420.  34569536.]]
1
[[ 28835098.  33391584.  26356152.  34958816.]]
3
[[ 36755584.  39684144.  31266420.  34569536.]]
1
[[ 28835098.  33391584.  26356152.  34958816.]]
3
[[ 36755584.  39684144.  31266420.  34569536.]]
1
[[ 28835098.  33391584.  26356152.  34958816.]]
3
[[ 36755584.  39684144.  31266420.  34569536.]]
1
[[ 28835098.  33391584.  26356152.  34958816.]]
3
[[ 36755584.  39684144.  31266420.  34569536.]]
1
[[ 28835098.  33391584.  26356152.  34958816.]]
3
[[ 36755584.  39684144.  31266420.  34569536.]]
1
[[ 28835098.  33391584.  26356152.  34958816.]]
3
[[ 36755584.  39684144.  31266420.  34569536.]]
1
[[ 28835098.  33391584.  26356152.  34958816.]]
3
[[ 36755584.  39684144.  31266420.  34569536.]]
1
[[ 28835098.  33391584.  26356152.  34958816.]]
3
[[ 36755584.  39684144.  31266420.  34569536.]]
1
[[ 28835098.  33391584.  26356152.  34958816.]]
3
[[ 36755584.  39684144.  31266420.  34569536.]]
1
[[ 28835098.  33391584.  26356152.  34958816.]]
3
[[ 36755584.  39684144.  31266420.  34569536.]]
1
[[ 28835098.  33391584.  26356152.  34958816.]]
3
[[ 36755584.  39684144.  31266420.  34569536.]]
1
[[ 28835098.  33391584.  26356152.  34958816.]]
3
[[ 36755584.  39684144.  31266420.  34569536.]]
1
[[ 28835098.  33391584.  26356152.  34958816.]]
3
[[ 36755584.  39684144.  31266420.  34569536.]]
1
[[ 28835098.  33391584.  26356152.  34958816.]]
3
[[ 36755584.  39684144.  31266420.  34569536.]]
1
[[ 28835098.  33391584.  26356152.  34958816.]]
3
[[ 36755584.  39684144.  31266420.  34569536.]]
1
[[ 28835098.  33391584.  26356152.  34958816.]]
3
[[ 36755584.  39684144.  31266420.  34569536.]]
1
[[ 28835098.  33391584.  26356152.  34958816.]]
3
[[ 36755584.  39684144.  31266420.  34569536.]]
1
[[ 28835098.  33391584.  26356152.  34958816.]]
3
[[ 36755584.  39684144.  31266420.  34569536.]]
1
[[ 28835098.  33391584.  26356152.  34958816.]]
3
[[ 36755584.  39684144.  31266420.  34569536.]]
1
[[ 28835098.  33391584.  26356152.  34958816.]]
3
[[ 36755584.  39684144.  31266420.  34569536.]]
1
[[ 28835098.  33391584.  26356152.  34958816.]]
3
[[ 36755584.  39684144.  31266420.  34569536.]]
1
[[ 28835098.  33391584.  26356152.  34958816.]]
3
[[ 36755584.  39684144.  31266420.  34569536.]]
1
[[ 28835098.  33391584.  26356152.  34958816.]]
3
[[ 36755584.  39684144.  31266420.  34569536.]]
1
[[ 28835098.  33391584.  26356152.  34958816.]]
3
[[ 36755584.  39684144.  31266420.  34569536.]]
1
[[ 28835098.  33391584.  26356152.  34958816.]]
3
[[ 36755584.  39684144.  31266420.  34569536.]]
1
[[ 28835098.  33391584.  26356152.  34958816.]]
3
[[ 36755584.  39684144.  31266420.  34569536.]]
1
[[ 28835098.  33391584.  26356152.  34958816.]]
3
[[ 36755584.  39684144.  31266420.  34569536.]]
1
[[ 28835098.  33391584.  26356152.  34958816.]]
3
[[ 36755584.  39684144.  31266420.  34569536.]]
1
[[ 28835098.  33391584.  26356152.  34958816.]]
3
[[ 36755584.  39684144.  31266420.  34569536.]]
1
[[ 28835098.  33391584.  26356152.  34958816.]]
3
[[ 36755584.  39684144.  31266420.  34569536.]]
1
[[ 28835098.  33391584.  26356152.  34958816.]]
3
[[ 36755584.  39684144.  31266420.  34569536.]]
1
[[ 28835098.  33391584.  26356152.  34958816.]]
3
[[ 36755584.  39684144.  31266420.  34569536.]]
1
[[ 28835098.  33391584.  26356152.  34958816.]]
3
[[ 36755584.  39684144.  31266420.  34569536.]]
1
[[ 28835098.  33391584.  26356152.  34958816.]]
3
[[ 36755584.  39684144.  31266420.  34569536.]]
1
[[ 28835098.  33391584.  26356152.  34958816.]]
3
[[ 36755584.  39684144.  31266420.  34569536.]]
1
[[ 28835098.  33391584.  26356152.  34958816.]]
3
[[ 36755584.  39684144.  31266420.  34569536.]]
1
[[ 28835098.  33391584.  26356152.  34958816.]]
3
[[ 36755584.  39684144.  31266420.  34569536.]]
1
[[ 28835098.  33391584.  26356152.  34958816.]]
3
[[ 36755584.  39684144.  31266420.  34569536.]]
1
[[ 28835098.  33391584.  26356152.  34958816.]]
3
[[ 36755584.  39684144.  31266420.  34569536.]]
1
[[ 28835098.  33391584.  26356152.  34958816.]]
3
[[ 36755584.  39684144.  31266420.  34569536.]]
1
[[ 28835098.  33391584.  26356152.  34958816.]]
3
[[ 36755584.  39684144.  31266420.  34569536.]]
1
[[ 28835098.  33391584.  26356152.  34958816.]]
3
[[ 36755584.  39684144.  31266420.  34569536.]]
1
[[ 28835098.  33391584.  26356152.  34958816.]]
3
[[ 36755584.  39684144.  31266420.  34569536.]]
1
FAIL
0/2
