[[-11.82831097 -14.28076458 -11.85665798 -11.51039505]]
3
[[ -8.89170837 -10.93901443 -10.67457485  -9.3751545 ]]
0
[[-7.87184858 -9.13951015 -7.13730621 -7.1552639 ]]
2
[[ -8.89170837 -10.93901443 -10.67457485  -9.3751545 ]]
0
[[-7.87184858 -9.13951015 -7.13730621 -7.1552639 ]]
2
[[ -8.89170837 -10.93901443 -10.67457485  -9.3751545 ]]
0
[[-7.87184858 -9.13951015 -7.13730621 -7.1552639 ]]
2
[[ -8.89170837 -10.93901443 -10.67457485  -9.3751545 ]]
0
[[-7.87184858 -9.13951015 -7.13730621 -7.1552639 ]]
2
[[ -8.89170837 -10.93901443 -10.67457485  -9.3751545 ]]
0
[[-7.87184858 -9.13951015 -7.13730621 -7.1552639 ]]
2
[[ -8.89170837 -10.93901443 -10.67457485  -9.3751545 ]]
0
[[-7.87184858 -9.13951015 -7.13730621 -7.1552639 ]]
2
[[ -8.89170837 -10.93901443 -10.67457485  -9.3751545 ]]
0
[[-7.87184858 -9.13951015 -7.13730621 -7.1552639 ]]
2
[[ -8.89170837 -10.93901443 -10.67457485  -9.3751545 ]]
0
[[-7.87184858 -9.13951015 -7.13730621 -7.1552639 ]]
2
[[ -8.89170837 -10.93901443 -10.67457485  -9.3751545 ]]
0
[[-7.87184858 -9.13951015 -7.13730621 -7.1552639 ]]
2
[[ -8.89170837 -10.93901443 -10.67457485  -9.3751545 ]]
0
[[-7.87184858 -9.13951015 -7.13730621 -7.1552639 ]]
2
[[ -8.89170837 -10.93901443 -10.67457485  -9.3751545 ]]
0
[[-7.87184858 -9.13951015 -7.13730621 -7.1552639 ]]
2
[[ -8.89170837 -10.93901443 -10.67457485  -9.3751545 ]]
0
[[-7.87184858 -9.13951015 -7.13730621 -7.1552639 ]]
2
[[ -8.89170837 -10.93901443 -10.67457485  -9.3751545 ]]
0
[[-7.87184858 -9.13951015 -7.13730621 -7.1552639 ]]
2
[[ -8.89170837 -10.93901443 -10.67457485  -9.3751545 ]]
0
[[-7.87184858 -9.13951015 -7.13730621 -7.1552639 ]]
2
[[ -8.89170837 -10.93901443 -10.67457485  -9.3751545 ]]
0
[[-7.87184858 -9.13951015 -7.13730621 -7.1552639 ]]
2
[[ -8.89170837 -10.93901443 -10.67457485  -9.3751545 ]]
0
[[-7.87184858 -9.13951015 -7.13730621 -7.1552639 ]]
2
[[ -8.89170837 -10.93901443 -10.67457485  -9.3751545 ]]
0
[[-7.87184858 -9.13951015 -7.13730621 -7.1552639 ]]
2
[[ -8.89170837 -10.93901443 -10.67457485  -9.3751545 ]]
0
[[-7.87184858 -9.13951015 -7.13730621 -7.1552639 ]]
2
[[ -8.89170837 -10.93901443 -10.67457485  -9.3751545 ]]
0
[[-7.87184858 -9.13951015 -7.13730621 -7.1552639 ]]
2
[[ -8.89170837 -10.93901443 -10.67457485  -9.3751545 ]]
0
[[-7.87184858 -9.13951015 -7.13730621 -7.1552639 ]]
2
[[ -8.89170837 -10.93901443 -10.67457485  -9.3751545 ]]
0
[[-7.87184858 -9.13951015 -7.13730621 -7.1552639 ]]
2
[[ -8.89170837 -10.93901443 -10.67457485  -9.3751545 ]]
0
[[-7.87184858 -9.13951015 -7.13730621 -7.1552639 ]]
2
[[ -8.89170837 -10.93901443 -10.67457485  -9.3751545 ]]
0
[[-7.87184858 -9.13951015 -7.13730621 -7.1552639 ]]
2
[[ -8.89170837 -10.93901443 -10.67457485  -9.3751545 ]]
0
[[-7.87184858 -9.13951015 -7.13730621 -7.1552639 ]]
2
[[ -8.89170837 -10.93901443 -10.67457485  -9.3751545 ]]
0
[[-7.87184858 -9.13951015 -7.13730621 -7.1552639 ]]
2
[[ -8.89170837 -10.93901443 -10.67457485  -9.3751545 ]]
0
[[-7.87184858 -9.13951015 -7.13730621 -7.1552639 ]]
2
[[ -8.89170837 -10.93901443 -10.67457485  -9.3751545 ]]
0
[[-7.87184858 -9.13951015 -7.13730621 -7.1552639 ]]
2
[[ -8.89170837 -10.93901443 -10.67457485  -9.3751545 ]]
0
[[-7.87184858 -9.13951015 -7.13730621 -7.1552639 ]]
2
[[ -8.89170837 -10.93901443 -10.67457485  -9.3751545 ]]
0
[[-7.87184858 -9.13951015 -7.13730621 -7.1552639 ]]
2
[[ -8.89170837 -10.93901443 -10.67457485  -9.3751545 ]]
0
[[-7.87184858 -9.13951015 -7.13730621 -7.1552639 ]]
2
[[ -8.89170837 -10.93901443 -10.67457485  -9.3751545 ]]
0
[[-7.87184858 -9.13951015 -7.13730621 -7.1552639 ]]
2
[[ -8.89170837 -10.93901443 -10.67457485  -9.3751545 ]]
0
[[-7.87184858 -9.13951015 -7.13730621 -7.1552639 ]]
2
[[ -8.89170837 -10.93901443 -10.67457485  -9.3751545 ]]
0
[[-7.87184858 -9.13951015 -7.13730621 -7.1552639 ]]
2
[[ -8.89170837 -10.93901443 -10.67457485  -9.3751545 ]]
0
[[-7.87184858 -9.13951015 -7.13730621 -7.1552639 ]]
2
[[ -8.89170837 -10.93901443 -10.67457485  -9.3751545 ]]
0
[[-7.87184858 -9.13951015 -7.13730621 -7.1552639 ]]
2
[[ -8.89170837 -10.93901443 -10.67457485  -9.3751545 ]]
0
[[-7.87184858 -9.13951015 -7.13730621 -7.1552639 ]]
2
[[ -8.89170837 -10.93901443 -10.67457485  -9.3751545 ]]
0
[[-7.87184858 -9.13951015 -7.13730621 -7.1552639 ]]
2
[[ -8.89170837 -10.93901443 -10.67457485  -9.3751545 ]]
0
[[-7.87184858 -9.13951015 -7.13730621 -7.1552639 ]]
2
[[ -8.89170837 -10.93901443 -10.67457485  -9.3751545 ]]
0
[[-7.87184858 -9.13951015 -7.13730621 -7.1552639 ]]
2
[[ -8.89170837 -10.93901443 -10.67457485  -9.3751545 ]]
0
[[-7.87184858 -9.13951015 -7.13730621 -7.1552639 ]]
2
[[ -8.89170837 -10.93901443 -10.67457485  -9.3751545 ]]
0
[[-7.87184858 -9.13951015 -7.13730621 -7.1552639 ]]
2
[[ -8.89170837 -10.93901443 -10.67457485  -9.3751545 ]]
0
[[-7.87184858 -9.13951015 -7.13730621 -7.1552639 ]]
2
[[ -8.89170837 -10.93901443 -10.67457485  -9.3751545 ]]
0
[[-7.87184858 -9.13951015 -7.13730621 -7.1552639 ]]
2
[[ -8.89170837 -10.93901443 -10.67457485  -9.3751545 ]]
0
[[-7.87184858 -9.13951015 -7.13730621 -7.1552639 ]]
2
[[ -8.89170837 -10.93901443 -10.67457485  -9.3751545 ]]
0
[[-7.87184858 -9.13951015 -7.13730621 -7.1552639 ]]
2
[[ -8.89170837 -10.93901443 -10.67457485  -9.3751545 ]]
0
[[-7.87184858 -9.13951015 -7.13730621 -7.1552639 ]]
2
[[ -8.89170837 -10.93901443 -10.67457485  -9.3751545 ]]
0
[[-7.87184858 -9.13951015 -7.13730621 -7.1552639 ]]
2
[[ -8.89170837 -10.93901443 -10.67457485  -9.3751545 ]]
0
[[-7.87184858 -9.13951015 -7.13730621 -7.1552639 ]]
2
[[ -8.89170837 -10.93901443 -10.67457485  -9.3751545 ]]
0
[[-7.87184858 -9.13951015 -7.13730621 -7.1552639 ]]
2
[[ -8.89170837 -10.93901443 -10.67457485  -9.3751545 ]]
0
[[-7.87184858 -9.13951015 -7.13730621 -7.1552639 ]]
2
FAIL
2/37
