[[-11.85213757 -14.28242493 -11.87126923 -11.54430485]]
3
[[ -8.95696831 -11.00231457 -10.73317337  -9.46374798]]
0
[[-7.9020071  -9.12356186 -7.13443327 -7.21925926]]
2
[[ -8.95696831 -11.00231457 -10.73317337  -9.46374798]]
0
[[-7.9020071  -9.12356186 -7.13443327 -7.21925926]]
2
[[ -8.95696831 -11.00231457 -10.73317337  -9.46374798]]
0
[[-7.9020071  -9.12356186 -7.13443327 -7.21925926]]
2
[[ -8.95696831 -11.00231457 -10.73317337  -9.46374798]]
0
[[-7.9020071  -9.12356186 -7.13443327 -7.21925926]]
2
[[ -8.95696831 -11.00231457 -10.73317337  -9.46374798]]
0
[[-7.9020071  -9.12356186 -7.13443327 -7.21925926]]
2
[[ -8.95696831 -11.00231457 -10.73317337  -9.46374798]]
0
[[-7.9020071  -9.12356186 -7.13443327 -7.21925926]]
2
[[ -8.95696831 -11.00231457 -10.73317337  -9.46374798]]
0
[[-7.9020071  -9.12356186 -7.13443327 -7.21925926]]
2
[[ -8.95696831 -11.00231457 -10.73317337  -9.46374798]]
0
[[-7.9020071  -9.12356186 -7.13443327 -7.21925926]]
2
[[ -8.95696831 -11.00231457 -10.73317337  -9.46374798]]
0
[[-7.9020071  -9.12356186 -7.13443327 -7.21925926]]
2
[[ -8.95696831 -11.00231457 -10.73317337  -9.46374798]]
0
[[-7.9020071  -9.12356186 -7.13443327 -7.21925926]]
2
[[ -8.95696831 -11.00231457 -10.73317337  -9.46374798]]
0
[[-7.9020071  -9.12356186 -7.13443327 -7.21925926]]
2
[[ -8.95696831 -11.00231457 -10.73317337  -9.46374798]]
0
[[-7.9020071  -9.12356186 -7.13443327 -7.21925926]]
2
[[ -8.95696831 -11.00231457 -10.73317337  -9.46374798]]
0
[[-7.9020071  -9.12356186 -7.13443327 -7.21925926]]
2
[[ -8.95696831 -11.00231457 -10.73317337  -9.46374798]]
0
[[-7.9020071  -9.12356186 -7.13443327 -7.21925926]]
2
[[ -8.95696831 -11.00231457 -10.73317337  -9.46374798]]
0
[[-7.9020071  -9.12356186 -7.13443327 -7.21925926]]
2
[[ -8.95696831 -11.00231457 -10.73317337  -9.46374798]]
0
[[-7.9020071  -9.12356186 -7.13443327 -7.21925926]]
2
[[ -8.95696831 -11.00231457 -10.73317337  -9.46374798]]
0
[[-7.9020071  -9.12356186 -7.13443327 -7.21925926]]
2
[[ -8.95696831 -11.00231457 -10.73317337  -9.46374798]]
0
[[-7.9020071  -9.12356186 -7.13443327 -7.21925926]]
2
[[ -8.95696831 -11.00231457 -10.73317337  -9.46374798]]
0
[[-7.9020071  -9.12356186 -7.13443327 -7.21925926]]
2
[[ -8.95696831 -11.00231457 -10.73317337  -9.46374798]]
0
[[-7.9020071  -9.12356186 -7.13443327 -7.21925926]]
2
[[ -8.95696831 -11.00231457 -10.73317337  -9.46374798]]
0
[[-7.9020071  -9.12356186 -7.13443327 -7.21925926]]
2
[[ -8.95696831 -11.00231457 -10.73317337  -9.46374798]]
0
[[-7.9020071  -9.12356186 -7.13443327 -7.21925926]]
2
[[ -8.95696831 -11.00231457 -10.73317337  -9.46374798]]
0
[[-7.9020071  -9.12356186 -7.13443327 -7.21925926]]
2
[[ -8.95696831 -11.00231457 -10.73317337  -9.46374798]]
0
[[-7.9020071  -9.12356186 -7.13443327 -7.21925926]]
2
[[ -8.95696831 -11.00231457 -10.73317337  -9.46374798]]
0
[[-7.9020071  -9.12356186 -7.13443327 -7.21925926]]
2
[[ -8.95696831 -11.00231457 -10.73317337  -9.46374798]]
0
[[-7.9020071  -9.12356186 -7.13443327 -7.21925926]]
2
[[ -8.95696831 -11.00231457 -10.73317337  -9.46374798]]
0
[[-7.9020071  -9.12356186 -7.13443327 -7.21925926]]
2
[[ -8.95696831 -11.00231457 -10.73317337  -9.46374798]]
0
[[-7.9020071  -9.12356186 -7.13443327 -7.21925926]]
2
[[ -8.95696831 -11.00231457 -10.73317337  -9.46374798]]
0
[[-7.9020071  -9.12356186 -7.13443327 -7.21925926]]
2
[[ -8.95696831 -11.00231457 -10.73317337  -9.46374798]]
0
[[-7.9020071  -9.12356186 -7.13443327 -7.21925926]]
2
[[ -8.95696831 -11.00231457 -10.73317337  -9.46374798]]
0
[[-7.9020071  -9.12356186 -7.13443327 -7.21925926]]
2
[[ -8.95696831 -11.00231457 -10.73317337  -9.46374798]]
0
[[-7.9020071  -9.12356186 -7.13443327 -7.21925926]]
2
[[ -8.95696831 -11.00231457 -10.73317337  -9.46374798]]
0
[[-7.9020071  -9.12356186 -7.13443327 -7.21925926]]
2
[[ -8.95696831 -11.00231457 -10.73317337  -9.46374798]]
0
[[-7.9020071  -9.12356186 -7.13443327 -7.21925926]]
2
[[ -8.95696831 -11.00231457 -10.73317337  -9.46374798]]
0
[[-7.9020071  -9.12356186 -7.13443327 -7.21925926]]
2
[[ -8.95696831 -11.00231457 -10.73317337  -9.46374798]]
0
[[-7.9020071  -9.12356186 -7.13443327 -7.21925926]]
2
[[ -8.95696831 -11.00231457 -10.73317337  -9.46374798]]
0
[[-7.9020071  -9.12356186 -7.13443327 -7.21925926]]
2
[[ -8.95696831 -11.00231457 -10.73317337  -9.46374798]]
0
[[-7.9020071  -9.12356186 -7.13443327 -7.21925926]]
2
[[ -8.95696831 -11.00231457 -10.73317337  -9.46374798]]
0
[[-7.9020071  -9.12356186 -7.13443327 -7.21925926]]
2
[[ -8.95696831 -11.00231457 -10.73317337  -9.46374798]]
0
[[-7.9020071  -9.12356186 -7.13443327 -7.21925926]]
2
[[ -8.95696831 -11.00231457 -10.73317337  -9.46374798]]
0
[[-7.9020071  -9.12356186 -7.13443327 -7.21925926]]
2
[[ -8.95696831 -11.00231457 -10.73317337  -9.46374798]]
0
[[-7.9020071  -9.12356186 -7.13443327 -7.21925926]]
2
[[ -8.95696831 -11.00231457 -10.73317337  -9.46374798]]
0
[[-7.9020071  -9.12356186 -7.13443327 -7.21925926]]
2
[[ -8.95696831 -11.00231457 -10.73317337  -9.46374798]]
0
[[-7.9020071  -9.12356186 -7.13443327 -7.21925926]]
2
[[ -8.95696831 -11.00231457 -10.73317337  -9.46374798]]
0
[[-7.9020071  -9.12356186 -7.13443327 -7.21925926]]
2
[[ -8.95696831 -11.00231457 -10.73317337  -9.46374798]]
0
[[-7.9020071  -9.12356186 -7.13443327 -7.21925926]]
2
[[ -8.95696831 -11.00231457 -10.73317337  -9.46374798]]
0
[[-7.9020071  -9.12356186 -7.13443327 -7.21925926]]
2
[[ -8.95696831 -11.00231457 -10.73317337  -9.46374798]]
0
[[-7.9020071  -9.12356186 -7.13443327 -7.21925926]]
2
[[ -8.95696831 -11.00231457 -10.73317337  -9.46374798]]
0
[[-7.9020071  -9.12356186 -7.13443327 -7.21925926]]
2
[[ -8.95696831 -11.00231457 -10.73317337  -9.46374798]]
0
[[-7.9020071  -9.12356186 -7.13443327 -7.21925926]]
2
FAIL
2/37
