[[-11.86204243 -14.26708412 -11.8689785  -11.56272507]]
3
[[ -9.01722145 -11.05921268 -10.78681087  -9.54371452]]
0
[[-7.91413546 -9.08222866 -7.10987425 -7.26073551]]
2
[[ -9.01722145 -11.05921268 -10.78681087  -9.54371452]]
0
[[-7.91413546 -9.08222866 -7.10987425 -7.26073551]]
2
[[ -9.01722145 -11.05921268 -10.78681087  -9.54371452]]
0
[[-7.91413546 -9.08222866 -7.10987425 -7.26073551]]
2
[[ -9.01722145 -11.05921268 -10.78681087  -9.54371452]]
0
[[-7.91413546 -9.08222866 -7.10987425 -7.26073551]]
2
[[ -9.01722145 -11.05921268 -10.78681087  -9.54371452]]
0
[[-7.91413546 -9.08222866 -7.10987425 -7.26073551]]
2
[[ -9.01722145 -11.05921268 -10.78681087  -9.54371452]]
0
[[-7.91413546 -9.08222866 -7.10987425 -7.26073551]]
2
[[ -9.01722145 -11.05921268 -10.78681087  -9.54371452]]
0
[[-7.91413546 -9.08222866 -7.10987425 -7.26073551]]
2
[[ -9.01722145 -11.05921268 -10.78681087  -9.54371452]]
0
[[-7.91413546 -9.08222866 -7.10987425 -7.26073551]]
2
[[ -9.01722145 -11.05921268 -10.78681087  -9.54371452]]
0
[[-7.91413546 -9.08222866 -7.10987425 -7.26073551]]
2
[[ -9.01722145 -11.05921268 -10.78681087  -9.54371452]]
0
[[-7.91413546 -9.08222866 -7.10987425 -7.26073551]]
2
[[ -9.01722145 -11.05921268 -10.78681087  -9.54371452]]
0
[[-7.91413546 -9.08222866 -7.10987425 -7.26073551]]
2
[[ -9.01722145 -11.05921268 -10.78681087  -9.54371452]]
0
[[-7.91413546 -9.08222866 -7.10987425 -7.26073551]]
2
[[ -9.01722145 -11.05921268 -10.78681087  -9.54371452]]
0
[[-7.91413546 -9.08222866 -7.10987425 -7.26073551]]
2
[[ -9.01722145 -11.05921268 -10.78681087  -9.54371452]]
0
[[-7.91413546 -9.08222866 -7.10987425 -7.26073551]]
2
[[ -9.01722145 -11.05921268 -10.78681087  -9.54371452]]
0
[[-7.91413546 -9.08222866 -7.10987425 -7.26073551]]
2
[[ -9.01722145 -11.05921268 -10.78681087  -9.54371452]]
0
[[-7.91413546 -9.08222866 -7.10987425 -7.26073551]]
2
[[ -9.01722145 -11.05921268 -10.78681087  -9.54371452]]
0
[[-7.91413546 -9.08222866 -7.10987425 -7.26073551]]
2
[[ -9.01722145 -11.05921268 -10.78681087  -9.54371452]]
0
[[-7.91413546 -9.08222866 -7.10987425 -7.26073551]]
2
[[ -9.01722145 -11.05921268 -10.78681087  -9.54371452]]
0
[[-7.91413546 -9.08222866 -7.10987425 -7.26073551]]
2
[[ -9.01722145 -11.05921268 -10.78681087  -9.54371452]]
0
[[-7.91413546 -9.08222866 -7.10987425 -7.26073551]]
2
[[ -9.01722145 -11.05921268 -10.78681087  -9.54371452]]
0
[[-7.91413546 -9.08222866 -7.10987425 -7.26073551]]
2
[[ -9.01722145 -11.05921268 -10.78681087  -9.54371452]]
0
[[-7.91413546 -9.08222866 -7.10987425 -7.26073551]]
2
[[ -9.01722145 -11.05921268 -10.78681087  -9.54371452]]
0
[[-7.91413546 -9.08222866 -7.10987425 -7.26073551]]
2
[[ -9.01722145 -11.05921268 -10.78681087  -9.54371452]]
0
[[-7.91413546 -9.08222866 -7.10987425 -7.26073551]]
2
[[ -9.01722145 -11.05921268 -10.78681087  -9.54371452]]
0
[[-7.91413546 -9.08222866 -7.10987425 -7.26073551]]
2
[[ -9.01722145 -11.05921268 -10.78681087  -9.54371452]]
0
[[-7.91413546 -9.08222866 -7.10987425 -7.26073551]]
2
[[ -9.01722145 -11.05921268 -10.78681087  -9.54371452]]
0
[[-7.91413546 -9.08222866 -7.10987425 -7.26073551]]
2
[[ -9.01722145 -11.05921268 -10.78681087  -9.54371452]]
0
[[-7.91413546 -9.08222866 -7.10987425 -7.26073551]]
2
[[ -9.01722145 -11.05921268 -10.78681087  -9.54371452]]
0
[[-7.91413546 -9.08222866 -7.10987425 -7.26073551]]
2
[[ -9.01722145 -11.05921268 -10.78681087  -9.54371452]]
0
[[-7.91413546 -9.08222866 -7.10987425 -7.26073551]]
2
[[ -9.01722145 -11.05921268 -10.78681087  -9.54371452]]
0
[[-7.91413546 -9.08222866 -7.10987425 -7.26073551]]
2
[[ -9.01722145 -11.05921268 -10.78681087  -9.54371452]]
0
[[-7.91413546 -9.08222866 -7.10987425 -7.26073551]]
2
[[ -9.01722145 -11.05921268 -10.78681087  -9.54371452]]
0
[[-7.91413546 -9.08222866 -7.10987425 -7.26073551]]
2
[[ -9.01722145 -11.05921268 -10.78681087  -9.54371452]]
0
[[-7.91413546 -9.08222866 -7.10987425 -7.26073551]]
2
[[ -9.01722145 -11.05921268 -10.78681087  -9.54371452]]
0
[[-7.91413546 -9.08222866 -7.10987425 -7.26073551]]
2
[[ -9.01722145 -11.05921268 -10.78681087  -9.54371452]]
0
[[-7.91413546 -9.08222866 -7.10987425 -7.26073551]]
2
[[ -9.01722145 -11.05921268 -10.78681087  -9.54371452]]
0
[[-7.91413546 -9.08222866 -7.10987425 -7.26073551]]
2
[[ -9.01722145 -11.05921268 -10.78681087  -9.54371452]]
0
[[-7.91413546 -9.08222866 -7.10987425 -7.26073551]]
2
[[ -9.01722145 -11.05921268 -10.78681087  -9.54371452]]
0
[[-7.91413546 -9.08222866 -7.10987425 -7.26073551]]
2
[[ -9.01722145 -11.05921268 -10.78681087  -9.54371452]]
0
[[-7.91413546 -9.08222866 -7.10987425 -7.26073551]]
2
[[ -9.01722145 -11.05921268 -10.78681087  -9.54371452]]
0
[[-7.91413546 -9.08222866 -7.10987425 -7.26073551]]
2
[[ -9.01722145 -11.05921268 -10.78681087  -9.54371452]]
0
[[-7.91413546 -9.08222866 -7.10987425 -7.26073551]]
2
[[ -9.01722145 -11.05921268 -10.78681087  -9.54371452]]
0
[[-7.91413546 -9.08222866 -7.10987425 -7.26073551]]
2
[[ -9.01722145 -11.05921268 -10.78681087  -9.54371452]]
0
[[-7.91413546 -9.08222866 -7.10987425 -7.26073551]]
2
[[ -9.01722145 -11.05921268 -10.78681087  -9.54371452]]
0
[[-7.91413546 -9.08222866 -7.10987425 -7.26073551]]
2
[[ -9.01722145 -11.05921268 -10.78681087  -9.54371452]]
0
[[-7.91413546 -9.08222866 -7.10987425 -7.26073551]]
2
[[ -9.01722145 -11.05921268 -10.78681087  -9.54371452]]
0
[[-7.91413546 -9.08222866 -7.10987425 -7.26073551]]
2
[[ -9.01722145 -11.05921268 -10.78681087  -9.54371452]]
0
[[-7.91413546 -9.08222866 -7.10987425 -7.26073551]]
2
[[ -9.01722145 -11.05921268 -10.78681087  -9.54371452]]
0
[[-7.91413546 -9.08222866 -7.10987425 -7.26073551]]
2
[[ -9.01722145 -11.05921268 -10.78681087  -9.54371452]]
0
[[-7.91413546 -9.08222866 -7.10987425 -7.26073551]]
2
FAIL
2/37
