[[-11.87481785 -14.25994205 -11.87245369 -11.57872772]]
3
[[ -9.06523132 -11.11451912 -10.83301258  -9.60776997]]
0
[[-7.93099785 -9.05084324 -7.09033489 -7.30009651]]
2
[[ -9.06523132 -11.11451912 -10.83301258  -9.60776997]]
0
[[-7.93099785 -9.05084324 -7.09033489 -7.30009651]]
2
[[ -9.06523132 -11.11451912 -10.83301258  -9.60776997]]
0
[[-7.93099785 -9.05084324 -7.09033489 -7.30009651]]
2
[[ -9.06523132 -11.11451912 -10.83301258  -9.60776997]]
0
[[-7.93099785 -9.05084324 -7.09033489 -7.30009651]]
2
[[ -9.06523132 -11.11451912 -10.83301258  -9.60776997]]
0
[[-7.93099785 -9.05084324 -7.09033489 -7.30009651]]
2
[[ -9.06523132 -11.11451912 -10.83301258  -9.60776997]]
0
[[-7.93099785 -9.05084324 -7.09033489 -7.30009651]]
2
[[ -9.06523132 -11.11451912 -10.83301258  -9.60776997]]
0
[[-7.93099785 -9.05084324 -7.09033489 -7.30009651]]
2
[[ -9.06523132 -11.11451912 -10.83301258  -9.60776997]]
0
[[-7.93099785 -9.05084324 -7.09033489 -7.30009651]]
2
[[ -9.06523132 -11.11451912 -10.83301258  -9.60776997]]
0
[[-7.93099785 -9.05084324 -7.09033489 -7.30009651]]
2
[[ -9.06523132 -11.11451912 -10.83301258  -9.60776997]]
0
[[-7.93099785 -9.05084324 -7.09033489 -7.30009651]]
2
[[ -9.06523132 -11.11451912 -10.83301258  -9.60776997]]
0
[[-7.93099785 -9.05084324 -7.09033489 -7.30009651]]
2
[[ -9.06523132 -11.11451912 -10.83301258  -9.60776997]]
0
[[-7.93099785 -9.05084324 -7.09033489 -7.30009651]]
2
[[ -9.06523132 -11.11451912 -10.83301258  -9.60776997]]
0
[[-7.93099785 -9.05084324 -7.09033489 -7.30009651]]
2
[[ -9.06523132 -11.11451912 -10.83301258  -9.60776997]]
0
[[-7.93099785 -9.05084324 -7.09033489 -7.30009651]]
2
[[ -9.06523132 -11.11451912 -10.83301258  -9.60776997]]
0
[[-7.93099785 -9.05084324 -7.09033489 -7.30009651]]
2
[[ -9.06523132 -11.11451912 -10.83301258  -9.60776997]]
0
[[-7.93099785 -9.05084324 -7.09033489 -7.30009651]]
2
[[ -9.06523132 -11.11451912 -10.83301258  -9.60776997]]
0
[[-7.93099785 -9.05084324 -7.09033489 -7.30009651]]
2
[[ -9.06523132 -11.11451912 -10.83301258  -9.60776997]]
0
[[-7.93099785 -9.05084324 -7.09033489 -7.30009651]]
2
[[ -9.06523132 -11.11451912 -10.83301258  -9.60776997]]
0
[[-7.93099785 -9.05084324 -7.09033489 -7.30009651]]
2
[[ -9.06523132 -11.11451912 -10.83301258  -9.60776997]]
0
[[-7.93099785 -9.05084324 -7.09033489 -7.30009651]]
2
[[ -9.06523132 -11.11451912 -10.83301258  -9.60776997]]
0
[[-7.93099785 -9.05084324 -7.09033489 -7.30009651]]
2
[[ -9.06523132 -11.11451912 -10.83301258  -9.60776997]]
0
[[-7.93099785 -9.05084324 -7.09033489 -7.30009651]]
2
[[ -9.06523132 -11.11451912 -10.83301258  -9.60776997]]
0
[[-7.93099785 -9.05084324 -7.09033489 -7.30009651]]
2
[[ -9.06523132 -11.11451912 -10.83301258  -9.60776997]]
0
[[-7.93099785 -9.05084324 -7.09033489 -7.30009651]]
2
[[ -9.06523132 -11.11451912 -10.83301258  -9.60776997]]
0
[[-7.93099785 -9.05084324 -7.09033489 -7.30009651]]
2
[[ -9.06523132 -11.11451912 -10.83301258  -9.60776997]]
0
[[-7.93099785 -9.05084324 -7.09033489 -7.30009651]]
2
[[ -9.06523132 -11.11451912 -10.83301258  -9.60776997]]
0
[[-7.93099785 -9.05084324 -7.09033489 -7.30009651]]
2
[[ -9.06523132 -11.11451912 -10.83301258  -9.60776997]]
0
[[-7.93099785 -9.05084324 -7.09033489 -7.30009651]]
2
[[ -9.06523132 -11.11451912 -10.83301258  -9.60776997]]
0
[[-7.93099785 -9.05084324 -7.09033489 -7.30009651]]
2
[[ -9.06523132 -11.11451912 -10.83301258  -9.60776997]]
0
[[-7.93099785 -9.05084324 -7.09033489 -7.30009651]]
2
[[ -9.06523132 -11.11451912 -10.83301258  -9.60776997]]
0
[[-7.93099785 -9.05084324 -7.09033489 -7.30009651]]
2
[[ -9.06523132 -11.11451912 -10.83301258  -9.60776997]]
0
[[-7.93099785 -9.05084324 -7.09033489 -7.30009651]]
2
[[ -9.06523132 -11.11451912 -10.83301258  -9.60776997]]
0
[[-7.93099785 -9.05084324 -7.09033489 -7.30009651]]
2
[[ -9.06523132 -11.11451912 -10.83301258  -9.60776997]]
0
[[-7.93099785 -9.05084324 -7.09033489 -7.30009651]]
2
[[ -9.06523132 -11.11451912 -10.83301258  -9.60776997]]
0
[[-7.93099785 -9.05084324 -7.09033489 -7.30009651]]
2
[[ -9.06523132 -11.11451912 -10.83301258  -9.60776997]]
0
[[-7.93099785 -9.05084324 -7.09033489 -7.30009651]]
2
[[ -9.06523132 -11.11451912 -10.83301258  -9.60776997]]
0
[[-7.93099785 -9.05084324 -7.09033489 -7.30009651]]
2
[[ -9.06523132 -11.11451912 -10.83301258  -9.60776997]]
0
[[-7.93099785 -9.05084324 -7.09033489 -7.30009651]]
2
[[ -9.06523132 -11.11451912 -10.83301258  -9.60776997]]
0
[[-7.93099785 -9.05084324 -7.09033489 -7.30009651]]
2
[[ -9.06523132 -11.11451912 -10.83301258  -9.60776997]]
0
[[-7.93099785 -9.05084324 -7.09033489 -7.30009651]]
2
[[ -9.06523132 -11.11451912 -10.83301258  -9.60776997]]
0
[[-7.93099785 -9.05084324 -7.09033489 -7.30009651]]
2
[[ -9.06523132 -11.11451912 -10.83301258  -9.60776997]]
0
[[-7.93099785 -9.05084324 -7.09033489 -7.30009651]]
2
[[ -9.06523132 -11.11451912 -10.83301258  -9.60776997]]
0
[[-7.93099785 -9.05084324 -7.09033489 -7.30009651]]
2
[[ -9.06523132 -11.11451912 -10.83301258  -9.60776997]]
0
[[-7.93099785 -9.05084324 -7.09033489 -7.30009651]]
2
[[ -9.06523132 -11.11451912 -10.83301258  -9.60776997]]
0
[[-7.93099785 -9.05084324 -7.09033489 -7.30009651]]
2
[[ -9.06523132 -11.11451912 -10.83301258  -9.60776997]]
0
[[-7.93099785 -9.05084324 -7.09033489 -7.30009651]]
2
[[ -9.06523132 -11.11451912 -10.83301258  -9.60776997]]
0
[[-7.93099785 -9.05084324 -7.09033489 -7.30009651]]
2
[[ -9.06523132 -11.11451912 -10.83301258  -9.60776997]]
0
[[-7.93099785 -9.05084324 -7.09033489 -7.30009651]]
2
[[ -9.06523132 -11.11451912 -10.83301258  -9.60776997]]
0
[[-7.93099785 -9.05084324 -7.09033489 -7.30009651]]
2
[[ -9.06523132 -11.11451912 -10.83301258  -9.60776997]]
0
[[-7.93099785 -9.05084324 -7.09033489 -7.30009651]]
2
FAIL
2/37
