[[-11.88966084 -14.25784874 -11.87669945 -11.59515667]]
3
[[ -9.10350895 -11.16241455 -10.8680563   -9.66170883]]
0
[[-7.94443274 -9.01918602 -7.0665884  -7.33485985]]
2
[[ -9.10350895 -11.16241455 -10.8680563   -9.66170883]]
0
[[-7.94443274 -9.01918602 -7.0665884  -7.33485985]]
2
[[ -9.10350895 -11.16241455 -10.8680563   -9.66170883]]
0
[[-7.94443274 -9.01918602 -7.0665884  -7.33485985]]
2
[[ -9.10350895 -11.16241455 -10.8680563   -9.66170883]]
0
[[-7.94443274 -9.01918602 -7.0665884  -7.33485985]]
2
[[ -9.10350895 -11.16241455 -10.8680563   -9.66170883]]
0
[[-7.94443274 -9.01918602 -7.0665884  -7.33485985]]
2
[[ -9.10350895 -11.16241455 -10.8680563   -9.66170883]]
0
[[-7.94443274 -9.01918602 -7.0665884  -7.33485985]]
2
[[ -9.10350895 -11.16241455 -10.8680563   -9.66170883]]
0
[[-7.94443274 -9.01918602 -7.0665884  -7.33485985]]
2
[[ -9.10350895 -11.16241455 -10.8680563   -9.66170883]]
0
[[-7.94443274 -9.01918602 -7.0665884  -7.33485985]]
2
[[ -9.10350895 -11.16241455 -10.8680563   -9.66170883]]
0
[[-7.94443274 -9.01918602 -7.0665884  -7.33485985]]
2
[[ -9.10350895 -11.16241455 -10.8680563   -9.66170883]]
0
[[-7.94443274 -9.01918602 -7.0665884  -7.33485985]]
2
[[ -9.10350895 -11.16241455 -10.8680563   -9.66170883]]
0
[[-7.94443274 -9.01918602 -7.0665884  -7.33485985]]
2
[[ -9.10350895 -11.16241455 -10.8680563   -9.66170883]]
0
[[-7.94443274 -9.01918602 -7.0665884  -7.33485985]]
2
[[ -9.10350895 -11.16241455 -10.8680563   -9.66170883]]
0
[[-7.94443274 -9.01918602 -7.0665884  -7.33485985]]
2
[[ -9.10350895 -11.16241455 -10.8680563   -9.66170883]]
0
[[-7.94443274 -9.01918602 -7.0665884  -7.33485985]]
2
[[ -9.10350895 -11.16241455 -10.8680563   -9.66170883]]
0
[[-7.94443274 -9.01918602 -7.0665884  -7.33485985]]
2
[[ -9.10350895 -11.16241455 -10.8680563   -9.66170883]]
0
[[-7.94443274 -9.01918602 -7.0665884  -7.33485985]]
2
[[ -9.10350895 -11.16241455 -10.8680563   -9.66170883]]
0
[[-7.94443274 -9.01918602 -7.0665884  -7.33485985]]
2
[[ -9.10350895 -11.16241455 -10.8680563   -9.66170883]]
0
[[-7.94443274 -9.01918602 -7.0665884  -7.33485985]]
2
[[ -9.10350895 -11.16241455 -10.8680563   -9.66170883]]
0
[[-7.94443274 -9.01918602 -7.0665884  -7.33485985]]
2
[[ -9.10350895 -11.16241455 -10.8680563   -9.66170883]]
0
[[-7.94443274 -9.01918602 -7.0665884  -7.33485985]]
2
[[ -9.10350895 -11.16241455 -10.8680563   -9.66170883]]
0
[[-7.94443274 -9.01918602 -7.0665884  -7.33485985]]
2
[[ -9.10350895 -11.16241455 -10.8680563   -9.66170883]]
0
[[-7.94443274 -9.01918602 -7.0665884  -7.33485985]]
2
[[ -9.10350895 -11.16241455 -10.8680563   -9.66170883]]
0
[[-7.94443274 -9.01918602 -7.0665884  -7.33485985]]
2
[[ -9.10350895 -11.16241455 -10.8680563   -9.66170883]]
0
[[-7.94443274 -9.01918602 -7.0665884  -7.33485985]]
2
[[ -9.10350895 -11.16241455 -10.8680563   -9.66170883]]
0
[[-7.94443274 -9.01918602 -7.0665884  -7.33485985]]
2
[[ -9.10350895 -11.16241455 -10.8680563   -9.66170883]]
0
[[-7.94443274 -9.01918602 -7.0665884  -7.33485985]]
2
[[ -9.10350895 -11.16241455 -10.8680563   -9.66170883]]
0
[[-7.94443274 -9.01918602 -7.0665884  -7.33485985]]
2
[[ -9.10350895 -11.16241455 -10.8680563   -9.66170883]]
0
[[-7.94443274 -9.01918602 -7.0665884  -7.33485985]]
2
[[ -9.10350895 -11.16241455 -10.8680563   -9.66170883]]
0
[[-7.94443274 -9.01918602 -7.0665884  -7.33485985]]
2
[[ -9.10350895 -11.16241455 -10.8680563   -9.66170883]]
0
[[-7.94443274 -9.01918602 -7.0665884  -7.33485985]]
2
[[ -9.10350895 -11.16241455 -10.8680563   -9.66170883]]
0
[[-7.94443274 -9.01918602 -7.0665884  -7.33485985]]
2
[[ -9.10350895 -11.16241455 -10.8680563   -9.66170883]]
0
[[-7.94443274 -9.01918602 -7.0665884  -7.33485985]]
2
[[ -9.10350895 -11.16241455 -10.8680563   -9.66170883]]
0
[[-7.94443274 -9.01918602 -7.0665884  -7.33485985]]
2
[[ -9.10350895 -11.16241455 -10.8680563   -9.66170883]]
0
[[-7.94443274 -9.01918602 -7.0665884  -7.33485985]]
2
[[ -9.10350895 -11.16241455 -10.8680563   -9.66170883]]
0
[[-7.94443274 -9.01918602 -7.0665884  -7.33485985]]
2
[[ -9.10350895 -11.16241455 -10.8680563   -9.66170883]]
0
[[-7.94443274 -9.01918602 -7.0665884  -7.33485985]]
2
[[ -9.10350895 -11.16241455 -10.8680563   -9.66170883]]
0
[[-7.94443274 -9.01918602 -7.0665884  -7.33485985]]
2
[[ -9.10350895 -11.16241455 -10.8680563   -9.66170883]]
0
[[-7.94443274 -9.01918602 -7.0665884  -7.33485985]]
2
[[ -9.10350895 -11.16241455 -10.8680563   -9.66170883]]
0
[[-7.94443274 -9.01918602 -7.0665884  -7.33485985]]
2
[[ -9.10350895 -11.16241455 -10.8680563   -9.66170883]]
0
[[-7.94443274 -9.01918602 -7.0665884  -7.33485985]]
2
[[ -9.10350895 -11.16241455 -10.8680563   -9.66170883]]
0
[[-7.94443274 -9.01918602 -7.0665884  -7.33485985]]
2
[[ -9.10350895 -11.16241455 -10.8680563   -9.66170883]]
0
[[-7.94443274 -9.01918602 -7.0665884  -7.33485985]]
2
[[ -9.10350895 -11.16241455 -10.8680563   -9.66170883]]
0
[[-7.94443274 -9.01918602 -7.0665884  -7.33485985]]
2
[[ -9.10350895 -11.16241455 -10.8680563   -9.66170883]]
0
[[-7.94443274 -9.01918602 -7.0665884  -7.33485985]]
2
[[ -9.10350895 -11.16241455 -10.8680563   -9.66170883]]
0
[[-7.94443274 -9.01918602 -7.0665884  -7.33485985]]
2
[[ -9.10350895 -11.16241455 -10.8680563   -9.66170883]]
0
[[-7.94443274 -9.01918602 -7.0665884  -7.33485985]]
2
[[ -9.10350895 -11.16241455 -10.8680563   -9.66170883]]
0
[[-7.94443274 -9.01918602 -7.0665884  -7.33485985]]
2
[[ -9.10350895 -11.16241455 -10.8680563   -9.66170883]]
0
[[-7.94443274 -9.01918602 -7.0665884  -7.33485985]]
2
[[ -9.10350895 -11.16241455 -10.8680563   -9.66170883]]
0
[[-7.94443274 -9.01918602 -7.0665884  -7.33485985]]
2
[[ -9.10350895 -11.16241455 -10.8680563   -9.66170883]]
0
[[-7.94443274 -9.01918602 -7.0665884  -7.33485985]]
2
FAIL
2/37
