[[-11.89972973 -14.25322819 -11.87695694 -11.60668659]]
3
[[ -9.14367867 -11.21715832 -10.90341377  -9.714674  ]]
0
[[-7.9578824  -8.99074078 -7.04148626 -7.36921406]]
2
[[ -9.14367867 -11.21715832 -10.90341377  -9.714674  ]]
0
[[-7.9578824  -8.99074078 -7.04148626 -7.36921406]]
2
[[ -9.14367867 -11.21715832 -10.90341377  -9.714674  ]]
0
[[-7.9578824  -8.99074078 -7.04148626 -7.36921406]]
2
[[ -9.14367867 -11.21715832 -10.90341377  -9.714674  ]]
0
[[-7.9578824  -8.99074078 -7.04148626 -7.36921406]]
2
[[ -9.14367867 -11.21715832 -10.90341377  -9.714674  ]]
0
[[-7.9578824  -8.99074078 -7.04148626 -7.36921406]]
2
[[ -9.14367867 -11.21715832 -10.90341377  -9.714674  ]]
0
[[-7.9578824  -8.99074078 -7.04148626 -7.36921406]]
2
[[ -9.14367867 -11.21715832 -10.90341377  -9.714674  ]]
0
[[-7.9578824  -8.99074078 -7.04148626 -7.36921406]]
2
[[ -9.14367867 -11.21715832 -10.90341377  -9.714674  ]]
0
[[-7.9578824  -8.99074078 -7.04148626 -7.36921406]]
2
[[ -9.14367867 -11.21715832 -10.90341377  -9.714674  ]]
0
[[-7.9578824  -8.99074078 -7.04148626 -7.36921406]]
2
[[ -9.14367867 -11.21715832 -10.90341377  -9.714674  ]]
0
[[-7.9578824  -8.99074078 -7.04148626 -7.36921406]]
2
[[ -9.14367867 -11.21715832 -10.90341377  -9.714674  ]]
0
[[-7.9578824  -8.99074078 -7.04148626 -7.36921406]]
2
[[ -9.14367867 -11.21715832 -10.90341377  -9.714674  ]]
0
[[-7.9578824  -8.99074078 -7.04148626 -7.36921406]]
2
[[ -9.14367867 -11.21715832 -10.90341377  -9.714674  ]]
0
[[-7.9578824  -8.99074078 -7.04148626 -7.36921406]]
2
[[ -9.14367867 -11.21715832 -10.90341377  -9.714674  ]]
0
[[-7.9578824  -8.99074078 -7.04148626 -7.36921406]]
2
[[ -9.14367867 -11.21715832 -10.90341377  -9.714674  ]]
0
[[-7.9578824  -8.99074078 -7.04148626 -7.36921406]]
2
[[ -9.14367867 -11.21715832 -10.90341377  -9.714674  ]]
0
[[-7.9578824  -8.99074078 -7.04148626 -7.36921406]]
2
[[ -9.14367867 -11.21715832 -10.90341377  -9.714674  ]]
0
[[-7.9578824  -8.99074078 -7.04148626 -7.36921406]]
2
[[ -9.14367867 -11.21715832 -10.90341377  -9.714674  ]]
0
[[-7.9578824  -8.99074078 -7.04148626 -7.36921406]]
2
[[ -9.14367867 -11.21715832 -10.90341377  -9.714674  ]]
0
[[-7.9578824  -8.99074078 -7.04148626 -7.36921406]]
2
[[ -9.14367867 -11.21715832 -10.90341377  -9.714674  ]]
0
[[-7.9578824  -8.99074078 -7.04148626 -7.36921406]]
2
[[ -9.14367867 -11.21715832 -10.90341377  -9.714674  ]]
0
[[-7.9578824  -8.99074078 -7.04148626 -7.36921406]]
2
[[ -9.14367867 -11.21715832 -10.90341377  -9.714674  ]]
0
[[-7.9578824  -8.99074078 -7.04148626 -7.36921406]]
2
[[ -9.14367867 -11.21715832 -10.90341377  -9.714674  ]]
0
[[-7.9578824  -8.99074078 -7.04148626 -7.36921406]]
2
[[ -9.14367867 -11.21715832 -10.90341377  -9.714674  ]]
0
[[-7.9578824  -8.99074078 -7.04148626 -7.36921406]]
2
[[ -9.14367867 -11.21715832 -10.90341377  -9.714674  ]]
0
[[-7.9578824  -8.99074078 -7.04148626 -7.36921406]]
2
[[ -9.14367867 -11.21715832 -10.90341377  -9.714674  ]]
0
[[-7.9578824  -8.99074078 -7.04148626 -7.36921406]]
2
[[ -9.14367867 -11.21715832 -10.90341377  -9.714674  ]]
0
[[-7.9578824  -8.99074078 -7.04148626 -7.36921406]]
2
[[ -9.14367867 -11.21715832 -10.90341377  -9.714674  ]]
0
[[-7.9578824  -8.99074078 -7.04148626 -7.36921406]]
2
[[ -9.14367867 -11.21715832 -10.90341377  -9.714674  ]]
0
[[-7.9578824  -8.99074078 -7.04148626 -7.36921406]]
2
[[ -9.14367867 -11.21715832 -10.90341377  -9.714674  ]]
0
[[-7.9578824  -8.99074078 -7.04148626 -7.36921406]]
2
[[ -9.14367867 -11.21715832 -10.90341377  -9.714674  ]]
0
[[-7.9578824  -8.99074078 -7.04148626 -7.36921406]]
2
[[ -9.14367867 -11.21715832 -10.90341377  -9.714674  ]]
0
[[-7.9578824  -8.99074078 -7.04148626 -7.36921406]]
2
[[ -9.14367867 -11.21715832 -10.90341377  -9.714674  ]]
0
[[-7.9578824  -8.99074078 -7.04148626 -7.36921406]]
2
[[ -9.14367867 -11.21715832 -10.90341377  -9.714674  ]]
0
[[-7.9578824  -8.99074078 -7.04148626 -7.36921406]]
2
[[ -9.14367867 -11.21715832 -10.90341377  -9.714674  ]]
0
[[-7.9578824  -8.99074078 -7.04148626 -7.36921406]]
2
[[ -9.14367867 -11.21715832 -10.90341377  -9.714674  ]]
0
[[-7.9578824  -8.99074078 -7.04148626 -7.36921406]]
2
[[ -9.14367867 -11.21715832 -10.90341377  -9.714674  ]]
0
[[-7.9578824  -8.99074078 -7.04148626 -7.36921406]]
2
[[ -9.14367867 -11.21715832 -10.90341377  -9.714674  ]]
0
[[-7.9578824  -8.99074078 -7.04148626 -7.36921406]]
2
[[ -9.14367867 -11.21715832 -10.90341377  -9.714674  ]]
0
[[-7.9578824  -8.99074078 -7.04148626 -7.36921406]]
2
[[ -9.14367867 -11.21715832 -10.90341377  -9.714674  ]]
0
[[-7.9578824  -8.99074078 -7.04148626 -7.36921406]]
2
[[ -9.14367867 -11.21715832 -10.90341377  -9.714674  ]]
0
[[-7.9578824  -8.99074078 -7.04148626 -7.36921406]]
2
[[ -9.14367867 -11.21715832 -10.90341377  -9.714674  ]]
0
[[-7.9578824  -8.99074078 -7.04148626 -7.36921406]]
2
[[ -9.14367867 -11.21715832 -10.90341377  -9.714674  ]]
0
[[-7.9578824  -8.99074078 -7.04148626 -7.36921406]]
2
[[ -9.14367867 -11.21715832 -10.90341377  -9.714674  ]]
0
[[-7.9578824  -8.99074078 -7.04148626 -7.36921406]]
2
[[ -9.14367867 -11.21715832 -10.90341377  -9.714674  ]]
0
[[-7.9578824  -8.99074078 -7.04148626 -7.36921406]]
2
[[ -9.14367867 -11.21715832 -10.90341377  -9.714674  ]]
0
[[-7.9578824  -8.99074078 -7.04148626 -7.36921406]]
2
[[ -9.14367867 -11.21715832 -10.90341377  -9.714674  ]]
0
[[-7.9578824  -8.99074078 -7.04148626 -7.36921406]]
2
[[ -9.14367867 -11.21715832 -10.90341377  -9.714674  ]]
0
[[-7.9578824  -8.99074078 -7.04148626 -7.36921406]]
2
[[ -9.14367867 -11.21715832 -10.90341377  -9.714674  ]]
0
[[-7.9578824  -8.99074078 -7.04148626 -7.36921406]]
2
[[ -9.14367867 -11.21715832 -10.90341377  -9.714674  ]]
0
[[-7.9578824  -8.99074078 -7.04148626 -7.36921406]]
2
FAIL
2/37
