[[-3.58901954 -7.43441677 -4.10535574 -7.98854351]]
0
[[-11.88597393 -14.50577259   0.4277325   -7.43383741]]
2
[[-3.58901954 -7.43441677 -4.10535574 -7.98854351]]
0
[[-11.88597393 -14.50577259   0.4277325   -7.43383741]]
2
[[-3.58901954 -7.43441677 -4.10535574 -7.98854351]]
0
[[-11.88597393 -14.50577259   0.4277325   -7.43383741]]
2
[[-3.58901954 -7.43441677 -4.10535574 -7.98854351]]
0
[[-11.88597393 -14.50577259   0.4277325   -7.43383741]]
2
[[-3.58901954 -7.43441677 -4.10535574 -7.98854351]]
0
[[-11.88597393 -14.50577259   0.4277325   -7.43383741]]
2
[[-3.58901954 -7.43441677 -4.10535574 -7.98854351]]
0
[[-11.88597393 -14.50577259   0.4277325   -7.43383741]]
2
[[-3.58901954 -7.43441677 -4.10535574 -7.98854351]]
0
[[-11.88597393 -14.50577259   0.4277325   -7.43383741]]
2
[[-3.58901954 -7.43441677 -4.10535574 -7.98854351]]
0
[[-11.88597393 -14.50577259   0.4277325   -7.43383741]]
2
[[-3.58901954 -7.43441677 -4.10535574 -7.98854351]]
0
[[-11.88597393 -14.50577259   0.4277325   -7.43383741]]
2
[[-3.58901954 -7.43441677 -4.10535574 -7.98854351]]
0
[[-11.88597393 -14.50577259   0.4277325   -7.43383741]]
2
[[-3.58901954 -7.43441677 -4.10535574 -7.98854351]]
0
[[-11.88597393 -14.50577259   0.4277325   -7.43383741]]
2
[[-3.58901954 -7.43441677 -4.10535574 -7.98854351]]
0
[[-11.88597393 -14.50577259   0.4277325   -7.43383741]]
2
[[-3.58901954 -7.43441677 -4.10535574 -7.98854351]]
0
[[-11.88597393 -14.50577259   0.4277325   -7.43383741]]
2
[[-3.58901954 -7.43441677 -4.10535574 -7.98854351]]
0
[[-11.88597393 -14.50577259   0.4277325   -7.43383741]]
2
[[-3.58901954 -7.43441677 -4.10535574 -7.98854351]]
0
[[-11.88597393 -14.50577259   0.4277325   -7.43383741]]
2
[[-3.58901954 -7.43441677 -4.10535574 -7.98854351]]
0
[[-11.88597393 -14.50577259   0.4277325   -7.43383741]]
2
[[-3.58901954 -7.43441677 -4.10535574 -7.98854351]]
0
[[-11.88597393 -14.50577259   0.4277325   -7.43383741]]
2
[[-3.58901954 -7.43441677 -4.10535574 -7.98854351]]
0
[[-11.88597393 -14.50577259   0.4277325   -7.43383741]]
2
[[-3.58901954 -7.43441677 -4.10535574 -7.98854351]]
0
[[-11.88597393 -14.50577259   0.4277325   -7.43383741]]
2
[[-3.58901954 -7.43441677 -4.10535574 -7.98854351]]
0
[[-11.88597393 -14.50577259   0.4277325   -7.43383741]]
2
[[-3.58901954 -7.43441677 -4.10535574 -7.98854351]]
0
[[-11.88597393 -14.50577259   0.4277325   -7.43383741]]
2
[[-3.58901954 -7.43441677 -4.10535574 -7.98854351]]
0
[[-11.88597393 -14.50577259   0.4277325   -7.43383741]]
2
[[-3.58901954 -7.43441677 -4.10535574 -7.98854351]]
0
[[-11.88597393 -14.50577259   0.4277325   -7.43383741]]
2
[[-3.58901954 -7.43441677 -4.10535574 -7.98854351]]
0
[[-11.88597393 -14.50577259   0.4277325   -7.43383741]]
2
[[-3.58901954 -7.43441677 -4.10535574 -7.98854351]]
0
[[-11.88597393 -14.50577259   0.4277325   -7.43383741]]
2
[[-3.58901954 -7.43441677 -4.10535574 -7.98854351]]
0
[[-11.88597393 -14.50577259   0.4277325   -7.43383741]]
2
[[-3.58901954 -7.43441677 -4.10535574 -7.98854351]]
0
[[-11.88597393 -14.50577259   0.4277325   -7.43383741]]
2
[[-3.58901954 -7.43441677 -4.10535574 -7.98854351]]
0
[[-11.88597393 -14.50577259   0.4277325   -7.43383741]]
2
[[-3.58901954 -7.43441677 -4.10535574 -7.98854351]]
0
[[-11.88597393 -14.50577259   0.4277325   -7.43383741]]
2
[[-3.58901954 -7.43441677 -4.10535574 -7.98854351]]
0
[[-11.88597393 -14.50577259   0.4277325   -7.43383741]]
2
[[-3.58901954 -7.43441677 -4.10535574 -7.98854351]]
0
[[-11.88597393 -14.50577259   0.4277325   -7.43383741]]
2
[[-3.58901954 -7.43441677 -4.10535574 -7.98854351]]
0
[[-11.88597393 -14.50577259   0.4277325   -7.43383741]]
2
[[-3.58901954 -7.43441677 -4.10535574 -7.98854351]]
0
[[-11.88597393 -14.50577259   0.4277325   -7.43383741]]
2
[[-3.58901954 -7.43441677 -4.10535574 -7.98854351]]
0
[[-11.88597393 -14.50577259   0.4277325   -7.43383741]]
2
[[-3.58901954 -7.43441677 -4.10535574 -7.98854351]]
0
[[-11.88597393 -14.50577259   0.4277325   -7.43383741]]
2
[[-3.58901954 -7.43441677 -4.10535574 -7.98854351]]
0
[[-11.88597393 -14.50577259   0.4277325   -7.43383741]]
2
[[-3.58901954 -7.43441677 -4.10535574 -7.98854351]]
0
[[-11.88597393 -14.50577259   0.4277325   -7.43383741]]
2
[[-3.58901954 -7.43441677 -4.10535574 -7.98854351]]
0
[[-11.88597393 -14.50577259   0.4277325   -7.43383741]]
2
[[-3.58901954 -7.43441677 -4.10535574 -7.98854351]]
0
[[-11.88597393 -14.50577259   0.4277325   -7.43383741]]
2
[[-3.58901954 -7.43441677 -4.10535574 -7.98854351]]
0
[[-11.88597393 -14.50577259   0.4277325   -7.43383741]]
2
[[-3.58901954 -7.43441677 -4.10535574 -7.98854351]]
0
[[-11.88597393 -14.50577259   0.4277325   -7.43383741]]
2
[[-3.58901954 -7.43441677 -4.10535574 -7.98854351]]
0
[[-11.88597393 -14.50577259   0.4277325   -7.43383741]]
2
[[-3.58901954 -7.43441677 -4.10535574 -7.98854351]]
0
[[-11.88597393 -14.50577259   0.4277325   -7.43383741]]
2
[[-3.58901954 -7.43441677 -4.10535574 -7.98854351]]
0
[[-11.88597393 -14.50577259   0.4277325   -7.43383741]]
2
[[-3.58901954 -7.43441677 -4.10535574 -7.98854351]]
0
[[-11.88597393 -14.50577259   0.4277325   -7.43383741]]
2
[[-3.58901954 -7.43441677 -4.10535574 -7.98854351]]
0
[[-11.88597393 -14.50577259   0.4277325   -7.43383741]]
2
[[-3.58901954 -7.43441677 -4.10535574 -7.98854351]]
0
[[-11.88597393 -14.50577259   0.4277325   -7.43383741]]
2
[[-3.58901954 -7.43441677 -4.10535574 -7.98854351]]
0
[[-11.88597393 -14.50577259   0.4277325   -7.43383741]]
2
[[-3.58901954 -7.43441677 -4.10535574 -7.98854351]]
0
[[-11.88597393 -14.50577259   0.4277325   -7.43383741]]
2
[[-3.58901954 -7.43441677 -4.10535574 -7.98854351]]
0
[[-11.88597393 -14.50577259   0.4277325   -7.43383741]]
2
[[-3.58901954 -7.43441677 -4.10535574 -7.98854351]]
0
FAIL
1/2
