[[-11.90763378 -14.24529839 -11.874753   -11.61580372]]
3
[[ -9.18305206 -11.27111816 -10.93686485  -9.76385689]]
0
[[-7.96890163 -8.95867348 -7.0118866  -7.3994503 ]]
2
[[ -9.18305206 -11.27111816 -10.93686485  -9.76385689]]
0
[[-7.96890163 -8.95867348 -7.0118866  -7.3994503 ]]
2
[[ -9.18305206 -11.27111816 -10.93686485  -9.76385689]]
0
[[-7.96890163 -8.95867348 -7.0118866  -7.3994503 ]]
2
[[ -9.18305206 -11.27111816 -10.93686485  -9.76385689]]
0
[[-7.96890163 -8.95867348 -7.0118866  -7.3994503 ]]
2
[[ -9.18305206 -11.27111816 -10.93686485  -9.76385689]]
0
[[-7.96890163 -8.95867348 -7.0118866  -7.3994503 ]]
2
[[ -9.18305206 -11.27111816 -10.93686485  -9.76385689]]
0
[[-7.96890163 -8.95867348 -7.0118866  -7.3994503 ]]
2
[[ -9.18305206 -11.27111816 -10.93686485  -9.76385689]]
0
[[-7.96890163 -8.95867348 -7.0118866  -7.3994503 ]]
2
[[ -9.18305206 -11.27111816 -10.93686485  -9.76385689]]
0
[[-7.96890163 -8.95867348 -7.0118866  -7.3994503 ]]
2
[[ -9.18305206 -11.27111816 -10.93686485  -9.76385689]]
0
[[-7.96890163 -8.95867348 -7.0118866  -7.3994503 ]]
2
[[ -9.18305206 -11.27111816 -10.93686485  -9.76385689]]
0
[[-7.96890163 -8.95867348 -7.0118866  -7.3994503 ]]
2
[[ -9.18305206 -11.27111816 -10.93686485  -9.76385689]]
0
[[-7.96890163 -8.95867348 -7.0118866  -7.3994503 ]]
2
[[ -9.18305206 -11.27111816 -10.93686485  -9.76385689]]
0
[[-7.96890163 -8.95867348 -7.0118866  -7.3994503 ]]
2
[[ -9.18305206 -11.27111816 -10.93686485  -9.76385689]]
0
[[-7.96890163 -8.95867348 -7.0118866  -7.3994503 ]]
2
[[ -9.18305206 -11.27111816 -10.93686485  -9.76385689]]
0
[[-7.96890163 -8.95867348 -7.0118866  -7.3994503 ]]
2
[[ -9.18305206 -11.27111816 -10.93686485  -9.76385689]]
0
[[-7.96890163 -8.95867348 -7.0118866  -7.3994503 ]]
2
[[ -9.18305206 -11.27111816 -10.93686485  -9.76385689]]
0
[[-7.96890163 -8.95867348 -7.0118866  -7.3994503 ]]
2
[[ -9.18305206 -11.27111816 -10.93686485  -9.76385689]]
0
[[-7.96890163 -8.95867348 -7.0118866  -7.3994503 ]]
2
[[ -9.18305206 -11.27111816 -10.93686485  -9.76385689]]
0
[[-7.96890163 -8.95867348 -7.0118866  -7.3994503 ]]
2
[[ -9.18305206 -11.27111816 -10.93686485  -9.76385689]]
0
[[-7.96890163 -8.95867348 -7.0118866  -7.3994503 ]]
2
[[ -9.18305206 -11.27111816 -10.93686485  -9.76385689]]
0
[[-7.96890163 -8.95867348 -7.0118866  -7.3994503 ]]
2
[[ -9.18305206 -11.27111816 -10.93686485  -9.76385689]]
0
[[-7.96890163 -8.95867348 -7.0118866  -7.3994503 ]]
2
[[ -9.18305206 -11.27111816 -10.93686485  -9.76385689]]
0
[[-7.96890163 -8.95867348 -7.0118866  -7.3994503 ]]
2
[[ -9.18305206 -11.27111816 -10.93686485  -9.76385689]]
0
[[-7.96890163 -8.95867348 -7.0118866  -7.3994503 ]]
2
[[ -9.18305206 -11.27111816 -10.93686485  -9.76385689]]
0
[[-7.96890163 -8.95867348 -7.0118866  -7.3994503 ]]
2
[[ -9.18305206 -11.27111816 -10.93686485  -9.76385689]]
0
[[-7.96890163 -8.95867348 -7.0118866  -7.3994503 ]]
2
[[ -9.18305206 -11.27111816 -10.93686485  -9.76385689]]
0
[[-7.96890163 -8.95867348 -7.0118866  -7.3994503 ]]
2
[[ -9.18305206 -11.27111816 -10.93686485  -9.76385689]]
0
[[-7.96890163 -8.95867348 -7.0118866  -7.3994503 ]]
2
[[ -9.18305206 -11.27111816 -10.93686485  -9.76385689]]
0
[[-7.96890163 -8.95867348 -7.0118866  -7.3994503 ]]
2
[[ -9.18305206 -11.27111816 -10.93686485  -9.76385689]]
0
[[-7.96890163 -8.95867348 -7.0118866  -7.3994503 ]]
2
[[ -9.18305206 -11.27111816 -10.93686485  -9.76385689]]
0
[[-7.96890163 -8.95867348 -7.0118866  -7.3994503 ]]
2
[[ -9.18305206 -11.27111816 -10.93686485  -9.76385689]]
0
[[-7.96890163 -8.95867348 -7.0118866  -7.3994503 ]]
2
[[ -9.18305206 -11.27111816 -10.93686485  -9.76385689]]
0
[[-7.96890163 -8.95867348 -7.0118866  -7.3994503 ]]
2
[[ -9.18305206 -11.27111816 -10.93686485  -9.76385689]]
0
[[-7.96890163 -8.95867348 -7.0118866  -7.3994503 ]]
2
[[ -9.18305206 -11.27111816 -10.93686485  -9.76385689]]
0
[[-7.96890163 -8.95867348 -7.0118866  -7.3994503 ]]
2
[[ -9.18305206 -11.27111816 -10.93686485  -9.76385689]]
0
[[-7.96890163 -8.95867348 -7.0118866  -7.3994503 ]]
2
[[ -9.18305206 -11.27111816 -10.93686485  -9.76385689]]
0
[[-7.96890163 -8.95867348 -7.0118866  -7.3994503 ]]
2
[[ -9.18305206 -11.27111816 -10.93686485  -9.76385689]]
0
[[-7.96890163 -8.95867348 -7.0118866  -7.3994503 ]]
2
[[ -9.18305206 -11.27111816 -10.93686485  -9.76385689]]
0
[[-7.96890163 -8.95867348 -7.0118866  -7.3994503 ]]
2
[[ -9.18305206 -11.27111816 -10.93686485  -9.76385689]]
0
[[-7.96890163 -8.95867348 -7.0118866  -7.3994503 ]]
2
[[ -9.18305206 -11.27111816 -10.93686485  -9.76385689]]
0
[[-7.96890163 -8.95867348 -7.0118866  -7.3994503 ]]
2
[[ -9.18305206 -11.27111816 -10.93686485  -9.76385689]]
0
[[-7.96890163 -8.95867348 -7.0118866  -7.3994503 ]]
2
[[ -9.18305206 -11.27111816 -10.93686485  -9.76385689]]
0
[[-7.96890163 -8.95867348 -7.0118866  -7.3994503 ]]
2
[[ -9.18305206 -11.27111816 -10.93686485  -9.76385689]]
0
[[-7.96890163 -8.95867348 -7.0118866  -7.3994503 ]]
2
[[ -9.18305206 -11.27111816 -10.93686485  -9.76385689]]
0
[[-7.96890163 -8.95867348 -7.0118866  -7.3994503 ]]
2
[[ -9.18305206 -11.27111816 -10.93686485  -9.76385689]]
0
[[-7.96890163 -8.95867348 -7.0118866  -7.3994503 ]]
2
[[ -9.18305206 -11.27111816 -10.93686485  -9.76385689]]
0
[[-7.96890163 -8.95867348 -7.0118866  -7.3994503 ]]
2
[[ -9.18305206 -11.27111816 -10.93686485  -9.76385689]]
0
[[-7.96890163 -8.95867348 -7.0118866  -7.3994503 ]]
2
[[ -9.18305206 -11.27111816 -10.93686485  -9.76385689]]
0
[[-7.96890163 -8.95867348 -7.0118866  -7.3994503 ]]
2
[[ -9.18305206 -11.27111816 -10.93686485  -9.76385689]]
0
[[-7.96890163 -8.95867348 -7.0118866  -7.3994503 ]]
2
[[ -9.18305206 -11.27111816 -10.93686485  -9.76385689]]
0
[[-7.96890163 -8.95867348 -7.0118866  -7.3994503 ]]
2
FAIL
2/37
