[[ 1990523.125  3005233.     3311245.5    3635223.5  ]]
3
[[ 1910446.125  2750238.75   2390321.     2452195.5  ]]
1
[[ 1990523.125  3005233.     3311245.5    3635223.5  ]]
3
[[ 1910446.125  2750238.75   2390321.     2452195.5  ]]
1
[[ 1990523.125  3005233.     3311245.5    3635223.5  ]]
3
[[ 1910446.125  2750238.75   2390321.     2452195.5  ]]
1
[[ 1990523.125  3005233.     3311245.5    3635223.5  ]]
3
[[ 1910446.125  2750238.75   2390321.     2452195.5  ]]
1
[[ 1990523.125  3005233.     3311245.5    3635223.5  ]]
3
[[ 1910446.125  2750238.75   2390321.     2452195.5  ]]
1
[[ 1990523.125  3005233.     3311245.5    3635223.5  ]]
3
[[ 1910446.125  2750238.75   2390321.     2452195.5  ]]
1
[[ 1990523.125  3005233.     3311245.5    3635223.5  ]]
3
[[ 1910446.125  2750238.75   2390321.     2452195.5  ]]
1
[[ 1990523.125  3005233.     3311245.5    3635223.5  ]]
3
[[ 1910446.125  2750238.75   2390321.     2452195.5  ]]
1
[[ 1990523.125  3005233.     3311245.5    3635223.5  ]]
3
[[ 1910446.125  2750238.75   2390321.     2452195.5  ]]
1
[[ 1990523.125  3005233.     3311245.5    3635223.5  ]]
3
[[ 1910446.125  2750238.75   2390321.     2452195.5  ]]
1
[[ 1990523.125  3005233.     3311245.5    3635223.5  ]]
3
[[ 1910446.125  2750238.75   2390321.     2452195.5  ]]
1
[[ 1990523.125  3005233.     3311245.5    3635223.5  ]]
3
[[ 1910446.125  2750238.75   2390321.     2452195.5  ]]
1
[[ 1990523.125  3005233.     3311245.5    3635223.5  ]]
3
[[ 1910446.125  2750238.75   2390321.     2452195.5  ]]
1
[[ 1990523.125  3005233.     3311245.5    3635223.5  ]]
3
[[ 1910446.125  2750238.75   2390321.     2452195.5  ]]
1
[[ 1990523.125  3005233.     3311245.5    3635223.5  ]]
3
[[ 1910446.125  2750238.75   2390321.     2452195.5  ]]
1
[[ 1990523.125  3005233.     3311245.5    3635223.5  ]]
3
[[ 1910446.125  2750238.75   2390321.     2452195.5  ]]
1
[[ 1990523.125  3005233.     3311245.5    3635223.5  ]]
3
[[ 1910446.125  2750238.75   2390321.     2452195.5  ]]
1
[[ 1990523.125  3005233.     3311245.5    3635223.5  ]]
3
[[ 1910446.125  2750238.75   2390321.     2452195.5  ]]
1
[[ 1990523.125  3005233.     3311245.5    3635223.5  ]]
3
[[ 1910446.125  2750238.75   2390321.     2452195.5  ]]
1
[[ 1990523.125  3005233.     3311245.5    3635223.5  ]]
3
[[ 1910446.125  2750238.75   2390321.     2452195.5  ]]
1
[[ 1990523.125  3005233.     3311245.5    3635223.5  ]]
3
[[ 1910446.125  2750238.75   2390321.     2452195.5  ]]
1
[[ 1990523.125  3005233.     3311245.5    3635223.5  ]]
3
[[ 1910446.125  2750238.75   2390321.     2452195.5  ]]
1
[[ 1990523.125  3005233.     3311245.5    3635223.5  ]]
3
[[ 1910446.125  2750238.75   2390321.     2452195.5  ]]
1
[[ 1990523.125  3005233.     3311245.5    3635223.5  ]]
3
[[ 1910446.125  2750238.75   2390321.     2452195.5  ]]
1
[[ 1990523.125  3005233.     3311245.5    3635223.5  ]]
3
[[ 1910446.125  2750238.75   2390321.     2452195.5  ]]
1
[[ 1990523.125  3005233.     3311245.5    3635223.5  ]]
3
[[ 1910446.125  2750238.75   2390321.     2452195.5  ]]
1
[[ 1990523.125  3005233.     3311245.5    3635223.5  ]]
3
[[ 1910446.125  2750238.75   2390321.     2452195.5  ]]
1
[[ 1990523.125  3005233.     3311245.5    3635223.5  ]]
3
[[ 1910446.125  2750238.75   2390321.     2452195.5  ]]
1
[[ 1990523.125  3005233.     3311245.5    3635223.5  ]]
3
[[ 1910446.125  2750238.75   2390321.     2452195.5  ]]
1
[[ 1990523.125  3005233.     3311245.5    3635223.5  ]]
3
[[ 1910446.125  2750238.75   2390321.     2452195.5  ]]
1
[[ 1990523.125  3005233.     3311245.5    3635223.5  ]]
3
[[ 1910446.125  2750238.75   2390321.     2452195.5  ]]
1
[[ 1990523.125  3005233.     3311245.5    3635223.5  ]]
3
[[ 1910446.125  2750238.75   2390321.     2452195.5  ]]
1
[[ 1990523.125  3005233.     3311245.5    3635223.5  ]]
3
[[ 1910446.125  2750238.75   2390321.     2452195.5  ]]
1
[[ 1990523.125  3005233.     3311245.5    3635223.5  ]]
3
[[ 1910446.125  2750238.75   2390321.     2452195.5  ]]
1
[[ 1990523.125  3005233.     3311245.5    3635223.5  ]]
3
[[ 1910446.125  2750238.75   2390321.     2452195.5  ]]
1
[[ 1990523.125  3005233.     3311245.5    3635223.5  ]]
3
[[ 1910446.125  2750238.75   2390321.     2452195.5  ]]
1
[[ 1990523.125  3005233.     3311245.5    3635223.5  ]]
3
[[ 1910446.125  2750238.75   2390321.     2452195.5  ]]
1
[[ 1990523.125  3005233.     3311245.5    3635223.5  ]]
3
[[ 1910446.125  2750238.75   2390321.     2452195.5  ]]
1
[[ 1990523.125  3005233.     3311245.5    3635223.5  ]]
3
[[ 1910446.125  2750238.75   2390321.     2452195.5  ]]
1
[[ 1990523.125  3005233.     3311245.5    3635223.5  ]]
3
[[ 1910446.125  2750238.75   2390321.     2452195.5  ]]
1
[[ 1990523.125  3005233.     3311245.5    3635223.5  ]]
3
[[ 1910446.125  2750238.75   2390321.     2452195.5  ]]
1
[[ 1990523.125  3005233.     3311245.5    3635223.5  ]]
3
[[ 1910446.125  2750238.75   2390321.     2452195.5  ]]
1
[[ 1990523.125  3005233.     3311245.5    3635223.5  ]]
3
[[ 1910446.125  2750238.75   2390321.     2452195.5  ]]
1
[[ 1990523.125  3005233.     3311245.5    3635223.5  ]]
3
[[ 1910446.125  2750238.75   2390321.     2452195.5  ]]
1
[[ 1990523.125  3005233.     3311245.5    3635223.5  ]]
3
[[ 1910446.125  2750238.75   2390321.     2452195.5  ]]
1
[[ 1990523.125  3005233.     3311245.5    3635223.5  ]]
3
[[ 1910446.125  2750238.75   2390321.     2452195.5  ]]
1
[[ 1990523.125  3005233.     3311245.5    3635223.5  ]]
3
[[ 1910446.125  2750238.75   2390321.     2452195.5  ]]
1
[[ 1990523.125  3005233.     3311245.5    3635223.5  ]]
3
[[ 1910446.125  2750238.75   2390321.     2452195.5  ]]
1
[[ 1990523.125  3005233.     3311245.5    3635223.5  ]]
3
[[ 1910446.125  2750238.75   2390321.     2452195.5  ]]
1
[[ 1990523.125  3005233.     3311245.5    3635223.5  ]]
3
[[ 1910446.125  2750238.75   2390321.     2452195.5  ]]
1
[[ 1990523.125  3005233.     3311245.5    3635223.5  ]]
3
FAIL
1/37
