[[-11.9101162  -14.23269844 -11.86753082 -11.61771011]]
3
[[ -9.21922684 -11.32498837 -10.9724369   -9.81119442]]
0
[[-7.97605705 -8.92529297 -6.97937298 -7.42233753]]
2
[[ -9.21922684 -11.32498837 -10.9724369   -9.81119442]]
0
[[-7.97605705 -8.92529297 -6.97937298 -7.42233753]]
2
[[ -9.21922684 -11.32498837 -10.9724369   -9.81119442]]
0
[[-7.97605705 -8.92529297 -6.97937298 -7.42233753]]
2
[[ -9.21922684 -11.32498837 -10.9724369   -9.81119442]]
0
[[-7.97605705 -8.92529297 -6.97937298 -7.42233753]]
2
[[ -9.21922684 -11.32498837 -10.9724369   -9.81119442]]
0
[[-7.97605705 -8.92529297 -6.97937298 -7.42233753]]
2
[[ -9.21922684 -11.32498837 -10.9724369   -9.81119442]]
0
[[-7.97605705 -8.92529297 -6.97937298 -7.42233753]]
2
[[ -9.21922684 -11.32498837 -10.9724369   -9.81119442]]
0
[[-7.97605705 -8.92529297 -6.97937298 -7.42233753]]
2
[[ -9.21922684 -11.32498837 -10.9724369   -9.81119442]]
0
[[-7.97605705 -8.92529297 -6.97937298 -7.42233753]]
2
[[ -9.21922684 -11.32498837 -10.9724369   -9.81119442]]
0
[[-7.97605705 -8.92529297 -6.97937298 -7.42233753]]
2
[[ -9.21922684 -11.32498837 -10.9724369   -9.81119442]]
0
[[-7.97605705 -8.92529297 -6.97937298 -7.42233753]]
2
[[ -9.21922684 -11.32498837 -10.9724369   -9.81119442]]
0
[[-7.97605705 -8.92529297 -6.97937298 -7.42233753]]
2
[[ -9.21922684 -11.32498837 -10.9724369   -9.81119442]]
0
[[-7.97605705 -8.92529297 -6.97937298 -7.42233753]]
2
[[ -9.21922684 -11.32498837 -10.9724369   -9.81119442]]
0
[[-7.97605705 -8.92529297 -6.97937298 -7.42233753]]
2
[[ -9.21922684 -11.32498837 -10.9724369   -9.81119442]]
0
[[-7.97605705 -8.92529297 -6.97937298 -7.42233753]]
2
[[ -9.21922684 -11.32498837 -10.9724369   -9.81119442]]
0
[[-7.97605705 -8.92529297 -6.97937298 -7.42233753]]
2
[[ -9.21922684 -11.32498837 -10.9724369   -9.81119442]]
0
[[-7.97605705 -8.92529297 -6.97937298 -7.42233753]]
2
[[ -9.21922684 -11.32498837 -10.9724369   -9.81119442]]
0
[[-7.97605705 -8.92529297 -6.97937298 -7.42233753]]
2
[[ -9.21922684 -11.32498837 -10.9724369   -9.81119442]]
0
[[-7.97605705 -8.92529297 -6.97937298 -7.42233753]]
2
[[ -9.21922684 -11.32498837 -10.9724369   -9.81119442]]
0
[[-7.97605705 -8.92529297 -6.97937298 -7.42233753]]
2
[[ -9.21922684 -11.32498837 -10.9724369   -9.81119442]]
0
[[-7.97605705 -8.92529297 -6.97937298 -7.42233753]]
2
[[ -9.21922684 -11.32498837 -10.9724369   -9.81119442]]
0
[[-7.97605705 -8.92529297 -6.97937298 -7.42233753]]
2
[[ -9.21922684 -11.32498837 -10.9724369   -9.81119442]]
0
[[-7.97605705 -8.92529297 -6.97937298 -7.42233753]]
2
[[ -9.21922684 -11.32498837 -10.9724369   -9.81119442]]
0
[[-7.97605705 -8.92529297 -6.97937298 -7.42233753]]
2
[[ -9.21922684 -11.32498837 -10.9724369   -9.81119442]]
0
[[-7.97605705 -8.92529297 -6.97937298 -7.42233753]]
2
[[ -9.21922684 -11.32498837 -10.9724369   -9.81119442]]
0
[[-7.97605705 -8.92529297 -6.97937298 -7.42233753]]
2
[[ -9.21922684 -11.32498837 -10.9724369   -9.81119442]]
0
[[-7.97605705 -8.92529297 -6.97937298 -7.42233753]]
2
[[ -9.21922684 -11.32498837 -10.9724369   -9.81119442]]
0
[[-7.97605705 -8.92529297 -6.97937298 -7.42233753]]
2
[[ -9.21922684 -11.32498837 -10.9724369   -9.81119442]]
0
[[-7.97605705 -8.92529297 -6.97937298 -7.42233753]]
2
[[ -9.21922684 -11.32498837 -10.9724369   -9.81119442]]
0
[[-7.97605705 -8.92529297 -6.97937298 -7.42233753]]
2
[[ -9.21922684 -11.32498837 -10.9724369   -9.81119442]]
0
[[-7.97605705 -8.92529297 -6.97937298 -7.42233753]]
2
[[ -9.21922684 -11.32498837 -10.9724369   -9.81119442]]
0
[[-7.97605705 -8.92529297 -6.97937298 -7.42233753]]
2
[[ -9.21922684 -11.32498837 -10.9724369   -9.81119442]]
0
[[-7.97605705 -8.92529297 -6.97937298 -7.42233753]]
2
[[ -9.21922684 -11.32498837 -10.9724369   -9.81119442]]
0
[[-7.97605705 -8.92529297 -6.97937298 -7.42233753]]
2
[[ -9.21922684 -11.32498837 -10.9724369   -9.81119442]]
0
[[-7.97605705 -8.92529297 -6.97937298 -7.42233753]]
2
[[ -9.21922684 -11.32498837 -10.9724369   -9.81119442]]
0
[[-7.97605705 -8.92529297 -6.97937298 -7.42233753]]
2
[[ -9.21922684 -11.32498837 -10.9724369   -9.81119442]]
0
[[-7.97605705 -8.92529297 -6.97937298 -7.42233753]]
2
[[ -9.21922684 -11.32498837 -10.9724369   -9.81119442]]
0
[[-7.97605705 -8.92529297 -6.97937298 -7.42233753]]
2
[[ -9.21922684 -11.32498837 -10.9724369   -9.81119442]]
0
[[-7.97605705 -8.92529297 -6.97937298 -7.42233753]]
2
[[ -9.21922684 -11.32498837 -10.9724369   -9.81119442]]
0
[[-7.97605705 -8.92529297 -6.97937298 -7.42233753]]
2
[[ -9.21922684 -11.32498837 -10.9724369   -9.81119442]]
0
[[-7.97605705 -8.92529297 -6.97937298 -7.42233753]]
2
[[ -9.21922684 -11.32498837 -10.9724369   -9.81119442]]
0
[[-7.97605705 -8.92529297 -6.97937298 -7.42233753]]
2
[[ -9.21922684 -11.32498837 -10.9724369   -9.81119442]]
0
[[-7.97605705 -8.92529297 -6.97937298 -7.42233753]]
2
[[ -9.21922684 -11.32498837 -10.9724369   -9.81119442]]
0
[[-7.97605705 -8.92529297 -6.97937298 -7.42233753]]
2
[[ -9.21922684 -11.32498837 -10.9724369   -9.81119442]]
0
[[-7.97605705 -8.92529297 -6.97937298 -7.42233753]]
2
[[ -9.21922684 -11.32498837 -10.9724369   -9.81119442]]
0
[[-7.97605705 -8.92529297 -6.97937298 -7.42233753]]
2
[[ -9.21922684 -11.32498837 -10.9724369   -9.81119442]]
0
[[-7.97605705 -8.92529297 -6.97937298 -7.42233753]]
2
[[ -9.21922684 -11.32498837 -10.9724369   -9.81119442]]
0
[[-7.97605705 -8.92529297 -6.97937298 -7.42233753]]
2
[[ -9.21922684 -11.32498837 -10.9724369   -9.81119442]]
0
[[-7.97605705 -8.92529297 -6.97937298 -7.42233753]]
2
[[ -9.21922684 -11.32498837 -10.9724369   -9.81119442]]
0
[[-7.97605705 -8.92529297 -6.97937298 -7.42233753]]
2
[[ -9.21922684 -11.32498837 -10.9724369   -9.81119442]]
0
[[-7.97605705 -8.92529297 -6.97937298 -7.42233753]]
2
FAIL
2/37
