[[-11.91706276 -14.22681808 -11.86401272 -11.62309551]]
3
[[ -9.2484417  -11.36898232 -11.00012684  -9.8516531 ]]
0
[[-7.994596   -8.9019146  -6.95762539 -7.45151281]]
2
[[ -9.2484417  -11.36898232 -11.00012684  -9.8516531 ]]
0
[[-7.994596   -8.9019146  -6.95762539 -7.45151281]]
2
[[ -9.2484417  -11.36898232 -11.00012684  -9.8516531 ]]
0
[[-7.994596   -8.9019146  -6.95762539 -7.45151281]]
2
[[ -9.2484417  -11.36898232 -11.00012684  -9.8516531 ]]
0
[[-7.994596   -8.9019146  -6.95762539 -7.45151281]]
2
[[ -9.2484417  -11.36898232 -11.00012684  -9.8516531 ]]
0
[[-7.994596   -8.9019146  -6.95762539 -7.45151281]]
2
[[ -9.2484417  -11.36898232 -11.00012684  -9.8516531 ]]
0
[[-7.994596   -8.9019146  -6.95762539 -7.45151281]]
2
[[ -9.2484417  -11.36898232 -11.00012684  -9.8516531 ]]
0
[[-7.994596   -8.9019146  -6.95762539 -7.45151281]]
2
[[ -9.2484417  -11.36898232 -11.00012684  -9.8516531 ]]
0
[[-7.994596   -8.9019146  -6.95762539 -7.45151281]]
2
[[ -9.2484417  -11.36898232 -11.00012684  -9.8516531 ]]
0
[[-7.994596   -8.9019146  -6.95762539 -7.45151281]]
2
[[ -9.2484417  -11.36898232 -11.00012684  -9.8516531 ]]
0
[[-7.994596   -8.9019146  -6.95762539 -7.45151281]]
2
[[ -9.2484417  -11.36898232 -11.00012684  -9.8516531 ]]
0
[[-7.994596   -8.9019146  -6.95762539 -7.45151281]]
2
[[ -9.2484417  -11.36898232 -11.00012684  -9.8516531 ]]
0
[[-7.994596   -8.9019146  -6.95762539 -7.45151281]]
2
[[ -9.2484417  -11.36898232 -11.00012684  -9.8516531 ]]
0
[[-7.994596   -8.9019146  -6.95762539 -7.45151281]]
2
[[ -9.2484417  -11.36898232 -11.00012684  -9.8516531 ]]
0
[[-7.994596   -8.9019146  -6.95762539 -7.45151281]]
2
[[ -9.2484417  -11.36898232 -11.00012684  -9.8516531 ]]
0
[[-7.994596   -8.9019146  -6.95762539 -7.45151281]]
2
[[ -9.2484417  -11.36898232 -11.00012684  -9.8516531 ]]
0
[[-7.994596   -8.9019146  -6.95762539 -7.45151281]]
2
[[ -9.2484417  -11.36898232 -11.00012684  -9.8516531 ]]
0
[[-7.994596   -8.9019146  -6.95762539 -7.45151281]]
2
[[ -9.2484417  -11.36898232 -11.00012684  -9.8516531 ]]
0
[[-7.994596   -8.9019146  -6.95762539 -7.45151281]]
2
[[ -9.2484417  -11.36898232 -11.00012684  -9.8516531 ]]
0
[[-7.994596   -8.9019146  -6.95762539 -7.45151281]]
2
[[ -9.2484417  -11.36898232 -11.00012684  -9.8516531 ]]
0
[[-7.994596   -8.9019146  -6.95762539 -7.45151281]]
2
[[ -9.2484417  -11.36898232 -11.00012684  -9.8516531 ]]
0
[[-7.994596   -8.9019146  -6.95762539 -7.45151281]]
2
[[ -9.2484417  -11.36898232 -11.00012684  -9.8516531 ]]
0
[[-7.994596   -8.9019146  -6.95762539 -7.45151281]]
2
[[ -9.2484417  -11.36898232 -11.00012684  -9.8516531 ]]
0
[[-7.994596   -8.9019146  -6.95762539 -7.45151281]]
2
[[ -9.2484417  -11.36898232 -11.00012684  -9.8516531 ]]
0
[[-7.994596   -8.9019146  -6.95762539 -7.45151281]]
2
[[ -9.2484417  -11.36898232 -11.00012684  -9.8516531 ]]
0
[[-7.994596   -8.9019146  -6.95762539 -7.45151281]]
2
[[ -9.2484417  -11.36898232 -11.00012684  -9.8516531 ]]
0
[[-7.994596   -8.9019146  -6.95762539 -7.45151281]]
2
[[ -9.2484417  -11.36898232 -11.00012684  -9.8516531 ]]
0
[[-7.994596   -8.9019146  -6.95762539 -7.45151281]]
2
[[ -9.2484417  -11.36898232 -11.00012684  -9.8516531 ]]
0
[[-7.994596   -8.9019146  -6.95762539 -7.45151281]]
2
[[ -9.2484417  -11.36898232 -11.00012684  -9.8516531 ]]
0
[[-7.994596   -8.9019146  -6.95762539 -7.45151281]]
2
[[ -9.2484417  -11.36898232 -11.00012684  -9.8516531 ]]
0
[[-7.994596   -8.9019146  -6.95762539 -7.45151281]]
2
[[ -9.2484417  -11.36898232 -11.00012684  -9.8516531 ]]
0
[[-7.994596   -8.9019146  -6.95762539 -7.45151281]]
2
[[ -9.2484417  -11.36898232 -11.00012684  -9.8516531 ]]
0
[[-7.994596   -8.9019146  -6.95762539 -7.45151281]]
2
[[ -9.2484417  -11.36898232 -11.00012684  -9.8516531 ]]
0
[[-7.994596   -8.9019146  -6.95762539 -7.45151281]]
2
[[ -9.2484417  -11.36898232 -11.00012684  -9.8516531 ]]
0
[[-7.994596   -8.9019146  -6.95762539 -7.45151281]]
2
[[ -9.2484417  -11.36898232 -11.00012684  -9.8516531 ]]
0
[[-7.994596   -8.9019146  -6.95762539 -7.45151281]]
2
[[ -9.2484417  -11.36898232 -11.00012684  -9.8516531 ]]
0
[[-7.994596   -8.9019146  -6.95762539 -7.45151281]]
2
[[ -9.2484417  -11.36898232 -11.00012684  -9.8516531 ]]
0
[[-7.994596   -8.9019146  -6.95762539 -7.45151281]]
2
[[ -9.2484417  -11.36898232 -11.00012684  -9.8516531 ]]
0
[[-7.994596   -8.9019146  -6.95762539 -7.45151281]]
2
[[ -9.2484417  -11.36898232 -11.00012684  -9.8516531 ]]
0
[[-7.994596   -8.9019146  -6.95762539 -7.45151281]]
2
[[ -9.2484417  -11.36898232 -11.00012684  -9.8516531 ]]
0
[[-7.994596   -8.9019146  -6.95762539 -7.45151281]]
2
[[ -9.2484417  -11.36898232 -11.00012684  -9.8516531 ]]
0
[[-7.994596   -8.9019146  -6.95762539 -7.45151281]]
2
[[ -9.2484417  -11.36898232 -11.00012684  -9.8516531 ]]
0
[[-7.994596   -8.9019146  -6.95762539 -7.45151281]]
2
[[ -9.2484417  -11.36898232 -11.00012684  -9.8516531 ]]
0
[[-7.994596   -8.9019146  -6.95762539 -7.45151281]]
2
[[ -9.2484417  -11.36898232 -11.00012684  -9.8516531 ]]
0
[[-7.994596   -8.9019146  -6.95762539 -7.45151281]]
2
[[ -9.2484417  -11.36898232 -11.00012684  -9.8516531 ]]
0
[[-7.994596   -8.9019146  -6.95762539 -7.45151281]]
2
[[ -9.2484417  -11.36898232 -11.00012684  -9.8516531 ]]
0
[[-7.994596   -8.9019146  -6.95762539 -7.45151281]]
2
[[ -9.2484417  -11.36898232 -11.00012684  -9.8516531 ]]
0
[[-7.994596   -8.9019146  -6.95762539 -7.45151281]]
2
[[ -9.2484417  -11.36898232 -11.00012684  -9.8516531 ]]
0
[[-7.994596   -8.9019146  -6.95762539 -7.45151281]]
2
[[ -9.2484417  -11.36898232 -11.00012684  -9.8516531 ]]
0
[[-7.994596   -8.9019146  -6.95762539 -7.45151281]]
2
[[ -9.2484417  -11.36898232 -11.00012684  -9.8516531 ]]
0
[[-7.994596   -8.9019146  -6.95762539 -7.45151281]]
2
FAIL
2/37
