[[-11.92546082 -14.2283802  -11.86416721 -11.63118362]]
3
[[ -9.26905918 -11.39991474 -11.01749706  -9.88291073]]
0
[[-8.01380157 -8.87871075 -6.93753815 -7.48021603]]
2
[[ -9.26905918 -11.39991474 -11.01749706  -9.88291073]]
0
[[-8.01380157 -8.87871075 -6.93753815 -7.48021603]]
2
[[ -9.26905918 -11.39991474 -11.01749706  -9.88291073]]
0
[[-8.01380157 -8.87871075 -6.93753815 -7.48021603]]
2
[[ -9.26905918 -11.39991474 -11.01749706  -9.88291073]]
0
[[-8.01380157 -8.87871075 -6.93753815 -7.48021603]]
2
[[ -9.26905918 -11.39991474 -11.01749706  -9.88291073]]
0
[[-8.01380157 -8.87871075 -6.93753815 -7.48021603]]
2
[[ -9.26905918 -11.39991474 -11.01749706  -9.88291073]]
0
[[-8.01380157 -8.87871075 -6.93753815 -7.48021603]]
2
[[ -9.26905918 -11.39991474 -11.01749706  -9.88291073]]
0
[[-8.01380157 -8.87871075 -6.93753815 -7.48021603]]
2
[[ -9.26905918 -11.39991474 -11.01749706  -9.88291073]]
0
[[-8.01380157 -8.87871075 -6.93753815 -7.48021603]]
2
[[ -9.26905918 -11.39991474 -11.01749706  -9.88291073]]
0
[[-8.01380157 -8.87871075 -6.93753815 -7.48021603]]
2
[[ -9.26905918 -11.39991474 -11.01749706  -9.88291073]]
0
[[-8.01380157 -8.87871075 -6.93753815 -7.48021603]]
2
[[ -9.26905918 -11.39991474 -11.01749706  -9.88291073]]
0
[[-8.01380157 -8.87871075 -6.93753815 -7.48021603]]
2
[[ -9.26905918 -11.39991474 -11.01749706  -9.88291073]]
0
[[-8.01380157 -8.87871075 -6.93753815 -7.48021603]]
2
[[ -9.26905918 -11.39991474 -11.01749706  -9.88291073]]
0
[[-8.01380157 -8.87871075 -6.93753815 -7.48021603]]
2
[[ -9.26905918 -11.39991474 -11.01749706  -9.88291073]]
0
[[-8.01380157 -8.87871075 -6.93753815 -7.48021603]]
2
[[ -9.26905918 -11.39991474 -11.01749706  -9.88291073]]
0
[[-8.01380157 -8.87871075 -6.93753815 -7.48021603]]
2
[[ -9.26905918 -11.39991474 -11.01749706  -9.88291073]]
0
[[-8.01380157 -8.87871075 -6.93753815 -7.48021603]]
2
[[ -9.26905918 -11.39991474 -11.01749706  -9.88291073]]
0
[[-8.01380157 -8.87871075 -6.93753815 -7.48021603]]
2
[[ -9.26905918 -11.39991474 -11.01749706  -9.88291073]]
0
[[-8.01380157 -8.87871075 -6.93753815 -7.48021603]]
2
[[ -9.26905918 -11.39991474 -11.01749706  -9.88291073]]
0
[[-8.01380157 -8.87871075 -6.93753815 -7.48021603]]
2
[[ -9.26905918 -11.39991474 -11.01749706  -9.88291073]]
0
[[-8.01380157 -8.87871075 -6.93753815 -7.48021603]]
2
[[ -9.26905918 -11.39991474 -11.01749706  -9.88291073]]
0
[[-8.01380157 -8.87871075 -6.93753815 -7.48021603]]
2
[[ -9.26905918 -11.39991474 -11.01749706  -9.88291073]]
0
[[-8.01380157 -8.87871075 -6.93753815 -7.48021603]]
2
[[ -9.26905918 -11.39991474 -11.01749706  -9.88291073]]
0
[[-8.01380157 -8.87871075 -6.93753815 -7.48021603]]
2
[[ -9.26905918 -11.39991474 -11.01749706  -9.88291073]]
0
[[-8.01380157 -8.87871075 -6.93753815 -7.48021603]]
2
[[ -9.26905918 -11.39991474 -11.01749706  -9.88291073]]
0
[[-8.01380157 -8.87871075 -6.93753815 -7.48021603]]
2
[[ -9.26905918 -11.39991474 -11.01749706  -9.88291073]]
0
[[-8.01380157 -8.87871075 -6.93753815 -7.48021603]]
2
[[ -9.26905918 -11.39991474 -11.01749706  -9.88291073]]
0
[[-8.01380157 -8.87871075 -6.93753815 -7.48021603]]
2
[[ -9.26905918 -11.39991474 -11.01749706  -9.88291073]]
0
[[-8.01380157 -8.87871075 -6.93753815 -7.48021603]]
2
[[ -9.26905918 -11.39991474 -11.01749706  -9.88291073]]
0
[[-8.01380157 -8.87871075 -6.93753815 -7.48021603]]
2
[[ -9.26905918 -11.39991474 -11.01749706  -9.88291073]]
0
[[-8.01380157 -8.87871075 -6.93753815 -7.48021603]]
2
[[ -9.26905918 -11.39991474 -11.01749706  -9.88291073]]
0
[[-8.01380157 -8.87871075 -6.93753815 -7.48021603]]
2
[[ -9.26905918 -11.39991474 -11.01749706  -9.88291073]]
0
[[-8.01380157 -8.87871075 -6.93753815 -7.48021603]]
2
[[ -9.26905918 -11.39991474 -11.01749706  -9.88291073]]
0
[[-8.01380157 -8.87871075 -6.93753815 -7.48021603]]
2
[[ -9.26905918 -11.39991474 -11.01749706  -9.88291073]]
0
[[-8.01380157 -8.87871075 -6.93753815 -7.48021603]]
2
[[ -9.26905918 -11.39991474 -11.01749706  -9.88291073]]
0
[[-8.01380157 -8.87871075 -6.93753815 -7.48021603]]
2
[[ -9.26905918 -11.39991474 -11.01749706  -9.88291073]]
0
[[-8.01380157 -8.87871075 -6.93753815 -7.48021603]]
2
[[ -9.26905918 -11.39991474 -11.01749706  -9.88291073]]
0
[[-8.01380157 -8.87871075 -6.93753815 -7.48021603]]
2
[[ -9.26905918 -11.39991474 -11.01749706  -9.88291073]]
0
[[-8.01380157 -8.87871075 -6.93753815 -7.48021603]]
2
[[ -9.26905918 -11.39991474 -11.01749706  -9.88291073]]
0
[[-8.01380157 -8.87871075 -6.93753815 -7.48021603]]
2
[[ -9.26905918 -11.39991474 -11.01749706  -9.88291073]]
0
[[-8.01380157 -8.87871075 -6.93753815 -7.48021603]]
2
[[ -9.26905918 -11.39991474 -11.01749706  -9.88291073]]
0
[[-8.01380157 -8.87871075 -6.93753815 -7.48021603]]
2
[[ -9.26905918 -11.39991474 -11.01749706  -9.88291073]]
0
[[-8.01380157 -8.87871075 -6.93753815 -7.48021603]]
2
[[ -9.26905918 -11.39991474 -11.01749706  -9.88291073]]
0
[[-8.01380157 -8.87871075 -6.93753815 -7.48021603]]
2
[[ -9.26905918 -11.39991474 -11.01749706  -9.88291073]]
0
[[-8.01380157 -8.87871075 -6.93753815 -7.48021603]]
2
[[ -9.26905918 -11.39991474 -11.01749706  -9.88291073]]
0
[[-8.01380157 -8.87871075 -6.93753815 -7.48021603]]
2
[[ -9.26905918 -11.39991474 -11.01749706  -9.88291073]]
0
[[-8.01380157 -8.87871075 -6.93753815 -7.48021603]]
2
[[ -9.26905918 -11.39991474 -11.01749706  -9.88291073]]
0
[[-8.01380157 -8.87871075 -6.93753815 -7.48021603]]
2
[[ -9.26905918 -11.39991474 -11.01749706  -9.88291073]]
0
[[-8.01380157 -8.87871075 -6.93753815 -7.48021603]]
2
[[ -9.26905918 -11.39991474 -11.01749706  -9.88291073]]
0
[[-8.01380157 -8.87871075 -6.93753815 -7.48021603]]
2
[[ -9.26905918 -11.39991474 -11.01749706  -9.88291073]]
0
[[-8.01380157 -8.87871075 -6.93753815 -7.48021603]]
2
FAIL
2/37
