[[-11.92113781 -14.21397305 -11.84264851 -11.62718296]]
3
[[ -9.28486156 -11.42421818 -11.02849579  -9.90881729]]
0
[[-8.02675724 -8.85474968 -6.91333961 -7.50118732]]
2
[[ -9.28486156 -11.42421818 -11.02849579  -9.90881729]]
0
[[-8.02675724 -8.85474968 -6.91333961 -7.50118732]]
2
[[ -9.28486156 -11.42421818 -11.02849579  -9.90881729]]
0
[[-8.02675724 -8.85474968 -6.91333961 -7.50118732]]
2
[[ -9.28486156 -11.42421818 -11.02849579  -9.90881729]]
0
[[-8.02675724 -8.85474968 -6.91333961 -7.50118732]]
2
[[ -9.28486156 -11.42421818 -11.02849579  -9.90881729]]
0
[[-8.02675724 -8.85474968 -6.91333961 -7.50118732]]
2
[[ -9.28486156 -11.42421818 -11.02849579  -9.90881729]]
0
[[-8.02675724 -8.85474968 -6.91333961 -7.50118732]]
2
[[ -9.28486156 -11.42421818 -11.02849579  -9.90881729]]
0
[[-8.02675724 -8.85474968 -6.91333961 -7.50118732]]
2
[[ -9.28486156 -11.42421818 -11.02849579  -9.90881729]]
0
[[-8.02675724 -8.85474968 -6.91333961 -7.50118732]]
2
[[ -9.28486156 -11.42421818 -11.02849579  -9.90881729]]
0
[[-8.02675724 -8.85474968 -6.91333961 -7.50118732]]
2
[[ -9.28486156 -11.42421818 -11.02849579  -9.90881729]]
0
[[-8.02675724 -8.85474968 -6.91333961 -7.50118732]]
2
[[ -9.28486156 -11.42421818 -11.02849579  -9.90881729]]
0
[[-8.02675724 -8.85474968 -6.91333961 -7.50118732]]
2
[[ -9.28486156 -11.42421818 -11.02849579  -9.90881729]]
0
[[-8.02675724 -8.85474968 -6.91333961 -7.50118732]]
2
[[ -9.28486156 -11.42421818 -11.02849579  -9.90881729]]
0
[[-8.02675724 -8.85474968 -6.91333961 -7.50118732]]
2
[[ -9.28486156 -11.42421818 -11.02849579  -9.90881729]]
0
[[-8.02675724 -8.85474968 -6.91333961 -7.50118732]]
2
[[ -9.28486156 -11.42421818 -11.02849579  -9.90881729]]
0
[[-8.02675724 -8.85474968 -6.91333961 -7.50118732]]
2
[[ -9.28486156 -11.42421818 -11.02849579  -9.90881729]]
0
[[-8.02675724 -8.85474968 -6.91333961 -7.50118732]]
2
[[ -9.28486156 -11.42421818 -11.02849579  -9.90881729]]
0
[[-8.02675724 -8.85474968 -6.91333961 -7.50118732]]
2
[[ -9.28486156 -11.42421818 -11.02849579  -9.90881729]]
0
[[-8.02675724 -8.85474968 -6.91333961 -7.50118732]]
2
[[ -9.28486156 -11.42421818 -11.02849579  -9.90881729]]
0
[[-8.02675724 -8.85474968 -6.91333961 -7.50118732]]
2
[[ -9.28486156 -11.42421818 -11.02849579  -9.90881729]]
0
[[-8.02675724 -8.85474968 -6.91333961 -7.50118732]]
2
[[ -9.28486156 -11.42421818 -11.02849579  -9.90881729]]
0
[[-8.02675724 -8.85474968 -6.91333961 -7.50118732]]
2
[[ -9.28486156 -11.42421818 -11.02849579  -9.90881729]]
0
[[-8.02675724 -8.85474968 -6.91333961 -7.50118732]]
2
[[ -9.28486156 -11.42421818 -11.02849579  -9.90881729]]
0
[[-8.02675724 -8.85474968 -6.91333961 -7.50118732]]
2
[[ -9.28486156 -11.42421818 -11.02849579  -9.90881729]]
0
[[-8.02675724 -8.85474968 -6.91333961 -7.50118732]]
2
[[ -9.28486156 -11.42421818 -11.02849579  -9.90881729]]
0
[[-8.02675724 -8.85474968 -6.91333961 -7.50118732]]
2
[[ -9.28486156 -11.42421818 -11.02849579  -9.90881729]]
0
[[-8.02675724 -8.85474968 -6.91333961 -7.50118732]]
2
[[ -9.28486156 -11.42421818 -11.02849579  -9.90881729]]
0
[[-8.02675724 -8.85474968 -6.91333961 -7.50118732]]
2
[[ -9.28486156 -11.42421818 -11.02849579  -9.90881729]]
0
[[-8.02675724 -8.85474968 -6.91333961 -7.50118732]]
2
[[ -9.28486156 -11.42421818 -11.02849579  -9.90881729]]
0
[[-8.02675724 -8.85474968 -6.91333961 -7.50118732]]
2
[[ -9.28486156 -11.42421818 -11.02849579  -9.90881729]]
0
[[-8.02675724 -8.85474968 -6.91333961 -7.50118732]]
2
[[ -9.28486156 -11.42421818 -11.02849579  -9.90881729]]
0
[[-8.02675724 -8.85474968 -6.91333961 -7.50118732]]
2
[[ -9.28486156 -11.42421818 -11.02849579  -9.90881729]]
0
[[-8.02675724 -8.85474968 -6.91333961 -7.50118732]]
2
[[ -9.28486156 -11.42421818 -11.02849579  -9.90881729]]
0
[[-8.02675724 -8.85474968 -6.91333961 -7.50118732]]
2
[[ -9.28486156 -11.42421818 -11.02849579  -9.90881729]]
0
[[-8.02675724 -8.85474968 -6.91333961 -7.50118732]]
2
[[ -9.28486156 -11.42421818 -11.02849579  -9.90881729]]
0
[[-8.02675724 -8.85474968 -6.91333961 -7.50118732]]
2
[[ -9.28486156 -11.42421818 -11.02849579  -9.90881729]]
0
[[-8.02675724 -8.85474968 -6.91333961 -7.50118732]]
2
[[ -9.28486156 -11.42421818 -11.02849579  -9.90881729]]
0
[[-8.02675724 -8.85474968 -6.91333961 -7.50118732]]
2
[[ -9.28486156 -11.42421818 -11.02849579  -9.90881729]]
0
[[-8.02675724 -8.85474968 -6.91333961 -7.50118732]]
2
[[ -9.28486156 -11.42421818 -11.02849579  -9.90881729]]
0
[[-8.02675724 -8.85474968 -6.91333961 -7.50118732]]
2
[[ -9.28486156 -11.42421818 -11.02849579  -9.90881729]]
0
[[-8.02675724 -8.85474968 -6.91333961 -7.50118732]]
2
[[ -9.28486156 -11.42421818 -11.02849579  -9.90881729]]
0
[[-8.02675724 -8.85474968 -6.91333961 -7.50118732]]
2
[[ -9.28486156 -11.42421818 -11.02849579  -9.90881729]]
0
[[-8.02675724 -8.85474968 -6.91333961 -7.50118732]]
2
[[ -9.28486156 -11.42421818 -11.02849579  -9.90881729]]
0
[[-8.02675724 -8.85474968 -6.91333961 -7.50118732]]
2
[[ -9.28486156 -11.42421818 -11.02849579  -9.90881729]]
0
[[-8.02675724 -8.85474968 -6.91333961 -7.50118732]]
2
[[ -9.28486156 -11.42421818 -11.02849579  -9.90881729]]
0
[[-8.02675724 -8.85474968 -6.91333961 -7.50118732]]
2
[[ -9.28486156 -11.42421818 -11.02849579  -9.90881729]]
0
[[-8.02675724 -8.85474968 -6.91333961 -7.50118732]]
2
[[ -9.28486156 -11.42421818 -11.02849579  -9.90881729]]
0
[[-8.02675724 -8.85474968 -6.91333961 -7.50118732]]
2
[[ -9.28486156 -11.42421818 -11.02849579  -9.90881729]]
0
[[-8.02675724 -8.85474968 -6.91333961 -7.50118732]]
2
[[ -9.28486156 -11.42421818 -11.02849579  -9.90881729]]
0
[[-8.02675724 -8.85474968 -6.91333961 -7.50118732]]
2
[[ -9.28486156 -11.42421818 -11.02849579  -9.90881729]]
0
[[-8.02675724 -8.85474968 -6.91333961 -7.50118732]]
2
FAIL
2/37
