[[-11.92256737 -14.20134735 -11.82189655 -11.62550449]]
3
[[ -9.30390167 -11.44324112 -11.03477383  -9.93568897]]
0
[[-8.04043293 -8.83021832 -6.88976097 -7.52132893]]
2
[[ -9.30390167 -11.44324112 -11.03477383  -9.93568897]]
0
[[-8.04043293 -8.83021832 -6.88976097 -7.52132893]]
2
[[ -9.30390167 -11.44324112 -11.03477383  -9.93568897]]
0
[[-8.04043293 -8.83021832 -6.88976097 -7.52132893]]
2
[[ -9.30390167 -11.44324112 -11.03477383  -9.93568897]]
0
[[-8.04043293 -8.83021832 -6.88976097 -7.52132893]]
2
[[ -9.30390167 -11.44324112 -11.03477383  -9.93568897]]
0
[[-8.04043293 -8.83021832 -6.88976097 -7.52132893]]
2
[[ -9.30390167 -11.44324112 -11.03477383  -9.93568897]]
0
[[-8.04043293 -8.83021832 -6.88976097 -7.52132893]]
2
[[ -9.30390167 -11.44324112 -11.03477383  -9.93568897]]
0
[[-8.04043293 -8.83021832 -6.88976097 -7.52132893]]
2
[[ -9.30390167 -11.44324112 -11.03477383  -9.93568897]]
0
[[-8.04043293 -8.83021832 -6.88976097 -7.52132893]]
2
[[ -9.30390167 -11.44324112 -11.03477383  -9.93568897]]
0
[[-8.04043293 -8.83021832 -6.88976097 -7.52132893]]
2
[[ -9.30390167 -11.44324112 -11.03477383  -9.93568897]]
0
[[-8.04043293 -8.83021832 -6.88976097 -7.52132893]]
2
[[ -9.30390167 -11.44324112 -11.03477383  -9.93568897]]
0
[[-8.04043293 -8.83021832 -6.88976097 -7.52132893]]
2
[[ -9.30390167 -11.44324112 -11.03477383  -9.93568897]]
0
[[-8.04043293 -8.83021832 -6.88976097 -7.52132893]]
2
[[ -9.30390167 -11.44324112 -11.03477383  -9.93568897]]
0
[[-8.04043293 -8.83021832 -6.88976097 -7.52132893]]
2
[[ -9.30390167 -11.44324112 -11.03477383  -9.93568897]]
0
[[-8.04043293 -8.83021832 -6.88976097 -7.52132893]]
2
[[ -9.30390167 -11.44324112 -11.03477383  -9.93568897]]
0
[[-8.04043293 -8.83021832 -6.88976097 -7.52132893]]
2
[[ -9.30390167 -11.44324112 -11.03477383  -9.93568897]]
0
[[-8.04043293 -8.83021832 -6.88976097 -7.52132893]]
2
[[ -9.30390167 -11.44324112 -11.03477383  -9.93568897]]
0
[[-8.04043293 -8.83021832 -6.88976097 -7.52132893]]
2
[[ -9.30390167 -11.44324112 -11.03477383  -9.93568897]]
0
[[-8.04043293 -8.83021832 -6.88976097 -7.52132893]]
2
[[ -9.30390167 -11.44324112 -11.03477383  -9.93568897]]
0
[[-8.04043293 -8.83021832 -6.88976097 -7.52132893]]
2
[[ -9.30390167 -11.44324112 -11.03477383  -9.93568897]]
0
[[-8.04043293 -8.83021832 -6.88976097 -7.52132893]]
2
[[ -9.30390167 -11.44324112 -11.03477383  -9.93568897]]
0
[[-8.04043293 -8.83021832 -6.88976097 -7.52132893]]
2
[[ -9.30390167 -11.44324112 -11.03477383  -9.93568897]]
0
[[-8.04043293 -8.83021832 -6.88976097 -7.52132893]]
2
[[ -9.30390167 -11.44324112 -11.03477383  -9.93568897]]
0
[[-8.04043293 -8.83021832 -6.88976097 -7.52132893]]
2
[[ -9.30390167 -11.44324112 -11.03477383  -9.93568897]]
0
[[-8.04043293 -8.83021832 -6.88976097 -7.52132893]]
2
[[ -9.30390167 -11.44324112 -11.03477383  -9.93568897]]
0
[[-8.04043293 -8.83021832 -6.88976097 -7.52132893]]
2
[[ -9.30390167 -11.44324112 -11.03477383  -9.93568897]]
0
[[-8.04043293 -8.83021832 -6.88976097 -7.52132893]]
2
[[ -9.30390167 -11.44324112 -11.03477383  -9.93568897]]
0
[[-8.04043293 -8.83021832 -6.88976097 -7.52132893]]
2
[[ -9.30390167 -11.44324112 -11.03477383  -9.93568897]]
0
[[-8.04043293 -8.83021832 -6.88976097 -7.52132893]]
2
[[ -9.30390167 -11.44324112 -11.03477383  -9.93568897]]
0
[[-8.04043293 -8.83021832 -6.88976097 -7.52132893]]
2
[[ -9.30390167 -11.44324112 -11.03477383  -9.93568897]]
0
[[-8.04043293 -8.83021832 -6.88976097 -7.52132893]]
2
[[ -9.30390167 -11.44324112 -11.03477383  -9.93568897]]
0
[[-8.04043293 -8.83021832 -6.88976097 -7.52132893]]
2
[[ -9.30390167 -11.44324112 -11.03477383  -9.93568897]]
0
[[-8.04043293 -8.83021832 -6.88976097 -7.52132893]]
2
[[ -9.30390167 -11.44324112 -11.03477383  -9.93568897]]
0
[[-8.04043293 -8.83021832 -6.88976097 -7.52132893]]
2
[[ -9.30390167 -11.44324112 -11.03477383  -9.93568897]]
0
[[-8.04043293 -8.83021832 -6.88976097 -7.52132893]]
2
[[ -9.30390167 -11.44324112 -11.03477383  -9.93568897]]
0
[[-8.04043293 -8.83021832 -6.88976097 -7.52132893]]
2
[[ -9.30390167 -11.44324112 -11.03477383  -9.93568897]]
0
[[-8.04043293 -8.83021832 -6.88976097 -7.52132893]]
2
[[ -9.30390167 -11.44324112 -11.03477383  -9.93568897]]
0
[[-8.04043293 -8.83021832 -6.88976097 -7.52132893]]
2
[[ -9.30390167 -11.44324112 -11.03477383  -9.93568897]]
0
[[-8.04043293 -8.83021832 -6.88976097 -7.52132893]]
2
[[ -9.30390167 -11.44324112 -11.03477383  -9.93568897]]
0
[[-8.04043293 -8.83021832 -6.88976097 -7.52132893]]
2
[[ -9.30390167 -11.44324112 -11.03477383  -9.93568897]]
0
[[-8.04043293 -8.83021832 -6.88976097 -7.52132893]]
2
[[ -9.30390167 -11.44324112 -11.03477383  -9.93568897]]
0
[[-8.04043293 -8.83021832 -6.88976097 -7.52132893]]
2
[[ -9.30390167 -11.44324112 -11.03477383  -9.93568897]]
0
[[-8.04043293 -8.83021832 -6.88976097 -7.52132893]]
2
[[ -9.30390167 -11.44324112 -11.03477383  -9.93568897]]
0
[[-8.04043293 -8.83021832 -6.88976097 -7.52132893]]
2
[[ -9.30390167 -11.44324112 -11.03477383  -9.93568897]]
0
[[-8.04043293 -8.83021832 -6.88976097 -7.52132893]]
2
[[ -9.30390167 -11.44324112 -11.03477383  -9.93568897]]
0
[[-8.04043293 -8.83021832 -6.88976097 -7.52132893]]
2
[[ -9.30390167 -11.44324112 -11.03477383  -9.93568897]]
0
[[-8.04043293 -8.83021832 -6.88976097 -7.52132893]]
2
[[ -9.30390167 -11.44324112 -11.03477383  -9.93568897]]
0
[[-8.04043293 -8.83021832 -6.88976097 -7.52132893]]
2
[[ -9.30390167 -11.44324112 -11.03477383  -9.93568897]]
0
[[-8.04043293 -8.83021832 -6.88976097 -7.52132893]]
2
[[ -9.30390167 -11.44324112 -11.03477383  -9.93568897]]
0
[[-8.04043293 -8.83021832 -6.88976097 -7.52132893]]
2
[[ -9.30390167 -11.44324112 -11.03477383  -9.93568897]]
0
[[-8.04043293 -8.83021832 -6.88976097 -7.52132893]]
2
FAIL
2/37
