[[-11.92626381 -14.19031143 -11.80265617 -11.62764263]]
3
[[ -9.32560539 -11.46324539 -11.03971195  -9.9639225 ]]
0
[[-8.05162621 -8.80297184 -6.86333323 -7.53826809]]
2
[[ -9.32560539 -11.46324539 -11.03971195  -9.9639225 ]]
0
[[-8.05162621 -8.80297184 -6.86333323 -7.53826809]]
2
[[ -9.32560539 -11.46324539 -11.03971195  -9.9639225 ]]
0
[[-8.05162621 -8.80297184 -6.86333323 -7.53826809]]
2
[[ -9.32560539 -11.46324539 -11.03971195  -9.9639225 ]]
0
[[-8.05162621 -8.80297184 -6.86333323 -7.53826809]]
2
[[ -9.32560539 -11.46324539 -11.03971195  -9.9639225 ]]
0
[[-8.05162621 -8.80297184 -6.86333323 -7.53826809]]
2
[[ -9.32560539 -11.46324539 -11.03971195  -9.9639225 ]]
0
[[-8.05162621 -8.80297184 -6.86333323 -7.53826809]]
2
[[ -9.32560539 -11.46324539 -11.03971195  -9.9639225 ]]
0
[[-8.05162621 -8.80297184 -6.86333323 -7.53826809]]
2
[[ -9.32560539 -11.46324539 -11.03971195  -9.9639225 ]]
0
[[-8.05162621 -8.80297184 -6.86333323 -7.53826809]]
2
[[ -9.32560539 -11.46324539 -11.03971195  -9.9639225 ]]
0
[[-8.05162621 -8.80297184 -6.86333323 -7.53826809]]
2
[[ -9.32560539 -11.46324539 -11.03971195  -9.9639225 ]]
0
[[-8.05162621 -8.80297184 -6.86333323 -7.53826809]]
2
[[ -9.32560539 -11.46324539 -11.03971195  -9.9639225 ]]
0
[[-8.05162621 -8.80297184 -6.86333323 -7.53826809]]
2
[[ -9.32560539 -11.46324539 -11.03971195  -9.9639225 ]]
0
[[-8.05162621 -8.80297184 -6.86333323 -7.53826809]]
2
[[ -9.32560539 -11.46324539 -11.03971195  -9.9639225 ]]
0
[[-8.05162621 -8.80297184 -6.86333323 -7.53826809]]
2
[[ -9.32560539 -11.46324539 -11.03971195  -9.9639225 ]]
0
[[-8.05162621 -8.80297184 -6.86333323 -7.53826809]]
2
[[ -9.32560539 -11.46324539 -11.03971195  -9.9639225 ]]
0
[[-8.05162621 -8.80297184 -6.86333323 -7.53826809]]
2
[[ -9.32560539 -11.46324539 -11.03971195  -9.9639225 ]]
0
[[-8.05162621 -8.80297184 -6.86333323 -7.53826809]]
2
[[ -9.32560539 -11.46324539 -11.03971195  -9.9639225 ]]
0
[[-8.05162621 -8.80297184 -6.86333323 -7.53826809]]
2
[[ -9.32560539 -11.46324539 -11.03971195  -9.9639225 ]]
0
[[-8.05162621 -8.80297184 -6.86333323 -7.53826809]]
2
[[ -9.32560539 -11.46324539 -11.03971195  -9.9639225 ]]
0
[[-8.05162621 -8.80297184 -6.86333323 -7.53826809]]
2
[[ -9.32560539 -11.46324539 -11.03971195  -9.9639225 ]]
0
[[-8.05162621 -8.80297184 -6.86333323 -7.53826809]]
2
[[ -9.32560539 -11.46324539 -11.03971195  -9.9639225 ]]
0
[[-8.05162621 -8.80297184 -6.86333323 -7.53826809]]
2
[[ -9.32560539 -11.46324539 -11.03971195  -9.9639225 ]]
0
[[-8.05162621 -8.80297184 -6.86333323 -7.53826809]]
2
[[ -9.32560539 -11.46324539 -11.03971195  -9.9639225 ]]
0
[[-8.05162621 -8.80297184 -6.86333323 -7.53826809]]
2
[[ -9.32560539 -11.46324539 -11.03971195  -9.9639225 ]]
0
[[-8.05162621 -8.80297184 -6.86333323 -7.53826809]]
2
[[ -9.32560539 -11.46324539 -11.03971195  -9.9639225 ]]
0
[[-8.05162621 -8.80297184 -6.86333323 -7.53826809]]
2
[[ -9.32560539 -11.46324539 -11.03971195  -9.9639225 ]]
0
[[-8.05162621 -8.80297184 -6.86333323 -7.53826809]]
2
[[ -9.32560539 -11.46324539 -11.03971195  -9.9639225 ]]
0
[[-8.05162621 -8.80297184 -6.86333323 -7.53826809]]
2
[[ -9.32560539 -11.46324539 -11.03971195  -9.9639225 ]]
0
[[-8.05162621 -8.80297184 -6.86333323 -7.53826809]]
2
[[ -9.32560539 -11.46324539 -11.03971195  -9.9639225 ]]
0
[[-8.05162621 -8.80297184 -6.86333323 -7.53826809]]
2
[[ -9.32560539 -11.46324539 -11.03971195  -9.9639225 ]]
0
[[-8.05162621 -8.80297184 -6.86333323 -7.53826809]]
2
[[ -9.32560539 -11.46324539 -11.03971195  -9.9639225 ]]
0
[[-8.05162621 -8.80297184 -6.86333323 -7.53826809]]
2
[[ -9.32560539 -11.46324539 -11.03971195  -9.9639225 ]]
0
[[-8.05162621 -8.80297184 -6.86333323 -7.53826809]]
2
[[ -9.32560539 -11.46324539 -11.03971195  -9.9639225 ]]
0
[[-8.05162621 -8.80297184 -6.86333323 -7.53826809]]
2
[[ -9.32560539 -11.46324539 -11.03971195  -9.9639225 ]]
0
[[-8.05162621 -8.80297184 -6.86333323 -7.53826809]]
2
[[ -9.32560539 -11.46324539 -11.03971195  -9.9639225 ]]
0
[[-8.05162621 -8.80297184 -6.86333323 -7.53826809]]
2
[[ -9.32560539 -11.46324539 -11.03971195  -9.9639225 ]]
0
[[-8.05162621 -8.80297184 -6.86333323 -7.53826809]]
2
[[ -9.32560539 -11.46324539 -11.03971195  -9.9639225 ]]
0
[[-8.05162621 -8.80297184 -6.86333323 -7.53826809]]
2
[[ -9.32560539 -11.46324539 -11.03971195  -9.9639225 ]]
0
[[-8.05162621 -8.80297184 -6.86333323 -7.53826809]]
2
[[ -9.32560539 -11.46324539 -11.03971195  -9.9639225 ]]
0
[[-8.05162621 -8.80297184 -6.86333323 -7.53826809]]
2
[[ -9.32560539 -11.46324539 -11.03971195  -9.9639225 ]]
0
[[-8.05162621 -8.80297184 -6.86333323 -7.53826809]]
2
[[ -9.32560539 -11.46324539 -11.03971195  -9.9639225 ]]
0
[[-8.05162621 -8.80297184 -6.86333323 -7.53826809]]
2
[[ -9.32560539 -11.46324539 -11.03971195  -9.9639225 ]]
0
[[-8.05162621 -8.80297184 -6.86333323 -7.53826809]]
2
[[ -9.32560539 -11.46324539 -11.03971195  -9.9639225 ]]
0
[[-8.05162621 -8.80297184 -6.86333323 -7.53826809]]
2
[[ -9.32560539 -11.46324539 -11.03971195  -9.9639225 ]]
0
[[-8.05162621 -8.80297184 -6.86333323 -7.53826809]]
2
[[ -9.32560539 -11.46324539 -11.03971195  -9.9639225 ]]
0
[[-8.05162621 -8.80297184 -6.86333323 -7.53826809]]
2
[[ -9.32560539 -11.46324539 -11.03971195  -9.9639225 ]]
0
[[-8.05162621 -8.80297184 -6.86333323 -7.53826809]]
2
[[ -9.32560539 -11.46324539 -11.03971195  -9.9639225 ]]
0
[[-8.05162621 -8.80297184 -6.86333323 -7.53826809]]
2
[[ -9.32560539 -11.46324539 -11.03971195  -9.9639225 ]]
0
[[-8.05162621 -8.80297184 -6.86333323 -7.53826809]]
2
[[ -9.32560539 -11.46324539 -11.03971195  -9.9639225 ]]
0
[[-8.05162621 -8.80297184 -6.86333323 -7.53826809]]
2
[[ -9.32560539 -11.46324539 -11.03971195  -9.9639225 ]]
0
[[-8.05162621 -8.80297184 -6.86333323 -7.53826809]]
2
FAIL
2/37
