[[-11.92841816 -14.17832375 -11.7828722  -11.62902737]]
3
[[ -9.31592083 -11.45703506 -11.0085907   -9.95101929]]
0
[[-8.05009174 -8.76755238 -6.82217646 -7.53685522]]
2
[[ -9.31592083 -11.45703506 -11.0085907   -9.95101929]]
0
[[-8.05009174 -8.76755238 -6.82217646 -7.53685522]]
2
[[ -9.31592083 -11.45703506 -11.0085907   -9.95101929]]
0
[[-8.05009174 -8.76755238 -6.82217646 -7.53685522]]
2
[[ -9.31592083 -11.45703506 -11.0085907   -9.95101929]]
0
[[-8.05009174 -8.76755238 -6.82217646 -7.53685522]]
2
[[ -9.31592083 -11.45703506 -11.0085907   -9.95101929]]
0
[[-8.05009174 -8.76755238 -6.82217646 -7.53685522]]
2
[[ -9.31592083 -11.45703506 -11.0085907   -9.95101929]]
0
[[-8.05009174 -8.76755238 -6.82217646 -7.53685522]]
2
[[ -9.31592083 -11.45703506 -11.0085907   -9.95101929]]
0
[[-8.05009174 -8.76755238 -6.82217646 -7.53685522]]
2
[[ -9.31592083 -11.45703506 -11.0085907   -9.95101929]]
0
[[-8.05009174 -8.76755238 -6.82217646 -7.53685522]]
2
[[ -9.31592083 -11.45703506 -11.0085907   -9.95101929]]
0
[[-8.05009174 -8.76755238 -6.82217646 -7.53685522]]
2
[[ -9.31592083 -11.45703506 -11.0085907   -9.95101929]]
0
[[-8.05009174 -8.76755238 -6.82217646 -7.53685522]]
2
[[ -9.31592083 -11.45703506 -11.0085907   -9.95101929]]
0
[[-8.05009174 -8.76755238 -6.82217646 -7.53685522]]
2
[[ -9.31592083 -11.45703506 -11.0085907   -9.95101929]]
0
[[-8.05009174 -8.76755238 -6.82217646 -7.53685522]]
2
[[ -9.31592083 -11.45703506 -11.0085907   -9.95101929]]
0
[[-8.05009174 -8.76755238 -6.82217646 -7.53685522]]
2
[[ -9.31592083 -11.45703506 -11.0085907   -9.95101929]]
0
[[-8.05009174 -8.76755238 -6.82217646 -7.53685522]]
2
[[ -9.31592083 -11.45703506 -11.0085907   -9.95101929]]
0
[[-8.05009174 -8.76755238 -6.82217646 -7.53685522]]
2
[[ -9.31592083 -11.45703506 -11.0085907   -9.95101929]]
0
[[-8.05009174 -8.76755238 -6.82217646 -7.53685522]]
2
[[ -9.31592083 -11.45703506 -11.0085907   -9.95101929]]
0
[[-8.05009174 -8.76755238 -6.82217646 -7.53685522]]
2
[[ -9.31592083 -11.45703506 -11.0085907   -9.95101929]]
0
[[-8.05009174 -8.76755238 -6.82217646 -7.53685522]]
2
[[ -9.31592083 -11.45703506 -11.0085907   -9.95101929]]
0
[[-8.05009174 -8.76755238 -6.82217646 -7.53685522]]
2
[[ -9.31592083 -11.45703506 -11.0085907   -9.95101929]]
0
[[-8.05009174 -8.76755238 -6.82217646 -7.53685522]]
2
[[ -9.31592083 -11.45703506 -11.0085907   -9.95101929]]
0
[[-8.05009174 -8.76755238 -6.82217646 -7.53685522]]
2
[[ -9.31592083 -11.45703506 -11.0085907   -9.95101929]]
0
[[-8.05009174 -8.76755238 -6.82217646 -7.53685522]]
2
[[ -9.31592083 -11.45703506 -11.0085907   -9.95101929]]
0
[[-8.05009174 -8.76755238 -6.82217646 -7.53685522]]
2
[[ -9.31592083 -11.45703506 -11.0085907   -9.95101929]]
0
[[-8.05009174 -8.76755238 -6.82217646 -7.53685522]]
2
[[ -9.31592083 -11.45703506 -11.0085907   -9.95101929]]
0
[[-8.05009174 -8.76755238 -6.82217646 -7.53685522]]
2
[[ -9.31592083 -11.45703506 -11.0085907   -9.95101929]]
0
[[-8.05009174 -8.76755238 -6.82217646 -7.53685522]]
2
[[ -9.31592083 -11.45703506 -11.0085907   -9.95101929]]
0
[[-8.05009174 -8.76755238 -6.82217646 -7.53685522]]
2
[[ -9.31592083 -11.45703506 -11.0085907   -9.95101929]]
0
[[-8.05009174 -8.76755238 -6.82217646 -7.53685522]]
2
[[ -9.31592083 -11.45703506 -11.0085907   -9.95101929]]
0
[[-8.05009174 -8.76755238 -6.82217646 -7.53685522]]
2
[[ -9.31592083 -11.45703506 -11.0085907   -9.95101929]]
0
[[-8.05009174 -8.76755238 -6.82217646 -7.53685522]]
2
[[ -9.31592083 -11.45703506 -11.0085907   -9.95101929]]
0
[[-8.05009174 -8.76755238 -6.82217646 -7.53685522]]
2
[[ -9.31592083 -11.45703506 -11.0085907   -9.95101929]]
0
[[-8.05009174 -8.76755238 -6.82217646 -7.53685522]]
2
[[ -9.31592083 -11.45703506 -11.0085907   -9.95101929]]
0
[[-8.05009174 -8.76755238 -6.82217646 -7.53685522]]
2
[[ -9.31592083 -11.45703506 -11.0085907   -9.95101929]]
0
[[-8.05009174 -8.76755238 -6.82217646 -7.53685522]]
2
[[ -9.31592083 -11.45703506 -11.0085907   -9.95101929]]
0
[[-8.05009174 -8.76755238 -6.82217646 -7.53685522]]
2
[[ -9.31592083 -11.45703506 -11.0085907   -9.95101929]]
0
[[-8.05009174 -8.76755238 -6.82217646 -7.53685522]]
2
[[ -9.31592083 -11.45703506 -11.0085907   -9.95101929]]
0
[[-8.05009174 -8.76755238 -6.82217646 -7.53685522]]
2
[[ -9.31592083 -11.45703506 -11.0085907   -9.95101929]]
0
[[-8.05009174 -8.76755238 -6.82217646 -7.53685522]]
2
[[ -9.31592083 -11.45703506 -11.0085907   -9.95101929]]
0
[[-8.05009174 -8.76755238 -6.82217646 -7.53685522]]
2
[[ -9.31592083 -11.45703506 -11.0085907   -9.95101929]]
0
[[-8.05009174 -8.76755238 -6.82217646 -7.53685522]]
2
[[ -9.31592083 -11.45703506 -11.0085907   -9.95101929]]
0
[[-8.05009174 -8.76755238 -6.82217646 -7.53685522]]
2
[[ -9.31592083 -11.45703506 -11.0085907   -9.95101929]]
0
[[-8.05009174 -8.76755238 -6.82217646 -7.53685522]]
2
[[ -9.31592083 -11.45703506 -11.0085907   -9.95101929]]
0
[[-8.05009174 -8.76755238 -6.82217646 -7.53685522]]
2
[[ -9.31592083 -11.45703506 -11.0085907   -9.95101929]]
0
[[-8.05009174 -8.76755238 -6.82217646 -7.53685522]]
2
[[ -9.31592083 -11.45703506 -11.0085907   -9.95101929]]
0
[[-8.05009174 -8.76755238 -6.82217646 -7.53685522]]
2
[[ -9.31592083 -11.45703506 -11.0085907   -9.95101929]]
0
[[-8.05009174 -8.76755238 -6.82217646 -7.53685522]]
2
[[ -9.31592083 -11.45703506 -11.0085907   -9.95101929]]
0
[[-8.05009174 -8.76755238 -6.82217646 -7.53685522]]
2
[[ -9.31592083 -11.45703506 -11.0085907   -9.95101929]]
0
[[-8.05009174 -8.76755238 -6.82217646 -7.53685522]]
2
[[ -9.31592083 -11.45703506 -11.0085907   -9.95101929]]
0
[[-8.05009174 -8.76755238 -6.82217646 -7.53685522]]
2
[[ -9.31592083 -11.45703506 -11.0085907   -9.95101929]]
0
[[-8.05009174 -8.76755238 -6.82217646 -7.53685522]]
2
FAIL
2/37
