[[-11.92808342 -14.1618681  -11.76125717 -11.62625408]]
3
[[ -9.2972002  -11.44343567 -10.96956062  -9.92513371]]
0
[[-8.04804993 -8.73454571 -6.78111935 -7.53164482]]
2
[[ -9.2972002  -11.44343567 -10.96956062  -9.92513371]]
0
[[-8.04804993 -8.73454571 -6.78111935 -7.53164482]]
2
[[ -9.2972002  -11.44343567 -10.96956062  -9.92513371]]
0
[[-8.04804993 -8.73454571 -6.78111935 -7.53164482]]
2
[[ -9.2972002  -11.44343567 -10.96956062  -9.92513371]]
0
[[-8.04804993 -8.73454571 -6.78111935 -7.53164482]]
2
[[ -9.2972002  -11.44343567 -10.96956062  -9.92513371]]
0
[[-8.04804993 -8.73454571 -6.78111935 -7.53164482]]
2
[[ -9.2972002  -11.44343567 -10.96956062  -9.92513371]]
0
[[-8.04804993 -8.73454571 -6.78111935 -7.53164482]]
2
[[ -9.2972002  -11.44343567 -10.96956062  -9.92513371]]
0
[[-8.04804993 -8.73454571 -6.78111935 -7.53164482]]
2
[[ -9.2972002  -11.44343567 -10.96956062  -9.92513371]]
0
[[-8.04804993 -8.73454571 -6.78111935 -7.53164482]]
2
[[ -9.2972002  -11.44343567 -10.96956062  -9.92513371]]
0
[[-8.04804993 -8.73454571 -6.78111935 -7.53164482]]
2
[[ -9.2972002  -11.44343567 -10.96956062  -9.92513371]]
0
[[-8.04804993 -8.73454571 -6.78111935 -7.53164482]]
2
[[ -9.2972002  -11.44343567 -10.96956062  -9.92513371]]
0
[[-8.04804993 -8.73454571 -6.78111935 -7.53164482]]
2
[[ -9.2972002  -11.44343567 -10.96956062  -9.92513371]]
0
[[-8.04804993 -8.73454571 -6.78111935 -7.53164482]]
2
[[ -9.2972002  -11.44343567 -10.96956062  -9.92513371]]
0
[[-8.04804993 -8.73454571 -6.78111935 -7.53164482]]
2
[[ -9.2972002  -11.44343567 -10.96956062  -9.92513371]]
0
[[-8.04804993 -8.73454571 -6.78111935 -7.53164482]]
2
[[ -9.2972002  -11.44343567 -10.96956062  -9.92513371]]
0
[[-8.04804993 -8.73454571 -6.78111935 -7.53164482]]
2
[[ -9.2972002  -11.44343567 -10.96956062  -9.92513371]]
0
[[-8.04804993 -8.73454571 -6.78111935 -7.53164482]]
2
[[ -9.2972002  -11.44343567 -10.96956062  -9.92513371]]
0
[[-8.04804993 -8.73454571 -6.78111935 -7.53164482]]
2
[[ -9.2972002  -11.44343567 -10.96956062  -9.92513371]]
0
[[-8.04804993 -8.73454571 -6.78111935 -7.53164482]]
2
[[ -9.2972002  -11.44343567 -10.96956062  -9.92513371]]
0
[[-8.04804993 -8.73454571 -6.78111935 -7.53164482]]
2
[[ -9.2972002  -11.44343567 -10.96956062  -9.92513371]]
0
[[-8.04804993 -8.73454571 -6.78111935 -7.53164482]]
2
[[ -9.2972002  -11.44343567 -10.96956062  -9.92513371]]
0
[[-8.04804993 -8.73454571 -6.78111935 -7.53164482]]
2
[[ -9.2972002  -11.44343567 -10.96956062  -9.92513371]]
0
[[-8.04804993 -8.73454571 -6.78111935 -7.53164482]]
2
[[ -9.2972002  -11.44343567 -10.96956062  -9.92513371]]
0
[[-8.04804993 -8.73454571 -6.78111935 -7.53164482]]
2
[[ -9.2972002  -11.44343567 -10.96956062  -9.92513371]]
0
[[-8.04804993 -8.73454571 -6.78111935 -7.53164482]]
2
[[ -9.2972002  -11.44343567 -10.96956062  -9.92513371]]
0
[[-8.04804993 -8.73454571 -6.78111935 -7.53164482]]
2
[[ -9.2972002  -11.44343567 -10.96956062  -9.92513371]]
0
[[-8.04804993 -8.73454571 -6.78111935 -7.53164482]]
2
[[ -9.2972002  -11.44343567 -10.96956062  -9.92513371]]
0
[[-8.04804993 -8.73454571 -6.78111935 -7.53164482]]
2
[[ -9.2972002  -11.44343567 -10.96956062  -9.92513371]]
0
[[-8.04804993 -8.73454571 -6.78111935 -7.53164482]]
2
[[ -9.2972002  -11.44343567 -10.96956062  -9.92513371]]
0
[[-8.04804993 -8.73454571 -6.78111935 -7.53164482]]
2
[[ -9.2972002  -11.44343567 -10.96956062  -9.92513371]]
0
[[-8.04804993 -8.73454571 -6.78111935 -7.53164482]]
2
[[ -9.2972002  -11.44343567 -10.96956062  -9.92513371]]
0
[[-8.04804993 -8.73454571 -6.78111935 -7.53164482]]
2
[[ -9.2972002  -11.44343567 -10.96956062  -9.92513371]]
0
[[-8.04804993 -8.73454571 -6.78111935 -7.53164482]]
2
[[ -9.2972002  -11.44343567 -10.96956062  -9.92513371]]
0
[[-8.04804993 -8.73454571 -6.78111935 -7.53164482]]
2
[[ -9.2972002  -11.44343567 -10.96956062  -9.92513371]]
0
[[-8.04804993 -8.73454571 -6.78111935 -7.53164482]]
2
[[ -9.2972002  -11.44343567 -10.96956062  -9.92513371]]
0
[[-8.04804993 -8.73454571 -6.78111935 -7.53164482]]
2
[[ -9.2972002  -11.44343567 -10.96956062  -9.92513371]]
0
[[-8.04804993 -8.73454571 -6.78111935 -7.53164482]]
2
[[ -9.2972002  -11.44343567 -10.96956062  -9.92513371]]
0
[[-8.04804993 -8.73454571 -6.78111935 -7.53164482]]
2
[[ -9.2972002  -11.44343567 -10.96956062  -9.92513371]]
0
[[-8.04804993 -8.73454571 -6.78111935 -7.53164482]]
2
[[ -9.2972002  -11.44343567 -10.96956062  -9.92513371]]
0
[[-8.04804993 -8.73454571 -6.78111935 -7.53164482]]
2
[[ -9.2972002  -11.44343567 -10.96956062  -9.92513371]]
0
[[-8.04804993 -8.73454571 -6.78111935 -7.53164482]]
2
[[ -9.2972002  -11.44343567 -10.96956062  -9.92513371]]
0
[[-8.04804993 -8.73454571 -6.78111935 -7.53164482]]
2
[[ -9.2972002  -11.44343567 -10.96956062  -9.92513371]]
0
[[-8.04804993 -8.73454571 -6.78111935 -7.53164482]]
2
[[ -9.2972002  -11.44343567 -10.96956062  -9.92513371]]
0
[[-8.04804993 -8.73454571 -6.78111935 -7.53164482]]
2
[[ -9.2972002  -11.44343567 -10.96956062  -9.92513371]]
0
[[-8.04804993 -8.73454571 -6.78111935 -7.53164482]]
2
[[ -9.2972002  -11.44343567 -10.96956062  -9.92513371]]
0
[[-8.04804993 -8.73454571 -6.78111935 -7.53164482]]
2
[[ -9.2972002  -11.44343567 -10.96956062  -9.92513371]]
0
[[-8.04804993 -8.73454571 -6.78111935 -7.53164482]]
2
[[ -9.2972002  -11.44343567 -10.96956062  -9.92513371]]
0
[[-8.04804993 -8.73454571 -6.78111935 -7.53164482]]
2
[[ -9.2972002  -11.44343567 -10.96956062  -9.92513371]]
0
[[-8.04804993 -8.73454571 -6.78111935 -7.53164482]]
2
[[ -9.2972002  -11.44343567 -10.96956062  -9.92513371]]
0
[[-8.04804993 -8.73454571 -6.78111935 -7.53164482]]
2
[[ -9.2972002  -11.44343567 -10.96956062  -9.92513371]]
0
[[-8.04804993 -8.73454571 -6.78111935 -7.53164482]]
2
FAIL
2/37
