[[-11.91962624 -14.14192581 -11.73100185 -11.61163235]]
3
[[ -9.27695274 -11.4286356  -10.92992306  -9.89684486]]
0
[[-8.05206871 -8.70740318 -6.74725199 -7.53197956]]
2
[[ -9.27695274 -11.4286356  -10.92992306  -9.89684486]]
0
[[-8.05206871 -8.70740318 -6.74725199 -7.53197956]]
2
[[ -9.27695274 -11.4286356  -10.92992306  -9.89684486]]
0
[[-8.05206871 -8.70740318 -6.74725199 -7.53197956]]
2
[[ -9.27695274 -11.4286356  -10.92992306  -9.89684486]]
0
[[-8.05206871 -8.70740318 -6.74725199 -7.53197956]]
2
[[ -9.27695274 -11.4286356  -10.92992306  -9.89684486]]
0
[[-8.05206871 -8.70740318 -6.74725199 -7.53197956]]
2
[[ -9.27695274 -11.4286356  -10.92992306  -9.89684486]]
0
[[-8.05206871 -8.70740318 -6.74725199 -7.53197956]]
2
[[ -9.27695274 -11.4286356  -10.92992306  -9.89684486]]
0
[[-8.05206871 -8.70740318 -6.74725199 -7.53197956]]
2
[[ -9.27695274 -11.4286356  -10.92992306  -9.89684486]]
0
[[-8.05206871 -8.70740318 -6.74725199 -7.53197956]]
2
[[ -9.27695274 -11.4286356  -10.92992306  -9.89684486]]
0
[[-8.05206871 -8.70740318 -6.74725199 -7.53197956]]
2
[[ -9.27695274 -11.4286356  -10.92992306  -9.89684486]]
0
[[-8.05206871 -8.70740318 -6.74725199 -7.53197956]]
2
[[ -9.27695274 -11.4286356  -10.92992306  -9.89684486]]
0
[[-8.05206871 -8.70740318 -6.74725199 -7.53197956]]
2
[[ -9.27695274 -11.4286356  -10.92992306  -9.89684486]]
0
[[-8.05206871 -8.70740318 -6.74725199 -7.53197956]]
2
[[ -9.27695274 -11.4286356  -10.92992306  -9.89684486]]
0
[[-8.05206871 -8.70740318 -6.74725199 -7.53197956]]
2
[[ -9.27695274 -11.4286356  -10.92992306  -9.89684486]]
0
[[-8.05206871 -8.70740318 -6.74725199 -7.53197956]]
2
[[ -9.27695274 -11.4286356  -10.92992306  -9.89684486]]
0
[[-8.05206871 -8.70740318 -6.74725199 -7.53197956]]
2
[[ -9.27695274 -11.4286356  -10.92992306  -9.89684486]]
0
[[-8.05206871 -8.70740318 -6.74725199 -7.53197956]]
2
[[ -9.27695274 -11.4286356  -10.92992306  -9.89684486]]
0
[[-8.05206871 -8.70740318 -6.74725199 -7.53197956]]
2
[[ -9.27695274 -11.4286356  -10.92992306  -9.89684486]]
0
[[-8.05206871 -8.70740318 -6.74725199 -7.53197956]]
2
[[ -9.27695274 -11.4286356  -10.92992306  -9.89684486]]
0
[[-8.05206871 -8.70740318 -6.74725199 -7.53197956]]
2
[[ -9.27695274 -11.4286356  -10.92992306  -9.89684486]]
0
[[-8.05206871 -8.70740318 -6.74725199 -7.53197956]]
2
[[ -9.27695274 -11.4286356  -10.92992306  -9.89684486]]
0
[[-8.05206871 -8.70740318 -6.74725199 -7.53197956]]
2
[[ -9.27695274 -11.4286356  -10.92992306  -9.89684486]]
0
[[-8.05206871 -8.70740318 -6.74725199 -7.53197956]]
2
[[ -9.27695274 -11.4286356  -10.92992306  -9.89684486]]
0
[[-8.05206871 -8.70740318 -6.74725199 -7.53197956]]
2
[[ -9.27695274 -11.4286356  -10.92992306  -9.89684486]]
0
[[-8.05206871 -8.70740318 -6.74725199 -7.53197956]]
2
[[ -9.27695274 -11.4286356  -10.92992306  -9.89684486]]
0
[[-8.05206871 -8.70740318 -6.74725199 -7.53197956]]
2
[[ -9.27695274 -11.4286356  -10.92992306  -9.89684486]]
0
[[-8.05206871 -8.70740318 -6.74725199 -7.53197956]]
2
[[ -9.27695274 -11.4286356  -10.92992306  -9.89684486]]
0
[[-8.05206871 -8.70740318 -6.74725199 -7.53197956]]
2
[[ -9.27695274 -11.4286356  -10.92992306  -9.89684486]]
0
[[-8.05206871 -8.70740318 -6.74725199 -7.53197956]]
2
[[ -9.27695274 -11.4286356  -10.92992306  -9.89684486]]
0
[[-8.05206871 -8.70740318 -6.74725199 -7.53197956]]
2
[[ -9.27695274 -11.4286356  -10.92992306  -9.89684486]]
0
[[-8.05206871 -8.70740318 -6.74725199 -7.53197956]]
2
[[ -9.27695274 -11.4286356  -10.92992306  -9.89684486]]
0
[[-8.05206871 -8.70740318 -6.74725199 -7.53197956]]
2
[[ -9.27695274 -11.4286356  -10.92992306  -9.89684486]]
0
[[-8.05206871 -8.70740318 -6.74725199 -7.53197956]]
2
[[ -9.27695274 -11.4286356  -10.92992306  -9.89684486]]
0
[[-8.05206871 -8.70740318 -6.74725199 -7.53197956]]
2
[[ -9.27695274 -11.4286356  -10.92992306  -9.89684486]]
0
[[-8.05206871 -8.70740318 -6.74725199 -7.53197956]]
2
[[ -9.27695274 -11.4286356  -10.92992306  -9.89684486]]
0
[[-8.05206871 -8.70740318 -6.74725199 -7.53197956]]
2
[[ -9.27695274 -11.4286356  -10.92992306  -9.89684486]]
0
[[-8.05206871 -8.70740318 -6.74725199 -7.53197956]]
2
[[ -9.27695274 -11.4286356  -10.92992306  -9.89684486]]
0
[[-8.05206871 -8.70740318 -6.74725199 -7.53197956]]
2
[[ -9.27695274 -11.4286356  -10.92992306  -9.89684486]]
0
[[-8.05206871 -8.70740318 -6.74725199 -7.53197956]]
2
[[ -9.27695274 -11.4286356  -10.92992306  -9.89684486]]
0
[[-8.05206871 -8.70740318 -6.74725199 -7.53197956]]
2
[[ -9.27695274 -11.4286356  -10.92992306  -9.89684486]]
0
[[-8.05206871 -8.70740318 -6.74725199 -7.53197956]]
2
[[ -9.27695274 -11.4286356  -10.92992306  -9.89684486]]
0
[[-8.05206871 -8.70740318 -6.74725199 -7.53197956]]
2
[[ -9.27695274 -11.4286356  -10.92992306  -9.89684486]]
0
[[-8.05206871 -8.70740318 -6.74725199 -7.53197956]]
2
[[ -9.27695274 -11.4286356  -10.92992306  -9.89684486]]
0
[[-8.05206871 -8.70740318 -6.74725199 -7.53197956]]
2
[[ -9.27695274 -11.4286356  -10.92992306  -9.89684486]]
0
[[-8.05206871 -8.70740318 -6.74725199 -7.53197956]]
2
[[ -9.27695274 -11.4286356  -10.92992306  -9.89684486]]
0
[[-8.05206871 -8.70740318 -6.74725199 -7.53197956]]
2
[[ -9.27695274 -11.4286356  -10.92992306  -9.89684486]]
0
[[-8.05206871 -8.70740318 -6.74725199 -7.53197956]]
2
[[ -9.27695274 -11.4286356  -10.92992306  -9.89684486]]
0
[[-8.05206871 -8.70740318 -6.74725199 -7.53197956]]
2
[[ -9.27695274 -11.4286356  -10.92992306  -9.89684486]]
0
[[-8.05206871 -8.70740318 -6.74725199 -7.53197956]]
2
[[ -9.27695274 -11.4286356  -10.92992306  -9.89684486]]
0
[[-8.05206871 -8.70740318 -6.74725199 -7.53197956]]
2
[[ -9.27695274 -11.4286356  -10.92992306  -9.89684486]]
0
[[-8.05206871 -8.70740318 -6.74725199 -7.53197956]]
2
FAIL
2/37
