[[-4.67507648 -4.55339861 -4.04563379 -8.35829926]]
2
[[-2.8853178  -6.10825205 -3.08098888 -9.04704952]]
0
[[-4.67507648 -4.55339861 -4.04563379 -8.35829926]]
2
[[-2.8853178  -6.10825205 -3.08098888 -9.04704952]]
0
[[-4.67507648 -4.55339861 -4.04563379 -8.35829926]]
2
[[-2.8853178  -6.10825205 -3.08098888 -9.04704952]]
0
[[-4.67507648 -4.55339861 -4.04563379 -8.35829926]]
2
[[-2.8853178  -6.10825205 -3.08098888 -9.04704952]]
0
[[-4.67507648 -4.55339861 -4.04563379 -8.35829926]]
2
[[-2.8853178  -6.10825205 -3.08098888 -9.04704952]]
0
[[-4.67507648 -4.55339861 -4.04563379 -8.35829926]]
2
[[-2.8853178  -6.10825205 -3.08098888 -9.04704952]]
0
[[-4.67507648 -4.55339861 -4.04563379 -8.35829926]]
2
[[-2.8853178  -6.10825205 -3.08098888 -9.04704952]]
0
[[-4.67507648 -4.55339861 -4.04563379 -8.35829926]]
2
[[-2.8853178  -6.10825205 -3.08098888 -9.04704952]]
0
[[-4.67507648 -4.55339861 -4.04563379 -8.35829926]]
2
[[-2.8853178  -6.10825205 -3.08098888 -9.04704952]]
0
[[-4.67507648 -4.55339861 -4.04563379 -8.35829926]]
2
[[-2.8853178  -6.10825205 -3.08098888 -9.04704952]]
0
[[-4.67507648 -4.55339861 -4.04563379 -8.35829926]]
2
[[-2.8853178  -6.10825205 -3.08098888 -9.04704952]]
0
[[-4.67507648 -4.55339861 -4.04563379 -8.35829926]]
2
[[-2.8853178  -6.10825205 -3.08098888 -9.04704952]]
0
[[-4.67507648 -4.55339861 -4.04563379 -8.35829926]]
2
[[-2.8853178  -6.10825205 -3.08098888 -9.04704952]]
0
[[-4.67507648 -4.55339861 -4.04563379 -8.35829926]]
2
[[-2.8853178  -6.10825205 -3.08098888 -9.04704952]]
0
[[-4.67507648 -4.55339861 -4.04563379 -8.35829926]]
2
[[-2.8853178  -6.10825205 -3.08098888 -9.04704952]]
0
[[-4.67507648 -4.55339861 -4.04563379 -8.35829926]]
2
[[-2.8853178  -6.10825205 -3.08098888 -9.04704952]]
0
[[-4.67507648 -4.55339861 -4.04563379 -8.35829926]]
2
[[-2.8853178  -6.10825205 -3.08098888 -9.04704952]]
0
[[-4.67507648 -4.55339861 -4.04563379 -8.35829926]]
2
[[-2.8853178  -6.10825205 -3.08098888 -9.04704952]]
0
[[-4.67507648 -4.55339861 -4.04563379 -8.35829926]]
2
[[-2.8853178  -6.10825205 -3.08098888 -9.04704952]]
0
[[-4.67507648 -4.55339861 -4.04563379 -8.35829926]]
2
[[-2.8853178  -6.10825205 -3.08098888 -9.04704952]]
0
[[-4.67507648 -4.55339861 -4.04563379 -8.35829926]]
2
[[-2.8853178  -6.10825205 -3.08098888 -9.04704952]]
0
[[-4.67507648 -4.55339861 -4.04563379 -8.35829926]]
2
[[-2.8853178  -6.10825205 -3.08098888 -9.04704952]]
0
[[-4.67507648 -4.55339861 -4.04563379 -8.35829926]]
2
[[-2.8853178  -6.10825205 -3.08098888 -9.04704952]]
0
[[-4.67507648 -4.55339861 -4.04563379 -8.35829926]]
2
[[-2.8853178  -6.10825205 -3.08098888 -9.04704952]]
0
[[-4.67507648 -4.55339861 -4.04563379 -8.35829926]]
2
[[-2.8853178  -6.10825205 -3.08098888 -9.04704952]]
0
[[-4.67507648 -4.55339861 -4.04563379 -8.35829926]]
2
[[-2.8853178  -6.10825205 -3.08098888 -9.04704952]]
0
[[-4.67507648 -4.55339861 -4.04563379 -8.35829926]]
2
[[-2.8853178  -6.10825205 -3.08098888 -9.04704952]]
0
[[-4.67507648 -4.55339861 -4.04563379 -8.35829926]]
2
[[-2.8853178  -6.10825205 -3.08098888 -9.04704952]]
0
[[-4.67507648 -4.55339861 -4.04563379 -8.35829926]]
2
[[-2.8853178  -6.10825205 -3.08098888 -9.04704952]]
0
[[-4.67507648 -4.55339861 -4.04563379 -8.35829926]]
2
[[-2.8853178  -6.10825205 -3.08098888 -9.04704952]]
0
[[-4.67507648 -4.55339861 -4.04563379 -8.35829926]]
2
[[-2.8853178  -6.10825205 -3.08098888 -9.04704952]]
0
[[-4.67507648 -4.55339861 -4.04563379 -8.35829926]]
2
[[-2.8853178  -6.10825205 -3.08098888 -9.04704952]]
0
[[-4.67507648 -4.55339861 -4.04563379 -8.35829926]]
2
[[-2.8853178  -6.10825205 -3.08098888 -9.04704952]]
0
[[-4.67507648 -4.55339861 -4.04563379 -8.35829926]]
2
[[-2.8853178  -6.10825205 -3.08098888 -9.04704952]]
0
[[-4.67507648 -4.55339861 -4.04563379 -8.35829926]]
2
[[-2.8853178  -6.10825205 -3.08098888 -9.04704952]]
0
[[-4.67507648 -4.55339861 -4.04563379 -8.35829926]]
2
[[-2.8853178  -6.10825205 -3.08098888 -9.04704952]]
0
[[-4.67507648 -4.55339861 -4.04563379 -8.35829926]]
2
[[-2.8853178  -6.10825205 -3.08098888 -9.04704952]]
0
[[-4.67507648 -4.55339861 -4.04563379 -8.35829926]]
2
[[-2.8853178  -6.10825205 -3.08098888 -9.04704952]]
0
[[-4.67507648 -4.55339861 -4.04563379 -8.35829926]]
2
[[-2.8853178  -6.10825205 -3.08098888 -9.04704952]]
0
[[-4.67507648 -4.55339861 -4.04563379 -8.35829926]]
2
[[-2.8853178  -6.10825205 -3.08098888 -9.04704952]]
0
[[-4.67507648 -4.55339861 -4.04563379 -8.35829926]]
2
[[-2.8853178  -6.10825205 -3.08098888 -9.04704952]]
0
[[-4.67507648 -4.55339861 -4.04563379 -8.35829926]]
2
[[-2.8853178  -6.10825205 -3.08098888 -9.04704952]]
0
[[-4.67507648 -4.55339861 -4.04563379 -8.35829926]]
2
[[-2.8853178  -6.10825205 -3.08098888 -9.04704952]]
0
[[-4.67507648 -4.55339861 -4.04563379 -8.35829926]]
2
[[-2.8853178  -6.10825205 -3.08098888 -9.04704952]]
0
[[-4.67507648 -4.55339861 -4.04563379 -8.35829926]]
2
[[-2.8853178  -6.10825205 -3.08098888 -9.04704952]]
0
[[-4.67507648 -4.55339861 -4.04563379 -8.35829926]]
2
[[-2.8853178  -6.10825205 -3.08098888 -9.04704952]]
0
[[-4.67507648 -4.55339861 -4.04563379 -8.35829926]]
2
[[-2.8853178  -6.10825205 -3.08098888 -9.04704952]]
0
[[-4.67507648 -4.55339861 -4.04563379 -8.35829926]]
2
[[-2.8853178  -6.10825205 -3.08098888 -9.04704952]]
0
[[-4.67507648 -4.55339861 -4.04563379 -8.35829926]]
2
[[-2.8853178  -6.10825205 -3.08098888 -9.04704952]]
0
[[-4.67507648 -4.55339861 -4.04563379 -8.35829926]]
2
[[-2.8853178  -6.10825205 -3.08098888 -9.04704952]]
0
[[-4.67507648 -4.55339861 -4.04563379 -8.35829926]]
2
FAIL
0/5
