[[-3.55610466 -7.5373292  -4.31149673 -8.13324451]]
0
[[-11.84924603 -14.60159588   0.22537416  -7.56640959]]
2
[[-3.55610466 -7.5373292  -4.31149673 -8.13324451]]
0
[[-11.84924603 -14.60159588   0.22537416  -7.56640959]]
2
[[-3.55610466 -7.5373292  -4.31149673 -8.13324451]]
0
[[-11.84924603 -14.60159588   0.22537416  -7.56640959]]
2
[[-3.55610466 -7.5373292  -4.31149673 -8.13324451]]
0
[[-11.84924603 -14.60159588   0.22537416  -7.56640959]]
2
[[-3.55610466 -7.5373292  -4.31149673 -8.13324451]]
0
[[-11.84924603 -14.60159588   0.22537416  -7.56640959]]
2
[[-3.55610466 -7.5373292  -4.31149673 -8.13324451]]
0
[[-11.84924603 -14.60159588   0.22537416  -7.56640959]]
2
[[-3.55610466 -7.5373292  -4.31149673 -8.13324451]]
0
[[-11.84924603 -14.60159588   0.22537416  -7.56640959]]
2
[[-3.55610466 -7.5373292  -4.31149673 -8.13324451]]
0
[[-11.84924603 -14.60159588   0.22537416  -7.56640959]]
2
[[-3.55610466 -7.5373292  -4.31149673 -8.13324451]]
0
[[-11.84924603 -14.60159588   0.22537416  -7.56640959]]
2
[[-3.55610466 -7.5373292  -4.31149673 -8.13324451]]
0
[[-11.84924603 -14.60159588   0.22537416  -7.56640959]]
2
[[-3.55610466 -7.5373292  -4.31149673 -8.13324451]]
0
[[-11.84924603 -14.60159588   0.22537416  -7.56640959]]
2
[[-3.55610466 -7.5373292  -4.31149673 -8.13324451]]
0
[[-11.84924603 -14.60159588   0.22537416  -7.56640959]]
2
[[-3.55610466 -7.5373292  -4.31149673 -8.13324451]]
0
[[-11.84924603 -14.60159588   0.22537416  -7.56640959]]
2
[[-3.55610466 -7.5373292  -4.31149673 -8.13324451]]
0
[[-11.84924603 -14.60159588   0.22537416  -7.56640959]]
2
[[-3.55610466 -7.5373292  -4.31149673 -8.13324451]]
0
[[-11.84924603 -14.60159588   0.22537416  -7.56640959]]
2
[[-3.55610466 -7.5373292  -4.31149673 -8.13324451]]
0
[[-11.84924603 -14.60159588   0.22537416  -7.56640959]]
2
[[-3.55610466 -7.5373292  -4.31149673 -8.13324451]]
0
[[-11.84924603 -14.60159588   0.22537416  -7.56640959]]
2
[[-3.55610466 -7.5373292  -4.31149673 -8.13324451]]
0
[[-11.84924603 -14.60159588   0.22537416  -7.56640959]]
2
[[-3.55610466 -7.5373292  -4.31149673 -8.13324451]]
0
[[-11.84924603 -14.60159588   0.22537416  -7.56640959]]
2
[[-3.55610466 -7.5373292  -4.31149673 -8.13324451]]
0
[[-11.84924603 -14.60159588   0.22537416  -7.56640959]]
2
[[-3.55610466 -7.5373292  -4.31149673 -8.13324451]]
0
[[-11.84924603 -14.60159588   0.22537416  -7.56640959]]
2
[[-3.55610466 -7.5373292  -4.31149673 -8.13324451]]
0
[[-11.84924603 -14.60159588   0.22537416  -7.56640959]]
2
[[-3.55610466 -7.5373292  -4.31149673 -8.13324451]]
0
[[-11.84924603 -14.60159588   0.22537416  -7.56640959]]
2
[[-3.55610466 -7.5373292  -4.31149673 -8.13324451]]
0
[[-11.84924603 -14.60159588   0.22537416  -7.56640959]]
2
[[-3.55610466 -7.5373292  -4.31149673 -8.13324451]]
0
[[-11.84924603 -14.60159588   0.22537416  -7.56640959]]
2
[[-3.55610466 -7.5373292  -4.31149673 -8.13324451]]
0
[[-11.84924603 -14.60159588   0.22537416  -7.56640959]]
2
[[-3.55610466 -7.5373292  -4.31149673 -8.13324451]]
0
[[-11.84924603 -14.60159588   0.22537416  -7.56640959]]
2
[[-3.55610466 -7.5373292  -4.31149673 -8.13324451]]
0
[[-11.84924603 -14.60159588   0.22537416  -7.56640959]]
2
[[-3.55610466 -7.5373292  -4.31149673 -8.13324451]]
0
[[-11.84924603 -14.60159588   0.22537416  -7.56640959]]
2
[[-3.55610466 -7.5373292  -4.31149673 -8.13324451]]
0
[[-11.84924603 -14.60159588   0.22537416  -7.56640959]]
2
[[-3.55610466 -7.5373292  -4.31149673 -8.13324451]]
0
[[-11.84924603 -14.60159588   0.22537416  -7.56640959]]
2
[[-3.55610466 -7.5373292  -4.31149673 -8.13324451]]
0
[[-11.84924603 -14.60159588   0.22537416  -7.56640959]]
2
[[-3.55610466 -7.5373292  -4.31149673 -8.13324451]]
0
[[-11.84924603 -14.60159588   0.22537416  -7.56640959]]
2
[[-3.55610466 -7.5373292  -4.31149673 -8.13324451]]
0
[[-11.84924603 -14.60159588   0.22537416  -7.56640959]]
2
[[-3.55610466 -7.5373292  -4.31149673 -8.13324451]]
0
[[-11.84924603 -14.60159588   0.22537416  -7.56640959]]
2
[[-3.55610466 -7.5373292  -4.31149673 -8.13324451]]
0
[[-11.84924603 -14.60159588   0.22537416  -7.56640959]]
2
[[-3.55610466 -7.5373292  -4.31149673 -8.13324451]]
0
[[-11.84924603 -14.60159588   0.22537416  -7.56640959]]
2
[[-3.55610466 -7.5373292  -4.31149673 -8.13324451]]
0
[[-11.84924603 -14.60159588   0.22537416  -7.56640959]]
2
[[-3.55610466 -7.5373292  -4.31149673 -8.13324451]]
0
[[-11.84924603 -14.60159588   0.22537416  -7.56640959]]
2
[[-3.55610466 -7.5373292  -4.31149673 -8.13324451]]
0
[[-11.84924603 -14.60159588   0.22537416  -7.56640959]]
2
[[-3.55610466 -7.5373292  -4.31149673 -8.13324451]]
0
[[-11.84924603 -14.60159588   0.22537416  -7.56640959]]
2
[[-3.55610466 -7.5373292  -4.31149673 -8.13324451]]
0
[[-11.84924603 -14.60159588   0.22537416  -7.56640959]]
2
[[-3.55610466 -7.5373292  -4.31149673 -8.13324451]]
0
[[-11.84924603 -14.60159588   0.22537416  -7.56640959]]
2
[[-3.55610466 -7.5373292  -4.31149673 -8.13324451]]
0
[[-11.84924603 -14.60159588   0.22537416  -7.56640959]]
2
[[-3.55610466 -7.5373292  -4.31149673 -8.13324451]]
0
[[-11.84924603 -14.60159588   0.22537416  -7.56640959]]
2
[[-3.55610466 -7.5373292  -4.31149673 -8.13324451]]
0
[[-11.84924603 -14.60159588   0.22537416  -7.56640959]]
2
[[-3.55610466 -7.5373292  -4.31149673 -8.13324451]]
0
[[-11.84924603 -14.60159588   0.22537416  -7.56640959]]
2
[[-3.55610466 -7.5373292  -4.31149673 -8.13324451]]
0
[[-11.84924603 -14.60159588   0.22537416  -7.56640959]]
2
[[-3.55610466 -7.5373292  -4.31149673 -8.13324451]]
0
[[-11.84924603 -14.60159588   0.22537416  -7.56640959]]
2
[[-3.55610466 -7.5373292  -4.31149673 -8.13324451]]
0
[[-11.84924603 -14.60159588   0.22537416  -7.56640959]]
2
[[-3.55610466 -7.5373292  -4.31149673 -8.13324451]]
0
FAIL
1/2
