[[-11.91404533 -14.1253252  -11.7004261  -11.5992651 ]]
3
[[ -9.23466301 -11.40033722 -10.87034225  -9.84327507]]
0
[[-8.05313015 -8.67765903 -6.71172285 -7.53109407]]
2
[[ -9.23466301 -11.40033722 -10.87034225  -9.84327507]]
0
[[-8.05313015 -8.67765903 -6.71172285 -7.53109407]]
2
[[ -9.23466301 -11.40033722 -10.87034225  -9.84327507]]
0
[[-8.05313015 -8.67765903 -6.71172285 -7.53109407]]
2
[[ -9.23466301 -11.40033722 -10.87034225  -9.84327507]]
0
[[-8.05313015 -8.67765903 -6.71172285 -7.53109407]]
2
[[ -9.23466301 -11.40033722 -10.87034225  -9.84327507]]
0
[[-8.05313015 -8.67765903 -6.71172285 -7.53109407]]
2
[[ -9.23466301 -11.40033722 -10.87034225  -9.84327507]]
0
[[-8.05313015 -8.67765903 -6.71172285 -7.53109407]]
2
[[ -9.23466301 -11.40033722 -10.87034225  -9.84327507]]
0
[[-8.05313015 -8.67765903 -6.71172285 -7.53109407]]
2
[[ -9.23466301 -11.40033722 -10.87034225  -9.84327507]]
0
[[-8.05313015 -8.67765903 -6.71172285 -7.53109407]]
2
[[ -9.23466301 -11.40033722 -10.87034225  -9.84327507]]
0
[[-8.05313015 -8.67765903 -6.71172285 -7.53109407]]
2
[[ -9.23466301 -11.40033722 -10.87034225  -9.84327507]]
0
[[-8.05313015 -8.67765903 -6.71172285 -7.53109407]]
2
[[ -9.23466301 -11.40033722 -10.87034225  -9.84327507]]
0
[[-8.05313015 -8.67765903 -6.71172285 -7.53109407]]
2
[[ -9.23466301 -11.40033722 -10.87034225  -9.84327507]]
0
[[-8.05313015 -8.67765903 -6.71172285 -7.53109407]]
2
[[ -9.23466301 -11.40033722 -10.87034225  -9.84327507]]
0
[[-8.05313015 -8.67765903 -6.71172285 -7.53109407]]
2
[[ -9.23466301 -11.40033722 -10.87034225  -9.84327507]]
0
[[-8.05313015 -8.67765903 -6.71172285 -7.53109407]]
2
[[ -9.23466301 -11.40033722 -10.87034225  -9.84327507]]
0
[[-8.05313015 -8.67765903 -6.71172285 -7.53109407]]
2
[[ -9.23466301 -11.40033722 -10.87034225  -9.84327507]]
0
[[-8.05313015 -8.67765903 -6.71172285 -7.53109407]]
2
[[ -9.23466301 -11.40033722 -10.87034225  -9.84327507]]
0
[[-8.05313015 -8.67765903 -6.71172285 -7.53109407]]
2
[[ -9.23466301 -11.40033722 -10.87034225  -9.84327507]]
0
[[-8.05313015 -8.67765903 -6.71172285 -7.53109407]]
2
[[ -9.23466301 -11.40033722 -10.87034225  -9.84327507]]
0
[[-8.05313015 -8.67765903 -6.71172285 -7.53109407]]
2
[[ -9.23466301 -11.40033722 -10.87034225  -9.84327507]]
0
[[-8.05313015 -8.67765903 -6.71172285 -7.53109407]]
2
[[ -9.23466301 -11.40033722 -10.87034225  -9.84327507]]
0
[[-8.05313015 -8.67765903 -6.71172285 -7.53109407]]
2
[[ -9.23466301 -11.40033722 -10.87034225  -9.84327507]]
0
[[-8.05313015 -8.67765903 -6.71172285 -7.53109407]]
2
[[ -9.23466301 -11.40033722 -10.87034225  -9.84327507]]
0
[[-8.05313015 -8.67765903 -6.71172285 -7.53109407]]
2
[[ -9.23466301 -11.40033722 -10.87034225  -9.84327507]]
0
[[-8.05313015 -8.67765903 -6.71172285 -7.53109407]]
2
[[ -9.23466301 -11.40033722 -10.87034225  -9.84327507]]
0
[[-8.05313015 -8.67765903 -6.71172285 -7.53109407]]
2
[[ -9.23466301 -11.40033722 -10.87034225  -9.84327507]]
0
[[-8.05313015 -8.67765903 -6.71172285 -7.53109407]]
2
[[ -9.23466301 -11.40033722 -10.87034225  -9.84327507]]
0
[[-8.05313015 -8.67765903 -6.71172285 -7.53109407]]
2
[[ -9.23466301 -11.40033722 -10.87034225  -9.84327507]]
0
[[-8.05313015 -8.67765903 -6.71172285 -7.53109407]]
2
[[ -9.23466301 -11.40033722 -10.87034225  -9.84327507]]
0
[[-8.05313015 -8.67765903 -6.71172285 -7.53109407]]
2
[[ -9.23466301 -11.40033722 -10.87034225  -9.84327507]]
0
[[-8.05313015 -8.67765903 -6.71172285 -7.53109407]]
2
[[ -9.23466301 -11.40033722 -10.87034225  -9.84327507]]
0
[[-8.05313015 -8.67765903 -6.71172285 -7.53109407]]
2
[[ -9.23466301 -11.40033722 -10.87034225  -9.84327507]]
0
[[-8.05313015 -8.67765903 -6.71172285 -7.53109407]]
2
[[ -9.23466301 -11.40033722 -10.87034225  -9.84327507]]
0
[[-8.05313015 -8.67765903 -6.71172285 -7.53109407]]
2
[[ -9.23466301 -11.40033722 -10.87034225  -9.84327507]]
0
[[-8.05313015 -8.67765903 -6.71172285 -7.53109407]]
2
[[ -9.23466301 -11.40033722 -10.87034225  -9.84327507]]
0
[[-8.05313015 -8.67765903 -6.71172285 -7.53109407]]
2
[[ -9.23466301 -11.40033722 -10.87034225  -9.84327507]]
0
[[-8.05313015 -8.67765903 -6.71172285 -7.53109407]]
2
[[ -9.23466301 -11.40033722 -10.87034225  -9.84327507]]
0
[[-8.05313015 -8.67765903 -6.71172285 -7.53109407]]
2
[[ -9.23466301 -11.40033722 -10.87034225  -9.84327507]]
0
[[-8.05313015 -8.67765903 -6.71172285 -7.53109407]]
2
[[ -9.23466301 -11.40033722 -10.87034225  -9.84327507]]
0
[[-8.05313015 -8.67765903 -6.71172285 -7.53109407]]
2
[[ -9.23466301 -11.40033722 -10.87034225  -9.84327507]]
0
[[-8.05313015 -8.67765903 -6.71172285 -7.53109407]]
2
[[ -9.23466301 -11.40033722 -10.87034225  -9.84327507]]
0
[[-8.05313015 -8.67765903 -6.71172285 -7.53109407]]
2
[[ -9.23466301 -11.40033722 -10.87034225  -9.84327507]]
0
[[-8.05313015 -8.67765903 -6.71172285 -7.53109407]]
2
[[ -9.23466301 -11.40033722 -10.87034225  -9.84327507]]
0
[[-8.05313015 -8.67765903 -6.71172285 -7.53109407]]
2
[[ -9.23466301 -11.40033722 -10.87034225  -9.84327507]]
0
[[-8.05313015 -8.67765903 -6.71172285 -7.53109407]]
2
[[ -9.23466301 -11.40033722 -10.87034225  -9.84327507]]
0
[[-8.05313015 -8.67765903 -6.71172285 -7.53109407]]
2
[[ -9.23466301 -11.40033722 -10.87034225  -9.84327507]]
0
[[-8.05313015 -8.67765903 -6.71172285 -7.53109407]]
2
[[ -9.23466301 -11.40033722 -10.87034225  -9.84327507]]
0
[[-8.05313015 -8.67765903 -6.71172285 -7.53109407]]
2
[[ -9.23466301 -11.40033722 -10.87034225  -9.84327507]]
0
[[-8.05313015 -8.67765903 -6.71172285 -7.53109407]]
2
[[ -9.23466301 -11.40033722 -10.87034225  -9.84327507]]
0
[[-8.05313015 -8.67765903 -6.71172285 -7.53109407]]
2
[[ -9.23466301 -11.40033722 -10.87034225  -9.84327507]]
0
[[-8.05313015 -8.67765903 -6.71172285 -7.53109407]]
2
FAIL
2/37
