[[-11.90911007 -14.10848904 -11.66841602 -11.58478737]]
3
[[ -9.19693565 -11.37682343 -10.81544399  -9.79497147]]
0
[[-8.05348682 -8.64842987 -6.67567635 -7.52990484]]
2
[[ -9.19693565 -11.37682343 -10.81544399  -9.79497147]]
0
[[-8.05348682 -8.64842987 -6.67567635 -7.52990484]]
2
[[ -9.19693565 -11.37682343 -10.81544399  -9.79497147]]
0
[[-8.05348682 -8.64842987 -6.67567635 -7.52990484]]
2
[[ -9.19693565 -11.37682343 -10.81544399  -9.79497147]]
0
[[-8.05348682 -8.64842987 -6.67567635 -7.52990484]]
2
[[ -9.19693565 -11.37682343 -10.81544399  -9.79497147]]
0
[[-8.05348682 -8.64842987 -6.67567635 -7.52990484]]
2
[[ -9.19693565 -11.37682343 -10.81544399  -9.79497147]]
0
[[-8.05348682 -8.64842987 -6.67567635 -7.52990484]]
2
[[ -9.19693565 -11.37682343 -10.81544399  -9.79497147]]
0
[[-8.05348682 -8.64842987 -6.67567635 -7.52990484]]
2
[[ -9.19693565 -11.37682343 -10.81544399  -9.79497147]]
0
[[-8.05348682 -8.64842987 -6.67567635 -7.52990484]]
2
[[ -9.19693565 -11.37682343 -10.81544399  -9.79497147]]
0
[[-8.05348682 -8.64842987 -6.67567635 -7.52990484]]
2
[[ -9.19693565 -11.37682343 -10.81544399  -9.79497147]]
0
[[-8.05348682 -8.64842987 -6.67567635 -7.52990484]]
2
[[ -9.19693565 -11.37682343 -10.81544399  -9.79497147]]
0
[[-8.05348682 -8.64842987 -6.67567635 -7.52990484]]
2
[[ -9.19693565 -11.37682343 -10.81544399  -9.79497147]]
0
[[-8.05348682 -8.64842987 -6.67567635 -7.52990484]]
2
[[ -9.19693565 -11.37682343 -10.81544399  -9.79497147]]
0
[[-8.05348682 -8.64842987 -6.67567635 -7.52990484]]
2
[[ -9.19693565 -11.37682343 -10.81544399  -9.79497147]]
0
[[-8.05348682 -8.64842987 -6.67567635 -7.52990484]]
2
[[ -9.19693565 -11.37682343 -10.81544399  -9.79497147]]
0
[[-8.05348682 -8.64842987 -6.67567635 -7.52990484]]
2
[[ -9.19693565 -11.37682343 -10.81544399  -9.79497147]]
0
[[-8.05348682 -8.64842987 -6.67567635 -7.52990484]]
2
[[ -9.19693565 -11.37682343 -10.81544399  -9.79497147]]
0
[[-8.05348682 -8.64842987 -6.67567635 -7.52990484]]
2
[[ -9.19693565 -11.37682343 -10.81544399  -9.79497147]]
0
[[-8.05348682 -8.64842987 -6.67567635 -7.52990484]]
2
[[ -9.19693565 -11.37682343 -10.81544399  -9.79497147]]
0
[[-8.05348682 -8.64842987 -6.67567635 -7.52990484]]
2
[[ -9.19693565 -11.37682343 -10.81544399  -9.79497147]]
0
[[-8.05348682 -8.64842987 -6.67567635 -7.52990484]]
2
[[ -9.19693565 -11.37682343 -10.81544399  -9.79497147]]
0
[[-8.05348682 -8.64842987 -6.67567635 -7.52990484]]
2
[[ -9.19693565 -11.37682343 -10.81544399  -9.79497147]]
0
[[-8.05348682 -8.64842987 -6.67567635 -7.52990484]]
2
[[ -9.19693565 -11.37682343 -10.81544399  -9.79497147]]
0
[[-8.05348682 -8.64842987 -6.67567635 -7.52990484]]
2
[[ -9.19693565 -11.37682343 -10.81544399  -9.79497147]]
0
[[-8.05348682 -8.64842987 -6.67567635 -7.52990484]]
2
[[ -9.19693565 -11.37682343 -10.81544399  -9.79497147]]
0
[[-8.05348682 -8.64842987 -6.67567635 -7.52990484]]
2
[[ -9.19693565 -11.37682343 -10.81544399  -9.79497147]]
0
[[-8.05348682 -8.64842987 -6.67567635 -7.52990484]]
2
[[ -9.19693565 -11.37682343 -10.81544399  -9.79497147]]
0
[[-8.05348682 -8.64842987 -6.67567635 -7.52990484]]
2
[[ -9.19693565 -11.37682343 -10.81544399  -9.79497147]]
0
[[-8.05348682 -8.64842987 -6.67567635 -7.52990484]]
2
[[ -9.19693565 -11.37682343 -10.81544399  -9.79497147]]
0
[[-8.05348682 -8.64842987 -6.67567635 -7.52990484]]
2
[[ -9.19693565 -11.37682343 -10.81544399  -9.79497147]]
0
[[-8.05348682 -8.64842987 -6.67567635 -7.52990484]]
2
[[ -9.19693565 -11.37682343 -10.81544399  -9.79497147]]
0
[[-8.05348682 -8.64842987 -6.67567635 -7.52990484]]
2
[[ -9.19693565 -11.37682343 -10.81544399  -9.79497147]]
0
[[-8.05348682 -8.64842987 -6.67567635 -7.52990484]]
2
[[ -9.19693565 -11.37682343 -10.81544399  -9.79497147]]
0
[[-8.05348682 -8.64842987 -6.67567635 -7.52990484]]
2
[[ -9.19693565 -11.37682343 -10.81544399  -9.79497147]]
0
[[-8.05348682 -8.64842987 -6.67567635 -7.52990484]]
2
[[ -9.19693565 -11.37682343 -10.81544399  -9.79497147]]
0
[[-8.05348682 -8.64842987 -6.67567635 -7.52990484]]
2
[[ -9.19693565 -11.37682343 -10.81544399  -9.79497147]]
0
[[-8.05348682 -8.64842987 -6.67567635 -7.52990484]]
2
[[ -9.19693565 -11.37682343 -10.81544399  -9.79497147]]
0
[[-8.05348682 -8.64842987 -6.67567635 -7.52990484]]
2
[[ -9.19693565 -11.37682343 -10.81544399  -9.79497147]]
0
[[-8.05348682 -8.64842987 -6.67567635 -7.52990484]]
2
[[ -9.19693565 -11.37682343 -10.81544399  -9.79497147]]
0
[[-8.05348682 -8.64842987 -6.67567635 -7.52990484]]
2
[[ -9.19693565 -11.37682343 -10.81544399  -9.79497147]]
0
[[-8.05348682 -8.64842987 -6.67567635 -7.52990484]]
2
[[ -9.19693565 -11.37682343 -10.81544399  -9.79497147]]
0
[[-8.05348682 -8.64842987 -6.67567635 -7.52990484]]
2
[[ -9.19693565 -11.37682343 -10.81544399  -9.79497147]]
0
[[-8.05348682 -8.64842987 -6.67567635 -7.52990484]]
2
[[ -9.19693565 -11.37682343 -10.81544399  -9.79497147]]
0
[[-8.05348682 -8.64842987 -6.67567635 -7.52990484]]
2
[[ -9.19693565 -11.37682343 -10.81544399  -9.79497147]]
0
[[-8.05348682 -8.64842987 -6.67567635 -7.52990484]]
2
[[ -9.19693565 -11.37682343 -10.81544399  -9.79497147]]
0
[[-8.05348682 -8.64842987 -6.67567635 -7.52990484]]
2
[[ -9.19693565 -11.37682343 -10.81544399  -9.79497147]]
0
[[-8.05348682 -8.64842987 -6.67567635 -7.52990484]]
2
[[ -9.19693565 -11.37682343 -10.81544399  -9.79497147]]
0
[[-8.05348682 -8.64842987 -6.67567635 -7.52990484]]
2
[[ -9.19693565 -11.37682343 -10.81544399  -9.79497147]]
0
[[-8.05348682 -8.64842987 -6.67567635 -7.52990484]]
2
[[ -9.19693565 -11.37682343 -10.81544399  -9.79497147]]
0
[[-8.05348682 -8.64842987 -6.67567635 -7.52990484]]
2
[[ -9.19693565 -11.37682343 -10.81544399  -9.79497147]]
0
[[-8.05348682 -8.64842987 -6.67567635 -7.52990484]]
2
FAIL
2/37
