[[-11.90640926 -14.09334183 -11.6361866  -11.56911469]]
3
[[ -9.16996574 -11.3655777  -10.77407074  -9.75844765]]
0
[[-8.05345535 -8.61832047 -6.63916349 -7.52943039]]
2
[[ -9.16996574 -11.3655777  -10.77407074  -9.75844765]]
0
[[-8.05345535 -8.61832047 -6.63916349 -7.52943039]]
2
[[ -9.16996574 -11.3655777  -10.77407074  -9.75844765]]
0
[[-8.05345535 -8.61832047 -6.63916349 -7.52943039]]
2
[[ -9.16996574 -11.3655777  -10.77407074  -9.75844765]]
0
[[-8.05345535 -8.61832047 -6.63916349 -7.52943039]]
2
[[ -9.16996574 -11.3655777  -10.77407074  -9.75844765]]
0
[[-8.05345535 -8.61832047 -6.63916349 -7.52943039]]
2
[[ -9.16996574 -11.3655777  -10.77407074  -9.75844765]]
0
[[-8.05345535 -8.61832047 -6.63916349 -7.52943039]]
2
[[ -9.16996574 -11.3655777  -10.77407074  -9.75844765]]
0
[[-8.05345535 -8.61832047 -6.63916349 -7.52943039]]
2
[[ -9.16996574 -11.3655777  -10.77407074  -9.75844765]]
0
[[-8.05345535 -8.61832047 -6.63916349 -7.52943039]]
2
[[ -9.16996574 -11.3655777  -10.77407074  -9.75844765]]
0
[[-8.05345535 -8.61832047 -6.63916349 -7.52943039]]
2
[[ -9.16996574 -11.3655777  -10.77407074  -9.75844765]]
0
[[-8.05345535 -8.61832047 -6.63916349 -7.52943039]]
2
[[ -9.16996574 -11.3655777  -10.77407074  -9.75844765]]
0
[[-8.05345535 -8.61832047 -6.63916349 -7.52943039]]
2
[[ -9.16996574 -11.3655777  -10.77407074  -9.75844765]]
0
[[-8.05345535 -8.61832047 -6.63916349 -7.52943039]]
2
[[ -9.16996574 -11.3655777  -10.77407074  -9.75844765]]
0
[[-8.05345535 -8.61832047 -6.63916349 -7.52943039]]
2
[[ -9.16996574 -11.3655777  -10.77407074  -9.75844765]]
0
[[-8.05345535 -8.61832047 -6.63916349 -7.52943039]]
2
[[ -9.16996574 -11.3655777  -10.77407074  -9.75844765]]
0
[[-8.05345535 -8.61832047 -6.63916349 -7.52943039]]
2
[[ -9.16996574 -11.3655777  -10.77407074  -9.75844765]]
0
[[-8.05345535 -8.61832047 -6.63916349 -7.52943039]]
2
[[ -9.16996574 -11.3655777  -10.77407074  -9.75844765]]
0
[[-8.05345535 -8.61832047 -6.63916349 -7.52943039]]
2
[[ -9.16996574 -11.3655777  -10.77407074  -9.75844765]]
0
[[-8.05345535 -8.61832047 -6.63916349 -7.52943039]]
2
[[ -9.16996574 -11.3655777  -10.77407074  -9.75844765]]
0
[[-8.05345535 -8.61832047 -6.63916349 -7.52943039]]
2
[[ -9.16996574 -11.3655777  -10.77407074  -9.75844765]]
0
[[-8.05345535 -8.61832047 -6.63916349 -7.52943039]]
2
[[ -9.16996574 -11.3655777  -10.77407074  -9.75844765]]
0
[[-8.05345535 -8.61832047 -6.63916349 -7.52943039]]
2
[[ -9.16996574 -11.3655777  -10.77407074  -9.75844765]]
0
[[-8.05345535 -8.61832047 -6.63916349 -7.52943039]]
2
[[ -9.16996574 -11.3655777  -10.77407074  -9.75844765]]
0
[[-8.05345535 -8.61832047 -6.63916349 -7.52943039]]
2
[[ -9.16996574 -11.3655777  -10.77407074  -9.75844765]]
0
[[-8.05345535 -8.61832047 -6.63916349 -7.52943039]]
2
[[ -9.16996574 -11.3655777  -10.77407074  -9.75844765]]
0
[[-8.05345535 -8.61832047 -6.63916349 -7.52943039]]
2
[[ -9.16996574 -11.3655777  -10.77407074  -9.75844765]]
0
[[-8.05345535 -8.61832047 -6.63916349 -7.52943039]]
2
[[ -9.16996574 -11.3655777  -10.77407074  -9.75844765]]
0
[[-8.05345535 -8.61832047 -6.63916349 -7.52943039]]
2
[[ -9.16996574 -11.3655777  -10.77407074  -9.75844765]]
0
[[-8.05345535 -8.61832047 -6.63916349 -7.52943039]]
2
[[ -9.16996574 -11.3655777  -10.77407074  -9.75844765]]
0
[[-8.05345535 -8.61832047 -6.63916349 -7.52943039]]
2
[[ -9.16996574 -11.3655777  -10.77407074  -9.75844765]]
0
[[-8.05345535 -8.61832047 -6.63916349 -7.52943039]]
2
[[ -9.16996574 -11.3655777  -10.77407074  -9.75844765]]
0
[[-8.05345535 -8.61832047 -6.63916349 -7.52943039]]
2
[[ -9.16996574 -11.3655777  -10.77407074  -9.75844765]]
0
[[-8.05345535 -8.61832047 -6.63916349 -7.52943039]]
2
[[ -9.16996574 -11.3655777  -10.77407074  -9.75844765]]
0
[[-8.05345535 -8.61832047 -6.63916349 -7.52943039]]
2
[[ -9.16996574 -11.3655777  -10.77407074  -9.75844765]]
0
[[-8.05345535 -8.61832047 -6.63916349 -7.52943039]]
2
[[ -9.16996574 -11.3655777  -10.77407074  -9.75844765]]
0
[[-8.05345535 -8.61832047 -6.63916349 -7.52943039]]
2
[[ -9.16996574 -11.3655777  -10.77407074  -9.75844765]]
0
[[-8.05345535 -8.61832047 -6.63916349 -7.52943039]]
2
[[ -9.16996574 -11.3655777  -10.77407074  -9.75844765]]
0
[[-8.05345535 -8.61832047 -6.63916349 -7.52943039]]
2
[[ -9.16996574 -11.3655777  -10.77407074  -9.75844765]]
0
[[-8.05345535 -8.61832047 -6.63916349 -7.52943039]]
2
[[ -9.16996574 -11.3655777  -10.77407074  -9.75844765]]
0
[[-8.05345535 -8.61832047 -6.63916349 -7.52943039]]
2
[[ -9.16996574 -11.3655777  -10.77407074  -9.75844765]]
0
[[-8.05345535 -8.61832047 -6.63916349 -7.52943039]]
2
[[ -9.16996574 -11.3655777  -10.77407074  -9.75844765]]
0
[[-8.05345535 -8.61832047 -6.63916349 -7.52943039]]
2
[[ -9.16996574 -11.3655777  -10.77407074  -9.75844765]]
0
[[-8.05345535 -8.61832047 -6.63916349 -7.52943039]]
2
[[ -9.16996574 -11.3655777  -10.77407074  -9.75844765]]
0
[[-8.05345535 -8.61832047 -6.63916349 -7.52943039]]
2
[[ -9.16996574 -11.3655777  -10.77407074  -9.75844765]]
0
[[-8.05345535 -8.61832047 -6.63916349 -7.52943039]]
2
[[ -9.16996574 -11.3655777  -10.77407074  -9.75844765]]
0
[[-8.05345535 -8.61832047 -6.63916349 -7.52943039]]
2
[[ -9.16996574 -11.3655777  -10.77407074  -9.75844765]]
0
[[-8.05345535 -8.61832047 -6.63916349 -7.52943039]]
2
[[ -9.16996574 -11.3655777  -10.77407074  -9.75844765]]
0
[[-8.05345535 -8.61832047 -6.63916349 -7.52943039]]
2
[[ -9.16996574 -11.3655777  -10.77407074  -9.75844765]]
0
[[-8.05345535 -8.61832047 -6.63916349 -7.52943039]]
2
[[ -9.16996574 -11.3655777  -10.77407074  -9.75844765]]
0
[[-8.05345535 -8.61832047 -6.63916349 -7.52943039]]
2
[[ -9.16996574 -11.3655777  -10.77407074  -9.75844765]]
0
[[-8.05345535 -8.61832047 -6.63916349 -7.52943039]]
2
FAIL
2/37
