[[-11.90660286 -14.0873518  -11.6095953  -11.55572891]]
3
[[ -9.14554977 -11.3607254  -10.73650455  -9.72474861]]
0
[[-8.05586815 -8.59413433 -6.60727978 -7.53253889]]
2
[[ -9.14554977 -11.3607254  -10.73650455  -9.72474861]]
0
[[-8.05586815 -8.59413433 -6.60727978 -7.53253889]]
2
[[ -9.14554977 -11.3607254  -10.73650455  -9.72474861]]
0
[[-8.05586815 -8.59413433 -6.60727978 -7.53253889]]
2
[[ -9.14554977 -11.3607254  -10.73650455  -9.72474861]]
0
[[-8.05586815 -8.59413433 -6.60727978 -7.53253889]]
2
[[ -9.14554977 -11.3607254  -10.73650455  -9.72474861]]
0
[[-8.05586815 -8.59413433 -6.60727978 -7.53253889]]
2
[[ -9.14554977 -11.3607254  -10.73650455  -9.72474861]]
0
[[-8.05586815 -8.59413433 -6.60727978 -7.53253889]]
2
[[ -9.14554977 -11.3607254  -10.73650455  -9.72474861]]
0
[[-8.05586815 -8.59413433 -6.60727978 -7.53253889]]
2
[[ -9.14554977 -11.3607254  -10.73650455  -9.72474861]]
0
[[-8.05586815 -8.59413433 -6.60727978 -7.53253889]]
2
[[ -9.14554977 -11.3607254  -10.73650455  -9.72474861]]
0
[[-8.05586815 -8.59413433 -6.60727978 -7.53253889]]
2
[[ -9.14554977 -11.3607254  -10.73650455  -9.72474861]]
0
[[-8.05586815 -8.59413433 -6.60727978 -7.53253889]]
2
[[ -9.14554977 -11.3607254  -10.73650455  -9.72474861]]
0
[[-8.05586815 -8.59413433 -6.60727978 -7.53253889]]
2
[[ -9.14554977 -11.3607254  -10.73650455  -9.72474861]]
0
[[-8.05586815 -8.59413433 -6.60727978 -7.53253889]]
2
[[ -9.14554977 -11.3607254  -10.73650455  -9.72474861]]
0
[[-8.05586815 -8.59413433 -6.60727978 -7.53253889]]
2
[[ -9.14554977 -11.3607254  -10.73650455  -9.72474861]]
0
[[-8.05586815 -8.59413433 -6.60727978 -7.53253889]]
2
[[ -9.14554977 -11.3607254  -10.73650455  -9.72474861]]
0
[[-8.05586815 -8.59413433 -6.60727978 -7.53253889]]
2
[[ -9.14554977 -11.3607254  -10.73650455  -9.72474861]]
0
[[-8.05586815 -8.59413433 -6.60727978 -7.53253889]]
2
[[ -9.14554977 -11.3607254  -10.73650455  -9.72474861]]
0
[[-8.05586815 -8.59413433 -6.60727978 -7.53253889]]
2
[[ -9.14554977 -11.3607254  -10.73650455  -9.72474861]]
0
[[-8.05586815 -8.59413433 -6.60727978 -7.53253889]]
2
[[ -9.14554977 -11.3607254  -10.73650455  -9.72474861]]
0
[[-8.05586815 -8.59413433 -6.60727978 -7.53253889]]
2
[[ -9.14554977 -11.3607254  -10.73650455  -9.72474861]]
0
[[-8.05586815 -8.59413433 -6.60727978 -7.53253889]]
2
[[ -9.14554977 -11.3607254  -10.73650455  -9.72474861]]
0
[[-8.05586815 -8.59413433 -6.60727978 -7.53253889]]
2
[[ -9.14554977 -11.3607254  -10.73650455  -9.72474861]]
0
[[-8.05586815 -8.59413433 -6.60727978 -7.53253889]]
2
[[ -9.14554977 -11.3607254  -10.73650455  -9.72474861]]
0
[[-8.05586815 -8.59413433 -6.60727978 -7.53253889]]
2
[[ -9.14554977 -11.3607254  -10.73650455  -9.72474861]]
0
[[-8.05586815 -8.59413433 -6.60727978 -7.53253889]]
2
[[ -9.14554977 -11.3607254  -10.73650455  -9.72474861]]
0
[[-8.05586815 -8.59413433 -6.60727978 -7.53253889]]
2
[[ -9.14554977 -11.3607254  -10.73650455  -9.72474861]]
0
[[-8.05586815 -8.59413433 -6.60727978 -7.53253889]]
2
[[ -9.14554977 -11.3607254  -10.73650455  -9.72474861]]
0
[[-8.05586815 -8.59413433 -6.60727978 -7.53253889]]
2
[[ -9.14554977 -11.3607254  -10.73650455  -9.72474861]]
0
[[-8.05586815 -8.59413433 -6.60727978 -7.53253889]]
2
[[ -9.14554977 -11.3607254  -10.73650455  -9.72474861]]
0
[[-8.05586815 -8.59413433 -6.60727978 -7.53253889]]
2
[[ -9.14554977 -11.3607254  -10.73650455  -9.72474861]]
0
[[-8.05586815 -8.59413433 -6.60727978 -7.53253889]]
2
[[ -9.14554977 -11.3607254  -10.73650455  -9.72474861]]
0
[[-8.05586815 -8.59413433 -6.60727978 -7.53253889]]
2
[[ -9.14554977 -11.3607254  -10.73650455  -9.72474861]]
0
[[-8.05586815 -8.59413433 -6.60727978 -7.53253889]]
2
[[ -9.14554977 -11.3607254  -10.73650455  -9.72474861]]
0
[[-8.05586815 -8.59413433 -6.60727978 -7.53253889]]
2
[[ -9.14554977 -11.3607254  -10.73650455  -9.72474861]]
0
[[-8.05586815 -8.59413433 -6.60727978 -7.53253889]]
2
[[ -9.14554977 -11.3607254  -10.73650455  -9.72474861]]
0
[[-8.05586815 -8.59413433 -6.60727978 -7.53253889]]
2
[[ -9.14554977 -11.3607254  -10.73650455  -9.72474861]]
0
[[-8.05586815 -8.59413433 -6.60727978 -7.53253889]]
2
[[ -9.14554977 -11.3607254  -10.73650455  -9.72474861]]
0
[[-8.05586815 -8.59413433 -6.60727978 -7.53253889]]
2
[[ -9.14554977 -11.3607254  -10.73650455  -9.72474861]]
0
[[-8.05586815 -8.59413433 -6.60727978 -7.53253889]]
2
[[ -9.14554977 -11.3607254  -10.73650455  -9.72474861]]
0
[[-8.05586815 -8.59413433 -6.60727978 -7.53253889]]
2
[[ -9.14554977 -11.3607254  -10.73650455  -9.72474861]]
0
[[-8.05586815 -8.59413433 -6.60727978 -7.53253889]]
2
[[ -9.14554977 -11.3607254  -10.73650455  -9.72474861]]
0
[[-8.05586815 -8.59413433 -6.60727978 -7.53253889]]
2
[[ -9.14554977 -11.3607254  -10.73650455  -9.72474861]]
0
[[-8.05586815 -8.59413433 -6.60727978 -7.53253889]]
2
[[ -9.14554977 -11.3607254  -10.73650455  -9.72474861]]
0
[[-8.05586815 -8.59413433 -6.60727978 -7.53253889]]
2
[[ -9.14554977 -11.3607254  -10.73650455  -9.72474861]]
0
[[-8.05586815 -8.59413433 -6.60727978 -7.53253889]]
2
[[ -9.14554977 -11.3607254  -10.73650455  -9.72474861]]
0
[[-8.05586815 -8.59413433 -6.60727978 -7.53253889]]
2
[[ -9.14554977 -11.3607254  -10.73650455  -9.72474861]]
0
[[-8.05586815 -8.59413433 -6.60727978 -7.53253889]]
2
[[ -9.14554977 -11.3607254  -10.73650455  -9.72474861]]
0
[[-8.05586815 -8.59413433 -6.60727978 -7.53253889]]
2
[[ -9.14554977 -11.3607254  -10.73650455  -9.72474861]]
0
[[-8.05586815 -8.59413433 -6.60727978 -7.53253889]]
2
[[ -9.14554977 -11.3607254  -10.73650455  -9.72474861]]
0
[[-8.05586815 -8.59413433 -6.60727978 -7.53253889]]
2
[[ -9.14554977 -11.3607254  -10.73650455  -9.72474861]]
0
[[-8.05586815 -8.59413433 -6.60727978 -7.53253889]]
2
FAIL
2/37
