[[-11.90557098 -14.07983971 -11.5827837  -11.54168701]]
3
[[ -9.12810421 -11.36013794 -10.70664978  -9.69809151]]
0
[[-8.05808544 -8.57291794 -6.57889175 -7.53558445]]
2
[[ -9.12810421 -11.36013794 -10.70664978  -9.69809151]]
0
[[-8.05808544 -8.57291794 -6.57889175 -7.53558445]]
2
[[ -9.12810421 -11.36013794 -10.70664978  -9.69809151]]
0
[[-8.05808544 -8.57291794 -6.57889175 -7.53558445]]
2
[[ -9.12810421 -11.36013794 -10.70664978  -9.69809151]]
0
[[-8.05808544 -8.57291794 -6.57889175 -7.53558445]]
2
[[ -9.12810421 -11.36013794 -10.70664978  -9.69809151]]
0
[[-8.05808544 -8.57291794 -6.57889175 -7.53558445]]
2
[[ -9.12810421 -11.36013794 -10.70664978  -9.69809151]]
0
[[-8.05808544 -8.57291794 -6.57889175 -7.53558445]]
2
[[ -9.12810421 -11.36013794 -10.70664978  -9.69809151]]
0
[[-8.05808544 -8.57291794 -6.57889175 -7.53558445]]
2
[[ -9.12810421 -11.36013794 -10.70664978  -9.69809151]]
0
[[-8.05808544 -8.57291794 -6.57889175 -7.53558445]]
2
[[ -9.12810421 -11.36013794 -10.70664978  -9.69809151]]
0
[[-8.05808544 -8.57291794 -6.57889175 -7.53558445]]
2
[[ -9.12810421 -11.36013794 -10.70664978  -9.69809151]]
0
[[-8.05808544 -8.57291794 -6.57889175 -7.53558445]]
2
[[ -9.12810421 -11.36013794 -10.70664978  -9.69809151]]
0
[[-8.05808544 -8.57291794 -6.57889175 -7.53558445]]
2
[[ -9.12810421 -11.36013794 -10.70664978  -9.69809151]]
0
[[-8.05808544 -8.57291794 -6.57889175 -7.53558445]]
2
[[ -9.12810421 -11.36013794 -10.70664978  -9.69809151]]
0
[[-8.05808544 -8.57291794 -6.57889175 -7.53558445]]
2
[[ -9.12810421 -11.36013794 -10.70664978  -9.69809151]]
0
[[-8.05808544 -8.57291794 -6.57889175 -7.53558445]]
2
[[ -9.12810421 -11.36013794 -10.70664978  -9.69809151]]
0
[[-8.05808544 -8.57291794 -6.57889175 -7.53558445]]
2
[[ -9.12810421 -11.36013794 -10.70664978  -9.69809151]]
0
[[-8.05808544 -8.57291794 -6.57889175 -7.53558445]]
2
[[ -9.12810421 -11.36013794 -10.70664978  -9.69809151]]
0
[[-8.05808544 -8.57291794 -6.57889175 -7.53558445]]
2
[[ -9.12810421 -11.36013794 -10.70664978  -9.69809151]]
0
[[-8.05808544 -8.57291794 -6.57889175 -7.53558445]]
2
[[ -9.12810421 -11.36013794 -10.70664978  -9.69809151]]
0
[[-8.05808544 -8.57291794 -6.57889175 -7.53558445]]
2
[[ -9.12810421 -11.36013794 -10.70664978  -9.69809151]]
0
[[-8.05808544 -8.57291794 -6.57889175 -7.53558445]]
2
[[ -9.12810421 -11.36013794 -10.70664978  -9.69809151]]
0
[[-8.05808544 -8.57291794 -6.57889175 -7.53558445]]
2
[[ -9.12810421 -11.36013794 -10.70664978  -9.69809151]]
0
[[-8.05808544 -8.57291794 -6.57889175 -7.53558445]]
2
[[ -9.12810421 -11.36013794 -10.70664978  -9.69809151]]
0
[[-8.05808544 -8.57291794 -6.57889175 -7.53558445]]
2
[[ -9.12810421 -11.36013794 -10.70664978  -9.69809151]]
0
[[-8.05808544 -8.57291794 -6.57889175 -7.53558445]]
2
[[ -9.12810421 -11.36013794 -10.70664978  -9.69809151]]
0
[[-8.05808544 -8.57291794 -6.57889175 -7.53558445]]
2
[[ -9.12810421 -11.36013794 -10.70664978  -9.69809151]]
0
[[-8.05808544 -8.57291794 -6.57889175 -7.53558445]]
2
[[ -9.12810421 -11.36013794 -10.70664978  -9.69809151]]
0
[[-8.05808544 -8.57291794 -6.57889175 -7.53558445]]
2
[[ -9.12810421 -11.36013794 -10.70664978  -9.69809151]]
0
[[-8.05808544 -8.57291794 -6.57889175 -7.53558445]]
2
[[ -9.12810421 -11.36013794 -10.70664978  -9.69809151]]
0
[[-8.05808544 -8.57291794 -6.57889175 -7.53558445]]
2
[[ -9.12810421 -11.36013794 -10.70664978  -9.69809151]]
0
[[-8.05808544 -8.57291794 -6.57889175 -7.53558445]]
2
[[ -9.12810421 -11.36013794 -10.70664978  -9.69809151]]
0
[[-8.05808544 -8.57291794 -6.57889175 -7.53558445]]
2
[[ -9.12810421 -11.36013794 -10.70664978  -9.69809151]]
0
[[-8.05808544 -8.57291794 -6.57889175 -7.53558445]]
2
[[ -9.12810421 -11.36013794 -10.70664978  -9.69809151]]
0
[[-8.05808544 -8.57291794 -6.57889175 -7.53558445]]
2
[[ -9.12810421 -11.36013794 -10.70664978  -9.69809151]]
0
[[-8.05808544 -8.57291794 -6.57889175 -7.53558445]]
2
[[ -9.12810421 -11.36013794 -10.70664978  -9.69809151]]
0
[[-8.05808544 -8.57291794 -6.57889175 -7.53558445]]
2
[[ -9.12810421 -11.36013794 -10.70664978  -9.69809151]]
0
[[-8.05808544 -8.57291794 -6.57889175 -7.53558445]]
2
[[ -9.12810421 -11.36013794 -10.70664978  -9.69809151]]
0
[[-8.05808544 -8.57291794 -6.57889175 -7.53558445]]
2
[[ -9.12810421 -11.36013794 -10.70664978  -9.69809151]]
0
[[-8.05808544 -8.57291794 -6.57889175 -7.53558445]]
2
[[ -9.12810421 -11.36013794 -10.70664978  -9.69809151]]
0
[[-8.05808544 -8.57291794 -6.57889175 -7.53558445]]
2
[[ -9.12810421 -11.36013794 -10.70664978  -9.69809151]]
0
[[-8.05808544 -8.57291794 -6.57889175 -7.53558445]]
2
[[ -9.12810421 -11.36013794 -10.70664978  -9.69809151]]
0
[[-8.05808544 -8.57291794 -6.57889175 -7.53558445]]
2
[[ -9.12810421 -11.36013794 -10.70664978  -9.69809151]]
0
[[-8.05808544 -8.57291794 -6.57889175 -7.53558445]]
2
[[ -9.12810421 -11.36013794 -10.70664978  -9.69809151]]
0
[[-8.05808544 -8.57291794 -6.57889175 -7.53558445]]
2
[[ -9.12810421 -11.36013794 -10.70664978  -9.69809151]]
0
[[-8.05808544 -8.57291794 -6.57889175 -7.53558445]]
2
[[ -9.12810421 -11.36013794 -10.70664978  -9.69809151]]
0
[[-8.05808544 -8.57291794 -6.57889175 -7.53558445]]
2
[[ -9.12810421 -11.36013794 -10.70664978  -9.69809151]]
0
[[-8.05808544 -8.57291794 -6.57889175 -7.53558445]]
2
[[ -9.12810421 -11.36013794 -10.70664978  -9.69809151]]
0
[[-8.05808544 -8.57291794 -6.57889175 -7.53558445]]
2
[[ -9.12810421 -11.36013794 -10.70664978  -9.69809151]]
0
[[-8.05808544 -8.57291794 -6.57889175 -7.53558445]]
2
[[ -9.12810421 -11.36013794 -10.70664978  -9.69809151]]
0
[[-8.05808544 -8.57291794 -6.57889175 -7.53558445]]
2
[[ -9.12810421 -11.36013794 -10.70664978  -9.69809151]]
0
[[-8.05808544 -8.57291794 -6.57889175 -7.53558445]]
2
FAIL
2/37
