[[-11.90358162 -14.07173347 -11.55686855 -11.52734089]]
3
[[ -9.11314487 -11.3617239  -10.67835522  -9.67341328]]
0
[[-8.05917645 -8.55150223 -6.55158138 -7.5370698 ]]
2
[[ -9.11314487 -11.3617239  -10.67835522  -9.67341328]]
0
[[-8.05917645 -8.55150223 -6.55158138 -7.5370698 ]]
2
[[ -9.11314487 -11.3617239  -10.67835522  -9.67341328]]
0
[[-8.05917645 -8.55150223 -6.55158138 -7.5370698 ]]
2
[[ -9.11314487 -11.3617239  -10.67835522  -9.67341328]]
0
[[-8.05917645 -8.55150223 -6.55158138 -7.5370698 ]]
2
[[ -9.11314487 -11.3617239  -10.67835522  -9.67341328]]
0
[[-8.05917645 -8.55150223 -6.55158138 -7.5370698 ]]
2
[[ -9.11314487 -11.3617239  -10.67835522  -9.67341328]]
0
[[-8.05917645 -8.55150223 -6.55158138 -7.5370698 ]]
2
[[ -9.11314487 -11.3617239  -10.67835522  -9.67341328]]
0
[[-8.05917645 -8.55150223 -6.55158138 -7.5370698 ]]
2
[[ -9.11314487 -11.3617239  -10.67835522  -9.67341328]]
0
[[-8.05917645 -8.55150223 -6.55158138 -7.5370698 ]]
2
[[ -9.11314487 -11.3617239  -10.67835522  -9.67341328]]
0
[[-8.05917645 -8.55150223 -6.55158138 -7.5370698 ]]
2
[[ -9.11314487 -11.3617239  -10.67835522  -9.67341328]]
0
[[-8.05917645 -8.55150223 -6.55158138 -7.5370698 ]]
2
[[ -9.11314487 -11.3617239  -10.67835522  -9.67341328]]
0
[[-8.05917645 -8.55150223 -6.55158138 -7.5370698 ]]
2
[[ -9.11314487 -11.3617239  -10.67835522  -9.67341328]]
0
[[-8.05917645 -8.55150223 -6.55158138 -7.5370698 ]]
2
[[ -9.11314487 -11.3617239  -10.67835522  -9.67341328]]
0
[[-8.05917645 -8.55150223 -6.55158138 -7.5370698 ]]
2
[[ -9.11314487 -11.3617239  -10.67835522  -9.67341328]]
0
[[-8.05917645 -8.55150223 -6.55158138 -7.5370698 ]]
2
[[ -9.11314487 -11.3617239  -10.67835522  -9.67341328]]
0
[[-8.05917645 -8.55150223 -6.55158138 -7.5370698 ]]
2
[[ -9.11314487 -11.3617239  -10.67835522  -9.67341328]]
0
[[-8.05917645 -8.55150223 -6.55158138 -7.5370698 ]]
2
[[ -9.11314487 -11.3617239  -10.67835522  -9.67341328]]
0
[[-8.05917645 -8.55150223 -6.55158138 -7.5370698 ]]
2
[[ -9.11314487 -11.3617239  -10.67835522  -9.67341328]]
0
[[-8.05917645 -8.55150223 -6.55158138 -7.5370698 ]]
2
[[ -9.11314487 -11.3617239  -10.67835522  -9.67341328]]
0
[[-8.05917645 -8.55150223 -6.55158138 -7.5370698 ]]
2
[[ -9.11314487 -11.3617239  -10.67835522  -9.67341328]]
0
[[-8.05917645 -8.55150223 -6.55158138 -7.5370698 ]]
2
[[ -9.11314487 -11.3617239  -10.67835522  -9.67341328]]
0
[[-8.05917645 -8.55150223 -6.55158138 -7.5370698 ]]
2
[[ -9.11314487 -11.3617239  -10.67835522  -9.67341328]]
0
[[-8.05917645 -8.55150223 -6.55158138 -7.5370698 ]]
2
[[ -9.11314487 -11.3617239  -10.67835522  -9.67341328]]
0
[[-8.05917645 -8.55150223 -6.55158138 -7.5370698 ]]
2
[[ -9.11314487 -11.3617239  -10.67835522  -9.67341328]]
0
[[-8.05917645 -8.55150223 -6.55158138 -7.5370698 ]]
2
[[ -9.11314487 -11.3617239  -10.67835522  -9.67341328]]
0
[[-8.05917645 -8.55150223 -6.55158138 -7.5370698 ]]
2
[[ -9.11314487 -11.3617239  -10.67835522  -9.67341328]]
0
[[-8.05917645 -8.55150223 -6.55158138 -7.5370698 ]]
2
[[ -9.11314487 -11.3617239  -10.67835522  -9.67341328]]
0
[[-8.05917645 -8.55150223 -6.55158138 -7.5370698 ]]
2
[[ -9.11314487 -11.3617239  -10.67835522  -9.67341328]]
0
[[-8.05917645 -8.55150223 -6.55158138 -7.5370698 ]]
2
[[ -9.11314487 -11.3617239  -10.67835522  -9.67341328]]
0
[[-8.05917645 -8.55150223 -6.55158138 -7.5370698 ]]
2
[[ -9.11314487 -11.3617239  -10.67835522  -9.67341328]]
0
[[-8.05917645 -8.55150223 -6.55158138 -7.5370698 ]]
2
[[ -9.11314487 -11.3617239  -10.67835522  -9.67341328]]
0
[[-8.05917645 -8.55150223 -6.55158138 -7.5370698 ]]
2
[[ -9.11314487 -11.3617239  -10.67835522  -9.67341328]]
0
[[-8.05917645 -8.55150223 -6.55158138 -7.5370698 ]]
2
[[ -9.11314487 -11.3617239  -10.67835522  -9.67341328]]
0
[[-8.05917645 -8.55150223 -6.55158138 -7.5370698 ]]
2
[[ -9.11314487 -11.3617239  -10.67835522  -9.67341328]]
0
[[-8.05917645 -8.55150223 -6.55158138 -7.5370698 ]]
2
[[ -9.11314487 -11.3617239  -10.67835522  -9.67341328]]
0
[[-8.05917645 -8.55150223 -6.55158138 -7.5370698 ]]
2
[[ -9.11314487 -11.3617239  -10.67835522  -9.67341328]]
0
[[-8.05917645 -8.55150223 -6.55158138 -7.5370698 ]]
2
[[ -9.11314487 -11.3617239  -10.67835522  -9.67341328]]
0
[[-8.05917645 -8.55150223 -6.55158138 -7.5370698 ]]
2
[[ -9.11314487 -11.3617239  -10.67835522  -9.67341328]]
0
[[-8.05917645 -8.55150223 -6.55158138 -7.5370698 ]]
2
[[ -9.11314487 -11.3617239  -10.67835522  -9.67341328]]
0
[[-8.05917645 -8.55150223 -6.55158138 -7.5370698 ]]
2
[[ -9.11314487 -11.3617239  -10.67835522  -9.67341328]]
0
[[-8.05917645 -8.55150223 -6.55158138 -7.5370698 ]]
2
[[ -9.11314487 -11.3617239  -10.67835522  -9.67341328]]
0
[[-8.05917645 -8.55150223 -6.55158138 -7.5370698 ]]
2
[[ -9.11314487 -11.3617239  -10.67835522  -9.67341328]]
0
[[-8.05917645 -8.55150223 -6.55158138 -7.5370698 ]]
2
[[ -9.11314487 -11.3617239  -10.67835522  -9.67341328]]
0
[[-8.05917645 -8.55150223 -6.55158138 -7.5370698 ]]
2
[[ -9.11314487 -11.3617239  -10.67835522  -9.67341328]]
0
[[-8.05917645 -8.55150223 -6.55158138 -7.5370698 ]]
2
[[ -9.11314487 -11.3617239  -10.67835522  -9.67341328]]
0
[[-8.05917645 -8.55150223 -6.55158138 -7.5370698 ]]
2
[[ -9.11314487 -11.3617239  -10.67835522  -9.67341328]]
0
[[-8.05917645 -8.55150223 -6.55158138 -7.5370698 ]]
2
[[ -9.11314487 -11.3617239  -10.67835522  -9.67341328]]
0
[[-8.05917645 -8.55150223 -6.55158138 -7.5370698 ]]
2
[[ -9.11314487 -11.3617239  -10.67835522  -9.67341328]]
0
[[-8.05917645 -8.55150223 -6.55158138 -7.5370698 ]]
2
[[ -9.11314487 -11.3617239  -10.67835522  -9.67341328]]
0
[[-8.05917645 -8.55150223 -6.55158138 -7.5370698 ]]
2
[[ -9.11314487 -11.3617239  -10.67835522  -9.67341328]]
0
[[-8.05917645 -8.55150223 -6.55158138 -7.5370698 ]]
2
FAIL
2/37
