[[-11.90428066 -14.0664854  -11.53303337 -11.51622009]]
3
[[ -9.10191345 -11.36409855 -10.65060616  -9.65247059]]
0
[[-8.05987072 -8.5302763  -6.52406883 -7.5379982 ]]
2
[[ -9.10191345 -11.36409855 -10.65060616  -9.65247059]]
0
[[-8.05987072 -8.5302763  -6.52406883 -7.5379982 ]]
2
[[ -9.10191345 -11.36409855 -10.65060616  -9.65247059]]
0
[[-8.05987072 -8.5302763  -6.52406883 -7.5379982 ]]
2
[[ -9.10191345 -11.36409855 -10.65060616  -9.65247059]]
0
[[-8.05987072 -8.5302763  -6.52406883 -7.5379982 ]]
2
[[ -9.10191345 -11.36409855 -10.65060616  -9.65247059]]
0
[[-8.05987072 -8.5302763  -6.52406883 -7.5379982 ]]
2
[[ -9.10191345 -11.36409855 -10.65060616  -9.65247059]]
0
[[-8.05987072 -8.5302763  -6.52406883 -7.5379982 ]]
2
[[ -9.10191345 -11.36409855 -10.65060616  -9.65247059]]
0
[[-8.05987072 -8.5302763  -6.52406883 -7.5379982 ]]
2
[[ -9.10191345 -11.36409855 -10.65060616  -9.65247059]]
0
[[-8.05987072 -8.5302763  -6.52406883 -7.5379982 ]]
2
[[ -9.10191345 -11.36409855 -10.65060616  -9.65247059]]
0
[[-8.05987072 -8.5302763  -6.52406883 -7.5379982 ]]
2
[[ -9.10191345 -11.36409855 -10.65060616  -9.65247059]]
0
[[-8.05987072 -8.5302763  -6.52406883 -7.5379982 ]]
2
[[ -9.10191345 -11.36409855 -10.65060616  -9.65247059]]
0
[[-8.05987072 -8.5302763  -6.52406883 -7.5379982 ]]
2
[[ -9.10191345 -11.36409855 -10.65060616  -9.65247059]]
0
[[-8.05987072 -8.5302763  -6.52406883 -7.5379982 ]]
2
[[ -9.10191345 -11.36409855 -10.65060616  -9.65247059]]
0
[[-8.05987072 -8.5302763  -6.52406883 -7.5379982 ]]
2
[[ -9.10191345 -11.36409855 -10.65060616  -9.65247059]]
0
[[-8.05987072 -8.5302763  -6.52406883 -7.5379982 ]]
2
[[ -9.10191345 -11.36409855 -10.65060616  -9.65247059]]
0
[[-8.05987072 -8.5302763  -6.52406883 -7.5379982 ]]
2
[[ -9.10191345 -11.36409855 -10.65060616  -9.65247059]]
0
[[-8.05987072 -8.5302763  -6.52406883 -7.5379982 ]]
2
[[ -9.10191345 -11.36409855 -10.65060616  -9.65247059]]
0
[[-8.05987072 -8.5302763  -6.52406883 -7.5379982 ]]
2
[[ -9.10191345 -11.36409855 -10.65060616  -9.65247059]]
0
[[-8.05987072 -8.5302763  -6.52406883 -7.5379982 ]]
2
[[ -9.10191345 -11.36409855 -10.65060616  -9.65247059]]
0
[[-8.05987072 -8.5302763  -6.52406883 -7.5379982 ]]
2
[[ -9.10191345 -11.36409855 -10.65060616  -9.65247059]]
0
[[-8.05987072 -8.5302763  -6.52406883 -7.5379982 ]]
2
[[ -9.10191345 -11.36409855 -10.65060616  -9.65247059]]
0
[[-8.05987072 -8.5302763  -6.52406883 -7.5379982 ]]
2
[[ -9.10191345 -11.36409855 -10.65060616  -9.65247059]]
0
[[-8.05987072 -8.5302763  -6.52406883 -7.5379982 ]]
2
[[ -9.10191345 -11.36409855 -10.65060616  -9.65247059]]
0
[[-8.05987072 -8.5302763  -6.52406883 -7.5379982 ]]
2
[[ -9.10191345 -11.36409855 -10.65060616  -9.65247059]]
0
[[-8.05987072 -8.5302763  -6.52406883 -7.5379982 ]]
2
[[ -9.10191345 -11.36409855 -10.65060616  -9.65247059]]
0
[[-8.05987072 -8.5302763  -6.52406883 -7.5379982 ]]
2
[[ -9.10191345 -11.36409855 -10.65060616  -9.65247059]]
0
[[-8.05987072 -8.5302763  -6.52406883 -7.5379982 ]]
2
[[ -9.10191345 -11.36409855 -10.65060616  -9.65247059]]
0
[[-8.05987072 -8.5302763  -6.52406883 -7.5379982 ]]
2
[[ -9.10191345 -11.36409855 -10.65060616  -9.65247059]]
0
[[-8.05987072 -8.5302763  -6.52406883 -7.5379982 ]]
2
[[ -9.10191345 -11.36409855 -10.65060616  -9.65247059]]
0
[[-8.05987072 -8.5302763  -6.52406883 -7.5379982 ]]
2
[[ -9.10191345 -11.36409855 -10.65060616  -9.65247059]]
0
[[-8.05987072 -8.5302763  -6.52406883 -7.5379982 ]]
2
[[ -9.10191345 -11.36409855 -10.65060616  -9.65247059]]
0
[[-8.05987072 -8.5302763  -6.52406883 -7.5379982 ]]
2
[[ -9.10191345 -11.36409855 -10.65060616  -9.65247059]]
0
[[-8.05987072 -8.5302763  -6.52406883 -7.5379982 ]]
2
[[ -9.10191345 -11.36409855 -10.65060616  -9.65247059]]
0
[[-8.05987072 -8.5302763  -6.52406883 -7.5379982 ]]
2
[[ -9.10191345 -11.36409855 -10.65060616  -9.65247059]]
0
[[-8.05987072 -8.5302763  -6.52406883 -7.5379982 ]]
2
[[ -9.10191345 -11.36409855 -10.65060616  -9.65247059]]
0
[[-8.05987072 -8.5302763  -6.52406883 -7.5379982 ]]
2
[[ -9.10191345 -11.36409855 -10.65060616  -9.65247059]]
0
[[-8.05987072 -8.5302763  -6.52406883 -7.5379982 ]]
2
[[ -9.10191345 -11.36409855 -10.65060616  -9.65247059]]
0
[[-8.05987072 -8.5302763  -6.52406883 -7.5379982 ]]
2
[[ -9.10191345 -11.36409855 -10.65060616  -9.65247059]]
0
[[-8.05987072 -8.5302763  -6.52406883 -7.5379982 ]]
2
[[ -9.10191345 -11.36409855 -10.65060616  -9.65247059]]
0
[[-8.05987072 -8.5302763  -6.52406883 -7.5379982 ]]
2
[[ -9.10191345 -11.36409855 -10.65060616  -9.65247059]]
0
[[-8.05987072 -8.5302763  -6.52406883 -7.5379982 ]]
2
[[ -9.10191345 -11.36409855 -10.65060616  -9.65247059]]
0
[[-8.05987072 -8.5302763  -6.52406883 -7.5379982 ]]
2
[[ -9.10191345 -11.36409855 -10.65060616  -9.65247059]]
0
[[-8.05987072 -8.5302763  -6.52406883 -7.5379982 ]]
2
[[ -9.10191345 -11.36409855 -10.65060616  -9.65247059]]
0
[[-8.05987072 -8.5302763  -6.52406883 -7.5379982 ]]
2
[[ -9.10191345 -11.36409855 -10.65060616  -9.65247059]]
0
[[-8.05987072 -8.5302763  -6.52406883 -7.5379982 ]]
2
[[ -9.10191345 -11.36409855 -10.65060616  -9.65247059]]
0
[[-8.05987072 -8.5302763  -6.52406883 -7.5379982 ]]
2
[[ -9.10191345 -11.36409855 -10.65060616  -9.65247059]]
0
[[-8.05987072 -8.5302763  -6.52406883 -7.5379982 ]]
2
[[ -9.10191345 -11.36409855 -10.65060616  -9.65247059]]
0
[[-8.05987072 -8.5302763  -6.52406883 -7.5379982 ]]
2
[[ -9.10191345 -11.36409855 -10.65060616  -9.65247059]]
0
[[-8.05987072 -8.5302763  -6.52406883 -7.5379982 ]]
2
[[ -9.10191345 -11.36409855 -10.65060616  -9.65247059]]
0
[[-8.05987072 -8.5302763  -6.52406883 -7.5379982 ]]
2
[[ -9.10191345 -11.36409855 -10.65060616  -9.65247059]]
0
[[-8.05987072 -8.5302763  -6.52406883 -7.5379982 ]]
2
FAIL
2/37
