[[-11.91157436 -14.07265854 -11.51953316 -11.51464462]]
3
[[ -9.09449482 -11.36709213 -10.62213993  -9.63401127]]
0
[[-8.05711269 -8.50519753 -6.49193001 -7.5348525 ]]
2
[[ -9.09449482 -11.36709213 -10.62213993  -9.63401127]]
0
[[-8.05711269 -8.50519753 -6.49193001 -7.5348525 ]]
2
[[ -9.09449482 -11.36709213 -10.62213993  -9.63401127]]
0
[[-8.05711269 -8.50519753 -6.49193001 -7.5348525 ]]
2
[[ -9.09449482 -11.36709213 -10.62213993  -9.63401127]]
0
[[-8.05711269 -8.50519753 -6.49193001 -7.5348525 ]]
2
[[ -9.09449482 -11.36709213 -10.62213993  -9.63401127]]
0
[[-8.05711269 -8.50519753 -6.49193001 -7.5348525 ]]
2
[[ -9.09449482 -11.36709213 -10.62213993  -9.63401127]]
0
[[-8.05711269 -8.50519753 -6.49193001 -7.5348525 ]]
2
[[ -9.09449482 -11.36709213 -10.62213993  -9.63401127]]
0
[[-8.05711269 -8.50519753 -6.49193001 -7.5348525 ]]
2
[[ -9.09449482 -11.36709213 -10.62213993  -9.63401127]]
0
[[-8.05711269 -8.50519753 -6.49193001 -7.5348525 ]]
2
[[ -9.09449482 -11.36709213 -10.62213993  -9.63401127]]
0
[[-8.05711269 -8.50519753 -6.49193001 -7.5348525 ]]
2
[[ -9.09449482 -11.36709213 -10.62213993  -9.63401127]]
0
[[-8.05711269 -8.50519753 -6.49193001 -7.5348525 ]]
2
[[ -9.09449482 -11.36709213 -10.62213993  -9.63401127]]
0
[[-8.05711269 -8.50519753 -6.49193001 -7.5348525 ]]
2
[[ -9.09449482 -11.36709213 -10.62213993  -9.63401127]]
0
[[-8.05711269 -8.50519753 -6.49193001 -7.5348525 ]]
2
[[ -9.09449482 -11.36709213 -10.62213993  -9.63401127]]
0
[[-8.05711269 -8.50519753 -6.49193001 -7.5348525 ]]
2
[[ -9.09449482 -11.36709213 -10.62213993  -9.63401127]]
0
[[-8.05711269 -8.50519753 -6.49193001 -7.5348525 ]]
2
[[ -9.09449482 -11.36709213 -10.62213993  -9.63401127]]
0
[[-8.05711269 -8.50519753 -6.49193001 -7.5348525 ]]
2
[[ -9.09449482 -11.36709213 -10.62213993  -9.63401127]]
0
[[-8.05711269 -8.50519753 -6.49193001 -7.5348525 ]]
2
[[ -9.09449482 -11.36709213 -10.62213993  -9.63401127]]
0
[[-8.05711269 -8.50519753 -6.49193001 -7.5348525 ]]
2
[[ -9.09449482 -11.36709213 -10.62213993  -9.63401127]]
0
[[-8.05711269 -8.50519753 -6.49193001 -7.5348525 ]]
2
[[ -9.09449482 -11.36709213 -10.62213993  -9.63401127]]
0
[[-8.05711269 -8.50519753 -6.49193001 -7.5348525 ]]
2
[[ -9.09449482 -11.36709213 -10.62213993  -9.63401127]]
0
[[-8.05711269 -8.50519753 -6.49193001 -7.5348525 ]]
2
[[ -9.09449482 -11.36709213 -10.62213993  -9.63401127]]
0
[[-8.05711269 -8.50519753 -6.49193001 -7.5348525 ]]
2
[[ -9.09449482 -11.36709213 -10.62213993  -9.63401127]]
0
[[-8.05711269 -8.50519753 -6.49193001 -7.5348525 ]]
2
[[ -9.09449482 -11.36709213 -10.62213993  -9.63401127]]
0
[[-8.05711269 -8.50519753 -6.49193001 -7.5348525 ]]
2
[[ -9.09449482 -11.36709213 -10.62213993  -9.63401127]]
0
[[-8.05711269 -8.50519753 -6.49193001 -7.5348525 ]]
2
[[ -9.09449482 -11.36709213 -10.62213993  -9.63401127]]
0
[[-8.05711269 -8.50519753 -6.49193001 -7.5348525 ]]
2
[[ -9.09449482 -11.36709213 -10.62213993  -9.63401127]]
0
[[-8.05711269 -8.50519753 -6.49193001 -7.5348525 ]]
2
[[ -9.09449482 -11.36709213 -10.62213993  -9.63401127]]
0
[[-8.05711269 -8.50519753 -6.49193001 -7.5348525 ]]
2
[[ -9.09449482 -11.36709213 -10.62213993  -9.63401127]]
0
[[-8.05711269 -8.50519753 -6.49193001 -7.5348525 ]]
2
[[ -9.09449482 -11.36709213 -10.62213993  -9.63401127]]
0
[[-8.05711269 -8.50519753 -6.49193001 -7.5348525 ]]
2
[[ -9.09449482 -11.36709213 -10.62213993  -9.63401127]]
0
[[-8.05711269 -8.50519753 -6.49193001 -7.5348525 ]]
2
[[ -9.09449482 -11.36709213 -10.62213993  -9.63401127]]
0
[[-8.05711269 -8.50519753 -6.49193001 -7.5348525 ]]
2
[[ -9.09449482 -11.36709213 -10.62213993  -9.63401127]]
0
[[-8.05711269 -8.50519753 -6.49193001 -7.5348525 ]]
2
[[ -9.09449482 -11.36709213 -10.62213993  -9.63401127]]
0
[[-8.05711269 -8.50519753 -6.49193001 -7.5348525 ]]
2
[[ -9.09449482 -11.36709213 -10.62213993  -9.63401127]]
0
[[-8.05711269 -8.50519753 -6.49193001 -7.5348525 ]]
2
[[ -9.09449482 -11.36709213 -10.62213993  -9.63401127]]
0
[[-8.05711269 -8.50519753 -6.49193001 -7.5348525 ]]
2
[[ -9.09449482 -11.36709213 -10.62213993  -9.63401127]]
0
[[-8.05711269 -8.50519753 -6.49193001 -7.5348525 ]]
2
[[ -9.09449482 -11.36709213 -10.62213993  -9.63401127]]
0
[[-8.05711269 -8.50519753 -6.49193001 -7.5348525 ]]
2
[[ -9.09449482 -11.36709213 -10.62213993  -9.63401127]]
0
[[-8.05711269 -8.50519753 -6.49193001 -7.5348525 ]]
2
[[ -9.09449482 -11.36709213 -10.62213993  -9.63401127]]
0
[[-8.05711269 -8.50519753 -6.49193001 -7.5348525 ]]
2
[[ -9.09449482 -11.36709213 -10.62213993  -9.63401127]]
0
[[-8.05711269 -8.50519753 -6.49193001 -7.5348525 ]]
2
[[ -9.09449482 -11.36709213 -10.62213993  -9.63401127]]
0
[[-8.05711269 -8.50519753 -6.49193001 -7.5348525 ]]
2
[[ -9.09449482 -11.36709213 -10.62213993  -9.63401127]]
0
[[-8.05711269 -8.50519753 -6.49193001 -7.5348525 ]]
2
[[ -9.09449482 -11.36709213 -10.62213993  -9.63401127]]
0
[[-8.05711269 -8.50519753 -6.49193001 -7.5348525 ]]
2
[[ -9.09449482 -11.36709213 -10.62213993  -9.63401127]]
0
[[-8.05711269 -8.50519753 -6.49193001 -7.5348525 ]]
2
[[ -9.09449482 -11.36709213 -10.62213993  -9.63401127]]
0
[[-8.05711269 -8.50519753 -6.49193001 -7.5348525 ]]
2
[[ -9.09449482 -11.36709213 -10.62213993  -9.63401127]]
0
[[-8.05711269 -8.50519753 -6.49193001 -7.5348525 ]]
2
[[ -9.09449482 -11.36709213 -10.62213993  -9.63401127]]
0
[[-8.05711269 -8.50519753 -6.49193001 -7.5348525 ]]
2
[[ -9.09449482 -11.36709213 -10.62213993  -9.63401127]]
0
[[-8.05711269 -8.50519753 -6.49193001 -7.5348525 ]]
2
[[ -9.09449482 -11.36709213 -10.62213993  -9.63401127]]
0
[[-8.05711269 -8.50519753 -6.49193001 -7.5348525 ]]
2
[[ -9.09449482 -11.36709213 -10.62213993  -9.63401127]]
0
[[-8.05711269 -8.50519753 -6.49193001 -7.5348525 ]]
2
FAIL
2/37
