[[-4.58030939 -4.41121578 -4.01015234 -8.37522221]]
2
[[-2.79890633 -5.96924877 -3.04742408 -9.06451321]]
0
[[-4.58030939 -4.41121578 -4.01015234 -8.37522221]]
2
[[-2.79890633 -5.96924877 -3.04742408 -9.06451321]]
0
[[-4.58030939 -4.41121578 -4.01015234 -8.37522221]]
2
[[-2.79890633 -5.96924877 -3.04742408 -9.06451321]]
0
[[-4.58030939 -4.41121578 -4.01015234 -8.37522221]]
2
[[-2.79890633 -5.96924877 -3.04742408 -9.06451321]]
0
[[-4.58030939 -4.41121578 -4.01015234 -8.37522221]]
2
[[-2.79890633 -5.96924877 -3.04742408 -9.06451321]]
0
[[-4.58030939 -4.41121578 -4.01015234 -8.37522221]]
2
[[-2.79890633 -5.96924877 -3.04742408 -9.06451321]]
0
[[-4.58030939 -4.41121578 -4.01015234 -8.37522221]]
2
[[-2.79890633 -5.96924877 -3.04742408 -9.06451321]]
0
[[-4.58030939 -4.41121578 -4.01015234 -8.37522221]]
2
[[-2.79890633 -5.96924877 -3.04742408 -9.06451321]]
0
[[-4.58030939 -4.41121578 -4.01015234 -8.37522221]]
2
[[-2.79890633 -5.96924877 -3.04742408 -9.06451321]]
0
[[-4.58030939 -4.41121578 -4.01015234 -8.37522221]]
2
[[-2.79890633 -5.96924877 -3.04742408 -9.06451321]]
0
[[-4.58030939 -4.41121578 -4.01015234 -8.37522221]]
2
[[-2.79890633 -5.96924877 -3.04742408 -9.06451321]]
0
[[-4.58030939 -4.41121578 -4.01015234 -8.37522221]]
2
[[-2.79890633 -5.96924877 -3.04742408 -9.06451321]]
0
[[-4.58030939 -4.41121578 -4.01015234 -8.37522221]]
2
[[-2.79890633 -5.96924877 -3.04742408 -9.06451321]]
0
[[-4.58030939 -4.41121578 -4.01015234 -8.37522221]]
2
[[-2.79890633 -5.96924877 -3.04742408 -9.06451321]]
0
[[-4.58030939 -4.41121578 -4.01015234 -8.37522221]]
2
[[-2.79890633 -5.96924877 -3.04742408 -9.06451321]]
0
[[-4.58030939 -4.41121578 -4.01015234 -8.37522221]]
2
[[-2.79890633 -5.96924877 -3.04742408 -9.06451321]]
0
[[-4.58030939 -4.41121578 -4.01015234 -8.37522221]]
2
[[-2.79890633 -5.96924877 -3.04742408 -9.06451321]]
0
[[-4.58030939 -4.41121578 -4.01015234 -8.37522221]]
2
[[-2.79890633 -5.96924877 -3.04742408 -9.06451321]]
0
[[-4.58030939 -4.41121578 -4.01015234 -8.37522221]]
2
[[-2.79890633 -5.96924877 -3.04742408 -9.06451321]]
0
[[-4.58030939 -4.41121578 -4.01015234 -8.37522221]]
2
[[-2.79890633 -5.96924877 -3.04742408 -9.06451321]]
0
[[-4.58030939 -4.41121578 -4.01015234 -8.37522221]]
2
[[-2.79890633 -5.96924877 -3.04742408 -9.06451321]]
0
[[-4.58030939 -4.41121578 -4.01015234 -8.37522221]]
2
[[-2.79890633 -5.96924877 -3.04742408 -9.06451321]]
0
[[-4.58030939 -4.41121578 -4.01015234 -8.37522221]]
2
[[-2.79890633 -5.96924877 -3.04742408 -9.06451321]]
0
[[-4.58030939 -4.41121578 -4.01015234 -8.37522221]]
2
[[-2.79890633 -5.96924877 -3.04742408 -9.06451321]]
0
[[-4.58030939 -4.41121578 -4.01015234 -8.37522221]]
2
[[-2.79890633 -5.96924877 -3.04742408 -9.06451321]]
0
[[-4.58030939 -4.41121578 -4.01015234 -8.37522221]]
2
[[-2.79890633 -5.96924877 -3.04742408 -9.06451321]]
0
[[-4.58030939 -4.41121578 -4.01015234 -8.37522221]]
2
[[-2.79890633 -5.96924877 -3.04742408 -9.06451321]]
0
[[-4.58030939 -4.41121578 -4.01015234 -8.37522221]]
2
[[-2.79890633 -5.96924877 -3.04742408 -9.06451321]]
0
[[-4.58030939 -4.41121578 -4.01015234 -8.37522221]]
2
[[-2.79890633 -5.96924877 -3.04742408 -9.06451321]]
0
[[-4.58030939 -4.41121578 -4.01015234 -8.37522221]]
2
[[-2.79890633 -5.96924877 -3.04742408 -9.06451321]]
0
[[-4.58030939 -4.41121578 -4.01015234 -8.37522221]]
2
[[-2.79890633 -5.96924877 -3.04742408 -9.06451321]]
0
[[-4.58030939 -4.41121578 -4.01015234 -8.37522221]]
2
[[-2.79890633 -5.96924877 -3.04742408 -9.06451321]]
0
[[-4.58030939 -4.41121578 -4.01015234 -8.37522221]]
2
[[-2.79890633 -5.96924877 -3.04742408 -9.06451321]]
0
[[-4.58030939 -4.41121578 -4.01015234 -8.37522221]]
2
[[-2.79890633 -5.96924877 -3.04742408 -9.06451321]]
0
[[-4.58030939 -4.41121578 -4.01015234 -8.37522221]]
2
[[-2.79890633 -5.96924877 -3.04742408 -9.06451321]]
0
[[-4.58030939 -4.41121578 -4.01015234 -8.37522221]]
2
[[-2.79890633 -5.96924877 -3.04742408 -9.06451321]]
0
[[-4.58030939 -4.41121578 -4.01015234 -8.37522221]]
2
[[-2.79890633 -5.96924877 -3.04742408 -9.06451321]]
0
[[-4.58030939 -4.41121578 -4.01015234 -8.37522221]]
2
[[-2.79890633 -5.96924877 -3.04742408 -9.06451321]]
0
[[-4.58030939 -4.41121578 -4.01015234 -8.37522221]]
2
[[-2.79890633 -5.96924877 -3.04742408 -9.06451321]]
0
[[-4.58030939 -4.41121578 -4.01015234 -8.37522221]]
2
[[-2.79890633 -5.96924877 -3.04742408 -9.06451321]]
0
[[-4.58030939 -4.41121578 -4.01015234 -8.37522221]]
2
[[-2.79890633 -5.96924877 -3.04742408 -9.06451321]]
0
[[-4.58030939 -4.41121578 -4.01015234 -8.37522221]]
2
[[-2.79890633 -5.96924877 -3.04742408 -9.06451321]]
0
[[-4.58030939 -4.41121578 -4.01015234 -8.37522221]]
2
[[-2.79890633 -5.96924877 -3.04742408 -9.06451321]]
0
[[-4.58030939 -4.41121578 -4.01015234 -8.37522221]]
2
[[-2.79890633 -5.96924877 -3.04742408 -9.06451321]]
0
[[-4.58030939 -4.41121578 -4.01015234 -8.37522221]]
2
[[-2.79890633 -5.96924877 -3.04742408 -9.06451321]]
0
[[-4.58030939 -4.41121578 -4.01015234 -8.37522221]]
2
[[-2.79890633 -5.96924877 -3.04742408 -9.06451321]]
0
[[-4.58030939 -4.41121578 -4.01015234 -8.37522221]]
2
[[-2.79890633 -5.96924877 -3.04742408 -9.06451321]]
0
[[-4.58030939 -4.41121578 -4.01015234 -8.37522221]]
2
[[-2.79890633 -5.96924877 -3.04742408 -9.06451321]]
0
[[-4.58030939 -4.41121578 -4.01015234 -8.37522221]]
2
[[-2.79890633 -5.96924877 -3.04742408 -9.06451321]]
0
[[-4.58030939 -4.41121578 -4.01015234 -8.37522221]]
2
[[-2.79890633 -5.96924877 -3.04742408 -9.06451321]]
0
[[-4.58030939 -4.41121578 -4.01015234 -8.37522221]]
2
FAIL
0/5
