[[-3.45672703 -7.38426495 -4.25573301 -8.16534996]]
0
[[-11.74803257 -14.44013309   0.29111344  -7.58613634]]
2
[[-3.45672703 -7.38426495 -4.25573301 -8.16534996]]
0
[[-11.74803257 -14.44013309   0.29111344  -7.58613634]]
2
[[-3.45672703 -7.38426495 -4.25573301 -8.16534996]]
0
[[-11.74803257 -14.44013309   0.29111344  -7.58613634]]
2
[[-3.45672703 -7.38426495 -4.25573301 -8.16534996]]
0
[[-11.74803257 -14.44013309   0.29111344  -7.58613634]]
2
[[-3.45672703 -7.38426495 -4.25573301 -8.16534996]]
0
[[-11.74803257 -14.44013309   0.29111344  -7.58613634]]
2
[[-3.45672703 -7.38426495 -4.25573301 -8.16534996]]
0
[[-11.74803257 -14.44013309   0.29111344  -7.58613634]]
2
[[-3.45672703 -7.38426495 -4.25573301 -8.16534996]]
0
[[-11.74803257 -14.44013309   0.29111344  -7.58613634]]
2
[[-3.45672703 -7.38426495 -4.25573301 -8.16534996]]
0
[[-11.74803257 -14.44013309   0.29111344  -7.58613634]]
2
[[-3.45672703 -7.38426495 -4.25573301 -8.16534996]]
0
[[-11.74803257 -14.44013309   0.29111344  -7.58613634]]
2
[[-3.45672703 -7.38426495 -4.25573301 -8.16534996]]
0
[[-11.74803257 -14.44013309   0.29111344  -7.58613634]]
2
[[-3.45672703 -7.38426495 -4.25573301 -8.16534996]]
0
[[-11.74803257 -14.44013309   0.29111344  -7.58613634]]
2
[[-3.45672703 -7.38426495 -4.25573301 -8.16534996]]
0
[[-11.74803257 -14.44013309   0.29111344  -7.58613634]]
2
[[-3.45672703 -7.38426495 -4.25573301 -8.16534996]]
0
[[-11.74803257 -14.44013309   0.29111344  -7.58613634]]
2
[[-3.45672703 -7.38426495 -4.25573301 -8.16534996]]
0
[[-11.74803257 -14.44013309   0.29111344  -7.58613634]]
2
[[-3.45672703 -7.38426495 -4.25573301 -8.16534996]]
0
[[-11.74803257 -14.44013309   0.29111344  -7.58613634]]
2
[[-3.45672703 -7.38426495 -4.25573301 -8.16534996]]
0
[[-11.74803257 -14.44013309   0.29111344  -7.58613634]]
2
[[-3.45672703 -7.38426495 -4.25573301 -8.16534996]]
0
[[-11.74803257 -14.44013309   0.29111344  -7.58613634]]
2
[[-3.45672703 -7.38426495 -4.25573301 -8.16534996]]
0
[[-11.74803257 -14.44013309   0.29111344  -7.58613634]]
2
[[-3.45672703 -7.38426495 -4.25573301 -8.16534996]]
0
[[-11.74803257 -14.44013309   0.29111344  -7.58613634]]
2
[[-3.45672703 -7.38426495 -4.25573301 -8.16534996]]
0
[[-11.74803257 -14.44013309   0.29111344  -7.58613634]]
2
[[-3.45672703 -7.38426495 -4.25573301 -8.16534996]]
0
[[-11.74803257 -14.44013309   0.29111344  -7.58613634]]
2
[[-3.45672703 -7.38426495 -4.25573301 -8.16534996]]
0
[[-11.74803257 -14.44013309   0.29111344  -7.58613634]]
2
[[-3.45672703 -7.38426495 -4.25573301 -8.16534996]]
0
[[-11.74803257 -14.44013309   0.29111344  -7.58613634]]
2
[[-3.45672703 -7.38426495 -4.25573301 -8.16534996]]
0
[[-11.74803257 -14.44013309   0.29111344  -7.58613634]]
2
[[-3.45672703 -7.38426495 -4.25573301 -8.16534996]]
0
[[-11.74803257 -14.44013309   0.29111344  -7.58613634]]
2
[[-3.45672703 -7.38426495 -4.25573301 -8.16534996]]
0
[[-11.74803257 -14.44013309   0.29111344  -7.58613634]]
2
[[-3.45672703 -7.38426495 -4.25573301 -8.16534996]]
0
[[-11.74803257 -14.44013309   0.29111344  -7.58613634]]
2
[[-3.45672703 -7.38426495 -4.25573301 -8.16534996]]
0
[[-11.74803257 -14.44013309   0.29111344  -7.58613634]]
2
[[-3.45672703 -7.38426495 -4.25573301 -8.16534996]]
0
[[-11.74803257 -14.44013309   0.29111344  -7.58613634]]
2
[[-3.45672703 -7.38426495 -4.25573301 -8.16534996]]
0
[[-11.74803257 -14.44013309   0.29111344  -7.58613634]]
2
[[-3.45672703 -7.38426495 -4.25573301 -8.16534996]]
0
[[-11.74803257 -14.44013309   0.29111344  -7.58613634]]
2
[[-3.45672703 -7.38426495 -4.25573301 -8.16534996]]
0
[[-11.74803257 -14.44013309   0.29111344  -7.58613634]]
2
[[-3.45672703 -7.38426495 -4.25573301 -8.16534996]]
0
[[-11.74803257 -14.44013309   0.29111344  -7.58613634]]
2
[[-3.45672703 -7.38426495 -4.25573301 -8.16534996]]
0
[[-11.74803257 -14.44013309   0.29111344  -7.58613634]]
2
[[-3.45672703 -7.38426495 -4.25573301 -8.16534996]]
0
[[-11.74803257 -14.44013309   0.29111344  -7.58613634]]
2
[[-3.45672703 -7.38426495 -4.25573301 -8.16534996]]
0
[[-11.74803257 -14.44013309   0.29111344  -7.58613634]]
2
[[-3.45672703 -7.38426495 -4.25573301 -8.16534996]]
0
[[-11.74803257 -14.44013309   0.29111344  -7.58613634]]
2
[[-3.45672703 -7.38426495 -4.25573301 -8.16534996]]
0
[[-11.74803257 -14.44013309   0.29111344  -7.58613634]]
2
[[-3.45672703 -7.38426495 -4.25573301 -8.16534996]]
0
[[-11.74803257 -14.44013309   0.29111344  -7.58613634]]
2
[[-3.45672703 -7.38426495 -4.25573301 -8.16534996]]
0
[[-11.74803257 -14.44013309   0.29111344  -7.58613634]]
2
[[-3.45672703 -7.38426495 -4.25573301 -8.16534996]]
0
[[-11.74803257 -14.44013309   0.29111344  -7.58613634]]
2
[[-3.45672703 -7.38426495 -4.25573301 -8.16534996]]
0
[[-11.74803257 -14.44013309   0.29111344  -7.58613634]]
2
[[-3.45672703 -7.38426495 -4.25573301 -8.16534996]]
0
[[-11.74803257 -14.44013309   0.29111344  -7.58613634]]
2
[[-3.45672703 -7.38426495 -4.25573301 -8.16534996]]
0
[[-11.74803257 -14.44013309   0.29111344  -7.58613634]]
2
[[-3.45672703 -7.38426495 -4.25573301 -8.16534996]]
0
[[-11.74803257 -14.44013309   0.29111344  -7.58613634]]
2
[[-3.45672703 -7.38426495 -4.25573301 -8.16534996]]
0
[[-11.74803257 -14.44013309   0.29111344  -7.58613634]]
2
[[-3.45672703 -7.38426495 -4.25573301 -8.16534996]]
0
[[-11.74803257 -14.44013309   0.29111344  -7.58613634]]
2
[[-3.45672703 -7.38426495 -4.25573301 -8.16534996]]
0
[[-11.74803257 -14.44013309   0.29111344  -7.58613634]]
2
[[-3.45672703 -7.38426495 -4.25573301 -8.16534996]]
0
[[-11.74803257 -14.44013309   0.29111344  -7.58613634]]
2
[[-3.45672703 -7.38426495 -4.25573301 -8.16534996]]
0
[[-11.74803257 -14.44013309   0.29111344  -7.58613634]]
2
[[-3.45672703 -7.38426495 -4.25573301 -8.16534996]]
0
FAIL
1/2
