[[-10.46376228 -10.67059994 -10.78517056 -10.76799774]]
0
[[-13.16959763 -13.40434837 -13.40755558 -13.36782265]]
0
[[-13.04628468 -13.42148304 -13.03120899 -13.44501114]]
2
[[-13.16959763 -13.40434837 -13.40755558 -13.36782265]]
0
[[-13.04628468 -13.42148304 -13.03120899 -13.44501114]]
2
[[-13.16959763 -13.40434837 -13.40755558 -13.36782265]]
0
[[-13.04628468 -13.42148304 -13.03120899 -13.44501114]]
2
[[-13.16959763 -13.40434837 -13.40755558 -13.36782265]]
0
[[-13.04628468 -13.42148304 -13.03120899 -13.44501114]]
2
[[-13.16959763 -13.40434837 -13.40755558 -13.36782265]]
0
[[-13.04628468 -13.42148304 -13.03120899 -13.44501114]]
2
[[-13.16959763 -13.40434837 -13.40755558 -13.36782265]]
0
[[-13.04628468 -13.42148304 -13.03120899 -13.44501114]]
2
[[-13.16959763 -13.40434837 -13.40755558 -13.36782265]]
0
[[-13.04628468 -13.42148304 -13.03120899 -13.44501114]]
2
[[-13.16959763 -13.40434837 -13.40755558 -13.36782265]]
0
[[-13.04628468 -13.42148304 -13.03120899 -13.44501114]]
2
[[-13.16959763 -13.40434837 -13.40755558 -13.36782265]]
0
[[-13.04628468 -13.42148304 -13.03120899 -13.44501114]]
2
[[-13.16959763 -13.40434837 -13.40755558 -13.36782265]]
0
[[-13.04628468 -13.42148304 -13.03120899 -13.44501114]]
2
[[-13.16959763 -13.40434837 -13.40755558 -13.36782265]]
0
[[-13.04628468 -13.42148304 -13.03120899 -13.44501114]]
2
[[-13.16959763 -13.40434837 -13.40755558 -13.36782265]]
0
[[-13.04628468 -13.42148304 -13.03120899 -13.44501114]]
2
[[-13.16959763 -13.40434837 -13.40755558 -13.36782265]]
0
[[-13.04628468 -13.42148304 -13.03120899 -13.44501114]]
2
[[-13.16959763 -13.40434837 -13.40755558 -13.36782265]]
0
[[-13.04628468 -13.42148304 -13.03120899 -13.44501114]]
2
[[-13.16959763 -13.40434837 -13.40755558 -13.36782265]]
0
[[-13.04628468 -13.42148304 -13.03120899 -13.44501114]]
2
[[-13.16959763 -13.40434837 -13.40755558 -13.36782265]]
0
[[-13.04628468 -13.42148304 -13.03120899 -13.44501114]]
2
[[-13.16959763 -13.40434837 -13.40755558 -13.36782265]]
0
[[-13.04628468 -13.42148304 -13.03120899 -13.44501114]]
2
[[-13.16959763 -13.40434837 -13.40755558 -13.36782265]]
0
[[-13.04628468 -13.42148304 -13.03120899 -13.44501114]]
2
[[-13.16959763 -13.40434837 -13.40755558 -13.36782265]]
0
[[-13.04628468 -13.42148304 -13.03120899 -13.44501114]]
2
[[-13.16959763 -13.40434837 -13.40755558 -13.36782265]]
0
[[-13.04628468 -13.42148304 -13.03120899 -13.44501114]]
2
[[-13.16959763 -13.40434837 -13.40755558 -13.36782265]]
0
[[-13.04628468 -13.42148304 -13.03120899 -13.44501114]]
2
[[-13.16959763 -13.40434837 -13.40755558 -13.36782265]]
0
[[-13.04628468 -13.42148304 -13.03120899 -13.44501114]]
2
[[-13.16959763 -13.40434837 -13.40755558 -13.36782265]]
0
[[-13.04628468 -13.42148304 -13.03120899 -13.44501114]]
2
[[-13.16959763 -13.40434837 -13.40755558 -13.36782265]]
0
[[-13.04628468 -13.42148304 -13.03120899 -13.44501114]]
2
[[-13.16959763 -13.40434837 -13.40755558 -13.36782265]]
0
[[-13.04628468 -13.42148304 -13.03120899 -13.44501114]]
2
[[-13.16959763 -13.40434837 -13.40755558 -13.36782265]]
0
[[-13.04628468 -13.42148304 -13.03120899 -13.44501114]]
2
[[-13.16959763 -13.40434837 -13.40755558 -13.36782265]]
0
[[-13.04628468 -13.42148304 -13.03120899 -13.44501114]]
2
[[-13.16959763 -13.40434837 -13.40755558 -13.36782265]]
0
[[-13.04628468 -13.42148304 -13.03120899 -13.44501114]]
2
[[-13.16959763 -13.40434837 -13.40755558 -13.36782265]]
0
[[-13.04628468 -13.42148304 -13.03120899 -13.44501114]]
2
[[-13.16959763 -13.40434837 -13.40755558 -13.36782265]]
0
[[-13.04628468 -13.42148304 -13.03120899 -13.44501114]]
2
[[-13.16959763 -13.40434837 -13.40755558 -13.36782265]]
0
[[-13.04628468 -13.42148304 -13.03120899 -13.44501114]]
2
[[-13.16959763 -13.40434837 -13.40755558 -13.36782265]]
0
[[-13.04628468 -13.42148304 -13.03120899 -13.44501114]]
2
[[-13.16959763 -13.40434837 -13.40755558 -13.36782265]]
0
[[-13.04628468 -13.42148304 -13.03120899 -13.44501114]]
2
[[-13.16959763 -13.40434837 -13.40755558 -13.36782265]]
0
[[-13.04628468 -13.42148304 -13.03120899 -13.44501114]]
2
[[-13.16959763 -13.40434837 -13.40755558 -13.36782265]]
0
[[-13.04628468 -13.42148304 -13.03120899 -13.44501114]]
2
[[-13.16959763 -13.40434837 -13.40755558 -13.36782265]]
0
[[-13.04628468 -13.42148304 -13.03120899 -13.44501114]]
2
[[-13.16959763 -13.40434837 -13.40755558 -13.36782265]]
0
[[-13.04628468 -13.42148304 -13.03120899 -13.44501114]]
2
[[-13.16959763 -13.40434837 -13.40755558 -13.36782265]]
0
[[-13.04628468 -13.42148304 -13.03120899 -13.44501114]]
2
[[-13.16959763 -13.40434837 -13.40755558 -13.36782265]]
0
[[-13.04628468 -13.42148304 -13.03120899 -13.44501114]]
2
[[-13.16959763 -13.40434837 -13.40755558 -13.36782265]]
0
[[-13.04628468 -13.42148304 -13.03120899 -13.44501114]]
2
[[-13.16959763 -13.40434837 -13.40755558 -13.36782265]]
0
[[-13.04628468 -13.42148304 -13.03120899 -13.44501114]]
2
[[-13.16959763 -13.40434837 -13.40755558 -13.36782265]]
0
[[-13.04628468 -13.42148304 -13.03120899 -13.44501114]]
2
[[-13.16959763 -13.40434837 -13.40755558 -13.36782265]]
0
[[-13.04628468 -13.42148304 -13.03120899 -13.44501114]]
2
[[-13.16959763 -13.40434837 -13.40755558 -13.36782265]]
0
[[-13.04628468 -13.42148304 -13.03120899 -13.44501114]]
2
[[-13.16959763 -13.40434837 -13.40755558 -13.36782265]]
0
[[-13.04628468 -13.42148304 -13.03120899 -13.44501114]]
2
[[-13.16959763 -13.40434837 -13.40755558 -13.36782265]]
0
[[-13.04628468 -13.42148304 -13.03120899 -13.44501114]]
2
[[-13.16959763 -13.40434837 -13.40755558 -13.36782265]]
0
[[-13.04628468 -13.42148304 -13.03120899 -13.44501114]]
2
[[-13.16959763 -13.40434837 -13.40755558 -13.36782265]]
0
[[-13.04628468 -13.42148304 -13.03120899 -13.44501114]]
2
[[-13.16959763 -13.40434837 -13.40755558 -13.36782265]]
0
[[-13.04628468 -13.42148304 -13.03120899 -13.44501114]]
2
[[-13.16959763 -13.40434837 -13.40755558 -13.36782265]]
0
[[-13.04628468 -13.42148304 -13.03120899 -13.44501114]]
2
FAIL
2/5
