[[-10.51382637 -10.70914936 -10.81413555 -10.81488514]]
0
[[-13.25066662 -13.47012806 -13.46461964 -13.44014645]]
0
[[-13.12716389 -13.49651432 -13.08400726 -13.51764584]]
2
[[-13.25066662 -13.47012806 -13.46461964 -13.44014645]]
0
[[-13.12716389 -13.49651432 -13.08400726 -13.51764584]]
2
[[-13.25066662 -13.47012806 -13.46461964 -13.44014645]]
0
[[-13.12716389 -13.49651432 -13.08400726 -13.51764584]]
2
[[-13.25066662 -13.47012806 -13.46461964 -13.44014645]]
0
[[-13.12716389 -13.49651432 -13.08400726 -13.51764584]]
2
[[-13.25066662 -13.47012806 -13.46461964 -13.44014645]]
0
[[-13.12716389 -13.49651432 -13.08400726 -13.51764584]]
2
[[-13.25066662 -13.47012806 -13.46461964 -13.44014645]]
0
[[-13.12716389 -13.49651432 -13.08400726 -13.51764584]]
2
[[-13.25066662 -13.47012806 -13.46461964 -13.44014645]]
0
[[-13.12716389 -13.49651432 -13.08400726 -13.51764584]]
2
[[-13.25066662 -13.47012806 -13.46461964 -13.44014645]]
0
[[-13.12716389 -13.49651432 -13.08400726 -13.51764584]]
2
[[-13.25066662 -13.47012806 -13.46461964 -13.44014645]]
0
[[-13.12716389 -13.49651432 -13.08400726 -13.51764584]]
2
[[-13.25066662 -13.47012806 -13.46461964 -13.44014645]]
0
[[-13.12716389 -13.49651432 -13.08400726 -13.51764584]]
2
[[-13.25066662 -13.47012806 -13.46461964 -13.44014645]]
0
[[-13.12716389 -13.49651432 -13.08400726 -13.51764584]]
2
[[-13.25066662 -13.47012806 -13.46461964 -13.44014645]]
0
[[-13.12716389 -13.49651432 -13.08400726 -13.51764584]]
2
[[-13.25066662 -13.47012806 -13.46461964 -13.44014645]]
0
[[-13.12716389 -13.49651432 -13.08400726 -13.51764584]]
2
[[-13.25066662 -13.47012806 -13.46461964 -13.44014645]]
0
[[-13.12716389 -13.49651432 -13.08400726 -13.51764584]]
2
[[-13.25066662 -13.47012806 -13.46461964 -13.44014645]]
0
[[-13.12716389 -13.49651432 -13.08400726 -13.51764584]]
2
[[-13.25066662 -13.47012806 -13.46461964 -13.44014645]]
0
[[-13.12716389 -13.49651432 -13.08400726 -13.51764584]]
2
[[-13.25066662 -13.47012806 -13.46461964 -13.44014645]]
0
[[-13.12716389 -13.49651432 -13.08400726 -13.51764584]]
2
[[-13.25066662 -13.47012806 -13.46461964 -13.44014645]]
0
[[-13.12716389 -13.49651432 -13.08400726 -13.51764584]]
2
[[-13.25066662 -13.47012806 -13.46461964 -13.44014645]]
0
[[-13.12716389 -13.49651432 -13.08400726 -13.51764584]]
2
[[-13.25066662 -13.47012806 -13.46461964 -13.44014645]]
0
[[-13.12716389 -13.49651432 -13.08400726 -13.51764584]]
2
[[-13.25066662 -13.47012806 -13.46461964 -13.44014645]]
0
[[-13.12716389 -13.49651432 -13.08400726 -13.51764584]]
2
[[-13.25066662 -13.47012806 -13.46461964 -13.44014645]]
0
[[-13.12716389 -13.49651432 -13.08400726 -13.51764584]]
2
[[-13.25066662 -13.47012806 -13.46461964 -13.44014645]]
0
[[-13.12716389 -13.49651432 -13.08400726 -13.51764584]]
2
[[-13.25066662 -13.47012806 -13.46461964 -13.44014645]]
0
[[-13.12716389 -13.49651432 -13.08400726 -13.51764584]]
2
[[-13.25066662 -13.47012806 -13.46461964 -13.44014645]]
0
[[-13.12716389 -13.49651432 -13.08400726 -13.51764584]]
2
[[-13.25066662 -13.47012806 -13.46461964 -13.44014645]]
0
[[-13.12716389 -13.49651432 -13.08400726 -13.51764584]]
2
[[-13.25066662 -13.47012806 -13.46461964 -13.44014645]]
0
[[-13.12716389 -13.49651432 -13.08400726 -13.51764584]]
2
[[-13.25066662 -13.47012806 -13.46461964 -13.44014645]]
0
[[-13.12716389 -13.49651432 -13.08400726 -13.51764584]]
2
[[-13.25066662 -13.47012806 -13.46461964 -13.44014645]]
0
[[-13.12716389 -13.49651432 -13.08400726 -13.51764584]]
2
[[-13.25066662 -13.47012806 -13.46461964 -13.44014645]]
0
[[-13.12716389 -13.49651432 -13.08400726 -13.51764584]]
2
[[-13.25066662 -13.47012806 -13.46461964 -13.44014645]]
0
[[-13.12716389 -13.49651432 -13.08400726 -13.51764584]]
2
[[-13.25066662 -13.47012806 -13.46461964 -13.44014645]]
0
[[-13.12716389 -13.49651432 -13.08400726 -13.51764584]]
2
[[-13.25066662 -13.47012806 -13.46461964 -13.44014645]]
0
[[-13.12716389 -13.49651432 -13.08400726 -13.51764584]]
2
[[-13.25066662 -13.47012806 -13.46461964 -13.44014645]]
0
[[-13.12716389 -13.49651432 -13.08400726 -13.51764584]]
2
[[-13.25066662 -13.47012806 -13.46461964 -13.44014645]]
0
[[-13.12716389 -13.49651432 -13.08400726 -13.51764584]]
2
[[-13.25066662 -13.47012806 -13.46461964 -13.44014645]]
0
[[-13.12716389 -13.49651432 -13.08400726 -13.51764584]]
2
[[-13.25066662 -13.47012806 -13.46461964 -13.44014645]]
0
[[-13.12716389 -13.49651432 -13.08400726 -13.51764584]]
2
[[-13.25066662 -13.47012806 -13.46461964 -13.44014645]]
0
[[-13.12716389 -13.49651432 -13.08400726 -13.51764584]]
2
[[-13.25066662 -13.47012806 -13.46461964 -13.44014645]]
0
[[-13.12716389 -13.49651432 -13.08400726 -13.51764584]]
2
[[-13.25066662 -13.47012806 -13.46461964 -13.44014645]]
0
[[-13.12716389 -13.49651432 -13.08400726 -13.51764584]]
2
[[-13.25066662 -13.47012806 -13.46461964 -13.44014645]]
0
[[-13.12716389 -13.49651432 -13.08400726 -13.51764584]]
2
[[-13.25066662 -13.47012806 -13.46461964 -13.44014645]]
0
[[-13.12716389 -13.49651432 -13.08400726 -13.51764584]]
2
[[-13.25066662 -13.47012806 -13.46461964 -13.44014645]]
0
[[-13.12716389 -13.49651432 -13.08400726 -13.51764584]]
2
[[-13.25066662 -13.47012806 -13.46461964 -13.44014645]]
0
[[-13.12716389 -13.49651432 -13.08400726 -13.51764584]]
2
[[-13.25066662 -13.47012806 -13.46461964 -13.44014645]]
0
[[-13.12716389 -13.49651432 -13.08400726 -13.51764584]]
2
[[-13.25066662 -13.47012806 -13.46461964 -13.44014645]]
0
[[-13.12716389 -13.49651432 -13.08400726 -13.51764584]]
2
[[-13.25066662 -13.47012806 -13.46461964 -13.44014645]]
0
[[-13.12716389 -13.49651432 -13.08400726 -13.51764584]]
2
[[-13.25066662 -13.47012806 -13.46461964 -13.44014645]]
0
[[-13.12716389 -13.49651432 -13.08400726 -13.51764584]]
2
[[-13.25066662 -13.47012806 -13.46461964 -13.44014645]]
0
[[-13.12716389 -13.49651432 -13.08400726 -13.51764584]]
2
[[-13.25066662 -13.47012806 -13.46461964 -13.44014645]]
0
[[-13.12716389 -13.49651432 -13.08400726 -13.51764584]]
2
FAIL
2/5
