[[-4.6531539  -4.57059669 -3.98229408 -8.43231201]]
2
[[-2.87308478 -6.12946606 -3.01513195 -9.13206768]]
0
[[-4.6531539  -4.57059669 -3.98229408 -8.43231201]]
2
[[-2.87308478 -6.12946606 -3.01513195 -9.13206768]]
0
[[-4.6531539  -4.57059669 -3.98229408 -8.43231201]]
2
[[-2.87308478 -6.12946606 -3.01513195 -9.13206768]]
0
[[-4.6531539  -4.57059669 -3.98229408 -8.43231201]]
2
[[-2.87308478 -6.12946606 -3.01513195 -9.13206768]]
0
[[-4.6531539  -4.57059669 -3.98229408 -8.43231201]]
2
[[-2.87308478 -6.12946606 -3.01513195 -9.13206768]]
0
[[-4.6531539  -4.57059669 -3.98229408 -8.43231201]]
2
[[-2.87308478 -6.12946606 -3.01513195 -9.13206768]]
0
[[-4.6531539  -4.57059669 -3.98229408 -8.43231201]]
2
[[-2.87308478 -6.12946606 -3.01513195 -9.13206768]]
0
[[-4.6531539  -4.57059669 -3.98229408 -8.43231201]]
2
[[-2.87308478 -6.12946606 -3.01513195 -9.13206768]]
0
[[-4.6531539  -4.57059669 -3.98229408 -8.43231201]]
2
[[-2.87308478 -6.12946606 -3.01513195 -9.13206768]]
0
[[-4.6531539  -4.57059669 -3.98229408 -8.43231201]]
2
[[-2.87308478 -6.12946606 -3.01513195 -9.13206768]]
0
[[-4.6531539  -4.57059669 -3.98229408 -8.43231201]]
2
[[-2.87308478 -6.12946606 -3.01513195 -9.13206768]]
0
[[-4.6531539  -4.57059669 -3.98229408 -8.43231201]]
2
[[-2.87308478 -6.12946606 -3.01513195 -9.13206768]]
0
[[-4.6531539  -4.57059669 -3.98229408 -8.43231201]]
2
[[-2.87308478 -6.12946606 -3.01513195 -9.13206768]]
0
[[-4.6531539  -4.57059669 -3.98229408 -8.43231201]]
2
[[-2.87308478 -6.12946606 -3.01513195 -9.13206768]]
0
[[-4.6531539  -4.57059669 -3.98229408 -8.43231201]]
2
[[-2.87308478 -6.12946606 -3.01513195 -9.13206768]]
0
[[-4.6531539  -4.57059669 -3.98229408 -8.43231201]]
2
[[-2.87308478 -6.12946606 -3.01513195 -9.13206768]]
0
[[-4.6531539  -4.57059669 -3.98229408 -8.43231201]]
2
[[-2.87308478 -6.12946606 -3.01513195 -9.13206768]]
0
[[-4.6531539  -4.57059669 -3.98229408 -8.43231201]]
2
[[-2.87308478 -6.12946606 -3.01513195 -9.13206768]]
0
[[-4.6531539  -4.57059669 -3.98229408 -8.43231201]]
2
[[-2.87308478 -6.12946606 -3.01513195 -9.13206768]]
0
[[-4.6531539  -4.57059669 -3.98229408 -8.43231201]]
2
[[-2.87308478 -6.12946606 -3.01513195 -9.13206768]]
0
[[-4.6531539  -4.57059669 -3.98229408 -8.43231201]]
2
[[-2.87308478 -6.12946606 -3.01513195 -9.13206768]]
0
[[-4.6531539  -4.57059669 -3.98229408 -8.43231201]]
2
[[-2.87308478 -6.12946606 -3.01513195 -9.13206768]]
0
[[-4.6531539  -4.57059669 -3.98229408 -8.43231201]]
2
[[-2.87308478 -6.12946606 -3.01513195 -9.13206768]]
0
[[-4.6531539  -4.57059669 -3.98229408 -8.43231201]]
2
[[-2.87308478 -6.12946606 -3.01513195 -9.13206768]]
0
[[-4.6531539  -4.57059669 -3.98229408 -8.43231201]]
2
[[-2.87308478 -6.12946606 -3.01513195 -9.13206768]]
0
[[-4.6531539  -4.57059669 -3.98229408 -8.43231201]]
2
[[-2.87308478 -6.12946606 -3.01513195 -9.13206768]]
0
[[-4.6531539  -4.57059669 -3.98229408 -8.43231201]]
2
[[-2.87308478 -6.12946606 -3.01513195 -9.13206768]]
0
[[-4.6531539  -4.57059669 -3.98229408 -8.43231201]]
2
[[-2.87308478 -6.12946606 -3.01513195 -9.13206768]]
0
[[-4.6531539  -4.57059669 -3.98229408 -8.43231201]]
2
[[-2.87308478 -6.12946606 -3.01513195 -9.13206768]]
0
[[-4.6531539  -4.57059669 -3.98229408 -8.43231201]]
2
[[-2.87308478 -6.12946606 -3.01513195 -9.13206768]]
0
[[-4.6531539  -4.57059669 -3.98229408 -8.43231201]]
2
[[-2.87308478 -6.12946606 -3.01513195 -9.13206768]]
0
[[-4.6531539  -4.57059669 -3.98229408 -8.43231201]]
2
[[-2.87308478 -6.12946606 -3.01513195 -9.13206768]]
0
[[-4.6531539  -4.57059669 -3.98229408 -8.43231201]]
2
[[-2.87308478 -6.12946606 -3.01513195 -9.13206768]]
0
[[-4.6531539  -4.57059669 -3.98229408 -8.43231201]]
2
[[-2.87308478 -6.12946606 -3.01513195 -9.13206768]]
0
[[-4.6531539  -4.57059669 -3.98229408 -8.43231201]]
2
[[-2.87308478 -6.12946606 -3.01513195 -9.13206768]]
0
[[-4.6531539  -4.57059669 -3.98229408 -8.43231201]]
2
[[-2.87308478 -6.12946606 -3.01513195 -9.13206768]]
0
[[-4.6531539  -4.57059669 -3.98229408 -8.43231201]]
2
[[-2.87308478 -6.12946606 -3.01513195 -9.13206768]]
0
[[-4.6531539  -4.57059669 -3.98229408 -8.43231201]]
2
[[-2.87308478 -6.12946606 -3.01513195 -9.13206768]]
0
[[-4.6531539  -4.57059669 -3.98229408 -8.43231201]]
2
[[-2.87308478 -6.12946606 -3.01513195 -9.13206768]]
0
[[-4.6531539  -4.57059669 -3.98229408 -8.43231201]]
2
[[-2.87308478 -6.12946606 -3.01513195 -9.13206768]]
0
[[-4.6531539  -4.57059669 -3.98229408 -8.43231201]]
2
[[-2.87308478 -6.12946606 -3.01513195 -9.13206768]]
0
[[-4.6531539  -4.57059669 -3.98229408 -8.43231201]]
2
[[-2.87308478 -6.12946606 -3.01513195 -9.13206768]]
0
[[-4.6531539  -4.57059669 -3.98229408 -8.43231201]]
2
[[-2.87308478 -6.12946606 -3.01513195 -9.13206768]]
0
[[-4.6531539  -4.57059669 -3.98229408 -8.43231201]]
2
[[-2.87308478 -6.12946606 -3.01513195 -9.13206768]]
0
[[-4.6531539  -4.57059669 -3.98229408 -8.43231201]]
2
[[-2.87308478 -6.12946606 -3.01513195 -9.13206768]]
0
[[-4.6531539  -4.57059669 -3.98229408 -8.43231201]]
2
[[-2.87308478 -6.12946606 -3.01513195 -9.13206768]]
0
[[-4.6531539  -4.57059669 -3.98229408 -8.43231201]]
2
[[-2.87308478 -6.12946606 -3.01513195 -9.13206768]]
0
[[-4.6531539  -4.57059669 -3.98229408 -8.43231201]]
2
[[-2.87308478 -6.12946606 -3.01513195 -9.13206768]]
0
[[-4.6531539  -4.57059669 -3.98229408 -8.43231201]]
2
[[-2.87308478 -6.12946606 -3.01513195 -9.13206768]]
0
[[-4.6531539  -4.57059669 -3.98229408 -8.43231201]]
2
[[-2.87308478 -6.12946606 -3.01513195 -9.13206768]]
0
[[-4.6531539  -4.57059669 -3.98229408 -8.43231201]]
2
FAIL
0/5
