[[-3.5175283  -7.53081036 -4.19768    -8.2192049 ]]
0
[[-11.80881596 -14.57529259   0.35466051  -7.62897158]]
2
[[-3.5175283  -7.53081036 -4.19768    -8.2192049 ]]
0
[[-11.80881596 -14.57529259   0.35466051  -7.62897158]]
2
[[-3.5175283  -7.53081036 -4.19768    -8.2192049 ]]
0
[[-11.80881596 -14.57529259   0.35466051  -7.62897158]]
2
[[-3.5175283  -7.53081036 -4.19768    -8.2192049 ]]
0
[[-11.80881596 -14.57529259   0.35466051  -7.62897158]]
2
[[-3.5175283  -7.53081036 -4.19768    -8.2192049 ]]
0
[[-11.80881596 -14.57529259   0.35466051  -7.62897158]]
2
[[-3.5175283  -7.53081036 -4.19768    -8.2192049 ]]
0
[[-11.80881596 -14.57529259   0.35466051  -7.62897158]]
2
[[-3.5175283  -7.53081036 -4.19768    -8.2192049 ]]
0
[[-11.80881596 -14.57529259   0.35466051  -7.62897158]]
2
[[-3.5175283  -7.53081036 -4.19768    -8.2192049 ]]
0
[[-11.80881596 -14.57529259   0.35466051  -7.62897158]]
2
[[-3.5175283  -7.53081036 -4.19768    -8.2192049 ]]
0
[[-11.80881596 -14.57529259   0.35466051  -7.62897158]]
2
[[-3.5175283  -7.53081036 -4.19768    -8.2192049 ]]
0
[[-11.80881596 -14.57529259   0.35466051  -7.62897158]]
2
[[-3.5175283  -7.53081036 -4.19768    -8.2192049 ]]
0
[[-11.80881596 -14.57529259   0.35466051  -7.62897158]]
2
[[-3.5175283  -7.53081036 -4.19768    -8.2192049 ]]
0
[[-11.80881596 -14.57529259   0.35466051  -7.62897158]]
2
[[-3.5175283  -7.53081036 -4.19768    -8.2192049 ]]
0
[[-11.80881596 -14.57529259   0.35466051  -7.62897158]]
2
[[-3.5175283  -7.53081036 -4.19768    -8.2192049 ]]
0
[[-11.80881596 -14.57529259   0.35466051  -7.62897158]]
2
[[-3.5175283  -7.53081036 -4.19768    -8.2192049 ]]
0
[[-11.80881596 -14.57529259   0.35466051  -7.62897158]]
2
[[-3.5175283  -7.53081036 -4.19768    -8.2192049 ]]
0
[[-11.80881596 -14.57529259   0.35466051  -7.62897158]]
2
[[-3.5175283  -7.53081036 -4.19768    -8.2192049 ]]
0
[[-11.80881596 -14.57529259   0.35466051  -7.62897158]]
2
[[-3.5175283  -7.53081036 -4.19768    -8.2192049 ]]
0
[[-11.80881596 -14.57529259   0.35466051  -7.62897158]]
2
[[-3.5175283  -7.53081036 -4.19768    -8.2192049 ]]
0
[[-11.80881596 -14.57529259   0.35466051  -7.62897158]]
2
[[-3.5175283  -7.53081036 -4.19768    -8.2192049 ]]
0
[[-11.80881596 -14.57529259   0.35466051  -7.62897158]]
2
[[-3.5175283  -7.53081036 -4.19768    -8.2192049 ]]
0
[[-11.80881596 -14.57529259   0.35466051  -7.62897158]]
2
[[-3.5175283  -7.53081036 -4.19768    -8.2192049 ]]
0
[[-11.80881596 -14.57529259   0.35466051  -7.62897158]]
2
[[-3.5175283  -7.53081036 -4.19768    -8.2192049 ]]
0
[[-11.80881596 -14.57529259   0.35466051  -7.62897158]]
2
[[-3.5175283  -7.53081036 -4.19768    -8.2192049 ]]
0
[[-11.80881596 -14.57529259   0.35466051  -7.62897158]]
2
[[-3.5175283  -7.53081036 -4.19768    -8.2192049 ]]
0
[[-11.80881596 -14.57529259   0.35466051  -7.62897158]]
2
[[-3.5175283  -7.53081036 -4.19768    -8.2192049 ]]
0
[[-11.80881596 -14.57529259   0.35466051  -7.62897158]]
2
[[-3.5175283  -7.53081036 -4.19768    -8.2192049 ]]
0
[[-11.80881596 -14.57529259   0.35466051  -7.62897158]]
2
[[-3.5175283  -7.53081036 -4.19768    -8.2192049 ]]
0
[[-11.80881596 -14.57529259   0.35466051  -7.62897158]]
2
[[-3.5175283  -7.53081036 -4.19768    -8.2192049 ]]
0
[[-11.80881596 -14.57529259   0.35466051  -7.62897158]]
2
[[-3.5175283  -7.53081036 -4.19768    -8.2192049 ]]
0
[[-11.80881596 -14.57529259   0.35466051  -7.62897158]]
2
[[-3.5175283  -7.53081036 -4.19768    -8.2192049 ]]
0
[[-11.80881596 -14.57529259   0.35466051  -7.62897158]]
2
[[-3.5175283  -7.53081036 -4.19768    -8.2192049 ]]
0
[[-11.80881596 -14.57529259   0.35466051  -7.62897158]]
2
[[-3.5175283  -7.53081036 -4.19768    -8.2192049 ]]
0
[[-11.80881596 -14.57529259   0.35466051  -7.62897158]]
2
[[-3.5175283  -7.53081036 -4.19768    -8.2192049 ]]
0
[[-11.80881596 -14.57529259   0.35466051  -7.62897158]]
2
[[-3.5175283  -7.53081036 -4.19768    -8.2192049 ]]
0
[[-11.80881596 -14.57529259   0.35466051  -7.62897158]]
2
[[-3.5175283  -7.53081036 -4.19768    -8.2192049 ]]
0
[[-11.80881596 -14.57529259   0.35466051  -7.62897158]]
2
[[-3.5175283  -7.53081036 -4.19768    -8.2192049 ]]
0
[[-11.80881596 -14.57529259   0.35466051  -7.62897158]]
2
[[-3.5175283  -7.53081036 -4.19768    -8.2192049 ]]
0
[[-11.80881596 -14.57529259   0.35466051  -7.62897158]]
2
[[-3.5175283  -7.53081036 -4.19768    -8.2192049 ]]
0
[[-11.80881596 -14.57529259   0.35466051  -7.62897158]]
2
[[-3.5175283  -7.53081036 -4.19768    -8.2192049 ]]
0
[[-11.80881596 -14.57529259   0.35466051  -7.62897158]]
2
[[-3.5175283  -7.53081036 -4.19768    -8.2192049 ]]
0
[[-11.80881596 -14.57529259   0.35466051  -7.62897158]]
2
[[-3.5175283  -7.53081036 -4.19768    -8.2192049 ]]
0
[[-11.80881596 -14.57529259   0.35466051  -7.62897158]]
2
[[-3.5175283  -7.53081036 -4.19768    -8.2192049 ]]
0
[[-11.80881596 -14.57529259   0.35466051  -7.62897158]]
2
[[-3.5175283  -7.53081036 -4.19768    -8.2192049 ]]
0
[[-11.80881596 -14.57529259   0.35466051  -7.62897158]]
2
[[-3.5175283  -7.53081036 -4.19768    -8.2192049 ]]
0
[[-11.80881596 -14.57529259   0.35466051  -7.62897158]]
2
[[-3.5175283  -7.53081036 -4.19768    -8.2192049 ]]
0
[[-11.80881596 -14.57529259   0.35466051  -7.62897158]]
2
[[-3.5175283  -7.53081036 -4.19768    -8.2192049 ]]
0
[[-11.80881596 -14.57529259   0.35466051  -7.62897158]]
2
[[-3.5175283  -7.53081036 -4.19768    -8.2192049 ]]
0
[[-11.80881596 -14.57529259   0.35466051  -7.62897158]]
2
[[-3.5175283  -7.53081036 -4.19768    -8.2192049 ]]
0
[[-11.80881596 -14.57529259   0.35466051  -7.62897158]]
2
[[-3.5175283  -7.53081036 -4.19768    -8.2192049 ]]
0
[[-11.80881596 -14.57529259   0.35466051  -7.62897158]]
2
[[-3.5175283  -7.53081036 -4.19768    -8.2192049 ]]
0
FAIL
1/2
