[[-3.51409078 -7.62758017 -3.98960614 -7.98738909]]
0
[[-11.7986269  -14.66574764   0.56594241  -7.40001249]]
2
[[-3.51409078 -7.62758017 -3.98960614 -7.98738909]]
0
[[-11.7986269  -14.66574764   0.56594241  -7.40001249]]
2
[[-3.51409078 -7.62758017 -3.98960614 -7.98738909]]
0
[[-11.7986269  -14.66574764   0.56594241  -7.40001249]]
2
[[-3.51409078 -7.62758017 -3.98960614 -7.98738909]]
0
[[-11.7986269  -14.66574764   0.56594241  -7.40001249]]
2
[[-3.51409078 -7.62758017 -3.98960614 -7.98738909]]
0
[[-11.7986269  -14.66574764   0.56594241  -7.40001249]]
2
[[-3.51409078 -7.62758017 -3.98960614 -7.98738909]]
0
[[-11.7986269  -14.66574764   0.56594241  -7.40001249]]
2
[[-3.51409078 -7.62758017 -3.98960614 -7.98738909]]
0
[[-11.7986269  -14.66574764   0.56594241  -7.40001249]]
2
[[-3.51409078 -7.62758017 -3.98960614 -7.98738909]]
0
[[-11.7986269  -14.66574764   0.56594241  -7.40001249]]
2
[[-3.51409078 -7.62758017 -3.98960614 -7.98738909]]
0
[[-11.7986269  -14.66574764   0.56594241  -7.40001249]]
2
[[-3.51409078 -7.62758017 -3.98960614 -7.98738909]]
0
[[-11.7986269  -14.66574764   0.56594241  -7.40001249]]
2
[[-3.51409078 -7.62758017 -3.98960614 -7.98738909]]
0
[[-11.7986269  -14.66574764   0.56594241  -7.40001249]]
2
[[-3.51409078 -7.62758017 -3.98960614 -7.98738909]]
0
[[-11.7986269  -14.66574764   0.56594241  -7.40001249]]
2
[[-3.51409078 -7.62758017 -3.98960614 -7.98738909]]
0
[[-11.7986269  -14.66574764   0.56594241  -7.40001249]]
2
[[-3.51409078 -7.62758017 -3.98960614 -7.98738909]]
0
[[-11.7986269  -14.66574764   0.56594241  -7.40001249]]
2
[[-3.51409078 -7.62758017 -3.98960614 -7.98738909]]
0
[[-11.7986269  -14.66574764   0.56594241  -7.40001249]]
2
[[-3.51409078 -7.62758017 -3.98960614 -7.98738909]]
0
[[-11.7986269  -14.66574764   0.56594241  -7.40001249]]
2
[[-3.51409078 -7.62758017 -3.98960614 -7.98738909]]
0
[[-11.7986269  -14.66574764   0.56594241  -7.40001249]]
2
[[-3.51409078 -7.62758017 -3.98960614 -7.98738909]]
0
[[-11.7986269  -14.66574764   0.56594241  -7.40001249]]
2
[[-3.51409078 -7.62758017 -3.98960614 -7.98738909]]
0
[[-11.7986269  -14.66574764   0.56594241  -7.40001249]]
2
[[-3.51409078 -7.62758017 -3.98960614 -7.98738909]]
0
[[-11.7986269  -14.66574764   0.56594241  -7.40001249]]
2
[[-3.51409078 -7.62758017 -3.98960614 -7.98738909]]
0
[[-11.7986269  -14.66574764   0.56594241  -7.40001249]]
2
[[-3.51409078 -7.62758017 -3.98960614 -7.98738909]]
0
[[-11.7986269  -14.66574764   0.56594241  -7.40001249]]
2
[[-3.51409078 -7.62758017 -3.98960614 -7.98738909]]
0
[[-11.7986269  -14.66574764   0.56594241  -7.40001249]]
2
[[-3.51409078 -7.62758017 -3.98960614 -7.98738909]]
0
[[-11.7986269  -14.66574764   0.56594241  -7.40001249]]
2
[[-3.51409078 -7.62758017 -3.98960614 -7.98738909]]
0
[[-11.7986269  -14.66574764   0.56594241  -7.40001249]]
2
[[-3.51409078 -7.62758017 -3.98960614 -7.98738909]]
0
[[-11.7986269  -14.66574764   0.56594241  -7.40001249]]
2
[[-3.51409078 -7.62758017 -3.98960614 -7.98738909]]
0
[[-11.7986269  -14.66574764   0.56594241  -7.40001249]]
2
[[-3.51409078 -7.62758017 -3.98960614 -7.98738909]]
0
[[-11.7986269  -14.66574764   0.56594241  -7.40001249]]
2
[[-3.51409078 -7.62758017 -3.98960614 -7.98738909]]
0
[[-11.7986269  -14.66574764   0.56594241  -7.40001249]]
2
[[-3.51409078 -7.62758017 -3.98960614 -7.98738909]]
0
[[-11.7986269  -14.66574764   0.56594241  -7.40001249]]
2
[[-3.51409078 -7.62758017 -3.98960614 -7.98738909]]
0
[[-11.7986269  -14.66574764   0.56594241  -7.40001249]]
2
[[-3.51409078 -7.62758017 -3.98960614 -7.98738909]]
0
[[-11.7986269  -14.66574764   0.56594241  -7.40001249]]
2
[[-3.51409078 -7.62758017 -3.98960614 -7.98738909]]
0
[[-11.7986269  -14.66574764   0.56594241  -7.40001249]]
2
[[-3.51409078 -7.62758017 -3.98960614 -7.98738909]]
0
[[-11.7986269  -14.66574764   0.56594241  -7.40001249]]
2
[[-3.51409078 -7.62758017 -3.98960614 -7.98738909]]
0
[[-11.7986269  -14.66574764   0.56594241  -7.40001249]]
2
[[-3.51409078 -7.62758017 -3.98960614 -7.98738909]]
0
[[-11.7986269  -14.66574764   0.56594241  -7.40001249]]
2
[[-3.51409078 -7.62758017 -3.98960614 -7.98738909]]
0
[[-11.7986269  -14.66574764   0.56594241  -7.40001249]]
2
[[-3.51409078 -7.62758017 -3.98960614 -7.98738909]]
0
[[-11.7986269  -14.66574764   0.56594241  -7.40001249]]
2
[[-3.51409078 -7.62758017 -3.98960614 -7.98738909]]
0
[[-11.7986269  -14.66574764   0.56594241  -7.40001249]]
2
[[-3.51409078 -7.62758017 -3.98960614 -7.98738909]]
0
[[-11.7986269  -14.66574764   0.56594241  -7.40001249]]
2
[[-3.51409078 -7.62758017 -3.98960614 -7.98738909]]
0
[[-11.7986269  -14.66574764   0.56594241  -7.40001249]]
2
[[-3.51409078 -7.62758017 -3.98960614 -7.98738909]]
0
[[-11.7986269  -14.66574764   0.56594241  -7.40001249]]
2
[[-3.51409078 -7.62758017 -3.98960614 -7.98738909]]
0
[[-11.7986269  -14.66574764   0.56594241  -7.40001249]]
2
[[-3.51409078 -7.62758017 -3.98960614 -7.98738909]]
0
[[-11.7986269  -14.66574764   0.56594241  -7.40001249]]
2
[[-3.51409078 -7.62758017 -3.98960614 -7.98738909]]
0
[[-11.7986269  -14.66574764   0.56594241  -7.40001249]]
2
[[-3.51409078 -7.62758017 -3.98960614 -7.98738909]]
0
[[-11.7986269  -14.66574764   0.56594241  -7.40001249]]
2
[[-3.51409078 -7.62758017 -3.98960614 -7.98738909]]
0
[[-11.7986269  -14.66574764   0.56594241  -7.40001249]]
2
[[-3.51409078 -7.62758017 -3.98960614 -7.98738909]]
0
[[-11.7986269  -14.66574764   0.56594241  -7.40001249]]
2
[[-3.51409078 -7.62758017 -3.98960614 -7.98738909]]
0
[[-11.7986269  -14.66574764   0.56594241  -7.40001249]]
2
[[-3.51409078 -7.62758017 -3.98960614 -7.98738909]]
0
[[-11.7986269  -14.66574764   0.56594241  -7.40001249]]
2
[[-3.51409078 -7.62758017 -3.98960614 -7.98738909]]
0
FAIL
1/2
