[[ 14961596.  13752901.   9167012.  15196042.]]
3
[[ 13483902.  15654810.   6295934.  14125458.]]
1
[[ 14961596.  13752901.   9167012.  15196042.]]
3
[[ 13483902.  15654810.   6295934.  14125458.]]
1
[[ 14961596.  13752901.   9167012.  15196042.]]
3
[[ 13483902.  15654810.   6295934.  14125458.]]
1
[[ 14961596.  13752901.   9167012.  15196042.]]
3
[[ 13483902.  15654810.   6295934.  14125458.]]
1
[[ 14961596.  13752901.   9167012.  15196042.]]
3
[[ 13483902.  15654810.   6295934.  14125458.]]
1
[[ 14961596.  13752901.   9167012.  15196042.]]
3
[[ 13483902.  15654810.   6295934.  14125458.]]
1
[[ 14961596.  13752901.   9167012.  15196042.]]
3
[[ 13483902.  15654810.   6295934.  14125458.]]
1
[[ 14961596.  13752901.   9167012.  15196042.]]
3
[[ 13483902.  15654810.   6295934.  14125458.]]
1
[[ 14961596.  13752901.   9167012.  15196042.]]
3
[[ 13483902.  15654810.   6295934.  14125458.]]
1
[[ 14961596.  13752901.   9167012.  15196042.]]
3
[[ 13483902.  15654810.   6295934.  14125458.]]
1
[[ 14961596.  13752901.   9167012.  15196042.]]
3
[[ 13483902.  15654810.   6295934.  14125458.]]
1
[[ 14961596.  13752901.   9167012.  15196042.]]
3
[[ 13483902.  15654810.   6295934.  14125458.]]
1
[[ 14961596.  13752901.   9167012.  15196042.]]
3
[[ 13483902.  15654810.   6295934.  14125458.]]
1
[[ 14961596.  13752901.   9167012.  15196042.]]
3
[[ 13483902.  15654810.   6295934.  14125458.]]
1
[[ 14961596.  13752901.   9167012.  15196042.]]
3
[[ 13483902.  15654810.   6295934.  14125458.]]
1
[[ 14961596.  13752901.   9167012.  15196042.]]
3
[[ 13483902.  15654810.   6295934.  14125458.]]
1
[[ 14961596.  13752901.   9167012.  15196042.]]
3
[[ 13483902.  15654810.   6295934.  14125458.]]
1
[[ 14961596.  13752901.   9167012.  15196042.]]
3
[[ 13483902.  15654810.   6295934.  14125458.]]
1
[[ 14961596.  13752901.   9167012.  15196042.]]
3
[[ 13483902.  15654810.   6295934.  14125458.]]
1
[[ 14961596.  13752901.   9167012.  15196042.]]
3
[[ 13483902.  15654810.   6295934.  14125458.]]
1
[[ 14961596.  13752901.   9167012.  15196042.]]
3
[[ 13483902.  15654810.   6295934.  14125458.]]
1
[[ 14961596.  13752901.   9167012.  15196042.]]
3
[[ 13483902.  15654810.   6295934.  14125458.]]
1
[[ 14961596.  13752901.   9167012.  15196042.]]
3
[[ 13483902.  15654810.   6295934.  14125458.]]
1
[[ 14961596.  13752901.   9167012.  15196042.]]
3
[[ 13483902.  15654810.   6295934.  14125458.]]
1
[[ 14961596.  13752901.   9167012.  15196042.]]
3
[[ 13483902.  15654810.   6295934.  14125458.]]
1
[[ 14961596.  13752901.   9167012.  15196042.]]
3
[[ 13483902.  15654810.   6295934.  14125458.]]
1
[[ 14961596.  13752901.   9167012.  15196042.]]
3
[[ 13483902.  15654810.   6295934.  14125458.]]
1
[[ 14961596.  13752901.   9167012.  15196042.]]
3
[[ 13483902.  15654810.   6295934.  14125458.]]
1
[[ 14961596.  13752901.   9167012.  15196042.]]
3
[[ 13483902.  15654810.   6295934.  14125458.]]
1
[[ 14961596.  13752901.   9167012.  15196042.]]
3
[[ 13483902.  15654810.   6295934.  14125458.]]
1
[[ 14961596.  13752901.   9167012.  15196042.]]
3
[[ 13483902.  15654810.   6295934.  14125458.]]
1
[[ 14961596.  13752901.   9167012.  15196042.]]
3
[[ 13483902.  15654810.   6295934.  14125458.]]
1
[[ 14961596.  13752901.   9167012.  15196042.]]
3
[[ 13483902.  15654810.   6295934.  14125458.]]
1
[[ 14961596.  13752901.   9167012.  15196042.]]
3
[[ 13483902.  15654810.   6295934.  14125458.]]
1
[[ 14961596.  13752901.   9167012.  15196042.]]
3
[[ 13483902.  15654810.   6295934.  14125458.]]
1
[[ 14961596.  13752901.   9167012.  15196042.]]
3
[[ 13483902.  15654810.   6295934.  14125458.]]
1
[[ 14961596.  13752901.   9167012.  15196042.]]
3
[[ 13483902.  15654810.   6295934.  14125458.]]
1
[[ 14961596.  13752901.   9167012.  15196042.]]
3
[[ 13483902.  15654810.   6295934.  14125458.]]
1
[[ 14961596.  13752901.   9167012.  15196042.]]
3
[[ 13483902.  15654810.   6295934.  14125458.]]
1
[[ 14961596.  13752901.   9167012.  15196042.]]
3
[[ 13483902.  15654810.   6295934.  14125458.]]
1
[[ 14961596.  13752901.   9167012.  15196042.]]
3
[[ 13483902.  15654810.   6295934.  14125458.]]
1
[[ 14961596.  13752901.   9167012.  15196042.]]
3
[[ 13483902.  15654810.   6295934.  14125458.]]
1
[[ 14961596.  13752901.   9167012.  15196042.]]
3
[[ 13483902.  15654810.   6295934.  14125458.]]
1
[[ 14961596.  13752901.   9167012.  15196042.]]
3
[[ 13483902.  15654810.   6295934.  14125458.]]
1
[[ 14961596.  13752901.   9167012.  15196042.]]
3
[[ 13483902.  15654810.   6295934.  14125458.]]
1
[[ 14961596.  13752901.   9167012.  15196042.]]
3
[[ 13483902.  15654810.   6295934.  14125458.]]
1
[[ 14961596.  13752901.   9167012.  15196042.]]
3
[[ 13483902.  15654810.   6295934.  14125458.]]
1
[[ 14961596.  13752901.   9167012.  15196042.]]
3
[[ 13483902.  15654810.   6295934.  14125458.]]
1
[[ 14961596.  13752901.   9167012.  15196042.]]
3
[[ 13483902.  15654810.   6295934.  14125458.]]
1
[[ 14961596.  13752901.   9167012.  15196042.]]
3
[[ 13483902.  15654810.   6295934.  14125458.]]
1
[[ 14961596.  13752901.   9167012.  15196042.]]
3
FAIL
1/37
