[[ -5.13473797  -0.48061627 -13.60175228  -6.1124897 ]]
1
[[ -5.54854679  -0.36117238 -15.00531292  -5.83216858]]
1
[[ -7.7191515   -7.3215971  -13.92792416  -6.17587662]]
3
[[ -5.54854679  -0.36117238 -15.00531292  -5.83216858]]
1
[[ -7.7191515   -7.3215971  -13.92792416  -6.17587662]]
3
[[ -5.54854679  -0.36117238 -15.00531292  -5.83216858]]
1
[[ -7.7191515   -7.3215971  -13.92792416  -6.17587662]]
3
[[ -5.54854679  -0.36117238 -15.00531292  -5.83216858]]
1
[[ -7.7191515   -7.3215971  -13.92792416  -6.17587662]]
3
[[ -5.54854679  -0.36117238 -15.00531292  -5.83216858]]
1
[[ -7.7191515   -7.3215971  -13.92792416  -6.17587662]]
3
[[ -5.54854679  -0.36117238 -15.00531292  -5.83216858]]
1
[[ -7.7191515   -7.3215971  -13.92792416  -6.17587662]]
3
[[ -5.54854679  -0.36117238 -15.00531292  -5.83216858]]
1
[[ -7.7191515   -7.3215971  -13.92792416  -6.17587662]]
3
[[ -5.54854679  -0.36117238 -15.00531292  -5.83216858]]
1
[[ -7.7191515   -7.3215971  -13.92792416  -6.17587662]]
3
[[ -5.54854679  -0.36117238 -15.00531292  -5.83216858]]
1
[[ -7.7191515   -7.3215971  -13.92792416  -6.17587662]]
3
[[ -5.54854679  -0.36117238 -15.00531292  -5.83216858]]
1
[[ -7.7191515   -7.3215971  -13.92792416  -6.17587662]]
3
[[ -5.54854679  -0.36117238 -15.00531292  -5.83216858]]
1
[[ -7.7191515   -7.3215971  -13.92792416  -6.17587662]]
3
[[ -5.54854679  -0.36117238 -15.00531292  -5.83216858]]
1
[[ -7.7191515   -7.3215971  -13.92792416  -6.17587662]]
3
[[ -5.54854679  -0.36117238 -15.00531292  -5.83216858]]
1
[[ -7.7191515   -7.3215971  -13.92792416  -6.17587662]]
3
[[ -5.54854679  -0.36117238 -15.00531292  -5.83216858]]
1
[[ -7.7191515   -7.3215971  -13.92792416  -6.17587662]]
3
[[ -5.54854679  -0.36117238 -15.00531292  -5.83216858]]
1
[[ -7.7191515   -7.3215971  -13.92792416  -6.17587662]]
3
[[ -5.54854679  -0.36117238 -15.00531292  -5.83216858]]
1
[[ -7.7191515   -7.3215971  -13.92792416  -6.17587662]]
3
[[ -5.54854679  -0.36117238 -15.00531292  -5.83216858]]
1
[[ -7.7191515   -7.3215971  -13.92792416  -6.17587662]]
3
[[ -5.54854679  -0.36117238 -15.00531292  -5.83216858]]
1
[[ -7.7191515   -7.3215971  -13.92792416  -6.17587662]]
3
[[ -5.54854679  -0.36117238 -15.00531292  -5.83216858]]
1
[[ -7.7191515   -7.3215971  -13.92792416  -6.17587662]]
3
[[ -5.54854679  -0.36117238 -15.00531292  -5.83216858]]
1
[[ -7.7191515   -7.3215971  -13.92792416  -6.17587662]]
3
[[ -5.54854679  -0.36117238 -15.00531292  -5.83216858]]
1
[[ -7.7191515   -7.3215971  -13.92792416  -6.17587662]]
3
[[ -5.54854679  -0.36117238 -15.00531292  -5.83216858]]
1
[[ -7.7191515   -7.3215971  -13.92792416  -6.17587662]]
3
[[ -5.54854679  -0.36117238 -15.00531292  -5.83216858]]
1
[[ -7.7191515   -7.3215971  -13.92792416  -6.17587662]]
3
[[ -5.54854679  -0.36117238 -15.00531292  -5.83216858]]
1
[[ -7.7191515   -7.3215971  -13.92792416  -6.17587662]]
3
[[ -5.54854679  -0.36117238 -15.00531292  -5.83216858]]
1
[[ -7.7191515   -7.3215971  -13.92792416  -6.17587662]]
3
[[ -5.54854679  -0.36117238 -15.00531292  -5.83216858]]
1
[[ -7.7191515   -7.3215971  -13.92792416  -6.17587662]]
3
[[ -5.54854679  -0.36117238 -15.00531292  -5.83216858]]
1
[[ -7.7191515   -7.3215971  -13.92792416  -6.17587662]]
3
[[ -5.54854679  -0.36117238 -15.00531292  -5.83216858]]
1
[[ -7.7191515   -7.3215971  -13.92792416  -6.17587662]]
3
[[ -5.54854679  -0.36117238 -15.00531292  -5.83216858]]
1
[[ -7.7191515   -7.3215971  -13.92792416  -6.17587662]]
3
[[ -5.54854679  -0.36117238 -15.00531292  -5.83216858]]
1
[[ -7.7191515   -7.3215971  -13.92792416  -6.17587662]]
3
[[ -5.54854679  -0.36117238 -15.00531292  -5.83216858]]
1
[[ -7.7191515   -7.3215971  -13.92792416  -6.17587662]]
3
[[ -5.54854679  -0.36117238 -15.00531292  -5.83216858]]
1
[[ -7.7191515   -7.3215971  -13.92792416  -6.17587662]]
3
[[ -5.54854679  -0.36117238 -15.00531292  -5.83216858]]
1
[[ -7.7191515   -7.3215971  -13.92792416  -6.17587662]]
3
[[ -5.54854679  -0.36117238 -15.00531292  -5.83216858]]
1
[[ -7.7191515   -7.3215971  -13.92792416  -6.17587662]]
3
[[ -5.54854679  -0.36117238 -15.00531292  -5.83216858]]
1
[[ -7.7191515   -7.3215971  -13.92792416  -6.17587662]]
3
[[ -5.54854679  -0.36117238 -15.00531292  -5.83216858]]
1
[[ -7.7191515   -7.3215971  -13.92792416  -6.17587662]]
3
[[ -5.54854679  -0.36117238 -15.00531292  -5.83216858]]
1
[[ -7.7191515   -7.3215971  -13.92792416  -6.17587662]]
3
[[ -5.54854679  -0.36117238 -15.00531292  -5.83216858]]
1
[[ -7.7191515   -7.3215971  -13.92792416  -6.17587662]]
3
[[ -5.54854679  -0.36117238 -15.00531292  -5.83216858]]
1
[[ -7.7191515   -7.3215971  -13.92792416  -6.17587662]]
3
[[ -5.54854679  -0.36117238 -15.00531292  -5.83216858]]
1
[[ -7.7191515   -7.3215971  -13.92792416  -6.17587662]]
3
[[ -5.54854679  -0.36117238 -15.00531292  -5.83216858]]
1
[[ -7.7191515   -7.3215971  -13.92792416  -6.17587662]]
3
[[ -5.54854679  -0.36117238 -15.00531292  -5.83216858]]
1
[[ -7.7191515   -7.3215971  -13.92792416  -6.17587662]]
3
[[ -5.54854679  -0.36117238 -15.00531292  -5.83216858]]
1
[[ -7.7191515   -7.3215971  -13.92792416  -6.17587662]]
3
[[ -5.54854679  -0.36117238 -15.00531292  -5.83216858]]
1
[[ -7.7191515   -7.3215971  -13.92792416  -6.17587662]]
3
[[ -5.54854679  -0.36117238 -15.00531292  -5.83216858]]
1
[[ -7.7191515   -7.3215971  -13.92792416  -6.17587662]]
3
[[ -5.54854679  -0.36117238 -15.00531292  -5.83216858]]
1
[[ -7.7191515   -7.3215971  -13.92792416  -6.17587662]]
3
[[ -5.54854679  -0.36117238 -15.00531292  -5.83216858]]
1
[[ -7.7191515   -7.3215971  -13.92792416  -6.17587662]]
3
[[ -5.54854679  -0.36117238 -15.00531292  -5.83216858]]
1
[[ -7.7191515   -7.3215971  -13.92792416  -6.17587662]]
3
[[ -5.54854679  -0.36117238 -15.00531292  -5.83216858]]
1
[[ -7.7191515   -7.3215971  -13.92792416  -6.17587662]]
3
[[ -5.54854679  -0.36117238 -15.00531292  -5.83216858]]
1
[[ -7.7191515   -7.3215971  -13.92792416  -6.17587662]]
3
FAIL
0/8
