[[-5.03738308 -6.73475981 -3.93997383 -8.79065609]]
2
[[-2.58351707 -7.80876303 -3.18194294 -9.04963684]]
0
[[-5.03738308 -6.73475981 -3.93997383 -8.79065609]]
2
[[-2.58351707 -7.80876303 -3.18194294 -9.04963684]]
0
[[-5.03738308 -6.73475981 -3.93997383 -8.79065609]]
2
[[-2.58351707 -7.80876303 -3.18194294 -9.04963684]]
0
[[-5.03738308 -6.73475981 -3.93997383 -8.79065609]]
2
[[-2.58351707 -7.80876303 -3.18194294 -9.04963684]]
0
[[-5.03738308 -6.73475981 -3.93997383 -8.79065609]]
2
[[-2.58351707 -7.80876303 -3.18194294 -9.04963684]]
0
[[-5.03738308 -6.73475981 -3.93997383 -8.79065609]]
2
[[-2.58351707 -7.80876303 -3.18194294 -9.04963684]]
0
[[-5.03738308 -6.73475981 -3.93997383 -8.79065609]]
2
[[-2.58351707 -7.80876303 -3.18194294 -9.04963684]]
0
[[-5.03738308 -6.73475981 -3.93997383 -8.79065609]]
2
[[-2.58351707 -7.80876303 -3.18194294 -9.04963684]]
0
[[-5.03738308 -6.73475981 -3.93997383 -8.79065609]]
2
[[-2.58351707 -7.80876303 -3.18194294 -9.04963684]]
0
[[-5.03738308 -6.73475981 -3.93997383 -8.79065609]]
2
[[-2.58351707 -7.80876303 -3.18194294 -9.04963684]]
0
[[-5.03738308 -6.73475981 -3.93997383 -8.79065609]]
2
[[-2.58351707 -7.80876303 -3.18194294 -9.04963684]]
0
[[-5.03738308 -6.73475981 -3.93997383 -8.79065609]]
2
[[-2.58351707 -7.80876303 -3.18194294 -9.04963684]]
0
[[-5.03738308 -6.73475981 -3.93997383 -8.79065609]]
2
[[-2.58351707 -7.80876303 -3.18194294 -9.04963684]]
0
[[-5.03738308 -6.73475981 -3.93997383 -8.79065609]]
2
[[-2.58351707 -7.80876303 -3.18194294 -9.04963684]]
0
[[-5.03738308 -6.73475981 -3.93997383 -8.79065609]]
2
[[-2.58351707 -7.80876303 -3.18194294 -9.04963684]]
0
[[-5.03738308 -6.73475981 -3.93997383 -8.79065609]]
2
[[-2.58351707 -7.80876303 -3.18194294 -9.04963684]]
0
[[-5.03738308 -6.73475981 -3.93997383 -8.79065609]]
2
[[-2.58351707 -7.80876303 -3.18194294 -9.04963684]]
0
[[-5.03738308 -6.73475981 -3.93997383 -8.79065609]]
2
[[-2.58351707 -7.80876303 -3.18194294 -9.04963684]]
0
[[-5.03738308 -6.73475981 -3.93997383 -8.79065609]]
2
[[-2.58351707 -7.80876303 -3.18194294 -9.04963684]]
0
[[-5.03738308 -6.73475981 -3.93997383 -8.79065609]]
2
[[-2.58351707 -7.80876303 -3.18194294 -9.04963684]]
0
[[-5.03738308 -6.73475981 -3.93997383 -8.79065609]]
2
[[-2.58351707 -7.80876303 -3.18194294 -9.04963684]]
0
[[-5.03738308 -6.73475981 -3.93997383 -8.79065609]]
2
[[-2.58351707 -7.80876303 -3.18194294 -9.04963684]]
0
[[-5.03738308 -6.73475981 -3.93997383 -8.79065609]]
2
[[-2.58351707 -7.80876303 -3.18194294 -9.04963684]]
0
[[-5.03738308 -6.73475981 -3.93997383 -8.79065609]]
2
[[-2.58351707 -7.80876303 -3.18194294 -9.04963684]]
0
[[-5.03738308 -6.73475981 -3.93997383 -8.79065609]]
2
[[-2.58351707 -7.80876303 -3.18194294 -9.04963684]]
0
[[-5.03738308 -6.73475981 -3.93997383 -8.79065609]]
2
[[-2.58351707 -7.80876303 -3.18194294 -9.04963684]]
0
[[-5.03738308 -6.73475981 -3.93997383 -8.79065609]]
2
[[-2.58351707 -7.80876303 -3.18194294 -9.04963684]]
0
[[-5.03738308 -6.73475981 -3.93997383 -8.79065609]]
2
[[-2.58351707 -7.80876303 -3.18194294 -9.04963684]]
0
[[-5.03738308 -6.73475981 -3.93997383 -8.79065609]]
2
[[-2.58351707 -7.80876303 -3.18194294 -9.04963684]]
0
[[-5.03738308 -6.73475981 -3.93997383 -8.79065609]]
2
[[-2.58351707 -7.80876303 -3.18194294 -9.04963684]]
0
[[-5.03738308 -6.73475981 -3.93997383 -8.79065609]]
2
[[-2.58351707 -7.80876303 -3.18194294 -9.04963684]]
0
[[-5.03738308 -6.73475981 -3.93997383 -8.79065609]]
2
[[-2.58351707 -7.80876303 -3.18194294 -9.04963684]]
0
[[-5.03738308 -6.73475981 -3.93997383 -8.79065609]]
2
[[-2.58351707 -7.80876303 -3.18194294 -9.04963684]]
0
[[-5.03738308 -6.73475981 -3.93997383 -8.79065609]]
2
[[-2.58351707 -7.80876303 -3.18194294 -9.04963684]]
0
[[-5.03738308 -6.73475981 -3.93997383 -8.79065609]]
2
[[-2.58351707 -7.80876303 -3.18194294 -9.04963684]]
0
[[-5.03738308 -6.73475981 -3.93997383 -8.79065609]]
2
[[-2.58351707 -7.80876303 -3.18194294 -9.04963684]]
0
[[-5.03738308 -6.73475981 -3.93997383 -8.79065609]]
2
[[-2.58351707 -7.80876303 -3.18194294 -9.04963684]]
0
[[-5.03738308 -6.73475981 -3.93997383 -8.79065609]]
2
[[-2.58351707 -7.80876303 -3.18194294 -9.04963684]]
0
[[-5.03738308 -6.73475981 -3.93997383 -8.79065609]]
2
[[-2.58351707 -7.80876303 -3.18194294 -9.04963684]]
0
[[-5.03738308 -6.73475981 -3.93997383 -8.79065609]]
2
[[-2.58351707 -7.80876303 -3.18194294 -9.04963684]]
0
[[-5.03738308 -6.73475981 -3.93997383 -8.79065609]]
2
[[-2.58351707 -7.80876303 -3.18194294 -9.04963684]]
0
[[-5.03738308 -6.73475981 -3.93997383 -8.79065609]]
2
[[-2.58351707 -7.80876303 -3.18194294 -9.04963684]]
0
[[-5.03738308 -6.73475981 -3.93997383 -8.79065609]]
2
[[-2.58351707 -7.80876303 -3.18194294 -9.04963684]]
0
[[-5.03738308 -6.73475981 -3.93997383 -8.79065609]]
2
[[-2.58351707 -7.80876303 -3.18194294 -9.04963684]]
0
[[-5.03738308 -6.73475981 -3.93997383 -8.79065609]]
2
[[-2.58351707 -7.80876303 -3.18194294 -9.04963684]]
0
[[-5.03738308 -6.73475981 -3.93997383 -8.79065609]]
2
[[-2.58351707 -7.80876303 -3.18194294 -9.04963684]]
0
[[-5.03738308 -6.73475981 -3.93997383 -8.79065609]]
2
[[-2.58351707 -7.80876303 -3.18194294 -9.04963684]]
0
[[-5.03738308 -6.73475981 -3.93997383 -8.79065609]]
2
[[-2.58351707 -7.80876303 -3.18194294 -9.04963684]]
0
[[-5.03738308 -6.73475981 -3.93997383 -8.79065609]]
2
[[-2.58351707 -7.80876303 -3.18194294 -9.04963684]]
0
[[-5.03738308 -6.73475981 -3.93997383 -8.79065609]]
2
[[-2.58351707 -7.80876303 -3.18194294 -9.04963684]]
0
[[-5.03738308 -6.73475981 -3.93997383 -8.79065609]]
2
FAIL
0/5
