[[-3.51029992 -7.41715574 -4.27220726 -7.82842779]]
0
[[-11.79137802 -14.45135021   0.29512393  -7.24107885]]
2
[[-3.51029992 -7.41715574 -4.27220726 -7.82842779]]
0
[[-11.79137802 -14.45135021   0.29512393  -7.24107885]]
2
[[-3.51029992 -7.41715574 -4.27220726 -7.82842779]]
0
[[-11.79137802 -14.45135021   0.29512393  -7.24107885]]
2
[[-3.51029992 -7.41715574 -4.27220726 -7.82842779]]
0
[[-11.79137802 -14.45135021   0.29512393  -7.24107885]]
2
[[-3.51029992 -7.41715574 -4.27220726 -7.82842779]]
0
[[-11.79137802 -14.45135021   0.29512393  -7.24107885]]
2
[[-3.51029992 -7.41715574 -4.27220726 -7.82842779]]
0
[[-11.79137802 -14.45135021   0.29512393  -7.24107885]]
2
[[-3.51029992 -7.41715574 -4.27220726 -7.82842779]]
0
[[-11.79137802 -14.45135021   0.29512393  -7.24107885]]
2
[[-3.51029992 -7.41715574 -4.27220726 -7.82842779]]
0
[[-11.79137802 -14.45135021   0.29512393  -7.24107885]]
2
[[-3.51029992 -7.41715574 -4.27220726 -7.82842779]]
0
[[-11.79137802 -14.45135021   0.29512393  -7.24107885]]
2
[[-3.51029992 -7.41715574 -4.27220726 -7.82842779]]
0
[[-11.79137802 -14.45135021   0.29512393  -7.24107885]]
2
[[-3.51029992 -7.41715574 -4.27220726 -7.82842779]]
0
[[-11.79137802 -14.45135021   0.29512393  -7.24107885]]
2
[[-3.51029992 -7.41715574 -4.27220726 -7.82842779]]
0
[[-11.79137802 -14.45135021   0.29512393  -7.24107885]]
2
[[-3.51029992 -7.41715574 -4.27220726 -7.82842779]]
0
[[-11.79137802 -14.45135021   0.29512393  -7.24107885]]
2
[[-3.51029992 -7.41715574 -4.27220726 -7.82842779]]
0
[[-11.79137802 -14.45135021   0.29512393  -7.24107885]]
2
[[-3.51029992 -7.41715574 -4.27220726 -7.82842779]]
0
[[-11.79137802 -14.45135021   0.29512393  -7.24107885]]
2
[[-3.51029992 -7.41715574 -4.27220726 -7.82842779]]
0
[[-11.79137802 -14.45135021   0.29512393  -7.24107885]]
2
[[-3.51029992 -7.41715574 -4.27220726 -7.82842779]]
0
[[-11.79137802 -14.45135021   0.29512393  -7.24107885]]
2
[[-3.51029992 -7.41715574 -4.27220726 -7.82842779]]
0
[[-11.79137802 -14.45135021   0.29512393  -7.24107885]]
2
[[-3.51029992 -7.41715574 -4.27220726 -7.82842779]]
0
[[-11.79137802 -14.45135021   0.29512393  -7.24107885]]
2
[[-3.51029992 -7.41715574 -4.27220726 -7.82842779]]
0
[[-11.79137802 -14.45135021   0.29512393  -7.24107885]]
2
[[-3.51029992 -7.41715574 -4.27220726 -7.82842779]]
0
[[-11.79137802 -14.45135021   0.29512393  -7.24107885]]
2
[[-3.51029992 -7.41715574 -4.27220726 -7.82842779]]
0
[[-11.79137802 -14.45135021   0.29512393  -7.24107885]]
2
[[-3.51029992 -7.41715574 -4.27220726 -7.82842779]]
0
[[-11.79137802 -14.45135021   0.29512393  -7.24107885]]
2
[[-3.51029992 -7.41715574 -4.27220726 -7.82842779]]
0
[[-11.79137802 -14.45135021   0.29512393  -7.24107885]]
2
[[-3.51029992 -7.41715574 -4.27220726 -7.82842779]]
0
[[-11.79137802 -14.45135021   0.29512393  -7.24107885]]
2
[[-3.51029992 -7.41715574 -4.27220726 -7.82842779]]
0
[[-11.79137802 -14.45135021   0.29512393  -7.24107885]]
2
[[-3.51029992 -7.41715574 -4.27220726 -7.82842779]]
0
[[-11.79137802 -14.45135021   0.29512393  -7.24107885]]
2
[[-3.51029992 -7.41715574 -4.27220726 -7.82842779]]
0
[[-11.79137802 -14.45135021   0.29512393  -7.24107885]]
2
[[-3.51029992 -7.41715574 -4.27220726 -7.82842779]]
0
[[-11.79137802 -14.45135021   0.29512393  -7.24107885]]
2
[[-3.51029992 -7.41715574 -4.27220726 -7.82842779]]
0
[[-11.79137802 -14.45135021   0.29512393  -7.24107885]]
2
[[-3.51029992 -7.41715574 -4.27220726 -7.82842779]]
0
[[-11.79137802 -14.45135021   0.29512393  -7.24107885]]
2
[[-3.51029992 -7.41715574 -4.27220726 -7.82842779]]
0
[[-11.79137802 -14.45135021   0.29512393  -7.24107885]]
2
[[-3.51029992 -7.41715574 -4.27220726 -7.82842779]]
0
[[-11.79137802 -14.45135021   0.29512393  -7.24107885]]
2
[[-3.51029992 -7.41715574 -4.27220726 -7.82842779]]
0
[[-11.79137802 -14.45135021   0.29512393  -7.24107885]]
2
[[-3.51029992 -7.41715574 -4.27220726 -7.82842779]]
0
[[-11.79137802 -14.45135021   0.29512393  -7.24107885]]
2
[[-3.51029992 -7.41715574 -4.27220726 -7.82842779]]
0
[[-11.79137802 -14.45135021   0.29512393  -7.24107885]]
2
[[-3.51029992 -7.41715574 -4.27220726 -7.82842779]]
0
[[-11.79137802 -14.45135021   0.29512393  -7.24107885]]
2
[[-3.51029992 -7.41715574 -4.27220726 -7.82842779]]
0
[[-11.79137802 -14.45135021   0.29512393  -7.24107885]]
2
[[-3.51029992 -7.41715574 -4.27220726 -7.82842779]]
0
[[-11.79137802 -14.45135021   0.29512393  -7.24107885]]
2
[[-3.51029992 -7.41715574 -4.27220726 -7.82842779]]
0
[[-11.79137802 -14.45135021   0.29512393  -7.24107885]]
2
[[-3.51029992 -7.41715574 -4.27220726 -7.82842779]]
0
[[-11.79137802 -14.45135021   0.29512393  -7.24107885]]
2
[[-3.51029992 -7.41715574 -4.27220726 -7.82842779]]
0
[[-11.79137802 -14.45135021   0.29512393  -7.24107885]]
2
[[-3.51029992 -7.41715574 -4.27220726 -7.82842779]]
0
[[-11.79137802 -14.45135021   0.29512393  -7.24107885]]
2
[[-3.51029992 -7.41715574 -4.27220726 -7.82842779]]
0
[[-11.79137802 -14.45135021   0.29512393  -7.24107885]]
2
[[-3.51029992 -7.41715574 -4.27220726 -7.82842779]]
0
[[-11.79137802 -14.45135021   0.29512393  -7.24107885]]
2
[[-3.51029992 -7.41715574 -4.27220726 -7.82842779]]
0
[[-11.79137802 -14.45135021   0.29512393  -7.24107885]]
2
[[-3.51029992 -7.41715574 -4.27220726 -7.82842779]]
0
[[-11.79137802 -14.45135021   0.29512393  -7.24107885]]
2
[[-3.51029992 -7.41715574 -4.27220726 -7.82842779]]
0
[[-11.79137802 -14.45135021   0.29512393  -7.24107885]]
2
[[-3.51029992 -7.41715574 -4.27220726 -7.82842779]]
0
[[-11.79137802 -14.45135021   0.29512393  -7.24107885]]
2
[[-3.51029992 -7.41715574 -4.27220726 -7.82842779]]
0
[[-11.79137802 -14.45135021   0.29512393  -7.24107885]]
2
[[-3.51029992 -7.41715574 -4.27220726 -7.82842779]]
0
FAIL
1/2
