[[-4.66856098 -4.48935652 -4.05325937 -8.08335304]]
2
[[-2.90420222 -6.05984068 -3.08926272 -8.79762077]]
0
[[-4.66856098 -4.48935652 -4.05325937 -8.08335304]]
2
[[-2.90420222 -6.05984068 -3.08926272 -8.79762077]]
0
[[-4.66856098 -4.48935652 -4.05325937 -8.08335304]]
2
[[-2.90420222 -6.05984068 -3.08926272 -8.79762077]]
0
[[-4.66856098 -4.48935652 -4.05325937 -8.08335304]]
2
[[-2.90420222 -6.05984068 -3.08926272 -8.79762077]]
0
[[-4.66856098 -4.48935652 -4.05325937 -8.08335304]]
2
[[-2.90420222 -6.05984068 -3.08926272 -8.79762077]]
0
[[-4.66856098 -4.48935652 -4.05325937 -8.08335304]]
2
[[-2.90420222 -6.05984068 -3.08926272 -8.79762077]]
0
[[-4.66856098 -4.48935652 -4.05325937 -8.08335304]]
2
[[-2.90420222 -6.05984068 -3.08926272 -8.79762077]]
0
[[-4.66856098 -4.48935652 -4.05325937 -8.08335304]]
2
[[-2.90420222 -6.05984068 -3.08926272 -8.79762077]]
0
[[-4.66856098 -4.48935652 -4.05325937 -8.08335304]]
2
[[-2.90420222 -6.05984068 -3.08926272 -8.79762077]]
0
[[-4.66856098 -4.48935652 -4.05325937 -8.08335304]]
2
[[-2.90420222 -6.05984068 -3.08926272 -8.79762077]]
0
[[-4.66856098 -4.48935652 -4.05325937 -8.08335304]]
2
[[-2.90420222 -6.05984068 -3.08926272 -8.79762077]]
0
[[-4.66856098 -4.48935652 -4.05325937 -8.08335304]]
2
[[-2.90420222 -6.05984068 -3.08926272 -8.79762077]]
0
[[-4.66856098 -4.48935652 -4.05325937 -8.08335304]]
2
[[-2.90420222 -6.05984068 -3.08926272 -8.79762077]]
0
[[-4.66856098 -4.48935652 -4.05325937 -8.08335304]]
2
[[-2.90420222 -6.05984068 -3.08926272 -8.79762077]]
0
[[-4.66856098 -4.48935652 -4.05325937 -8.08335304]]
2
[[-2.90420222 -6.05984068 -3.08926272 -8.79762077]]
0
[[-4.66856098 -4.48935652 -4.05325937 -8.08335304]]
2
[[-2.90420222 -6.05984068 -3.08926272 -8.79762077]]
0
[[-4.66856098 -4.48935652 -4.05325937 -8.08335304]]
2
[[-2.90420222 -6.05984068 -3.08926272 -8.79762077]]
0
[[-4.66856098 -4.48935652 -4.05325937 -8.08335304]]
2
[[-2.90420222 -6.05984068 -3.08926272 -8.79762077]]
0
[[-4.66856098 -4.48935652 -4.05325937 -8.08335304]]
2
[[-2.90420222 -6.05984068 -3.08926272 -8.79762077]]
0
[[-4.66856098 -4.48935652 -4.05325937 -8.08335304]]
2
[[-2.90420222 -6.05984068 -3.08926272 -8.79762077]]
0
[[-4.66856098 -4.48935652 -4.05325937 -8.08335304]]
2
[[-2.90420222 -6.05984068 -3.08926272 -8.79762077]]
0
[[-4.66856098 -4.48935652 -4.05325937 -8.08335304]]
2
[[-2.90420222 -6.05984068 -3.08926272 -8.79762077]]
0
[[-4.66856098 -4.48935652 -4.05325937 -8.08335304]]
2
[[-2.90420222 -6.05984068 -3.08926272 -8.79762077]]
0
[[-4.66856098 -4.48935652 -4.05325937 -8.08335304]]
2
[[-2.90420222 -6.05984068 -3.08926272 -8.79762077]]
0
[[-4.66856098 -4.48935652 -4.05325937 -8.08335304]]
2
[[-2.90420222 -6.05984068 -3.08926272 -8.79762077]]
0
[[-4.66856098 -4.48935652 -4.05325937 -8.08335304]]
2
[[-2.90420222 -6.05984068 -3.08926272 -8.79762077]]
0
[[-4.66856098 -4.48935652 -4.05325937 -8.08335304]]
2
[[-2.90420222 -6.05984068 -3.08926272 -8.79762077]]
0
[[-4.66856098 -4.48935652 -4.05325937 -8.08335304]]
2
[[-2.90420222 -6.05984068 -3.08926272 -8.79762077]]
0
[[-4.66856098 -4.48935652 -4.05325937 -8.08335304]]
2
[[-2.90420222 -6.05984068 -3.08926272 -8.79762077]]
0
[[-4.66856098 -4.48935652 -4.05325937 -8.08335304]]
2
[[-2.90420222 -6.05984068 -3.08926272 -8.79762077]]
0
[[-4.66856098 -4.48935652 -4.05325937 -8.08335304]]
2
[[-2.90420222 -6.05984068 -3.08926272 -8.79762077]]
0
[[-4.66856098 -4.48935652 -4.05325937 -8.08335304]]
2
[[-2.90420222 -6.05984068 -3.08926272 -8.79762077]]
0
[[-4.66856098 -4.48935652 -4.05325937 -8.08335304]]
2
[[-2.90420222 -6.05984068 -3.08926272 -8.79762077]]
0
[[-4.66856098 -4.48935652 -4.05325937 -8.08335304]]
2
[[-2.90420222 -6.05984068 -3.08926272 -8.79762077]]
0
[[-4.66856098 -4.48935652 -4.05325937 -8.08335304]]
2
[[-2.90420222 -6.05984068 -3.08926272 -8.79762077]]
0
[[-4.66856098 -4.48935652 -4.05325937 -8.08335304]]
2
[[-2.90420222 -6.05984068 -3.08926272 -8.79762077]]
0
[[-4.66856098 -4.48935652 -4.05325937 -8.08335304]]
2
[[-2.90420222 -6.05984068 -3.08926272 -8.79762077]]
0
[[-4.66856098 -4.48935652 -4.05325937 -8.08335304]]
2
[[-2.90420222 -6.05984068 -3.08926272 -8.79762077]]
0
[[-4.66856098 -4.48935652 -4.05325937 -8.08335304]]
2
[[-2.90420222 -6.05984068 -3.08926272 -8.79762077]]
0
[[-4.66856098 -4.48935652 -4.05325937 -8.08335304]]
2
[[-2.90420222 -6.05984068 -3.08926272 -8.79762077]]
0
[[-4.66856098 -4.48935652 -4.05325937 -8.08335304]]
2
[[-2.90420222 -6.05984068 -3.08926272 -8.79762077]]
0
[[-4.66856098 -4.48935652 -4.05325937 -8.08335304]]
2
[[-2.90420222 -6.05984068 -3.08926272 -8.79762077]]
0
[[-4.66856098 -4.48935652 -4.05325937 -8.08335304]]
2
[[-2.90420222 -6.05984068 -3.08926272 -8.79762077]]
0
[[-4.66856098 -4.48935652 -4.05325937 -8.08335304]]
2
[[-2.90420222 -6.05984068 -3.08926272 -8.79762077]]
0
[[-4.66856098 -4.48935652 -4.05325937 -8.08335304]]
2
[[-2.90420222 -6.05984068 -3.08926272 -8.79762077]]
0
[[-4.66856098 -4.48935652 -4.05325937 -8.08335304]]
2
[[-2.90420222 -6.05984068 -3.08926272 -8.79762077]]
0
[[-4.66856098 -4.48935652 -4.05325937 -8.08335304]]
2
[[-2.90420222 -6.05984068 -3.08926272 -8.79762077]]
0
[[-4.66856098 -4.48935652 -4.05325937 -8.08335304]]
2
[[-2.90420222 -6.05984068 -3.08926272 -8.79762077]]
0
[[-4.66856098 -4.48935652 -4.05325937 -8.08335304]]
2
[[-2.90420222 -6.05984068 -3.08926272 -8.79762077]]
0
[[-4.66856098 -4.48935652 -4.05325937 -8.08335304]]
2
[[-2.90420222 -6.05984068 -3.08926272 -8.79762077]]
0
[[-4.66856098 -4.48935652 -4.05325937 -8.08335304]]
2
FAIL
0/5
