[[   65418.12890625 -1363360.25          -7389.15576172  -378411.5625    ]]
0
[[ -637518.5    -1915000.875   -548567.875   -926630.0625]]
2
[[   65418.12890625 -1363360.25          -7389.15576172  -378411.5625    ]]
0
[[ -637518.5    -1915000.875   -548567.875   -926630.0625]]
2
[[   65418.12890625 -1363360.25          -7389.15576172  -378411.5625    ]]
0
[[ -637518.5    -1915000.875   -548567.875   -926630.0625]]
2
[[   65418.12890625 -1363360.25          -7389.15576172  -378411.5625    ]]
0
[[ -637518.5    -1915000.875   -548567.875   -926630.0625]]
2
[[   65418.12890625 -1363360.25          -7389.15576172  -378411.5625    ]]
0
[[ -637518.5    -1915000.875   -548567.875   -926630.0625]]
2
[[   65418.12890625 -1363360.25          -7389.15576172  -378411.5625    ]]
0
[[ -637518.5    -1915000.875   -548567.875   -926630.0625]]
2
[[   65418.12890625 -1363360.25          -7389.15576172  -378411.5625    ]]
0
[[ -637518.5    -1915000.875   -548567.875   -926630.0625]]
2
[[   65418.12890625 -1363360.25          -7389.15576172  -378411.5625    ]]
0
[[ -637518.5    -1915000.875   -548567.875   -926630.0625]]
2
[[   65418.12890625 -1363360.25          -7389.15576172  -378411.5625    ]]
0
[[ -637518.5    -1915000.875   -548567.875   -926630.0625]]
2
[[   65418.12890625 -1363360.25          -7389.15576172  -378411.5625    ]]
0
[[ -637518.5    -1915000.875   -548567.875   -926630.0625]]
2
[[   65418.12890625 -1363360.25          -7389.15576172  -378411.5625    ]]
0
[[ -637518.5    -1915000.875   -548567.875   -926630.0625]]
2
[[   65418.12890625 -1363360.25          -7389.15576172  -378411.5625    ]]
0
[[ -637518.5    -1915000.875   -548567.875   -926630.0625]]
2
[[   65418.12890625 -1363360.25          -7389.15576172  -378411.5625    ]]
0
[[ -637518.5    -1915000.875   -548567.875   -926630.0625]]
2
[[   65418.12890625 -1363360.25          -7389.15576172  -378411.5625    ]]
0
[[ -637518.5    -1915000.875   -548567.875   -926630.0625]]
2
[[   65418.12890625 -1363360.25          -7389.15576172  -378411.5625    ]]
0
[[ -637518.5    -1915000.875   -548567.875   -926630.0625]]
2
[[   65418.12890625 -1363360.25          -7389.15576172  -378411.5625    ]]
0
[[ -637518.5    -1915000.875   -548567.875   -926630.0625]]
2
[[   65418.12890625 -1363360.25          -7389.15576172  -378411.5625    ]]
0
[[ -637518.5    -1915000.875   -548567.875   -926630.0625]]
2
[[   65418.12890625 -1363360.25          -7389.15576172  -378411.5625    ]]
0
[[ -637518.5    -1915000.875   -548567.875   -926630.0625]]
2
[[   65418.12890625 -1363360.25          -7389.15576172  -378411.5625    ]]
0
[[ -637518.5    -1915000.875   -548567.875   -926630.0625]]
2
[[   65418.12890625 -1363360.25          -7389.15576172  -378411.5625    ]]
0
[[ -637518.5    -1915000.875   -548567.875   -926630.0625]]
2
[[   65418.12890625 -1363360.25          -7389.15576172  -378411.5625    ]]
0
[[ -637518.5    -1915000.875   -548567.875   -926630.0625]]
2
[[   65418.12890625 -1363360.25          -7389.15576172  -378411.5625    ]]
0
[[ -637518.5    -1915000.875   -548567.875   -926630.0625]]
2
[[   65418.12890625 -1363360.25          -7389.15576172  -378411.5625    ]]
0
[[ -637518.5    -1915000.875   -548567.875   -926630.0625]]
2
[[   65418.12890625 -1363360.25          -7389.15576172  -378411.5625    ]]
0
[[ -637518.5    -1915000.875   -548567.875   -926630.0625]]
2
[[   65418.12890625 -1363360.25          -7389.15576172  -378411.5625    ]]
0
[[ -637518.5    -1915000.875   -548567.875   -926630.0625]]
2
[[   65418.12890625 -1363360.25          -7389.15576172  -378411.5625    ]]
0
[[ -637518.5    -1915000.875   -548567.875   -926630.0625]]
2
[[   65418.12890625 -1363360.25          -7389.15576172  -378411.5625    ]]
0
[[ -637518.5    -1915000.875   -548567.875   -926630.0625]]
2
[[   65418.12890625 -1363360.25          -7389.15576172  -378411.5625    ]]
0
[[ -637518.5    -1915000.875   -548567.875   -926630.0625]]
2
[[   65418.12890625 -1363360.25          -7389.15576172  -378411.5625    ]]
0
[[ -637518.5    -1915000.875   -548567.875   -926630.0625]]
2
[[   65418.12890625 -1363360.25          -7389.15576172  -378411.5625    ]]
0
[[ -637518.5    -1915000.875   -548567.875   -926630.0625]]
2
[[   65418.12890625 -1363360.25          -7389.15576172  -378411.5625    ]]
0
[[ -637518.5    -1915000.875   -548567.875   -926630.0625]]
2
[[   65418.12890625 -1363360.25          -7389.15576172  -378411.5625    ]]
0
[[ -637518.5    -1915000.875   -548567.875   -926630.0625]]
2
[[   65418.12890625 -1363360.25          -7389.15576172  -378411.5625    ]]
0
[[ -637518.5    -1915000.875   -548567.875   -926630.0625]]
2
[[   65418.12890625 -1363360.25          -7389.15576172  -378411.5625    ]]
0
[[ -637518.5    -1915000.875   -548567.875   -926630.0625]]
2
[[   65418.12890625 -1363360.25          -7389.15576172  -378411.5625    ]]
0
[[ -637518.5    -1915000.875   -548567.875   -926630.0625]]
2
[[   65418.12890625 -1363360.25          -7389.15576172  -378411.5625    ]]
0
[[ -637518.5    -1915000.875   -548567.875   -926630.0625]]
2
[[   65418.12890625 -1363360.25          -7389.15576172  -378411.5625    ]]
0
[[ -637518.5    -1915000.875   -548567.875   -926630.0625]]
2
[[   65418.12890625 -1363360.25          -7389.15576172  -378411.5625    ]]
0
[[ -637518.5    -1915000.875   -548567.875   -926630.0625]]
2
[[   65418.12890625 -1363360.25          -7389.15576172  -378411.5625    ]]
0
[[ -637518.5    -1915000.875   -548567.875   -926630.0625]]
2
[[   65418.12890625 -1363360.25          -7389.15576172  -378411.5625    ]]
0
[[ -637518.5    -1915000.875   -548567.875   -926630.0625]]
2
[[   65418.12890625 -1363360.25          -7389.15576172  -378411.5625    ]]
0
[[ -637518.5    -1915000.875   -548567.875   -926630.0625]]
2
[[   65418.12890625 -1363360.25          -7389.15576172  -378411.5625    ]]
0
[[ -637518.5    -1915000.875   -548567.875   -926630.0625]]
2
[[   65418.12890625 -1363360.25          -7389.15576172  -378411.5625    ]]
0
[[ -637518.5    -1915000.875   -548567.875   -926630.0625]]
2
[[   65418.12890625 -1363360.25          -7389.15576172  -378411.5625    ]]
0
[[ -637518.5    -1915000.875   -548567.875   -926630.0625]]
2
[[   65418.12890625 -1363360.25          -7389.15576172  -378411.5625    ]]
0
[[ -637518.5    -1915000.875   -548567.875   -926630.0625]]
2
[[   65418.12890625 -1363360.25          -7389.15576172  -378411.5625    ]]
0
[[ -637518.5    -1915000.875   -548567.875   -926630.0625]]
2
[[   65418.12890625 -1363360.25          -7389.15576172  -378411.5625    ]]
0
[[ -637518.5    -1915000.875   -548567.875   -926630.0625]]
2
[[   65418.12890625 -1363360.25          -7389.15576172  -378411.5625    ]]
0
[[ -637518.5    -1915000.875   -548567.875   -926630.0625]]
2
[[   65418.12890625 -1363360.25          -7389.15576172  -378411.5625    ]]
0
[[ -637518.5    -1915000.875   -548567.875   -926630.0625]]
2
[[   65418.12890625 -1363360.25          -7389.15576172  -378411.5625    ]]
0
[[ -637518.5    -1915000.875   -548567.875   -926630.0625]]
2
[[   65418.12890625 -1363360.25          -7389.15576172  -378411.5625    ]]
0
FAIL
1/8
