[[-3.6401875  -7.33932066 -4.17359781 -7.96002674]]
0
[[-11.91382408 -14.36774158   0.39472359  -7.36597633]]
2
[[-3.6401875  -7.33932066 -4.17359781 -7.96002674]]
0
[[-11.91382408 -14.36774158   0.39472359  -7.36597633]]
2
[[-3.6401875  -7.33932066 -4.17359781 -7.96002674]]
0
[[-11.91382408 -14.36774158   0.39472359  -7.36597633]]
2
[[-3.6401875  -7.33932066 -4.17359781 -7.96002674]]
0
[[-11.91382408 -14.36774158   0.39472359  -7.36597633]]
2
[[-3.6401875  -7.33932066 -4.17359781 -7.96002674]]
0
[[-11.91382408 -14.36774158   0.39472359  -7.36597633]]
2
[[-3.6401875  -7.33932066 -4.17359781 -7.96002674]]
0
[[-11.91382408 -14.36774158   0.39472359  -7.36597633]]
2
[[-3.6401875  -7.33932066 -4.17359781 -7.96002674]]
0
[[-11.91382408 -14.36774158   0.39472359  -7.36597633]]
2
[[-3.6401875  -7.33932066 -4.17359781 -7.96002674]]
0
[[-11.91382408 -14.36774158   0.39472359  -7.36597633]]
2
[[-3.6401875  -7.33932066 -4.17359781 -7.96002674]]
0
[[-11.91382408 -14.36774158   0.39472359  -7.36597633]]
2
[[-3.6401875  -7.33932066 -4.17359781 -7.96002674]]
0
[[-11.91382408 -14.36774158   0.39472359  -7.36597633]]
2
[[-3.6401875  -7.33932066 -4.17359781 -7.96002674]]
0
[[-11.91382408 -14.36774158   0.39472359  -7.36597633]]
2
[[-3.6401875  -7.33932066 -4.17359781 -7.96002674]]
0
[[-11.91382408 -14.36774158   0.39472359  -7.36597633]]
2
[[-3.6401875  -7.33932066 -4.17359781 -7.96002674]]
0
[[-11.91382408 -14.36774158   0.39472359  -7.36597633]]
2
[[-3.6401875  -7.33932066 -4.17359781 -7.96002674]]
0
[[-11.91382408 -14.36774158   0.39472359  -7.36597633]]
2
[[-3.6401875  -7.33932066 -4.17359781 -7.96002674]]
0
[[-11.91382408 -14.36774158   0.39472359  -7.36597633]]
2
[[-3.6401875  -7.33932066 -4.17359781 -7.96002674]]
0
[[-11.91382408 -14.36774158   0.39472359  -7.36597633]]
2
[[-3.6401875  -7.33932066 -4.17359781 -7.96002674]]
0
[[-11.91382408 -14.36774158   0.39472359  -7.36597633]]
2
[[-3.6401875  -7.33932066 -4.17359781 -7.96002674]]
0
[[-11.91382408 -14.36774158   0.39472359  -7.36597633]]
2
[[-3.6401875  -7.33932066 -4.17359781 -7.96002674]]
0
[[-11.91382408 -14.36774158   0.39472359  -7.36597633]]
2
[[-3.6401875  -7.33932066 -4.17359781 -7.96002674]]
0
[[-11.91382408 -14.36774158   0.39472359  -7.36597633]]
2
[[-3.6401875  -7.33932066 -4.17359781 -7.96002674]]
0
[[-11.91382408 -14.36774158   0.39472359  -7.36597633]]
2
[[-3.6401875  -7.33932066 -4.17359781 -7.96002674]]
0
[[-11.91382408 -14.36774158   0.39472359  -7.36597633]]
2
[[-3.6401875  -7.33932066 -4.17359781 -7.96002674]]
0
[[-11.91382408 -14.36774158   0.39472359  -7.36597633]]
2
[[-3.6401875  -7.33932066 -4.17359781 -7.96002674]]
0
[[-11.91382408 -14.36774158   0.39472359  -7.36597633]]
2
[[-3.6401875  -7.33932066 -4.17359781 -7.96002674]]
0
[[-11.91382408 -14.36774158   0.39472359  -7.36597633]]
2
[[-3.6401875  -7.33932066 -4.17359781 -7.96002674]]
0
[[-11.91382408 -14.36774158   0.39472359  -7.36597633]]
2
[[-3.6401875  -7.33932066 -4.17359781 -7.96002674]]
0
[[-11.91382408 -14.36774158   0.39472359  -7.36597633]]
2
[[-3.6401875  -7.33932066 -4.17359781 -7.96002674]]
0
[[-11.91382408 -14.36774158   0.39472359  -7.36597633]]
2
[[-3.6401875  -7.33932066 -4.17359781 -7.96002674]]
0
[[-11.91382408 -14.36774158   0.39472359  -7.36597633]]
2
[[-3.6401875  -7.33932066 -4.17359781 -7.96002674]]
0
[[-11.91382408 -14.36774158   0.39472359  -7.36597633]]
2
[[-3.6401875  -7.33932066 -4.17359781 -7.96002674]]
0
[[-11.91382408 -14.36774158   0.39472359  -7.36597633]]
2
[[-3.6401875  -7.33932066 -4.17359781 -7.96002674]]
0
[[-11.91382408 -14.36774158   0.39472359  -7.36597633]]
2
[[-3.6401875  -7.33932066 -4.17359781 -7.96002674]]
0
[[-11.91382408 -14.36774158   0.39472359  -7.36597633]]
2
[[-3.6401875  -7.33932066 -4.17359781 -7.96002674]]
0
[[-11.91382408 -14.36774158   0.39472359  -7.36597633]]
2
[[-3.6401875  -7.33932066 -4.17359781 -7.96002674]]
0
[[-11.91382408 -14.36774158   0.39472359  -7.36597633]]
2
[[-3.6401875  -7.33932066 -4.17359781 -7.96002674]]
0
[[-11.91382408 -14.36774158   0.39472359  -7.36597633]]
2
[[-3.6401875  -7.33932066 -4.17359781 -7.96002674]]
0
[[-11.91382408 -14.36774158   0.39472359  -7.36597633]]
2
[[-3.6401875  -7.33932066 -4.17359781 -7.96002674]]
0
[[-11.91382408 -14.36774158   0.39472359  -7.36597633]]
2
[[-3.6401875  -7.33932066 -4.17359781 -7.96002674]]
0
[[-11.91382408 -14.36774158   0.39472359  -7.36597633]]
2
[[-3.6401875  -7.33932066 -4.17359781 -7.96002674]]
0
[[-11.91382408 -14.36774158   0.39472359  -7.36597633]]
2
[[-3.6401875  -7.33932066 -4.17359781 -7.96002674]]
0
[[-11.91382408 -14.36774158   0.39472359  -7.36597633]]
2
[[-3.6401875  -7.33932066 -4.17359781 -7.96002674]]
0
[[-11.91382408 -14.36774158   0.39472359  -7.36597633]]
2
[[-3.6401875  -7.33932066 -4.17359781 -7.96002674]]
0
[[-11.91382408 -14.36774158   0.39472359  -7.36597633]]
2
[[-3.6401875  -7.33932066 -4.17359781 -7.96002674]]
0
[[-11.91382408 -14.36774158   0.39472359  -7.36597633]]
2
[[-3.6401875  -7.33932066 -4.17359781 -7.96002674]]
0
[[-11.91382408 -14.36774158   0.39472359  -7.36597633]]
2
[[-3.6401875  -7.33932066 -4.17359781 -7.96002674]]
0
[[-11.91382408 -14.36774158   0.39472359  -7.36597633]]
2
[[-3.6401875  -7.33932066 -4.17359781 -7.96002674]]
0
[[-11.91382408 -14.36774158   0.39472359  -7.36597633]]
2
[[-3.6401875  -7.33932066 -4.17359781 -7.96002674]]
0
[[-11.91382408 -14.36774158   0.39472359  -7.36597633]]
2
[[-3.6401875  -7.33932066 -4.17359781 -7.96002674]]
0
[[-11.91382408 -14.36774158   0.39472359  -7.36597633]]
2
[[-3.6401875  -7.33932066 -4.17359781 -7.96002674]]
0
[[-11.91382408 -14.36774158   0.39472359  -7.36597633]]
2
[[-3.6401875  -7.33932066 -4.17359781 -7.96002674]]
0
FAIL
1/2
