[[-3.48894072 -7.29205847 -4.19141245 -8.07369614]]
0
[[-11.76175213 -14.31673908   0.37438181  -7.47443295]]
2
[[-3.48894072 -7.29205847 -4.19141245 -8.07369614]]
0
[[-11.76175213 -14.31673908   0.37438181  -7.47443295]]
2
[[-3.48894072 -7.29205847 -4.19141245 -8.07369614]]
0
[[-11.76175213 -14.31673908   0.37438181  -7.47443295]]
2
[[-3.48894072 -7.29205847 -4.19141245 -8.07369614]]
0
[[-11.76175213 -14.31673908   0.37438181  -7.47443295]]
2
[[-3.48894072 -7.29205847 -4.19141245 -8.07369614]]
0
[[-11.76175213 -14.31673908   0.37438181  -7.47443295]]
2
[[-3.48894072 -7.29205847 -4.19141245 -8.07369614]]
0
[[-11.76175213 -14.31673908   0.37438181  -7.47443295]]
2
[[-3.48894072 -7.29205847 -4.19141245 -8.07369614]]
0
[[-11.76175213 -14.31673908   0.37438181  -7.47443295]]
2
[[-3.48894072 -7.29205847 -4.19141245 -8.07369614]]
0
[[-11.76175213 -14.31673908   0.37438181  -7.47443295]]
2
[[-3.48894072 -7.29205847 -4.19141245 -8.07369614]]
0
[[-11.76175213 -14.31673908   0.37438181  -7.47443295]]
2
[[-3.48894072 -7.29205847 -4.19141245 -8.07369614]]
0
[[-11.76175213 -14.31673908   0.37438181  -7.47443295]]
2
[[-3.48894072 -7.29205847 -4.19141245 -8.07369614]]
0
[[-11.76175213 -14.31673908   0.37438181  -7.47443295]]
2
[[-3.48894072 -7.29205847 -4.19141245 -8.07369614]]
0
[[-11.76175213 -14.31673908   0.37438181  -7.47443295]]
2
[[-3.48894072 -7.29205847 -4.19141245 -8.07369614]]
0
[[-11.76175213 -14.31673908   0.37438181  -7.47443295]]
2
[[-3.48894072 -7.29205847 -4.19141245 -8.07369614]]
0
[[-11.76175213 -14.31673908   0.37438181  -7.47443295]]
2
[[-3.48894072 -7.29205847 -4.19141245 -8.07369614]]
0
[[-11.76175213 -14.31673908   0.37438181  -7.47443295]]
2
[[-3.48894072 -7.29205847 -4.19141245 -8.07369614]]
0
[[-11.76175213 -14.31673908   0.37438181  -7.47443295]]
2
[[-3.48894072 -7.29205847 -4.19141245 -8.07369614]]
0
[[-11.76175213 -14.31673908   0.37438181  -7.47443295]]
2
[[-3.48894072 -7.29205847 -4.19141245 -8.07369614]]
0
[[-11.76175213 -14.31673908   0.37438181  -7.47443295]]
2
[[-3.48894072 -7.29205847 -4.19141245 -8.07369614]]
0
[[-11.76175213 -14.31673908   0.37438181  -7.47443295]]
2
[[-3.48894072 -7.29205847 -4.19141245 -8.07369614]]
0
[[-11.76175213 -14.31673908   0.37438181  -7.47443295]]
2
[[-3.48894072 -7.29205847 -4.19141245 -8.07369614]]
0
[[-11.76175213 -14.31673908   0.37438181  -7.47443295]]
2
[[-3.48894072 -7.29205847 -4.19141245 -8.07369614]]
0
[[-11.76175213 -14.31673908   0.37438181  -7.47443295]]
2
[[-3.48894072 -7.29205847 -4.19141245 -8.07369614]]
0
[[-11.76175213 -14.31673908   0.37438181  -7.47443295]]
2
[[-3.48894072 -7.29205847 -4.19141245 -8.07369614]]
0
[[-11.76175213 -14.31673908   0.37438181  -7.47443295]]
2
[[-3.48894072 -7.29205847 -4.19141245 -8.07369614]]
0
[[-11.76175213 -14.31673908   0.37438181  -7.47443295]]
2
[[-3.48894072 -7.29205847 -4.19141245 -8.07369614]]
0
[[-11.76175213 -14.31673908   0.37438181  -7.47443295]]
2
[[-3.48894072 -7.29205847 -4.19141245 -8.07369614]]
0
[[-11.76175213 -14.31673908   0.37438181  -7.47443295]]
2
[[-3.48894072 -7.29205847 -4.19141245 -8.07369614]]
0
[[-11.76175213 -14.31673908   0.37438181  -7.47443295]]
2
[[-3.48894072 -7.29205847 -4.19141245 -8.07369614]]
0
[[-11.76175213 -14.31673908   0.37438181  -7.47443295]]
2
[[-3.48894072 -7.29205847 -4.19141245 -8.07369614]]
0
[[-11.76175213 -14.31673908   0.37438181  -7.47443295]]
2
[[-3.48894072 -7.29205847 -4.19141245 -8.07369614]]
0
[[-11.76175213 -14.31673908   0.37438181  -7.47443295]]
2
[[-3.48894072 -7.29205847 -4.19141245 -8.07369614]]
0
[[-11.76175213 -14.31673908   0.37438181  -7.47443295]]
2
[[-3.48894072 -7.29205847 -4.19141245 -8.07369614]]
0
[[-11.76175213 -14.31673908   0.37438181  -7.47443295]]
2
[[-3.48894072 -7.29205847 -4.19141245 -8.07369614]]
0
[[-11.76175213 -14.31673908   0.37438181  -7.47443295]]
2
[[-3.48894072 -7.29205847 -4.19141245 -8.07369614]]
0
[[-11.76175213 -14.31673908   0.37438181  -7.47443295]]
2
[[-3.48894072 -7.29205847 -4.19141245 -8.07369614]]
0
[[-11.76175213 -14.31673908   0.37438181  -7.47443295]]
2
[[-3.48894072 -7.29205847 -4.19141245 -8.07369614]]
0
[[-11.76175213 -14.31673908   0.37438181  -7.47443295]]
2
[[-3.48894072 -7.29205847 -4.19141245 -8.07369614]]
0
[[-11.76175213 -14.31673908   0.37438181  -7.47443295]]
2
[[-3.48894072 -7.29205847 -4.19141245 -8.07369614]]
0
[[-11.76175213 -14.31673908   0.37438181  -7.47443295]]
2
[[-3.48894072 -7.29205847 -4.19141245 -8.07369614]]
0
[[-11.76175213 -14.31673908   0.37438181  -7.47443295]]
2
[[-3.48894072 -7.29205847 -4.19141245 -8.07369614]]
0
[[-11.76175213 -14.31673908   0.37438181  -7.47443295]]
2
[[-3.48894072 -7.29205847 -4.19141245 -8.07369614]]
0
[[-11.76175213 -14.31673908   0.37438181  -7.47443295]]
2
[[-3.48894072 -7.29205847 -4.19141245 -8.07369614]]
0
[[-11.76175213 -14.31673908   0.37438181  -7.47443295]]
2
[[-3.48894072 -7.29205847 -4.19141245 -8.07369614]]
0
[[-11.76175213 -14.31673908   0.37438181  -7.47443295]]
2
[[-3.48894072 -7.29205847 -4.19141245 -8.07369614]]
0
[[-11.76175213 -14.31673908   0.37438181  -7.47443295]]
2
[[-3.48894072 -7.29205847 -4.19141245 -8.07369614]]
0
[[-11.76175213 -14.31673908   0.37438181  -7.47443295]]
2
[[-3.48894072 -7.29205847 -4.19141245 -8.07369614]]
0
[[-11.76175213 -14.31673908   0.37438181  -7.47443295]]
2
[[-3.48894072 -7.29205847 -4.19141245 -8.07369614]]
0
[[-11.76175213 -14.31673908   0.37438181  -7.47443295]]
2
[[-3.48894072 -7.29205847 -4.19141245 -8.07369614]]
0
[[-11.76175213 -14.31673908   0.37438181  -7.47443295]]
2
[[-3.48894072 -7.29205847 -4.19141245 -8.07369614]]
0
[[-11.76175213 -14.31673908   0.37438181  -7.47443295]]
2
[[-3.48894072 -7.29205847 -4.19141245 -8.07369614]]
0
FAIL
1/2
