[[-4.68601084 -4.37316704 -3.97490144 -8.33650684]]
2
[[-2.92971277 -5.95728302 -3.01696181 -9.05239582]]
0
[[-4.68601084 -4.37316704 -3.97490144 -8.33650684]]
2
[[-2.92971277 -5.95728302 -3.01696181 -9.05239582]]
0
[[-4.68601084 -4.37316704 -3.97490144 -8.33650684]]
2
[[-2.92971277 -5.95728302 -3.01696181 -9.05239582]]
0
[[-4.68601084 -4.37316704 -3.97490144 -8.33650684]]
2
[[-2.92971277 -5.95728302 -3.01696181 -9.05239582]]
0
[[-4.68601084 -4.37316704 -3.97490144 -8.33650684]]
2
[[-2.92971277 -5.95728302 -3.01696181 -9.05239582]]
0
[[-4.68601084 -4.37316704 -3.97490144 -8.33650684]]
2
[[-2.92971277 -5.95728302 -3.01696181 -9.05239582]]
0
[[-4.68601084 -4.37316704 -3.97490144 -8.33650684]]
2
[[-2.92971277 -5.95728302 -3.01696181 -9.05239582]]
0
[[-4.68601084 -4.37316704 -3.97490144 -8.33650684]]
2
[[-2.92971277 -5.95728302 -3.01696181 -9.05239582]]
0
[[-4.68601084 -4.37316704 -3.97490144 -8.33650684]]
2
[[-2.92971277 -5.95728302 -3.01696181 -9.05239582]]
0
[[-4.68601084 -4.37316704 -3.97490144 -8.33650684]]
2
[[-2.92971277 -5.95728302 -3.01696181 -9.05239582]]
0
[[-4.68601084 -4.37316704 -3.97490144 -8.33650684]]
2
[[-2.92971277 -5.95728302 -3.01696181 -9.05239582]]
0
[[-4.68601084 -4.37316704 -3.97490144 -8.33650684]]
2
[[-2.92971277 -5.95728302 -3.01696181 -9.05239582]]
0
[[-4.68601084 -4.37316704 -3.97490144 -8.33650684]]
2
[[-2.92971277 -5.95728302 -3.01696181 -9.05239582]]
0
[[-4.68601084 -4.37316704 -3.97490144 -8.33650684]]
2
[[-2.92971277 -5.95728302 -3.01696181 -9.05239582]]
0
[[-4.68601084 -4.37316704 -3.97490144 -8.33650684]]
2
[[-2.92971277 -5.95728302 -3.01696181 -9.05239582]]
0
[[-4.68601084 -4.37316704 -3.97490144 -8.33650684]]
2
[[-2.92971277 -5.95728302 -3.01696181 -9.05239582]]
0
[[-4.68601084 -4.37316704 -3.97490144 -8.33650684]]
2
[[-2.92971277 -5.95728302 -3.01696181 -9.05239582]]
0
[[-4.68601084 -4.37316704 -3.97490144 -8.33650684]]
2
[[-2.92971277 -5.95728302 -3.01696181 -9.05239582]]
0
[[-4.68601084 -4.37316704 -3.97490144 -8.33650684]]
2
[[-2.92971277 -5.95728302 -3.01696181 -9.05239582]]
0
[[-4.68601084 -4.37316704 -3.97490144 -8.33650684]]
2
[[-2.92971277 -5.95728302 -3.01696181 -9.05239582]]
0
[[-4.68601084 -4.37316704 -3.97490144 -8.33650684]]
2
[[-2.92971277 -5.95728302 -3.01696181 -9.05239582]]
0
[[-4.68601084 -4.37316704 -3.97490144 -8.33650684]]
2
[[-2.92971277 -5.95728302 -3.01696181 -9.05239582]]
0
[[-4.68601084 -4.37316704 -3.97490144 -8.33650684]]
2
[[-2.92971277 -5.95728302 -3.01696181 -9.05239582]]
0
[[-4.68601084 -4.37316704 -3.97490144 -8.33650684]]
2
[[-2.92971277 -5.95728302 -3.01696181 -9.05239582]]
0
[[-4.68601084 -4.37316704 -3.97490144 -8.33650684]]
2
[[-2.92971277 -5.95728302 -3.01696181 -9.05239582]]
0
[[-4.68601084 -4.37316704 -3.97490144 -8.33650684]]
2
[[-2.92971277 -5.95728302 -3.01696181 -9.05239582]]
0
[[-4.68601084 -4.37316704 -3.97490144 -8.33650684]]
2
[[-2.92971277 -5.95728302 -3.01696181 -9.05239582]]
0
[[-4.68601084 -4.37316704 -3.97490144 -8.33650684]]
2
[[-2.92971277 -5.95728302 -3.01696181 -9.05239582]]
0
[[-4.68601084 -4.37316704 -3.97490144 -8.33650684]]
2
[[-2.92971277 -5.95728302 -3.01696181 -9.05239582]]
0
[[-4.68601084 -4.37316704 -3.97490144 -8.33650684]]
2
[[-2.92971277 -5.95728302 -3.01696181 -9.05239582]]
0
[[-4.68601084 -4.37316704 -3.97490144 -8.33650684]]
2
[[-2.92971277 -5.95728302 -3.01696181 -9.05239582]]
0
[[-4.68601084 -4.37316704 -3.97490144 -8.33650684]]
2
[[-2.92971277 -5.95728302 -3.01696181 -9.05239582]]
0
[[-4.68601084 -4.37316704 -3.97490144 -8.33650684]]
2
[[-2.92971277 -5.95728302 -3.01696181 -9.05239582]]
0
[[-4.68601084 -4.37316704 -3.97490144 -8.33650684]]
2
[[-2.92971277 -5.95728302 -3.01696181 -9.05239582]]
0
[[-4.68601084 -4.37316704 -3.97490144 -8.33650684]]
2
[[-2.92971277 -5.95728302 -3.01696181 -9.05239582]]
0
[[-4.68601084 -4.37316704 -3.97490144 -8.33650684]]
2
[[-2.92971277 -5.95728302 -3.01696181 -9.05239582]]
0
[[-4.68601084 -4.37316704 -3.97490144 -8.33650684]]
2
[[-2.92971277 -5.95728302 -3.01696181 -9.05239582]]
0
[[-4.68601084 -4.37316704 -3.97490144 -8.33650684]]
2
[[-2.92971277 -5.95728302 -3.01696181 -9.05239582]]
0
[[-4.68601084 -4.37316704 -3.97490144 -8.33650684]]
2
[[-2.92971277 -5.95728302 -3.01696181 -9.05239582]]
0
[[-4.68601084 -4.37316704 -3.97490144 -8.33650684]]
2
[[-2.92971277 -5.95728302 -3.01696181 -9.05239582]]
0
[[-4.68601084 -4.37316704 -3.97490144 -8.33650684]]
2
[[-2.92971277 -5.95728302 -3.01696181 -9.05239582]]
0
[[-4.68601084 -4.37316704 -3.97490144 -8.33650684]]
2
[[-2.92971277 -5.95728302 -3.01696181 -9.05239582]]
0
[[-4.68601084 -4.37316704 -3.97490144 -8.33650684]]
2
[[-2.92971277 -5.95728302 -3.01696181 -9.05239582]]
0
[[-4.68601084 -4.37316704 -3.97490144 -8.33650684]]
2
[[-2.92971277 -5.95728302 -3.01696181 -9.05239582]]
0
[[-4.68601084 -4.37316704 -3.97490144 -8.33650684]]
2
[[-2.92971277 -5.95728302 -3.01696181 -9.05239582]]
0
[[-4.68601084 -4.37316704 -3.97490144 -8.33650684]]
2
[[-2.92971277 -5.95728302 -3.01696181 -9.05239582]]
0
[[-4.68601084 -4.37316704 -3.97490144 -8.33650684]]
2
[[-2.92971277 -5.95728302 -3.01696181 -9.05239582]]
0
[[-4.68601084 -4.37316704 -3.97490144 -8.33650684]]
2
[[-2.92971277 -5.95728302 -3.01696181 -9.05239582]]
0
[[-4.68601084 -4.37316704 -3.97490144 -8.33650684]]
2
[[-2.92971277 -5.95728302 -3.01696181 -9.05239582]]
0
[[-4.68601084 -4.37316704 -3.97490144 -8.33650684]]
2
[[-2.92971277 -5.95728302 -3.01696181 -9.05239582]]
0
[[-4.68601084 -4.37316704 -3.97490144 -8.33650684]]
2
FAIL
0/5
