[[-4.74957991 -4.31445694 -4.00000095 -8.49021816]]
2
[[-2.99724746 -5.90350914 -3.04296422 -9.20822144]]
0
[[-4.74957991 -4.31445694 -4.00000095 -8.49021816]]
2
[[-2.99724746 -5.90350914 -3.04296422 -9.20822144]]
0
[[-4.74957991 -4.31445694 -4.00000095 -8.49021816]]
2
[[-2.99724746 -5.90350914 -3.04296422 -9.20822144]]
0
[[-4.74957991 -4.31445694 -4.00000095 -8.49021816]]
2
[[-2.99724746 -5.90350914 -3.04296422 -9.20822144]]
0
[[-4.74957991 -4.31445694 -4.00000095 -8.49021816]]
2
[[-2.99724746 -5.90350914 -3.04296422 -9.20822144]]
0
[[-4.74957991 -4.31445694 -4.00000095 -8.49021816]]
2
[[-2.99724746 -5.90350914 -3.04296422 -9.20822144]]
0
[[-4.74957991 -4.31445694 -4.00000095 -8.49021816]]
2
[[-2.99724746 -5.90350914 -3.04296422 -9.20822144]]
0
[[-4.74957991 -4.31445694 -4.00000095 -8.49021816]]
2
[[-2.99724746 -5.90350914 -3.04296422 -9.20822144]]
0
[[-4.74957991 -4.31445694 -4.00000095 -8.49021816]]
2
[[-2.99724746 -5.90350914 -3.04296422 -9.20822144]]
0
[[-4.74957991 -4.31445694 -4.00000095 -8.49021816]]
2
[[-2.99724746 -5.90350914 -3.04296422 -9.20822144]]
0
[[-4.74957991 -4.31445694 -4.00000095 -8.49021816]]
2
[[-2.99724746 -5.90350914 -3.04296422 -9.20822144]]
0
[[-4.74957991 -4.31445694 -4.00000095 -8.49021816]]
2
[[-2.99724746 -5.90350914 -3.04296422 -9.20822144]]
0
[[-4.74957991 -4.31445694 -4.00000095 -8.49021816]]
2
[[-2.99724746 -5.90350914 -3.04296422 -9.20822144]]
0
[[-4.74957991 -4.31445694 -4.00000095 -8.49021816]]
2
[[-2.99724746 -5.90350914 -3.04296422 -9.20822144]]
0
[[-4.74957991 -4.31445694 -4.00000095 -8.49021816]]
2
[[-2.99724746 -5.90350914 -3.04296422 -9.20822144]]
0
[[-4.74957991 -4.31445694 -4.00000095 -8.49021816]]
2
[[-2.99724746 -5.90350914 -3.04296422 -9.20822144]]
0
[[-4.74957991 -4.31445694 -4.00000095 -8.49021816]]
2
[[-2.99724746 -5.90350914 -3.04296422 -9.20822144]]
0
[[-4.74957991 -4.31445694 -4.00000095 -8.49021816]]
2
[[-2.99724746 -5.90350914 -3.04296422 -9.20822144]]
0
[[-4.74957991 -4.31445694 -4.00000095 -8.49021816]]
2
[[-2.99724746 -5.90350914 -3.04296422 -9.20822144]]
0
[[-4.74957991 -4.31445694 -4.00000095 -8.49021816]]
2
[[-2.99724746 -5.90350914 -3.04296422 -9.20822144]]
0
[[-4.74957991 -4.31445694 -4.00000095 -8.49021816]]
2
[[-2.99724746 -5.90350914 -3.04296422 -9.20822144]]
0
[[-4.74957991 -4.31445694 -4.00000095 -8.49021816]]
2
[[-2.99724746 -5.90350914 -3.04296422 -9.20822144]]
0
[[-4.74957991 -4.31445694 -4.00000095 -8.49021816]]
2
[[-2.99724746 -5.90350914 -3.04296422 -9.20822144]]
0
[[-4.74957991 -4.31445694 -4.00000095 -8.49021816]]
2
[[-2.99724746 -5.90350914 -3.04296422 -9.20822144]]
0
[[-4.74957991 -4.31445694 -4.00000095 -8.49021816]]
2
[[-2.99724746 -5.90350914 -3.04296422 -9.20822144]]
0
[[-4.74957991 -4.31445694 -4.00000095 -8.49021816]]
2
[[-2.99724746 -5.90350914 -3.04296422 -9.20822144]]
0
[[-4.74957991 -4.31445694 -4.00000095 -8.49021816]]
2
[[-2.99724746 -5.90350914 -3.04296422 -9.20822144]]
0
[[-4.74957991 -4.31445694 -4.00000095 -8.49021816]]
2
[[-2.99724746 -5.90350914 -3.04296422 -9.20822144]]
0
[[-4.74957991 -4.31445694 -4.00000095 -8.49021816]]
2
[[-2.99724746 -5.90350914 -3.04296422 -9.20822144]]
0
[[-4.74957991 -4.31445694 -4.00000095 -8.49021816]]
2
[[-2.99724746 -5.90350914 -3.04296422 -9.20822144]]
0
[[-4.74957991 -4.31445694 -4.00000095 -8.49021816]]
2
[[-2.99724746 -5.90350914 -3.04296422 -9.20822144]]
0
[[-4.74957991 -4.31445694 -4.00000095 -8.49021816]]
2
[[-2.99724746 -5.90350914 -3.04296422 -9.20822144]]
0
[[-4.74957991 -4.31445694 -4.00000095 -8.49021816]]
2
[[-2.99724746 -5.90350914 -3.04296422 -9.20822144]]
0
[[-4.74957991 -4.31445694 -4.00000095 -8.49021816]]
2
[[-2.99724746 -5.90350914 -3.04296422 -9.20822144]]
0
[[-4.74957991 -4.31445694 -4.00000095 -8.49021816]]
2
[[-2.99724746 -5.90350914 -3.04296422 -9.20822144]]
0
[[-4.74957991 -4.31445694 -4.00000095 -8.49021816]]
2
[[-2.99724746 -5.90350914 -3.04296422 -9.20822144]]
0
[[-4.74957991 -4.31445694 -4.00000095 -8.49021816]]
2
[[-2.99724746 -5.90350914 -3.04296422 -9.20822144]]
0
[[-4.74957991 -4.31445694 -4.00000095 -8.49021816]]
2
[[-2.99724746 -5.90350914 -3.04296422 -9.20822144]]
0
[[-4.74957991 -4.31445694 -4.00000095 -8.49021816]]
2
[[-2.99724746 -5.90350914 -3.04296422 -9.20822144]]
0
[[-4.74957991 -4.31445694 -4.00000095 -8.49021816]]
2
[[-2.99724746 -5.90350914 -3.04296422 -9.20822144]]
0
[[-4.74957991 -4.31445694 -4.00000095 -8.49021816]]
2
[[-2.99724746 -5.90350914 -3.04296422 -9.20822144]]
0
[[-4.74957991 -4.31445694 -4.00000095 -8.49021816]]
2
[[-2.99724746 -5.90350914 -3.04296422 -9.20822144]]
0
[[-4.74957991 -4.31445694 -4.00000095 -8.49021816]]
2
[[-2.99724746 -5.90350914 -3.04296422 -9.20822144]]
0
[[-4.74957991 -4.31445694 -4.00000095 -8.49021816]]
2
[[-2.99724746 -5.90350914 -3.04296422 -9.20822144]]
0
[[-4.74957991 -4.31445694 -4.00000095 -8.49021816]]
2
[[-2.99724746 -5.90350914 -3.04296422 -9.20822144]]
0
[[-4.74957991 -4.31445694 -4.00000095 -8.49021816]]
2
[[-2.99724746 -5.90350914 -3.04296422 -9.20822144]]
0
[[-4.74957991 -4.31445694 -4.00000095 -8.49021816]]
2
[[-2.99724746 -5.90350914 -3.04296422 -9.20822144]]
0
[[-4.74957991 -4.31445694 -4.00000095 -8.49021816]]
2
[[-2.99724746 -5.90350914 -3.04296422 -9.20822144]]
0
[[-4.74957991 -4.31445694 -4.00000095 -8.49021816]]
2
[[-2.99724746 -5.90350914 -3.04296422 -9.20822144]]
0
[[-4.74957991 -4.31445694 -4.00000095 -8.49021816]]
2
[[-2.99724746 -5.90350914 -3.04296422 -9.20822144]]
0
[[-4.74957991 -4.31445694 -4.00000095 -8.49021816]]
2
FAIL
0/5
