[[ 11088183.  24675756.   7875222.  24191404.]]
1
[[ 10504764.  16556743.   6682253.  21316636.]]
3
[[ 11088183.  24675756.   7875222.  24191404.]]
1
[[ 10504764.  16556743.   6682253.  21316636.]]
3
[[ 11088183.  24675756.   7875222.  24191404.]]
1
[[ 10504764.  16556743.   6682253.  21316636.]]
3
[[ 11088183.  24675756.   7875222.  24191404.]]
1
[[ 10504764.  16556743.   6682253.  21316636.]]
3
[[ 11088183.  24675756.   7875222.  24191404.]]
1
[[ 10504764.  16556743.   6682253.  21316636.]]
3
[[ 11088183.  24675756.   7875222.  24191404.]]
1
[[ 10504764.  16556743.   6682253.  21316636.]]
3
[[ 11088183.  24675756.   7875222.  24191404.]]
1
[[ 10504764.  16556743.   6682253.  21316636.]]
3
[[ 11088183.  24675756.   7875222.  24191404.]]
1
[[ 10504764.  16556743.   6682253.  21316636.]]
3
[[ 11088183.  24675756.   7875222.  24191404.]]
1
[[ 10504764.  16556743.   6682253.  21316636.]]
3
[[ 11088183.  24675756.   7875222.  24191404.]]
1
[[ 10504764.  16556743.   6682253.  21316636.]]
3
[[ 11088183.  24675756.   7875222.  24191404.]]
1
[[ 10504764.  16556743.   6682253.  21316636.]]
3
[[ 11088183.  24675756.   7875222.  24191404.]]
1
[[ 10504764.  16556743.   6682253.  21316636.]]
3
[[ 11088183.  24675756.   7875222.  24191404.]]
1
[[ 10504764.  16556743.   6682253.  21316636.]]
3
[[ 11088183.  24675756.   7875222.  24191404.]]
1
[[ 10504764.  16556743.   6682253.  21316636.]]
3
[[ 11088183.  24675756.   7875222.  24191404.]]
1
[[ 10504764.  16556743.   6682253.  21316636.]]
3
[[ 11088183.  24675756.   7875222.  24191404.]]
1
[[ 10504764.  16556743.   6682253.  21316636.]]
3
[[ 11088183.  24675756.   7875222.  24191404.]]
1
[[ 10504764.  16556743.   6682253.  21316636.]]
3
[[ 11088183.  24675756.   7875222.  24191404.]]
1
[[ 10504764.  16556743.   6682253.  21316636.]]
3
[[ 11088183.  24675756.   7875222.  24191404.]]
1
[[ 10504764.  16556743.   6682253.  21316636.]]
3
[[ 11088183.  24675756.   7875222.  24191404.]]
1
[[ 10504764.  16556743.   6682253.  21316636.]]
3
[[ 11088183.  24675756.   7875222.  24191404.]]
1
[[ 10504764.  16556743.   6682253.  21316636.]]
3
[[ 11088183.  24675756.   7875222.  24191404.]]
1
[[ 10504764.  16556743.   6682253.  21316636.]]
3
[[ 11088183.  24675756.   7875222.  24191404.]]
1
[[ 10504764.  16556743.   6682253.  21316636.]]
3
[[ 11088183.  24675756.   7875222.  24191404.]]
1
[[ 10504764.  16556743.   6682253.  21316636.]]
3
[[ 11088183.  24675756.   7875222.  24191404.]]
1
[[ 10504764.  16556743.   6682253.  21316636.]]
3
[[ 11088183.  24675756.   7875222.  24191404.]]
1
[[ 10504764.  16556743.   6682253.  21316636.]]
3
[[ 11088183.  24675756.   7875222.  24191404.]]
1
[[ 10504764.  16556743.   6682253.  21316636.]]
3
[[ 11088183.  24675756.   7875222.  24191404.]]
1
[[ 10504764.  16556743.   6682253.  21316636.]]
3
[[ 11088183.  24675756.   7875222.  24191404.]]
1
[[ 10504764.  16556743.   6682253.  21316636.]]
3
[[ 11088183.  24675756.   7875222.  24191404.]]
1
[[ 10504764.  16556743.   6682253.  21316636.]]
3
[[ 11088183.  24675756.   7875222.  24191404.]]
1
[[ 10504764.  16556743.   6682253.  21316636.]]
3
[[ 11088183.  24675756.   7875222.  24191404.]]
1
[[ 10504764.  16556743.   6682253.  21316636.]]
3
[[ 11088183.  24675756.   7875222.  24191404.]]
1
[[ 10504764.  16556743.   6682253.  21316636.]]
3
[[ 11088183.  24675756.   7875222.  24191404.]]
1
[[ 10504764.  16556743.   6682253.  21316636.]]
3
[[ 11088183.  24675756.   7875222.  24191404.]]
1
[[ 10504764.  16556743.   6682253.  21316636.]]
3
[[ 11088183.  24675756.   7875222.  24191404.]]
1
[[ 10504764.  16556743.   6682253.  21316636.]]
3
[[ 11088183.  24675756.   7875222.  24191404.]]
1
[[ 10504764.  16556743.   6682253.  21316636.]]
3
[[ 11088183.  24675756.   7875222.  24191404.]]
1
[[ 10504764.  16556743.   6682253.  21316636.]]
3
[[ 11088183.  24675756.   7875222.  24191404.]]
1
[[ 10504764.  16556743.   6682253.  21316636.]]
3
[[ 11088183.  24675756.   7875222.  24191404.]]
1
[[ 10504764.  16556743.   6682253.  21316636.]]
3
[[ 11088183.  24675756.   7875222.  24191404.]]
1
[[ 10504764.  16556743.   6682253.  21316636.]]
3
[[ 11088183.  24675756.   7875222.  24191404.]]
1
[[ 10504764.  16556743.   6682253.  21316636.]]
3
[[ 11088183.  24675756.   7875222.  24191404.]]
1
[[ 10504764.  16556743.   6682253.  21316636.]]
3
[[ 11088183.  24675756.   7875222.  24191404.]]
1
[[ 10504764.  16556743.   6682253.  21316636.]]
3
[[ 11088183.  24675756.   7875222.  24191404.]]
1
[[ 10504764.  16556743.   6682253.  21316636.]]
3
[[ 11088183.  24675756.   7875222.  24191404.]]
1
[[ 10504764.  16556743.   6682253.  21316636.]]
3
[[ 11088183.  24675756.   7875222.  24191404.]]
1
[[ 10504764.  16556743.   6682253.  21316636.]]
3
[[ 11088183.  24675756.   7875222.  24191404.]]
1
[[ 10504764.  16556743.   6682253.  21316636.]]
3
[[ 11088183.  24675756.   7875222.  24191404.]]
1
[[ 10504764.  16556743.   6682253.  21316636.]]
3
[[ 11088183.  24675756.   7875222.  24191404.]]
1
[[ 10504764.  16556743.   6682253.  21316636.]]
3
[[ 11088183.  24675756.   7875222.  24191404.]]
1
FAIL
0/2
