[[ 26678260.  25641472.  19498948.  28760804.]]
3
[[ 21887702.  28233780.  15188286.  24263740.]]
1
[[ 26678260.  25641472.  19498948.  28760804.]]
3
[[ 21887702.  28233780.  15188286.  24263740.]]
1
[[ 26678260.  25641472.  19498948.  28760804.]]
3
[[ 21887702.  28233780.  15188286.  24263740.]]
1
[[ 26678260.  25641472.  19498948.  28760804.]]
3
[[ 21887702.  28233780.  15188286.  24263740.]]
1
[[ 26678260.  25641472.  19498948.  28760804.]]
3
[[ 21887702.  28233780.  15188286.  24263740.]]
1
[[ 26678260.  25641472.  19498948.  28760804.]]
3
[[ 21887702.  28233780.  15188286.  24263740.]]
1
[[ 26678260.  25641472.  19498948.  28760804.]]
3
[[ 21887702.  28233780.  15188286.  24263740.]]
1
[[ 26678260.  25641472.  19498948.  28760804.]]
3
[[ 21887702.  28233780.  15188286.  24263740.]]
1
[[ 26678260.  25641472.  19498948.  28760804.]]
3
[[ 21887702.  28233780.  15188286.  24263740.]]
1
[[ 26678260.  25641472.  19498948.  28760804.]]
3
[[ 21887702.  28233780.  15188286.  24263740.]]
1
[[ 26678260.  25641472.  19498948.  28760804.]]
3
[[ 21887702.  28233780.  15188286.  24263740.]]
1
[[ 26678260.  25641472.  19498948.  28760804.]]
3
[[ 21887702.  28233780.  15188286.  24263740.]]
1
[[ 26678260.  25641472.  19498948.  28760804.]]
3
[[ 21887702.  28233780.  15188286.  24263740.]]
1
[[ 26678260.  25641472.  19498948.  28760804.]]
3
[[ 21887702.  28233780.  15188286.  24263740.]]
1
[[ 26678260.  25641472.  19498948.  28760804.]]
3
[[ 21887702.  28233780.  15188286.  24263740.]]
1
[[ 26678260.  25641472.  19498948.  28760804.]]
3
[[ 21887702.  28233780.  15188286.  24263740.]]
1
[[ 26678260.  25641472.  19498948.  28760804.]]
3
[[ 21887702.  28233780.  15188286.  24263740.]]
1
[[ 26678260.  25641472.  19498948.  28760804.]]
3
[[ 21887702.  28233780.  15188286.  24263740.]]
1
[[ 26678260.  25641472.  19498948.  28760804.]]
3
[[ 21887702.  28233780.  15188286.  24263740.]]
1
[[ 26678260.  25641472.  19498948.  28760804.]]
3
[[ 21887702.  28233780.  15188286.  24263740.]]
1
[[ 26678260.  25641472.  19498948.  28760804.]]
3
[[ 21887702.  28233780.  15188286.  24263740.]]
1
[[ 26678260.  25641472.  19498948.  28760804.]]
3
[[ 21887702.  28233780.  15188286.  24263740.]]
1
[[ 26678260.  25641472.  19498948.  28760804.]]
3
[[ 21887702.  28233780.  15188286.  24263740.]]
1
[[ 26678260.  25641472.  19498948.  28760804.]]
3
[[ 21887702.  28233780.  15188286.  24263740.]]
1
[[ 26678260.  25641472.  19498948.  28760804.]]
3
[[ 21887702.  28233780.  15188286.  24263740.]]
1
[[ 26678260.  25641472.  19498948.  28760804.]]
3
[[ 21887702.  28233780.  15188286.  24263740.]]
1
[[ 26678260.  25641472.  19498948.  28760804.]]
3
[[ 21887702.  28233780.  15188286.  24263740.]]
1
[[ 26678260.  25641472.  19498948.  28760804.]]
3
[[ 21887702.  28233780.  15188286.  24263740.]]
1
[[ 26678260.  25641472.  19498948.  28760804.]]
3
[[ 21887702.  28233780.  15188286.  24263740.]]
1
[[ 26678260.  25641472.  19498948.  28760804.]]
3
[[ 21887702.  28233780.  15188286.  24263740.]]
1
[[ 26678260.  25641472.  19498948.  28760804.]]
3
[[ 21887702.  28233780.  15188286.  24263740.]]
1
[[ 26678260.  25641472.  19498948.  28760804.]]
3
[[ 21887702.  28233780.  15188286.  24263740.]]
1
[[ 26678260.  25641472.  19498948.  28760804.]]
3
[[ 21887702.  28233780.  15188286.  24263740.]]
1
[[ 26678260.  25641472.  19498948.  28760804.]]
3
[[ 21887702.  28233780.  15188286.  24263740.]]
1
[[ 26678260.  25641472.  19498948.  28760804.]]
3
[[ 21887702.  28233780.  15188286.  24263740.]]
1
[[ 26678260.  25641472.  19498948.  28760804.]]
3
[[ 21887702.  28233780.  15188286.  24263740.]]
1
[[ 26678260.  25641472.  19498948.  28760804.]]
3
[[ 21887702.  28233780.  15188286.  24263740.]]
1
[[ 26678260.  25641472.  19498948.  28760804.]]
3
[[ 21887702.  28233780.  15188286.  24263740.]]
1
[[ 26678260.  25641472.  19498948.  28760804.]]
3
[[ 21887702.  28233780.  15188286.  24263740.]]
1
[[ 26678260.  25641472.  19498948.  28760804.]]
3
[[ 21887702.  28233780.  15188286.  24263740.]]
1
[[ 26678260.  25641472.  19498948.  28760804.]]
3
[[ 21887702.  28233780.  15188286.  24263740.]]
1
[[ 26678260.  25641472.  19498948.  28760804.]]
3
[[ 21887702.  28233780.  15188286.  24263740.]]
1
[[ 26678260.  25641472.  19498948.  28760804.]]
3
[[ 21887702.  28233780.  15188286.  24263740.]]
1
[[ 26678260.  25641472.  19498948.  28760804.]]
3
[[ 21887702.  28233780.  15188286.  24263740.]]
1
[[ 26678260.  25641472.  19498948.  28760804.]]
3
[[ 21887702.  28233780.  15188286.  24263740.]]
1
[[ 26678260.  25641472.  19498948.  28760804.]]
3
[[ 21887702.  28233780.  15188286.  24263740.]]
1
[[ 26678260.  25641472.  19498948.  28760804.]]
3
[[ 21887702.  28233780.  15188286.  24263740.]]
1
[[ 26678260.  25641472.  19498948.  28760804.]]
3
[[ 21887702.  28233780.  15188286.  24263740.]]
1
[[ 26678260.  25641472.  19498948.  28760804.]]
3
[[ 21887702.  28233780.  15188286.  24263740.]]
1
[[ 26678260.  25641472.  19498948.  28760804.]]
3
[[ 21887702.  28233780.  15188286.  24263740.]]
1
[[ 26678260.  25641472.  19498948.  28760804.]]
3
FAIL
1/37
