[[-4.70668888 -4.20945215 -3.95418167 -8.4686861 ]]
2
[[-2.95970583 -5.79905462 -3.00201344 -9.19451618]]
0
[[-4.70668888 -4.20945215 -3.95418167 -8.4686861 ]]
2
[[-2.95970583 -5.79905462 -3.00201344 -9.19451618]]
0
[[-4.70668888 -4.20945215 -3.95418167 -8.4686861 ]]
2
[[-2.95970583 -5.79905462 -3.00201344 -9.19451618]]
0
[[-4.70668888 -4.20945215 -3.95418167 -8.4686861 ]]
2
[[-2.95970583 -5.79905462 -3.00201344 -9.19451618]]
0
[[-4.70668888 -4.20945215 -3.95418167 -8.4686861 ]]
2
[[-2.95970583 -5.79905462 -3.00201344 -9.19451618]]
0
[[-4.70668888 -4.20945215 -3.95418167 -8.4686861 ]]
2
[[-2.95970583 -5.79905462 -3.00201344 -9.19451618]]
0
[[-4.70668888 -4.20945215 -3.95418167 -8.4686861 ]]
2
[[-2.95970583 -5.79905462 -3.00201344 -9.19451618]]
0
[[-4.70668888 -4.20945215 -3.95418167 -8.4686861 ]]
2
[[-2.95970583 -5.79905462 -3.00201344 -9.19451618]]
0
[[-4.70668888 -4.20945215 -3.95418167 -8.4686861 ]]
2
[[-2.95970583 -5.79905462 -3.00201344 -9.19451618]]
0
[[-4.70668888 -4.20945215 -3.95418167 -8.4686861 ]]
2
[[-2.95970583 -5.79905462 -3.00201344 -9.19451618]]
0
[[-4.70668888 -4.20945215 -3.95418167 -8.4686861 ]]
2
[[-2.95970583 -5.79905462 -3.00201344 -9.19451618]]
0
[[-4.70668888 -4.20945215 -3.95418167 -8.4686861 ]]
2
[[-2.95970583 -5.79905462 -3.00201344 -9.19451618]]
0
[[-4.70668888 -4.20945215 -3.95418167 -8.4686861 ]]
2
[[-2.95970583 -5.79905462 -3.00201344 -9.19451618]]
0
[[-4.70668888 -4.20945215 -3.95418167 -8.4686861 ]]
2
[[-2.95970583 -5.79905462 -3.00201344 -9.19451618]]
0
[[-4.70668888 -4.20945215 -3.95418167 -8.4686861 ]]
2
[[-2.95970583 -5.79905462 -3.00201344 -9.19451618]]
0
[[-4.70668888 -4.20945215 -3.95418167 -8.4686861 ]]
2
[[-2.95970583 -5.79905462 -3.00201344 -9.19451618]]
0
[[-4.70668888 -4.20945215 -3.95418167 -8.4686861 ]]
2
[[-2.95970583 -5.79905462 -3.00201344 -9.19451618]]
0
[[-4.70668888 -4.20945215 -3.95418167 -8.4686861 ]]
2
[[-2.95970583 -5.79905462 -3.00201344 -9.19451618]]
0
[[-4.70668888 -4.20945215 -3.95418167 -8.4686861 ]]
2
[[-2.95970583 -5.79905462 -3.00201344 -9.19451618]]
0
[[-4.70668888 -4.20945215 -3.95418167 -8.4686861 ]]
2
[[-2.95970583 -5.79905462 -3.00201344 -9.19451618]]
0
[[-4.70668888 -4.20945215 -3.95418167 -8.4686861 ]]
2
[[-2.95970583 -5.79905462 -3.00201344 -9.19451618]]
0
[[-4.70668888 -4.20945215 -3.95418167 -8.4686861 ]]
2
[[-2.95970583 -5.79905462 -3.00201344 -9.19451618]]
0
[[-4.70668888 -4.20945215 -3.95418167 -8.4686861 ]]
2
[[-2.95970583 -5.79905462 -3.00201344 -9.19451618]]
0
[[-4.70668888 -4.20945215 -3.95418167 -8.4686861 ]]
2
[[-2.95970583 -5.79905462 -3.00201344 -9.19451618]]
0
[[-4.70668888 -4.20945215 -3.95418167 -8.4686861 ]]
2
[[-2.95970583 -5.79905462 -3.00201344 -9.19451618]]
0
[[-4.70668888 -4.20945215 -3.95418167 -8.4686861 ]]
2
[[-2.95970583 -5.79905462 -3.00201344 -9.19451618]]
0
[[-4.70668888 -4.20945215 -3.95418167 -8.4686861 ]]
2
[[-2.95970583 -5.79905462 -3.00201344 -9.19451618]]
0
[[-4.70668888 -4.20945215 -3.95418167 -8.4686861 ]]
2
[[-2.95970583 -5.79905462 -3.00201344 -9.19451618]]
0
[[-4.70668888 -4.20945215 -3.95418167 -8.4686861 ]]
2
[[-2.95970583 -5.79905462 -3.00201344 -9.19451618]]
0
[[-4.70668888 -4.20945215 -3.95418167 -8.4686861 ]]
2
[[-2.95970583 -5.79905462 -3.00201344 -9.19451618]]
0
[[-4.70668888 -4.20945215 -3.95418167 -8.4686861 ]]
2
[[-2.95970583 -5.79905462 -3.00201344 -9.19451618]]
0
[[-4.70668888 -4.20945215 -3.95418167 -8.4686861 ]]
2
[[-2.95970583 -5.79905462 -3.00201344 -9.19451618]]
0
[[-4.70668888 -4.20945215 -3.95418167 -8.4686861 ]]
2
[[-2.95970583 -5.79905462 -3.00201344 -9.19451618]]
0
[[-4.70668888 -4.20945215 -3.95418167 -8.4686861 ]]
2
[[-2.95970583 -5.79905462 -3.00201344 -9.19451618]]
0
[[-4.70668888 -4.20945215 -3.95418167 -8.4686861 ]]
2
[[-2.95970583 -5.79905462 -3.00201344 -9.19451618]]
0
[[-4.70668888 -4.20945215 -3.95418167 -8.4686861 ]]
2
[[-2.95970583 -5.79905462 -3.00201344 -9.19451618]]
0
[[-4.70668888 -4.20945215 -3.95418167 -8.4686861 ]]
2
[[-2.95970583 -5.79905462 -3.00201344 -9.19451618]]
0
[[-4.70668888 -4.20945215 -3.95418167 -8.4686861 ]]
2
[[-2.95970583 -5.79905462 -3.00201344 -9.19451618]]
0
[[-4.70668888 -4.20945215 -3.95418167 -8.4686861 ]]
2
[[-2.95970583 -5.79905462 -3.00201344 -9.19451618]]
0
[[-4.70668888 -4.20945215 -3.95418167 -8.4686861 ]]
2
[[-2.95970583 -5.79905462 -3.00201344 -9.19451618]]
0
[[-4.70668888 -4.20945215 -3.95418167 -8.4686861 ]]
2
[[-2.95970583 -5.79905462 -3.00201344 -9.19451618]]
0
[[-4.70668888 -4.20945215 -3.95418167 -8.4686861 ]]
2
[[-2.95970583 -5.79905462 -3.00201344 -9.19451618]]
0
[[-4.70668888 -4.20945215 -3.95418167 -8.4686861 ]]
2
[[-2.95970583 -5.79905462 -3.00201344 -9.19451618]]
0
[[-4.70668888 -4.20945215 -3.95418167 -8.4686861 ]]
2
[[-2.95970583 -5.79905462 -3.00201344 -9.19451618]]
0
[[-4.70668888 -4.20945215 -3.95418167 -8.4686861 ]]
2
[[-2.95970583 -5.79905462 -3.00201344 -9.19451618]]
0
[[-4.70668888 -4.20945215 -3.95418167 -8.4686861 ]]
2
[[-2.95970583 -5.79905462 -3.00201344 -9.19451618]]
0
[[-4.70668888 -4.20945215 -3.95418167 -8.4686861 ]]
2
[[-2.95970583 -5.79905462 -3.00201344 -9.19451618]]
0
[[-4.70668888 -4.20945215 -3.95418167 -8.4686861 ]]
2
[[-2.95970583 -5.79905462 -3.00201344 -9.19451618]]
0
[[-4.70668888 -4.20945215 -3.95418167 -8.4686861 ]]
2
[[-2.95970583 -5.79905462 -3.00201344 -9.19451618]]
0
[[-4.70668888 -4.20945215 -3.95418167 -8.4686861 ]]
2
[[-2.95970583 -5.79905462 -3.00201344 -9.19451618]]
0
[[-4.70668888 -4.20945215 -3.95418167 -8.4686861 ]]
2
FAIL
0/5
