[[-3.48805428 -7.12082052 -4.21019316 -8.19682217]]
0
[[-11.74563408 -14.13782883   0.37133583  -7.58207369]]
2
[[-3.48805428 -7.12082052 -4.21019316 -8.19682217]]
0
[[-11.74563408 -14.13782883   0.37133583  -7.58207369]]
2
[[-3.48805428 -7.12082052 -4.21019316 -8.19682217]]
0
[[-11.74563408 -14.13782883   0.37133583  -7.58207369]]
2
[[-3.48805428 -7.12082052 -4.21019316 -8.19682217]]
0
[[-11.74563408 -14.13782883   0.37133583  -7.58207369]]
2
[[-3.48805428 -7.12082052 -4.21019316 -8.19682217]]
0
[[-11.74563408 -14.13782883   0.37133583  -7.58207369]]
2
[[-3.48805428 -7.12082052 -4.21019316 -8.19682217]]
0
[[-11.74563408 -14.13782883   0.37133583  -7.58207369]]
2
[[-3.48805428 -7.12082052 -4.21019316 -8.19682217]]
0
[[-11.74563408 -14.13782883   0.37133583  -7.58207369]]
2
[[-3.48805428 -7.12082052 -4.21019316 -8.19682217]]
0
[[-11.74563408 -14.13782883   0.37133583  -7.58207369]]
2
[[-3.48805428 -7.12082052 -4.21019316 -8.19682217]]
0
[[-11.74563408 -14.13782883   0.37133583  -7.58207369]]
2
[[-3.48805428 -7.12082052 -4.21019316 -8.19682217]]
0
[[-11.74563408 -14.13782883   0.37133583  -7.58207369]]
2
[[-3.48805428 -7.12082052 -4.21019316 -8.19682217]]
0
[[-11.74563408 -14.13782883   0.37133583  -7.58207369]]
2
[[-3.48805428 -7.12082052 -4.21019316 -8.19682217]]
0
[[-11.74563408 -14.13782883   0.37133583  -7.58207369]]
2
[[-3.48805428 -7.12082052 -4.21019316 -8.19682217]]
0
[[-11.74563408 -14.13782883   0.37133583  -7.58207369]]
2
[[-3.48805428 -7.12082052 -4.21019316 -8.19682217]]
0
[[-11.74563408 -14.13782883   0.37133583  -7.58207369]]
2
[[-3.48805428 -7.12082052 -4.21019316 -8.19682217]]
0
[[-11.74563408 -14.13782883   0.37133583  -7.58207369]]
2
[[-3.48805428 -7.12082052 -4.21019316 -8.19682217]]
0
[[-11.74563408 -14.13782883   0.37133583  -7.58207369]]
2
[[-3.48805428 -7.12082052 -4.21019316 -8.19682217]]
0
[[-11.74563408 -14.13782883   0.37133583  -7.58207369]]
2
[[-3.48805428 -7.12082052 -4.21019316 -8.19682217]]
0
[[-11.74563408 -14.13782883   0.37133583  -7.58207369]]
2
[[-3.48805428 -7.12082052 -4.21019316 -8.19682217]]
0
[[-11.74563408 -14.13782883   0.37133583  -7.58207369]]
2
[[-3.48805428 -7.12082052 -4.21019316 -8.19682217]]
0
[[-11.74563408 -14.13782883   0.37133583  -7.58207369]]
2
[[-3.48805428 -7.12082052 -4.21019316 -8.19682217]]
0
[[-11.74563408 -14.13782883   0.37133583  -7.58207369]]
2
[[-3.48805428 -7.12082052 -4.21019316 -8.19682217]]
0
[[-11.74563408 -14.13782883   0.37133583  -7.58207369]]
2
[[-3.48805428 -7.12082052 -4.21019316 -8.19682217]]
0
[[-11.74563408 -14.13782883   0.37133583  -7.58207369]]
2
[[-3.48805428 -7.12082052 -4.21019316 -8.19682217]]
0
[[-11.74563408 -14.13782883   0.37133583  -7.58207369]]
2
[[-3.48805428 -7.12082052 -4.21019316 -8.19682217]]
0
[[-11.74563408 -14.13782883   0.37133583  -7.58207369]]
2
[[-3.48805428 -7.12082052 -4.21019316 -8.19682217]]
0
[[-11.74563408 -14.13782883   0.37133583  -7.58207369]]
2
[[-3.48805428 -7.12082052 -4.21019316 -8.19682217]]
0
[[-11.74563408 -14.13782883   0.37133583  -7.58207369]]
2
[[-3.48805428 -7.12082052 -4.21019316 -8.19682217]]
0
[[-11.74563408 -14.13782883   0.37133583  -7.58207369]]
2
[[-3.48805428 -7.12082052 -4.21019316 -8.19682217]]
0
[[-11.74563408 -14.13782883   0.37133583  -7.58207369]]
2
[[-3.48805428 -7.12082052 -4.21019316 -8.19682217]]
0
[[-11.74563408 -14.13782883   0.37133583  -7.58207369]]
2
[[-3.48805428 -7.12082052 -4.21019316 -8.19682217]]
0
[[-11.74563408 -14.13782883   0.37133583  -7.58207369]]
2
[[-3.48805428 -7.12082052 -4.21019316 -8.19682217]]
0
[[-11.74563408 -14.13782883   0.37133583  -7.58207369]]
2
[[-3.48805428 -7.12082052 -4.21019316 -8.19682217]]
0
[[-11.74563408 -14.13782883   0.37133583  -7.58207369]]
2
[[-3.48805428 -7.12082052 -4.21019316 -8.19682217]]
0
[[-11.74563408 -14.13782883   0.37133583  -7.58207369]]
2
[[-3.48805428 -7.12082052 -4.21019316 -8.19682217]]
0
[[-11.74563408 -14.13782883   0.37133583  -7.58207369]]
2
[[-3.48805428 -7.12082052 -4.21019316 -8.19682217]]
0
[[-11.74563408 -14.13782883   0.37133583  -7.58207369]]
2
[[-3.48805428 -7.12082052 -4.21019316 -8.19682217]]
0
[[-11.74563408 -14.13782883   0.37133583  -7.58207369]]
2
[[-3.48805428 -7.12082052 -4.21019316 -8.19682217]]
0
[[-11.74563408 -14.13782883   0.37133583  -7.58207369]]
2
[[-3.48805428 -7.12082052 -4.21019316 -8.19682217]]
0
[[-11.74563408 -14.13782883   0.37133583  -7.58207369]]
2
[[-3.48805428 -7.12082052 -4.21019316 -8.19682217]]
0
[[-11.74563408 -14.13782883   0.37133583  -7.58207369]]
2
[[-3.48805428 -7.12082052 -4.21019316 -8.19682217]]
0
[[-11.74563408 -14.13782883   0.37133583  -7.58207369]]
2
[[-3.48805428 -7.12082052 -4.21019316 -8.19682217]]
0
[[-11.74563408 -14.13782883   0.37133583  -7.58207369]]
2
[[-3.48805428 -7.12082052 -4.21019316 -8.19682217]]
0
[[-11.74563408 -14.13782883   0.37133583  -7.58207369]]
2
[[-3.48805428 -7.12082052 -4.21019316 -8.19682217]]
0
[[-11.74563408 -14.13782883   0.37133583  -7.58207369]]
2
[[-3.48805428 -7.12082052 -4.21019316 -8.19682217]]
0
[[-11.74563408 -14.13782883   0.37133583  -7.58207369]]
2
[[-3.48805428 -7.12082052 -4.21019316 -8.19682217]]
0
[[-11.74563408 -14.13782883   0.37133583  -7.58207369]]
2
[[-3.48805428 -7.12082052 -4.21019316 -8.19682217]]
0
[[-11.74563408 -14.13782883   0.37133583  -7.58207369]]
2
[[-3.48805428 -7.12082052 -4.21019316 -8.19682217]]
0
[[-11.74563408 -14.13782883   0.37133583  -7.58207369]]
2
[[-3.48805428 -7.12082052 -4.21019316 -8.19682217]]
0
[[-11.74563408 -14.13782883   0.37133583  -7.58207369]]
2
[[-3.48805428 -7.12082052 -4.21019316 -8.19682217]]
0
[[-11.74563408 -14.13782883   0.37133583  -7.58207369]]
2
[[-3.48805428 -7.12082052 -4.21019316 -8.19682217]]
0
FAIL
1/2
