[[-3.49616003 -7.13219786 -4.23513031 -7.96451378]]
0
[[-11.74450397 -14.14268875   0.35101077  -7.34637499]]
2
[[-3.49616003 -7.13219786 -4.23513031 -7.96451378]]
0
[[-11.74450397 -14.14268875   0.35101077  -7.34637499]]
2
[[-3.49616003 -7.13219786 -4.23513031 -7.96451378]]
0
[[-11.74450397 -14.14268875   0.35101077  -7.34637499]]
2
[[-3.49616003 -7.13219786 -4.23513031 -7.96451378]]
0
[[-11.74450397 -14.14268875   0.35101077  -7.34637499]]
2
[[-3.49616003 -7.13219786 -4.23513031 -7.96451378]]
0
[[-11.74450397 -14.14268875   0.35101077  -7.34637499]]
2
[[-3.49616003 -7.13219786 -4.23513031 -7.96451378]]
0
[[-11.74450397 -14.14268875   0.35101077  -7.34637499]]
2
[[-3.49616003 -7.13219786 -4.23513031 -7.96451378]]
0
[[-11.74450397 -14.14268875   0.35101077  -7.34637499]]
2
[[-3.49616003 -7.13219786 -4.23513031 -7.96451378]]
0
[[-11.74450397 -14.14268875   0.35101077  -7.34637499]]
2
[[-3.49616003 -7.13219786 -4.23513031 -7.96451378]]
0
[[-11.74450397 -14.14268875   0.35101077  -7.34637499]]
2
[[-3.49616003 -7.13219786 -4.23513031 -7.96451378]]
0
[[-11.74450397 -14.14268875   0.35101077  -7.34637499]]
2
[[-3.49616003 -7.13219786 -4.23513031 -7.96451378]]
0
[[-11.74450397 -14.14268875   0.35101077  -7.34637499]]
2
[[-3.49616003 -7.13219786 -4.23513031 -7.96451378]]
0
[[-11.74450397 -14.14268875   0.35101077  -7.34637499]]
2
[[-3.49616003 -7.13219786 -4.23513031 -7.96451378]]
0
[[-11.74450397 -14.14268875   0.35101077  -7.34637499]]
2
[[-3.49616003 -7.13219786 -4.23513031 -7.96451378]]
0
[[-11.74450397 -14.14268875   0.35101077  -7.34637499]]
2
[[-3.49616003 -7.13219786 -4.23513031 -7.96451378]]
0
[[-11.74450397 -14.14268875   0.35101077  -7.34637499]]
2
[[-3.49616003 -7.13219786 -4.23513031 -7.96451378]]
0
[[-11.74450397 -14.14268875   0.35101077  -7.34637499]]
2
[[-3.49616003 -7.13219786 -4.23513031 -7.96451378]]
0
[[-11.74450397 -14.14268875   0.35101077  -7.34637499]]
2
[[-3.49616003 -7.13219786 -4.23513031 -7.96451378]]
0
[[-11.74450397 -14.14268875   0.35101077  -7.34637499]]
2
[[-3.49616003 -7.13219786 -4.23513031 -7.96451378]]
0
[[-11.74450397 -14.14268875   0.35101077  -7.34637499]]
2
[[-3.49616003 -7.13219786 -4.23513031 -7.96451378]]
0
[[-11.74450397 -14.14268875   0.35101077  -7.34637499]]
2
[[-3.49616003 -7.13219786 -4.23513031 -7.96451378]]
0
[[-11.74450397 -14.14268875   0.35101077  -7.34637499]]
2
[[-3.49616003 -7.13219786 -4.23513031 -7.96451378]]
0
[[-11.74450397 -14.14268875   0.35101077  -7.34637499]]
2
[[-3.49616003 -7.13219786 -4.23513031 -7.96451378]]
0
[[-11.74450397 -14.14268875   0.35101077  -7.34637499]]
2
[[-3.49616003 -7.13219786 -4.23513031 -7.96451378]]
0
[[-11.74450397 -14.14268875   0.35101077  -7.34637499]]
2
[[-3.49616003 -7.13219786 -4.23513031 -7.96451378]]
0
[[-11.74450397 -14.14268875   0.35101077  -7.34637499]]
2
[[-3.49616003 -7.13219786 -4.23513031 -7.96451378]]
0
[[-11.74450397 -14.14268875   0.35101077  -7.34637499]]
2
[[-3.49616003 -7.13219786 -4.23513031 -7.96451378]]
0
[[-11.74450397 -14.14268875   0.35101077  -7.34637499]]
2
[[-3.49616003 -7.13219786 -4.23513031 -7.96451378]]
0
[[-11.74450397 -14.14268875   0.35101077  -7.34637499]]
2
[[-3.49616003 -7.13219786 -4.23513031 -7.96451378]]
0
[[-11.74450397 -14.14268875   0.35101077  -7.34637499]]
2
[[-3.49616003 -7.13219786 -4.23513031 -7.96451378]]
0
[[-11.74450397 -14.14268875   0.35101077  -7.34637499]]
2
[[-3.49616003 -7.13219786 -4.23513031 -7.96451378]]
0
[[-11.74450397 -14.14268875   0.35101077  -7.34637499]]
2
[[-3.49616003 -7.13219786 -4.23513031 -7.96451378]]
0
[[-11.74450397 -14.14268875   0.35101077  -7.34637499]]
2
[[-3.49616003 -7.13219786 -4.23513031 -7.96451378]]
0
[[-11.74450397 -14.14268875   0.35101077  -7.34637499]]
2
[[-3.49616003 -7.13219786 -4.23513031 -7.96451378]]
0
[[-11.74450397 -14.14268875   0.35101077  -7.34637499]]
2
[[-3.49616003 -7.13219786 -4.23513031 -7.96451378]]
0
[[-11.74450397 -14.14268875   0.35101077  -7.34637499]]
2
[[-3.49616003 -7.13219786 -4.23513031 -7.96451378]]
0
[[-11.74450397 -14.14268875   0.35101077  -7.34637499]]
2
[[-3.49616003 -7.13219786 -4.23513031 -7.96451378]]
0
[[-11.74450397 -14.14268875   0.35101077  -7.34637499]]
2
[[-3.49616003 -7.13219786 -4.23513031 -7.96451378]]
0
[[-11.74450397 -14.14268875   0.35101077  -7.34637499]]
2
[[-3.49616003 -7.13219786 -4.23513031 -7.96451378]]
0
[[-11.74450397 -14.14268875   0.35101077  -7.34637499]]
2
[[-3.49616003 -7.13219786 -4.23513031 -7.96451378]]
0
[[-11.74450397 -14.14268875   0.35101077  -7.34637499]]
2
[[-3.49616003 -7.13219786 -4.23513031 -7.96451378]]
0
[[-11.74450397 -14.14268875   0.35101077  -7.34637499]]
2
[[-3.49616003 -7.13219786 -4.23513031 -7.96451378]]
0
[[-11.74450397 -14.14268875   0.35101077  -7.34637499]]
2
[[-3.49616003 -7.13219786 -4.23513031 -7.96451378]]
0
[[-11.74450397 -14.14268875   0.35101077  -7.34637499]]
2
[[-3.49616003 -7.13219786 -4.23513031 -7.96451378]]
0
[[-11.74450397 -14.14268875   0.35101077  -7.34637499]]
2
[[-3.49616003 -7.13219786 -4.23513031 -7.96451378]]
0
[[-11.74450397 -14.14268875   0.35101077  -7.34637499]]
2
[[-3.49616003 -7.13219786 -4.23513031 -7.96451378]]
0
[[-11.74450397 -14.14268875   0.35101077  -7.34637499]]
2
[[-3.49616003 -7.13219786 -4.23513031 -7.96451378]]
0
[[-11.74450397 -14.14268875   0.35101077  -7.34637499]]
2
[[-3.49616003 -7.13219786 -4.23513031 -7.96451378]]
0
[[-11.74450397 -14.14268875   0.35101077  -7.34637499]]
2
[[-3.49616003 -7.13219786 -4.23513031 -7.96451378]]
0
[[-11.74450397 -14.14268875   0.35101077  -7.34637499]]
2
[[-3.49616003 -7.13219786 -4.23513031 -7.96451378]]
0
[[-11.74450397 -14.14268875   0.35101077  -7.34637499]]
2
[[-3.49616003 -7.13219786 -4.23513031 -7.96451378]]
0
FAIL
1/2
