[[-4.71947575 -4.22303581 -3.9909184  -8.26560783]]
2
[[-2.97419739 -5.81677914 -3.03632402 -9.00084114]]
0
[[-4.71947575 -4.22303581 -3.9909184  -8.26560783]]
2
[[-2.97419739 -5.81677914 -3.03632402 -9.00084114]]
0
[[-4.71947575 -4.22303581 -3.9909184  -8.26560783]]
2
[[-2.97419739 -5.81677914 -3.03632402 -9.00084114]]
0
[[-4.71947575 -4.22303581 -3.9909184  -8.26560783]]
2
[[-2.97419739 -5.81677914 -3.03632402 -9.00084114]]
0
[[-4.71947575 -4.22303581 -3.9909184  -8.26560783]]
2
[[-2.97419739 -5.81677914 -3.03632402 -9.00084114]]
0
[[-4.71947575 -4.22303581 -3.9909184  -8.26560783]]
2
[[-2.97419739 -5.81677914 -3.03632402 -9.00084114]]
0
[[-4.71947575 -4.22303581 -3.9909184  -8.26560783]]
2
[[-2.97419739 -5.81677914 -3.03632402 -9.00084114]]
0
[[-4.71947575 -4.22303581 -3.9909184  -8.26560783]]
2
[[-2.97419739 -5.81677914 -3.03632402 -9.00084114]]
0
[[-4.71947575 -4.22303581 -3.9909184  -8.26560783]]
2
[[-2.97419739 -5.81677914 -3.03632402 -9.00084114]]
0
[[-4.71947575 -4.22303581 -3.9909184  -8.26560783]]
2
[[-2.97419739 -5.81677914 -3.03632402 -9.00084114]]
0
[[-4.71947575 -4.22303581 -3.9909184  -8.26560783]]
2
[[-2.97419739 -5.81677914 -3.03632402 -9.00084114]]
0
[[-4.71947575 -4.22303581 -3.9909184  -8.26560783]]
2
[[-2.97419739 -5.81677914 -3.03632402 -9.00084114]]
0
[[-4.71947575 -4.22303581 -3.9909184  -8.26560783]]
2
[[-2.97419739 -5.81677914 -3.03632402 -9.00084114]]
0
[[-4.71947575 -4.22303581 -3.9909184  -8.26560783]]
2
[[-2.97419739 -5.81677914 -3.03632402 -9.00084114]]
0
[[-4.71947575 -4.22303581 -3.9909184  -8.26560783]]
2
[[-2.97419739 -5.81677914 -3.03632402 -9.00084114]]
0
[[-4.71947575 -4.22303581 -3.9909184  -8.26560783]]
2
[[-2.97419739 -5.81677914 -3.03632402 -9.00084114]]
0
[[-4.71947575 -4.22303581 -3.9909184  -8.26560783]]
2
[[-2.97419739 -5.81677914 -3.03632402 -9.00084114]]
0
[[-4.71947575 -4.22303581 -3.9909184  -8.26560783]]
2
[[-2.97419739 -5.81677914 -3.03632402 -9.00084114]]
0
[[-4.71947575 -4.22303581 -3.9909184  -8.26560783]]
2
[[-2.97419739 -5.81677914 -3.03632402 -9.00084114]]
0
[[-4.71947575 -4.22303581 -3.9909184  -8.26560783]]
2
[[-2.97419739 -5.81677914 -3.03632402 -9.00084114]]
0
[[-4.71947575 -4.22303581 -3.9909184  -8.26560783]]
2
[[-2.97419739 -5.81677914 -3.03632402 -9.00084114]]
0
[[-4.71947575 -4.22303581 -3.9909184  -8.26560783]]
2
[[-2.97419739 -5.81677914 -3.03632402 -9.00084114]]
0
[[-4.71947575 -4.22303581 -3.9909184  -8.26560783]]
2
[[-2.97419739 -5.81677914 -3.03632402 -9.00084114]]
0
[[-4.71947575 -4.22303581 -3.9909184  -8.26560783]]
2
[[-2.97419739 -5.81677914 -3.03632402 -9.00084114]]
0
[[-4.71947575 -4.22303581 -3.9909184  -8.26560783]]
2
[[-2.97419739 -5.81677914 -3.03632402 -9.00084114]]
0
[[-4.71947575 -4.22303581 -3.9909184  -8.26560783]]
2
[[-2.97419739 -5.81677914 -3.03632402 -9.00084114]]
0
[[-4.71947575 -4.22303581 -3.9909184  -8.26560783]]
2
[[-2.97419739 -5.81677914 -3.03632402 -9.00084114]]
0
[[-4.71947575 -4.22303581 -3.9909184  -8.26560783]]
2
[[-2.97419739 -5.81677914 -3.03632402 -9.00084114]]
0
[[-4.71947575 -4.22303581 -3.9909184  -8.26560783]]
2
[[-2.97419739 -5.81677914 -3.03632402 -9.00084114]]
0
[[-4.71947575 -4.22303581 -3.9909184  -8.26560783]]
2
[[-2.97419739 -5.81677914 -3.03632402 -9.00084114]]
0
[[-4.71947575 -4.22303581 -3.9909184  -8.26560783]]
2
[[-2.97419739 -5.81677914 -3.03632402 -9.00084114]]
0
[[-4.71947575 -4.22303581 -3.9909184  -8.26560783]]
2
[[-2.97419739 -5.81677914 -3.03632402 -9.00084114]]
0
[[-4.71947575 -4.22303581 -3.9909184  -8.26560783]]
2
[[-2.97419739 -5.81677914 -3.03632402 -9.00084114]]
0
[[-4.71947575 -4.22303581 -3.9909184  -8.26560783]]
2
[[-2.97419739 -5.81677914 -3.03632402 -9.00084114]]
0
[[-4.71947575 -4.22303581 -3.9909184  -8.26560783]]
2
[[-2.97419739 -5.81677914 -3.03632402 -9.00084114]]
0
[[-4.71947575 -4.22303581 -3.9909184  -8.26560783]]
2
[[-2.97419739 -5.81677914 -3.03632402 -9.00084114]]
0
[[-4.71947575 -4.22303581 -3.9909184  -8.26560783]]
2
[[-2.97419739 -5.81677914 -3.03632402 -9.00084114]]
0
[[-4.71947575 -4.22303581 -3.9909184  -8.26560783]]
2
[[-2.97419739 -5.81677914 -3.03632402 -9.00084114]]
0
[[-4.71947575 -4.22303581 -3.9909184  -8.26560783]]
2
[[-2.97419739 -5.81677914 -3.03632402 -9.00084114]]
0
[[-4.71947575 -4.22303581 -3.9909184  -8.26560783]]
2
[[-2.97419739 -5.81677914 -3.03632402 -9.00084114]]
0
[[-4.71947575 -4.22303581 -3.9909184  -8.26560783]]
2
[[-2.97419739 -5.81677914 -3.03632402 -9.00084114]]
0
[[-4.71947575 -4.22303581 -3.9909184  -8.26560783]]
2
[[-2.97419739 -5.81677914 -3.03632402 -9.00084114]]
0
[[-4.71947575 -4.22303581 -3.9909184  -8.26560783]]
2
[[-2.97419739 -5.81677914 -3.03632402 -9.00084114]]
0
[[-4.71947575 -4.22303581 -3.9909184  -8.26560783]]
2
[[-2.97419739 -5.81677914 -3.03632402 -9.00084114]]
0
[[-4.71947575 -4.22303581 -3.9909184  -8.26560783]]
2
[[-2.97419739 -5.81677914 -3.03632402 -9.00084114]]
0
[[-4.71947575 -4.22303581 -3.9909184  -8.26560783]]
2
[[-2.97419739 -5.81677914 -3.03632402 -9.00084114]]
0
[[-4.71947575 -4.22303581 -3.9909184  -8.26560783]]
2
[[-2.97419739 -5.81677914 -3.03632402 -9.00084114]]
0
[[-4.71947575 -4.22303581 -3.9909184  -8.26560783]]
2
[[-2.97419739 -5.81677914 -3.03632402 -9.00084114]]
0
[[-4.71947575 -4.22303581 -3.9909184  -8.26560783]]
2
[[-2.97419739 -5.81677914 -3.03632402 -9.00084114]]
0
[[-4.71947575 -4.22303581 -3.9909184  -8.26560783]]
2
[[-2.97419739 -5.81677914 -3.03632402 -9.00084114]]
0
[[-4.71947575 -4.22303581 -3.9909184  -8.26560783]]
2
FAIL
0/5
