[[-3.62924957 -7.25358677 -4.27223444 -8.07847595]]
0
[[-11.86435413 -14.25640297   0.31716248  -7.4534483 ]]
2
[[-3.62924957 -7.25358677 -4.27223444 -8.07847595]]
0
[[-11.86435413 -14.25640297   0.31716248  -7.4534483 ]]
2
[[-3.62924957 -7.25358677 -4.27223444 -8.07847595]]
0
[[-11.86435413 -14.25640297   0.31716248  -7.4534483 ]]
2
[[-3.62924957 -7.25358677 -4.27223444 -8.07847595]]
0
[[-11.86435413 -14.25640297   0.31716248  -7.4534483 ]]
2
[[-3.62924957 -7.25358677 -4.27223444 -8.07847595]]
0
[[-11.86435413 -14.25640297   0.31716248  -7.4534483 ]]
2
[[-3.62924957 -7.25358677 -4.27223444 -8.07847595]]
0
[[-11.86435413 -14.25640297   0.31716248  -7.4534483 ]]
2
[[-3.62924957 -7.25358677 -4.27223444 -8.07847595]]
0
[[-11.86435413 -14.25640297   0.31716248  -7.4534483 ]]
2
[[-3.62924957 -7.25358677 -4.27223444 -8.07847595]]
0
[[-11.86435413 -14.25640297   0.31716248  -7.4534483 ]]
2
[[-3.62924957 -7.25358677 -4.27223444 -8.07847595]]
0
[[-11.86435413 -14.25640297   0.31716248  -7.4534483 ]]
2
[[-3.62924957 -7.25358677 -4.27223444 -8.07847595]]
0
[[-11.86435413 -14.25640297   0.31716248  -7.4534483 ]]
2
[[-3.62924957 -7.25358677 -4.27223444 -8.07847595]]
0
[[-11.86435413 -14.25640297   0.31716248  -7.4534483 ]]
2
[[-3.62924957 -7.25358677 -4.27223444 -8.07847595]]
0
[[-11.86435413 -14.25640297   0.31716248  -7.4534483 ]]
2
[[-3.62924957 -7.25358677 -4.27223444 -8.07847595]]
0
[[-11.86435413 -14.25640297   0.31716248  -7.4534483 ]]
2
[[-3.62924957 -7.25358677 -4.27223444 -8.07847595]]
0
[[-11.86435413 -14.25640297   0.31716248  -7.4534483 ]]
2
[[-3.62924957 -7.25358677 -4.27223444 -8.07847595]]
0
[[-11.86435413 -14.25640297   0.31716248  -7.4534483 ]]
2
[[-3.62924957 -7.25358677 -4.27223444 -8.07847595]]
0
[[-11.86435413 -14.25640297   0.31716248  -7.4534483 ]]
2
[[-3.62924957 -7.25358677 -4.27223444 -8.07847595]]
0
[[-11.86435413 -14.25640297   0.31716248  -7.4534483 ]]
2
[[-3.62924957 -7.25358677 -4.27223444 -8.07847595]]
0
[[-11.86435413 -14.25640297   0.31716248  -7.4534483 ]]
2
[[-3.62924957 -7.25358677 -4.27223444 -8.07847595]]
0
[[-11.86435413 -14.25640297   0.31716248  -7.4534483 ]]
2
[[-3.62924957 -7.25358677 -4.27223444 -8.07847595]]
0
[[-11.86435413 -14.25640297   0.31716248  -7.4534483 ]]
2
[[-3.62924957 -7.25358677 -4.27223444 -8.07847595]]
0
[[-11.86435413 -14.25640297   0.31716248  -7.4534483 ]]
2
[[-3.62924957 -7.25358677 -4.27223444 -8.07847595]]
0
[[-11.86435413 -14.25640297   0.31716248  -7.4534483 ]]
2
[[-3.62924957 -7.25358677 -4.27223444 -8.07847595]]
0
[[-11.86435413 -14.25640297   0.31716248  -7.4534483 ]]
2
[[-3.62924957 -7.25358677 -4.27223444 -8.07847595]]
0
[[-11.86435413 -14.25640297   0.31716248  -7.4534483 ]]
2
[[-3.62924957 -7.25358677 -4.27223444 -8.07847595]]
0
[[-11.86435413 -14.25640297   0.31716248  -7.4534483 ]]
2
[[-3.62924957 -7.25358677 -4.27223444 -8.07847595]]
0
[[-11.86435413 -14.25640297   0.31716248  -7.4534483 ]]
2
[[-3.62924957 -7.25358677 -4.27223444 -8.07847595]]
0
[[-11.86435413 -14.25640297   0.31716248  -7.4534483 ]]
2
[[-3.62924957 -7.25358677 -4.27223444 -8.07847595]]
0
[[-11.86435413 -14.25640297   0.31716248  -7.4534483 ]]
2
[[-3.62924957 -7.25358677 -4.27223444 -8.07847595]]
0
[[-11.86435413 -14.25640297   0.31716248  -7.4534483 ]]
2
[[-3.62924957 -7.25358677 -4.27223444 -8.07847595]]
0
[[-11.86435413 -14.25640297   0.31716248  -7.4534483 ]]
2
[[-3.62924957 -7.25358677 -4.27223444 -8.07847595]]
0
[[-11.86435413 -14.25640297   0.31716248  -7.4534483 ]]
2
[[-3.62924957 -7.25358677 -4.27223444 -8.07847595]]
0
[[-11.86435413 -14.25640297   0.31716248  -7.4534483 ]]
2
[[-3.62924957 -7.25358677 -4.27223444 -8.07847595]]
0
[[-11.86435413 -14.25640297   0.31716248  -7.4534483 ]]
2
[[-3.62924957 -7.25358677 -4.27223444 -8.07847595]]
0
[[-11.86435413 -14.25640297   0.31716248  -7.4534483 ]]
2
[[-3.62924957 -7.25358677 -4.27223444 -8.07847595]]
0
[[-11.86435413 -14.25640297   0.31716248  -7.4534483 ]]
2
[[-3.62924957 -7.25358677 -4.27223444 -8.07847595]]
0
[[-11.86435413 -14.25640297   0.31716248  -7.4534483 ]]
2
[[-3.62924957 -7.25358677 -4.27223444 -8.07847595]]
0
[[-11.86435413 -14.25640297   0.31716248  -7.4534483 ]]
2
[[-3.62924957 -7.25358677 -4.27223444 -8.07847595]]
0
[[-11.86435413 -14.25640297   0.31716248  -7.4534483 ]]
2
[[-3.62924957 -7.25358677 -4.27223444 -8.07847595]]
0
[[-11.86435413 -14.25640297   0.31716248  -7.4534483 ]]
2
[[-3.62924957 -7.25358677 -4.27223444 -8.07847595]]
0
[[-11.86435413 -14.25640297   0.31716248  -7.4534483 ]]
2
[[-3.62924957 -7.25358677 -4.27223444 -8.07847595]]
0
[[-11.86435413 -14.25640297   0.31716248  -7.4534483 ]]
2
[[-3.62924957 -7.25358677 -4.27223444 -8.07847595]]
0
[[-11.86435413 -14.25640297   0.31716248  -7.4534483 ]]
2
[[-3.62924957 -7.25358677 -4.27223444 -8.07847595]]
0
[[-11.86435413 -14.25640297   0.31716248  -7.4534483 ]]
2
[[-3.62924957 -7.25358677 -4.27223444 -8.07847595]]
0
[[-11.86435413 -14.25640297   0.31716248  -7.4534483 ]]
2
[[-3.62924957 -7.25358677 -4.27223444 -8.07847595]]
0
[[-11.86435413 -14.25640297   0.31716248  -7.4534483 ]]
2
[[-3.62924957 -7.25358677 -4.27223444 -8.07847595]]
0
[[-11.86435413 -14.25640297   0.31716248  -7.4534483 ]]
2
[[-3.62924957 -7.25358677 -4.27223444 -8.07847595]]
0
[[-11.86435413 -14.25640297   0.31716248  -7.4534483 ]]
2
[[-3.62924957 -7.25358677 -4.27223444 -8.07847595]]
0
[[-11.86435413 -14.25640297   0.31716248  -7.4534483 ]]
2
[[-3.62924957 -7.25358677 -4.27223444 -8.07847595]]
0
[[-11.86435413 -14.25640297   0.31716248  -7.4534483 ]]
2
[[-3.62924957 -7.25358677 -4.27223444 -8.07847595]]
0
[[-11.86435413 -14.25640297   0.31716248  -7.4534483 ]]
2
[[-3.62924957 -7.25358677 -4.27223444 -8.07847595]]
0
FAIL
1/2
