[[-4.78129101 -4.29308605 -4.05360699 -8.47152138]]
2
[[-3.03575349 -5.89786243 -3.09348512 -9.20778656]]
0
[[-4.78129101 -4.29308605 -4.05360699 -8.47152138]]
2
[[-3.03575349 -5.89786243 -3.09348512 -9.20778656]]
0
[[-4.78129101 -4.29308605 -4.05360699 -8.47152138]]
2
[[-3.03575349 -5.89786243 -3.09348512 -9.20778656]]
0
[[-4.78129101 -4.29308605 -4.05360699 -8.47152138]]
2
[[-3.03575349 -5.89786243 -3.09348512 -9.20778656]]
0
[[-4.78129101 -4.29308605 -4.05360699 -8.47152138]]
2
[[-3.03575349 -5.89786243 -3.09348512 -9.20778656]]
0
[[-4.78129101 -4.29308605 -4.05360699 -8.47152138]]
2
[[-3.03575349 -5.89786243 -3.09348512 -9.20778656]]
0
[[-4.78129101 -4.29308605 -4.05360699 -8.47152138]]
2
[[-3.03575349 -5.89786243 -3.09348512 -9.20778656]]
0
[[-4.78129101 -4.29308605 -4.05360699 -8.47152138]]
2
[[-3.03575349 -5.89786243 -3.09348512 -9.20778656]]
0
[[-4.78129101 -4.29308605 -4.05360699 -8.47152138]]
2
[[-3.03575349 -5.89786243 -3.09348512 -9.20778656]]
0
[[-4.78129101 -4.29308605 -4.05360699 -8.47152138]]
2
[[-3.03575349 -5.89786243 -3.09348512 -9.20778656]]
0
[[-4.78129101 -4.29308605 -4.05360699 -8.47152138]]
2
[[-3.03575349 -5.89786243 -3.09348512 -9.20778656]]
0
[[-4.78129101 -4.29308605 -4.05360699 -8.47152138]]
2
[[-3.03575349 -5.89786243 -3.09348512 -9.20778656]]
0
[[-4.78129101 -4.29308605 -4.05360699 -8.47152138]]
2
[[-3.03575349 -5.89786243 -3.09348512 -9.20778656]]
0
[[-4.78129101 -4.29308605 -4.05360699 -8.47152138]]
2
[[-3.03575349 -5.89786243 -3.09348512 -9.20778656]]
0
[[-4.78129101 -4.29308605 -4.05360699 -8.47152138]]
2
[[-3.03575349 -5.89786243 -3.09348512 -9.20778656]]
0
[[-4.78129101 -4.29308605 -4.05360699 -8.47152138]]
2
[[-3.03575349 -5.89786243 -3.09348512 -9.20778656]]
0
[[-4.78129101 -4.29308605 -4.05360699 -8.47152138]]
2
[[-3.03575349 -5.89786243 -3.09348512 -9.20778656]]
0
[[-4.78129101 -4.29308605 -4.05360699 -8.47152138]]
2
[[-3.03575349 -5.89786243 -3.09348512 -9.20778656]]
0
[[-4.78129101 -4.29308605 -4.05360699 -8.47152138]]
2
[[-3.03575349 -5.89786243 -3.09348512 -9.20778656]]
0
[[-4.78129101 -4.29308605 -4.05360699 -8.47152138]]
2
[[-3.03575349 -5.89786243 -3.09348512 -9.20778656]]
0
[[-4.78129101 -4.29308605 -4.05360699 -8.47152138]]
2
[[-3.03575349 -5.89786243 -3.09348512 -9.20778656]]
0
[[-4.78129101 -4.29308605 -4.05360699 -8.47152138]]
2
[[-3.03575349 -5.89786243 -3.09348512 -9.20778656]]
0
[[-4.78129101 -4.29308605 -4.05360699 -8.47152138]]
2
[[-3.03575349 -5.89786243 -3.09348512 -9.20778656]]
0
[[-4.78129101 -4.29308605 -4.05360699 -8.47152138]]
2
[[-3.03575349 -5.89786243 -3.09348512 -9.20778656]]
0
[[-4.78129101 -4.29308605 -4.05360699 -8.47152138]]
2
[[-3.03575349 -5.89786243 -3.09348512 -9.20778656]]
0
[[-4.78129101 -4.29308605 -4.05360699 -8.47152138]]
2
[[-3.03575349 -5.89786243 -3.09348512 -9.20778656]]
0
[[-4.78129101 -4.29308605 -4.05360699 -8.47152138]]
2
[[-3.03575349 -5.89786243 -3.09348512 -9.20778656]]
0
[[-4.78129101 -4.29308605 -4.05360699 -8.47152138]]
2
[[-3.03575349 -5.89786243 -3.09348512 -9.20778656]]
0
[[-4.78129101 -4.29308605 -4.05360699 -8.47152138]]
2
[[-3.03575349 -5.89786243 -3.09348512 -9.20778656]]
0
[[-4.78129101 -4.29308605 -4.05360699 -8.47152138]]
2
[[-3.03575349 -5.89786243 -3.09348512 -9.20778656]]
0
[[-4.78129101 -4.29308605 -4.05360699 -8.47152138]]
2
[[-3.03575349 -5.89786243 -3.09348512 -9.20778656]]
0
[[-4.78129101 -4.29308605 -4.05360699 -8.47152138]]
2
[[-3.03575349 -5.89786243 -3.09348512 -9.20778656]]
0
[[-4.78129101 -4.29308605 -4.05360699 -8.47152138]]
2
[[-3.03575349 -5.89786243 -3.09348512 -9.20778656]]
0
[[-4.78129101 -4.29308605 -4.05360699 -8.47152138]]
2
[[-3.03575349 -5.89786243 -3.09348512 -9.20778656]]
0
[[-4.78129101 -4.29308605 -4.05360699 -8.47152138]]
2
[[-3.03575349 -5.89786243 -3.09348512 -9.20778656]]
0
[[-4.78129101 -4.29308605 -4.05360699 -8.47152138]]
2
[[-3.03575349 -5.89786243 -3.09348512 -9.20778656]]
0
[[-4.78129101 -4.29308605 -4.05360699 -8.47152138]]
2
[[-3.03575349 -5.89786243 -3.09348512 -9.20778656]]
0
[[-4.78129101 -4.29308605 -4.05360699 -8.47152138]]
2
[[-3.03575349 -5.89786243 -3.09348512 -9.20778656]]
0
[[-4.78129101 -4.29308605 -4.05360699 -8.47152138]]
2
[[-3.03575349 -5.89786243 -3.09348512 -9.20778656]]
0
[[-4.78129101 -4.29308605 -4.05360699 -8.47152138]]
2
[[-3.03575349 -5.89786243 -3.09348512 -9.20778656]]
0
[[-4.78129101 -4.29308605 -4.05360699 -8.47152138]]
2
[[-3.03575349 -5.89786243 -3.09348512 -9.20778656]]
0
[[-4.78129101 -4.29308605 -4.05360699 -8.47152138]]
2
[[-3.03575349 -5.89786243 -3.09348512 -9.20778656]]
0
[[-4.78129101 -4.29308605 -4.05360699 -8.47152138]]
2
[[-3.03575349 -5.89786243 -3.09348512 -9.20778656]]
0
[[-4.78129101 -4.29308605 -4.05360699 -8.47152138]]
2
[[-3.03575349 -5.89786243 -3.09348512 -9.20778656]]
0
[[-4.78129101 -4.29308605 -4.05360699 -8.47152138]]
2
[[-3.03575349 -5.89786243 -3.09348512 -9.20778656]]
0
[[-4.78129101 -4.29308605 -4.05360699 -8.47152138]]
2
[[-3.03575349 -5.89786243 -3.09348512 -9.20778656]]
0
[[-4.78129101 -4.29308605 -4.05360699 -8.47152138]]
2
[[-3.03575349 -5.89786243 -3.09348512 -9.20778656]]
0
[[-4.78129101 -4.29308605 -4.05360699 -8.47152138]]
2
[[-3.03575349 -5.89786243 -3.09348512 -9.20778656]]
0
[[-4.78129101 -4.29308605 -4.05360699 -8.47152138]]
2
[[-3.03575349 -5.89786243 -3.09348512 -9.20778656]]
0
[[-4.78129101 -4.29308605 -4.05360699 -8.47152138]]
2
[[-3.03575349 -5.89786243 -3.09348512 -9.20778656]]
0
[[-4.78129101 -4.29308605 -4.05360699 -8.47152138]]
2
FAIL
0/5
