[[-3.53469443 -7.20305634 -4.29592657 -8.15503407]]
0
[[-11.7682724  -14.19850636   0.30125734  -7.52331209]]
2
[[-3.53469443 -7.20305634 -4.29592657 -8.15503407]]
0
[[-11.7682724  -14.19850636   0.30125734  -7.52331209]]
2
[[-3.53469443 -7.20305634 -4.29592657 -8.15503407]]
0
[[-11.7682724  -14.19850636   0.30125734  -7.52331209]]
2
[[-3.53469443 -7.20305634 -4.29592657 -8.15503407]]
0
[[-11.7682724  -14.19850636   0.30125734  -7.52331209]]
2
[[-3.53469443 -7.20305634 -4.29592657 -8.15503407]]
0
[[-11.7682724  -14.19850636   0.30125734  -7.52331209]]
2
[[-3.53469443 -7.20305634 -4.29592657 -8.15503407]]
0
[[-11.7682724  -14.19850636   0.30125734  -7.52331209]]
2
[[-3.53469443 -7.20305634 -4.29592657 -8.15503407]]
0
[[-11.7682724  -14.19850636   0.30125734  -7.52331209]]
2
[[-3.53469443 -7.20305634 -4.29592657 -8.15503407]]
0
[[-11.7682724  -14.19850636   0.30125734  -7.52331209]]
2
[[-3.53469443 -7.20305634 -4.29592657 -8.15503407]]
0
[[-11.7682724  -14.19850636   0.30125734  -7.52331209]]
2
[[-3.53469443 -7.20305634 -4.29592657 -8.15503407]]
0
[[-11.7682724  -14.19850636   0.30125734  -7.52331209]]
2
[[-3.53469443 -7.20305634 -4.29592657 -8.15503407]]
0
[[-11.7682724  -14.19850636   0.30125734  -7.52331209]]
2
[[-3.53469443 -7.20305634 -4.29592657 -8.15503407]]
0
[[-11.7682724  -14.19850636   0.30125734  -7.52331209]]
2
[[-3.53469443 -7.20305634 -4.29592657 -8.15503407]]
0
[[-11.7682724  -14.19850636   0.30125734  -7.52331209]]
2
[[-3.53469443 -7.20305634 -4.29592657 -8.15503407]]
0
[[-11.7682724  -14.19850636   0.30125734  -7.52331209]]
2
[[-3.53469443 -7.20305634 -4.29592657 -8.15503407]]
0
[[-11.7682724  -14.19850636   0.30125734  -7.52331209]]
2
[[-3.53469443 -7.20305634 -4.29592657 -8.15503407]]
0
[[-11.7682724  -14.19850636   0.30125734  -7.52331209]]
2
[[-3.53469443 -7.20305634 -4.29592657 -8.15503407]]
0
[[-11.7682724  -14.19850636   0.30125734  -7.52331209]]
2
[[-3.53469443 -7.20305634 -4.29592657 -8.15503407]]
0
[[-11.7682724  -14.19850636   0.30125734  -7.52331209]]
2
[[-3.53469443 -7.20305634 -4.29592657 -8.15503407]]
0
[[-11.7682724  -14.19850636   0.30125734  -7.52331209]]
2
[[-3.53469443 -7.20305634 -4.29592657 -8.15503407]]
0
[[-11.7682724  -14.19850636   0.30125734  -7.52331209]]
2
[[-3.53469443 -7.20305634 -4.29592657 -8.15503407]]
0
[[-11.7682724  -14.19850636   0.30125734  -7.52331209]]
2
[[-3.53469443 -7.20305634 -4.29592657 -8.15503407]]
0
[[-11.7682724  -14.19850636   0.30125734  -7.52331209]]
2
[[-3.53469443 -7.20305634 -4.29592657 -8.15503407]]
0
[[-11.7682724  -14.19850636   0.30125734  -7.52331209]]
2
[[-3.53469443 -7.20305634 -4.29592657 -8.15503407]]
0
[[-11.7682724  -14.19850636   0.30125734  -7.52331209]]
2
[[-3.53469443 -7.20305634 -4.29592657 -8.15503407]]
0
[[-11.7682724  -14.19850636   0.30125734  -7.52331209]]
2
[[-3.53469443 -7.20305634 -4.29592657 -8.15503407]]
0
[[-11.7682724  -14.19850636   0.30125734  -7.52331209]]
2
[[-3.53469443 -7.20305634 -4.29592657 -8.15503407]]
0
[[-11.7682724  -14.19850636   0.30125734  -7.52331209]]
2
[[-3.53469443 -7.20305634 -4.29592657 -8.15503407]]
0
[[-11.7682724  -14.19850636   0.30125734  -7.52331209]]
2
[[-3.53469443 -7.20305634 -4.29592657 -8.15503407]]
0
[[-11.7682724  -14.19850636   0.30125734  -7.52331209]]
2
[[-3.53469443 -7.20305634 -4.29592657 -8.15503407]]
0
[[-11.7682724  -14.19850636   0.30125734  -7.52331209]]
2
[[-3.53469443 -7.20305634 -4.29592657 -8.15503407]]
0
[[-11.7682724  -14.19850636   0.30125734  -7.52331209]]
2
[[-3.53469443 -7.20305634 -4.29592657 -8.15503407]]
0
[[-11.7682724  -14.19850636   0.30125734  -7.52331209]]
2
[[-3.53469443 -7.20305634 -4.29592657 -8.15503407]]
0
[[-11.7682724  -14.19850636   0.30125734  -7.52331209]]
2
[[-3.53469443 -7.20305634 -4.29592657 -8.15503407]]
0
[[-11.7682724  -14.19850636   0.30125734  -7.52331209]]
2
[[-3.53469443 -7.20305634 -4.29592657 -8.15503407]]
0
[[-11.7682724  -14.19850636   0.30125734  -7.52331209]]
2
[[-3.53469443 -7.20305634 -4.29592657 -8.15503407]]
0
[[-11.7682724  -14.19850636   0.30125734  -7.52331209]]
2
[[-3.53469443 -7.20305634 -4.29592657 -8.15503407]]
0
[[-11.7682724  -14.19850636   0.30125734  -7.52331209]]
2
[[-3.53469443 -7.20305634 -4.29592657 -8.15503407]]
0
[[-11.7682724  -14.19850636   0.30125734  -7.52331209]]
2
[[-3.53469443 -7.20305634 -4.29592657 -8.15503407]]
0
[[-11.7682724  -14.19850636   0.30125734  -7.52331209]]
2
[[-3.53469443 -7.20305634 -4.29592657 -8.15503407]]
0
[[-11.7682724  -14.19850636   0.30125734  -7.52331209]]
2
[[-3.53469443 -7.20305634 -4.29592657 -8.15503407]]
0
[[-11.7682724  -14.19850636   0.30125734  -7.52331209]]
2
[[-3.53469443 -7.20305634 -4.29592657 -8.15503407]]
0
[[-11.7682724  -14.19850636   0.30125734  -7.52331209]]
2
[[-3.53469443 -7.20305634 -4.29592657 -8.15503407]]
0
[[-11.7682724  -14.19850636   0.30125734  -7.52331209]]
2
[[-3.53469443 -7.20305634 -4.29592657 -8.15503407]]
0
[[-11.7682724  -14.19850636   0.30125734  -7.52331209]]
2
[[-3.53469443 -7.20305634 -4.29592657 -8.15503407]]
0
[[-11.7682724  -14.19850636   0.30125734  -7.52331209]]
2
[[-3.53469443 -7.20305634 -4.29592657 -8.15503407]]
0
[[-11.7682724  -14.19850636   0.30125734  -7.52331209]]
2
[[-3.53469443 -7.20305634 -4.29592657 -8.15503407]]
0
[[-11.7682724  -14.19850636   0.30125734  -7.52331209]]
2
[[-3.53469443 -7.20305634 -4.29592657 -8.15503407]]
0
[[-11.7682724  -14.19850636   0.30125734  -7.52331209]]
2
[[-3.53469443 -7.20305634 -4.29592657 -8.15503407]]
0
[[-11.7682724  -14.19850636   0.30125734  -7.52331209]]
2
[[-3.53469443 -7.20305634 -4.29592657 -8.15503407]]
0
[[-11.7682724  -14.19850636   0.30125734  -7.52331209]]
2
[[-3.53469443 -7.20305634 -4.29592657 -8.15503407]]
0
FAIL
1/2
