[[-4.67581606 -4.34229946 -3.9152596  -8.52901077]]
2
[[-2.93113852 -5.94554377 -2.95714736 -9.27428627]]
0
[[-4.67581606 -4.34229946 -3.9152596  -8.52901077]]
2
[[-2.93113852 -5.94554377 -2.95714736 -9.27428627]]
0
[[-4.67581606 -4.34229946 -3.9152596  -8.52901077]]
2
[[-2.93113852 -5.94554377 -2.95714736 -9.27428627]]
0
[[-4.67581606 -4.34229946 -3.9152596  -8.52901077]]
2
[[-2.93113852 -5.94554377 -2.95714736 -9.27428627]]
0
[[-4.67581606 -4.34229946 -3.9152596  -8.52901077]]
2
[[-2.93113852 -5.94554377 -2.95714736 -9.27428627]]
0
[[-4.67581606 -4.34229946 -3.9152596  -8.52901077]]
2
[[-2.93113852 -5.94554377 -2.95714736 -9.27428627]]
0
[[-4.67581606 -4.34229946 -3.9152596  -8.52901077]]
2
[[-2.93113852 -5.94554377 -2.95714736 -9.27428627]]
0
[[-4.67581606 -4.34229946 -3.9152596  -8.52901077]]
2
[[-2.93113852 -5.94554377 -2.95714736 -9.27428627]]
0
[[-4.67581606 -4.34229946 -3.9152596  -8.52901077]]
2
[[-2.93113852 -5.94554377 -2.95714736 -9.27428627]]
0
[[-4.67581606 -4.34229946 -3.9152596  -8.52901077]]
2
[[-2.93113852 -5.94554377 -2.95714736 -9.27428627]]
0
[[-4.67581606 -4.34229946 -3.9152596  -8.52901077]]
2
[[-2.93113852 -5.94554377 -2.95714736 -9.27428627]]
0
[[-4.67581606 -4.34229946 -3.9152596  -8.52901077]]
2
[[-2.93113852 -5.94554377 -2.95714736 -9.27428627]]
0
[[-4.67581606 -4.34229946 -3.9152596  -8.52901077]]
2
[[-2.93113852 -5.94554377 -2.95714736 -9.27428627]]
0
[[-4.67581606 -4.34229946 -3.9152596  -8.52901077]]
2
[[-2.93113852 -5.94554377 -2.95714736 -9.27428627]]
0
[[-4.67581606 -4.34229946 -3.9152596  -8.52901077]]
2
[[-2.93113852 -5.94554377 -2.95714736 -9.27428627]]
0
[[-4.67581606 -4.34229946 -3.9152596  -8.52901077]]
2
[[-2.93113852 -5.94554377 -2.95714736 -9.27428627]]
0
[[-4.67581606 -4.34229946 -3.9152596  -8.52901077]]
2
[[-2.93113852 -5.94554377 -2.95714736 -9.27428627]]
0
[[-4.67581606 -4.34229946 -3.9152596  -8.52901077]]
2
[[-2.93113852 -5.94554377 -2.95714736 -9.27428627]]
0
[[-4.67581606 -4.34229946 -3.9152596  -8.52901077]]
2
[[-2.93113852 -5.94554377 -2.95714736 -9.27428627]]
0
[[-4.67581606 -4.34229946 -3.9152596  -8.52901077]]
2
[[-2.93113852 -5.94554377 -2.95714736 -9.27428627]]
0
[[-4.67581606 -4.34229946 -3.9152596  -8.52901077]]
2
[[-2.93113852 -5.94554377 -2.95714736 -9.27428627]]
0
[[-4.67581606 -4.34229946 -3.9152596  -8.52901077]]
2
[[-2.93113852 -5.94554377 -2.95714736 -9.27428627]]
0
[[-4.67581606 -4.34229946 -3.9152596  -8.52901077]]
2
[[-2.93113852 -5.94554377 -2.95714736 -9.27428627]]
0
[[-4.67581606 -4.34229946 -3.9152596  -8.52901077]]
2
[[-2.93113852 -5.94554377 -2.95714736 -9.27428627]]
0
[[-4.67581606 -4.34229946 -3.9152596  -8.52901077]]
2
[[-2.93113852 -5.94554377 -2.95714736 -9.27428627]]
0
[[-4.67581606 -4.34229946 -3.9152596  -8.52901077]]
2
[[-2.93113852 -5.94554377 -2.95714736 -9.27428627]]
0
[[-4.67581606 -4.34229946 -3.9152596  -8.52901077]]
2
[[-2.93113852 -5.94554377 -2.95714736 -9.27428627]]
0
[[-4.67581606 -4.34229946 -3.9152596  -8.52901077]]
2
[[-2.93113852 -5.94554377 -2.95714736 -9.27428627]]
0
[[-4.67581606 -4.34229946 -3.9152596  -8.52901077]]
2
[[-2.93113852 -5.94554377 -2.95714736 -9.27428627]]
0
[[-4.67581606 -4.34229946 -3.9152596  -8.52901077]]
2
[[-2.93113852 -5.94554377 -2.95714736 -9.27428627]]
0
[[-4.67581606 -4.34229946 -3.9152596  -8.52901077]]
2
[[-2.93113852 -5.94554377 -2.95714736 -9.27428627]]
0
[[-4.67581606 -4.34229946 -3.9152596  -8.52901077]]
2
[[-2.93113852 -5.94554377 -2.95714736 -9.27428627]]
0
[[-4.67581606 -4.34229946 -3.9152596  -8.52901077]]
2
[[-2.93113852 -5.94554377 -2.95714736 -9.27428627]]
0
[[-4.67581606 -4.34229946 -3.9152596  -8.52901077]]
2
[[-2.93113852 -5.94554377 -2.95714736 -9.27428627]]
0
[[-4.67581606 -4.34229946 -3.9152596  -8.52901077]]
2
[[-2.93113852 -5.94554377 -2.95714736 -9.27428627]]
0
[[-4.67581606 -4.34229946 -3.9152596  -8.52901077]]
2
[[-2.93113852 -5.94554377 -2.95714736 -9.27428627]]
0
[[-4.67581606 -4.34229946 -3.9152596  -8.52901077]]
2
[[-2.93113852 -5.94554377 -2.95714736 -9.27428627]]
0
[[-4.67581606 -4.34229946 -3.9152596  -8.52901077]]
2
[[-2.93113852 -5.94554377 -2.95714736 -9.27428627]]
0
[[-4.67581606 -4.34229946 -3.9152596  -8.52901077]]
2
[[-2.93113852 -5.94554377 -2.95714736 -9.27428627]]
0
[[-4.67581606 -4.34229946 -3.9152596  -8.52901077]]
2
[[-2.93113852 -5.94554377 -2.95714736 -9.27428627]]
0
[[-4.67581606 -4.34229946 -3.9152596  -8.52901077]]
2
[[-2.93113852 -5.94554377 -2.95714736 -9.27428627]]
0
[[-4.67581606 -4.34229946 -3.9152596  -8.52901077]]
2
[[-2.93113852 -5.94554377 -2.95714736 -9.27428627]]
0
[[-4.67581606 -4.34229946 -3.9152596  -8.52901077]]
2
[[-2.93113852 -5.94554377 -2.95714736 -9.27428627]]
0
[[-4.67581606 -4.34229946 -3.9152596  -8.52901077]]
2
[[-2.93113852 -5.94554377 -2.95714736 -9.27428627]]
0
[[-4.67581606 -4.34229946 -3.9152596  -8.52901077]]
2
[[-2.93113852 -5.94554377 -2.95714736 -9.27428627]]
0
[[-4.67581606 -4.34229946 -3.9152596  -8.52901077]]
2
[[-2.93113852 -5.94554377 -2.95714736 -9.27428627]]
0
[[-4.67581606 -4.34229946 -3.9152596  -8.52901077]]
2
[[-2.93113852 -5.94554377 -2.95714736 -9.27428627]]
0
[[-4.67581606 -4.34229946 -3.9152596  -8.52901077]]
2
[[-2.93113852 -5.94554377 -2.95714736 -9.27428627]]
0
[[-4.67581606 -4.34229946 -3.9152596  -8.52901077]]
2
[[-2.93113852 -5.94554377 -2.95714736 -9.27428627]]
0
[[-4.67581606 -4.34229946 -3.9152596  -8.52901077]]
2
[[-2.93113852 -5.94554377 -2.95714736 -9.27428627]]
0
[[-4.67581606 -4.34229946 -3.9152596  -8.52901077]]
2
FAIL
0/5
