[[ 25960802.  27052916.  14315363.  25032178.]]
1
[[ 24389184.  22108108.  12115514.  26379784.]]
3
[[ 25960802.  27052916.  14315363.  25032178.]]
1
[[ 24389184.  22108108.  12115514.  26379784.]]
3
[[ 25960802.  27052916.  14315363.  25032178.]]
1
[[ 24389184.  22108108.  12115514.  26379784.]]
3
[[ 25960802.  27052916.  14315363.  25032178.]]
1
[[ 24389184.  22108108.  12115514.  26379784.]]
3
[[ 25960802.  27052916.  14315363.  25032178.]]
1
[[ 24389184.  22108108.  12115514.  26379784.]]
3
[[ 25960802.  27052916.  14315363.  25032178.]]
1
[[ 24389184.  22108108.  12115514.  26379784.]]
3
[[ 25960802.  27052916.  14315363.  25032178.]]
1
[[ 24389184.  22108108.  12115514.  26379784.]]
3
[[ 25960802.  27052916.  14315363.  25032178.]]
1
[[ 24389184.  22108108.  12115514.  26379784.]]
3
[[ 25960802.  27052916.  14315363.  25032178.]]
1
[[ 24389184.  22108108.  12115514.  26379784.]]
3
[[ 25960802.  27052916.  14315363.  25032178.]]
1
[[ 24389184.  22108108.  12115514.  26379784.]]
3
[[ 25960802.  27052916.  14315363.  25032178.]]
1
[[ 24389184.  22108108.  12115514.  26379784.]]
3
[[ 25960802.  27052916.  14315363.  25032178.]]
1
[[ 24389184.  22108108.  12115514.  26379784.]]
3
[[ 25960802.  27052916.  14315363.  25032178.]]
1
[[ 24389184.  22108108.  12115514.  26379784.]]
3
[[ 25960802.  27052916.  14315363.  25032178.]]
1
[[ 24389184.  22108108.  12115514.  26379784.]]
3
[[ 25960802.  27052916.  14315363.  25032178.]]
1
[[ 24389184.  22108108.  12115514.  26379784.]]
3
[[ 25960802.  27052916.  14315363.  25032178.]]
1
[[ 24389184.  22108108.  12115514.  26379784.]]
3
[[ 25960802.  27052916.  14315363.  25032178.]]
1
[[ 24389184.  22108108.  12115514.  26379784.]]
3
[[ 25960802.  27052916.  14315363.  25032178.]]
1
[[ 24389184.  22108108.  12115514.  26379784.]]
3
[[ 25960802.  27052916.  14315363.  25032178.]]
1
[[ 24389184.  22108108.  12115514.  26379784.]]
3
[[ 25960802.  27052916.  14315363.  25032178.]]
1
[[ 24389184.  22108108.  12115514.  26379784.]]
3
[[ 25960802.  27052916.  14315363.  25032178.]]
1
[[ 24389184.  22108108.  12115514.  26379784.]]
3
[[ 25960802.  27052916.  14315363.  25032178.]]
1
[[ 24389184.  22108108.  12115514.  26379784.]]
3
[[ 25960802.  27052916.  14315363.  25032178.]]
1
[[ 24389184.  22108108.  12115514.  26379784.]]
3
[[ 25960802.  27052916.  14315363.  25032178.]]
1
[[ 24389184.  22108108.  12115514.  26379784.]]
3
[[ 25960802.  27052916.  14315363.  25032178.]]
1
[[ 24389184.  22108108.  12115514.  26379784.]]
3
[[ 25960802.  27052916.  14315363.  25032178.]]
1
[[ 24389184.  22108108.  12115514.  26379784.]]
3
[[ 25960802.  27052916.  14315363.  25032178.]]
1
[[ 24389184.  22108108.  12115514.  26379784.]]
3
[[ 25960802.  27052916.  14315363.  25032178.]]
1
[[ 24389184.  22108108.  12115514.  26379784.]]
3
[[ 25960802.  27052916.  14315363.  25032178.]]
1
[[ 24389184.  22108108.  12115514.  26379784.]]
3
[[ 25960802.  27052916.  14315363.  25032178.]]
1
[[ 24389184.  22108108.  12115514.  26379784.]]
3
[[ 25960802.  27052916.  14315363.  25032178.]]
1
[[ 24389184.  22108108.  12115514.  26379784.]]
3
[[ 25960802.  27052916.  14315363.  25032178.]]
1
[[ 24389184.  22108108.  12115514.  26379784.]]
3
[[ 25960802.  27052916.  14315363.  25032178.]]
1
[[ 24389184.  22108108.  12115514.  26379784.]]
3
[[ 25960802.  27052916.  14315363.  25032178.]]
1
[[ 24389184.  22108108.  12115514.  26379784.]]
3
[[ 25960802.  27052916.  14315363.  25032178.]]
1
[[ 24389184.  22108108.  12115514.  26379784.]]
3
[[ 25960802.  27052916.  14315363.  25032178.]]
1
[[ 24389184.  22108108.  12115514.  26379784.]]
3
[[ 25960802.  27052916.  14315363.  25032178.]]
1
[[ 24389184.  22108108.  12115514.  26379784.]]
3
[[ 25960802.  27052916.  14315363.  25032178.]]
1
[[ 24389184.  22108108.  12115514.  26379784.]]
3
[[ 25960802.  27052916.  14315363.  25032178.]]
1
[[ 24389184.  22108108.  12115514.  26379784.]]
3
[[ 25960802.  27052916.  14315363.  25032178.]]
1
[[ 24389184.  22108108.  12115514.  26379784.]]
3
[[ 25960802.  27052916.  14315363.  25032178.]]
1
[[ 24389184.  22108108.  12115514.  26379784.]]
3
[[ 25960802.  27052916.  14315363.  25032178.]]
1
[[ 24389184.  22108108.  12115514.  26379784.]]
3
[[ 25960802.  27052916.  14315363.  25032178.]]
1
[[ 24389184.  22108108.  12115514.  26379784.]]
3
[[ 25960802.  27052916.  14315363.  25032178.]]
1
[[ 24389184.  22108108.  12115514.  26379784.]]
3
[[ 25960802.  27052916.  14315363.  25032178.]]
1
[[ 24389184.  22108108.  12115514.  26379784.]]
3
[[ 25960802.  27052916.  14315363.  25032178.]]
1
[[ 24389184.  22108108.  12115514.  26379784.]]
3
[[ 25960802.  27052916.  14315363.  25032178.]]
1
[[ 24389184.  22108108.  12115514.  26379784.]]
3
[[ 25960802.  27052916.  14315363.  25032178.]]
1
[[ 24389184.  22108108.  12115514.  26379784.]]
3
[[ 25960802.  27052916.  14315363.  25032178.]]
1
[[ 24389184.  22108108.  12115514.  26379784.]]
3
[[ 25960802.  27052916.  14315363.  25032178.]]
1
[[ 24389184.  22108108.  12115514.  26379784.]]
3
[[ 25960802.  27052916.  14315363.  25032178.]]
1
FAIL
0/2
