[[-4.55383873 -4.29119444 -3.95924449 -8.48915195]]
2
[[-2.81268477 -5.89892006 -3.00094295 -9.24093628]]
0
[[-4.55383873 -4.29119444 -3.95924449 -8.48915195]]
2
[[-2.81268477 -5.89892006 -3.00094295 -9.24093628]]
0
[[-4.55383873 -4.29119444 -3.95924449 -8.48915195]]
2
[[-2.81268477 -5.89892006 -3.00094295 -9.24093628]]
0
[[-4.55383873 -4.29119444 -3.95924449 -8.48915195]]
2
[[-2.81268477 -5.89892006 -3.00094295 -9.24093628]]
0
[[-4.55383873 -4.29119444 -3.95924449 -8.48915195]]
2
[[-2.81268477 -5.89892006 -3.00094295 -9.24093628]]
0
[[-4.55383873 -4.29119444 -3.95924449 -8.48915195]]
2
[[-2.81268477 -5.89892006 -3.00094295 -9.24093628]]
0
[[-4.55383873 -4.29119444 -3.95924449 -8.48915195]]
2
[[-2.81268477 -5.89892006 -3.00094295 -9.24093628]]
0
[[-4.55383873 -4.29119444 -3.95924449 -8.48915195]]
2
[[-2.81268477 -5.89892006 -3.00094295 -9.24093628]]
0
[[-4.55383873 -4.29119444 -3.95924449 -8.48915195]]
2
[[-2.81268477 -5.89892006 -3.00094295 -9.24093628]]
0
[[-4.55383873 -4.29119444 -3.95924449 -8.48915195]]
2
[[-2.81268477 -5.89892006 -3.00094295 -9.24093628]]
0
[[-4.55383873 -4.29119444 -3.95924449 -8.48915195]]
2
[[-2.81268477 -5.89892006 -3.00094295 -9.24093628]]
0
[[-4.55383873 -4.29119444 -3.95924449 -8.48915195]]
2
[[-2.81268477 -5.89892006 -3.00094295 -9.24093628]]
0
[[-4.55383873 -4.29119444 -3.95924449 -8.48915195]]
2
[[-2.81268477 -5.89892006 -3.00094295 -9.24093628]]
0
[[-4.55383873 -4.29119444 -3.95924449 -8.48915195]]
2
[[-2.81268477 -5.89892006 -3.00094295 -9.24093628]]
0
[[-4.55383873 -4.29119444 -3.95924449 -8.48915195]]
2
[[-2.81268477 -5.89892006 -3.00094295 -9.24093628]]
0
[[-4.55383873 -4.29119444 -3.95924449 -8.48915195]]
2
[[-2.81268477 -5.89892006 -3.00094295 -9.24093628]]
0
[[-4.55383873 -4.29119444 -3.95924449 -8.48915195]]
2
[[-2.81268477 -5.89892006 -3.00094295 -9.24093628]]
0
[[-4.55383873 -4.29119444 -3.95924449 -8.48915195]]
2
[[-2.81268477 -5.89892006 -3.00094295 -9.24093628]]
0
[[-4.55383873 -4.29119444 -3.95924449 -8.48915195]]
2
[[-2.81268477 -5.89892006 -3.00094295 -9.24093628]]
0
[[-4.55383873 -4.29119444 -3.95924449 -8.48915195]]
2
[[-2.81268477 -5.89892006 -3.00094295 -9.24093628]]
0
[[-4.55383873 -4.29119444 -3.95924449 -8.48915195]]
2
[[-2.81268477 -5.89892006 -3.00094295 -9.24093628]]
0
[[-4.55383873 -4.29119444 -3.95924449 -8.48915195]]
2
[[-2.81268477 -5.89892006 -3.00094295 -9.24093628]]
0
[[-4.55383873 -4.29119444 -3.95924449 -8.48915195]]
2
[[-2.81268477 -5.89892006 -3.00094295 -9.24093628]]
0
[[-4.55383873 -4.29119444 -3.95924449 -8.48915195]]
2
[[-2.81268477 -5.89892006 -3.00094295 -9.24093628]]
0
[[-4.55383873 -4.29119444 -3.95924449 -8.48915195]]
2
[[-2.81268477 -5.89892006 -3.00094295 -9.24093628]]
0
[[-4.55383873 -4.29119444 -3.95924449 -8.48915195]]
2
[[-2.81268477 -5.89892006 -3.00094295 -9.24093628]]
0
[[-4.55383873 -4.29119444 -3.95924449 -8.48915195]]
2
[[-2.81268477 -5.89892006 -3.00094295 -9.24093628]]
0
[[-4.55383873 -4.29119444 -3.95924449 -8.48915195]]
2
[[-2.81268477 -5.89892006 -3.00094295 -9.24093628]]
0
[[-4.55383873 -4.29119444 -3.95924449 -8.48915195]]
2
[[-2.81268477 -5.89892006 -3.00094295 -9.24093628]]
0
[[-4.55383873 -4.29119444 -3.95924449 -8.48915195]]
2
[[-2.81268477 -5.89892006 -3.00094295 -9.24093628]]
0
[[-4.55383873 -4.29119444 -3.95924449 -8.48915195]]
2
[[-2.81268477 -5.89892006 -3.00094295 -9.24093628]]
0
[[-4.55383873 -4.29119444 -3.95924449 -8.48915195]]
2
[[-2.81268477 -5.89892006 -3.00094295 -9.24093628]]
0
[[-4.55383873 -4.29119444 -3.95924449 -8.48915195]]
2
[[-2.81268477 -5.89892006 -3.00094295 -9.24093628]]
0
[[-4.55383873 -4.29119444 -3.95924449 -8.48915195]]
2
[[-2.81268477 -5.89892006 -3.00094295 -9.24093628]]
0
[[-4.55383873 -4.29119444 -3.95924449 -8.48915195]]
2
[[-2.81268477 -5.89892006 -3.00094295 -9.24093628]]
0
[[-4.55383873 -4.29119444 -3.95924449 -8.48915195]]
2
[[-2.81268477 -5.89892006 -3.00094295 -9.24093628]]
0
[[-4.55383873 -4.29119444 -3.95924449 -8.48915195]]
2
[[-2.81268477 -5.89892006 -3.00094295 -9.24093628]]
0
[[-4.55383873 -4.29119444 -3.95924449 -8.48915195]]
2
[[-2.81268477 -5.89892006 -3.00094295 -9.24093628]]
0
[[-4.55383873 -4.29119444 -3.95924449 -8.48915195]]
2
[[-2.81268477 -5.89892006 -3.00094295 -9.24093628]]
0
[[-4.55383873 -4.29119444 -3.95924449 -8.48915195]]
2
[[-2.81268477 -5.89892006 -3.00094295 -9.24093628]]
0
[[-4.55383873 -4.29119444 -3.95924449 -8.48915195]]
2
[[-2.81268477 -5.89892006 -3.00094295 -9.24093628]]
0
[[-4.55383873 -4.29119444 -3.95924449 -8.48915195]]
2
[[-2.81268477 -5.89892006 -3.00094295 -9.24093628]]
0
[[-4.55383873 -4.29119444 -3.95924449 -8.48915195]]
2
[[-2.81268477 -5.89892006 -3.00094295 -9.24093628]]
0
[[-4.55383873 -4.29119444 -3.95924449 -8.48915195]]
2
[[-2.81268477 -5.89892006 -3.00094295 -9.24093628]]
0
[[-4.55383873 -4.29119444 -3.95924449 -8.48915195]]
2
[[-2.81268477 -5.89892006 -3.00094295 -9.24093628]]
0
[[-4.55383873 -4.29119444 -3.95924449 -8.48915195]]
2
[[-2.81268477 -5.89892006 -3.00094295 -9.24093628]]
0
[[-4.55383873 -4.29119444 -3.95924449 -8.48915195]]
2
[[-2.81268477 -5.89892006 -3.00094295 -9.24093628]]
0
[[-4.55383873 -4.29119444 -3.95924449 -8.48915195]]
2
[[-2.81268477 -5.89892006 -3.00094295 -9.24093628]]
0
[[-4.55383873 -4.29119444 -3.95924449 -8.48915195]]
2
[[-2.81268477 -5.89892006 -3.00094295 -9.24093628]]
0
[[-4.55383873 -4.29119444 -3.95924449 -8.48915195]]
2
[[-2.81268477 -5.89892006 -3.00094295 -9.24093628]]
0
[[-4.55383873 -4.29119444 -3.95924449 -8.48915195]]
2
FAIL
0/5
