[[ 21176278.  27440118.  15713590.  22759994.]]
1
[[ 17042332.  22971814.  12753400.  23954128.]]
3
[[ 21176278.  27440118.  15713590.  22759994.]]
1
[[ 17042332.  22971814.  12753400.  23954128.]]
3
[[ 21176278.  27440118.  15713590.  22759994.]]
1
[[ 17042332.  22971814.  12753400.  23954128.]]
3
[[ 21176278.  27440118.  15713590.  22759994.]]
1
[[ 17042332.  22971814.  12753400.  23954128.]]
3
[[ 21176278.  27440118.  15713590.  22759994.]]
1
[[ 17042332.  22971814.  12753400.  23954128.]]
3
[[ 21176278.  27440118.  15713590.  22759994.]]
1
[[ 17042332.  22971814.  12753400.  23954128.]]
3
[[ 21176278.  27440118.  15713590.  22759994.]]
1
[[ 17042332.  22971814.  12753400.  23954128.]]
3
[[ 21176278.  27440118.  15713590.  22759994.]]
1
[[ 17042332.  22971814.  12753400.  23954128.]]
3
[[ 21176278.  27440118.  15713590.  22759994.]]
1
[[ 17042332.  22971814.  12753400.  23954128.]]
3
[[ 21176278.  27440118.  15713590.  22759994.]]
1
[[ 17042332.  22971814.  12753400.  23954128.]]
3
[[ 21176278.  27440118.  15713590.  22759994.]]
1
[[ 17042332.  22971814.  12753400.  23954128.]]
3
[[ 21176278.  27440118.  15713590.  22759994.]]
1
[[ 17042332.  22971814.  12753400.  23954128.]]
3
[[ 21176278.  27440118.  15713590.  22759994.]]
1
[[ 17042332.  22971814.  12753400.  23954128.]]
3
[[ 21176278.  27440118.  15713590.  22759994.]]
1
[[ 17042332.  22971814.  12753400.  23954128.]]
3
[[ 21176278.  27440118.  15713590.  22759994.]]
1
[[ 17042332.  22971814.  12753400.  23954128.]]
3
[[ 21176278.  27440118.  15713590.  22759994.]]
1
[[ 17042332.  22971814.  12753400.  23954128.]]
3
[[ 21176278.  27440118.  15713590.  22759994.]]
1
[[ 17042332.  22971814.  12753400.  23954128.]]
3
[[ 21176278.  27440118.  15713590.  22759994.]]
1
[[ 17042332.  22971814.  12753400.  23954128.]]
3
[[ 21176278.  27440118.  15713590.  22759994.]]
1
[[ 17042332.  22971814.  12753400.  23954128.]]
3
[[ 21176278.  27440118.  15713590.  22759994.]]
1
[[ 17042332.  22971814.  12753400.  23954128.]]
3
[[ 21176278.  27440118.  15713590.  22759994.]]
1
[[ 17042332.  22971814.  12753400.  23954128.]]
3
[[ 21176278.  27440118.  15713590.  22759994.]]
1
[[ 17042332.  22971814.  12753400.  23954128.]]
3
[[ 21176278.  27440118.  15713590.  22759994.]]
1
[[ 17042332.  22971814.  12753400.  23954128.]]
3
[[ 21176278.  27440118.  15713590.  22759994.]]
1
[[ 17042332.  22971814.  12753400.  23954128.]]
3
[[ 21176278.  27440118.  15713590.  22759994.]]
1
[[ 17042332.  22971814.  12753400.  23954128.]]
3
[[ 21176278.  27440118.  15713590.  22759994.]]
1
[[ 17042332.  22971814.  12753400.  23954128.]]
3
[[ 21176278.  27440118.  15713590.  22759994.]]
1
[[ 17042332.  22971814.  12753400.  23954128.]]
3
[[ 21176278.  27440118.  15713590.  22759994.]]
1
[[ 17042332.  22971814.  12753400.  23954128.]]
3
[[ 21176278.  27440118.  15713590.  22759994.]]
1
[[ 17042332.  22971814.  12753400.  23954128.]]
3
[[ 21176278.  27440118.  15713590.  22759994.]]
1
[[ 17042332.  22971814.  12753400.  23954128.]]
3
[[ 21176278.  27440118.  15713590.  22759994.]]
1
[[ 17042332.  22971814.  12753400.  23954128.]]
3
[[ 21176278.  27440118.  15713590.  22759994.]]
1
[[ 17042332.  22971814.  12753400.  23954128.]]
3
[[ 21176278.  27440118.  15713590.  22759994.]]
1
[[ 17042332.  22971814.  12753400.  23954128.]]
3
[[ 21176278.  27440118.  15713590.  22759994.]]
1
[[ 17042332.  22971814.  12753400.  23954128.]]
3
[[ 21176278.  27440118.  15713590.  22759994.]]
1
[[ 17042332.  22971814.  12753400.  23954128.]]
3
[[ 21176278.  27440118.  15713590.  22759994.]]
1
[[ 17042332.  22971814.  12753400.  23954128.]]
3
[[ 21176278.  27440118.  15713590.  22759994.]]
1
[[ 17042332.  22971814.  12753400.  23954128.]]
3
[[ 21176278.  27440118.  15713590.  22759994.]]
1
[[ 17042332.  22971814.  12753400.  23954128.]]
3
[[ 21176278.  27440118.  15713590.  22759994.]]
1
[[ 17042332.  22971814.  12753400.  23954128.]]
3
[[ 21176278.  27440118.  15713590.  22759994.]]
1
[[ 17042332.  22971814.  12753400.  23954128.]]
3
[[ 21176278.  27440118.  15713590.  22759994.]]
1
[[ 17042332.  22971814.  12753400.  23954128.]]
3
[[ 21176278.  27440118.  15713590.  22759994.]]
1
[[ 17042332.  22971814.  12753400.  23954128.]]
3
[[ 21176278.  27440118.  15713590.  22759994.]]
1
[[ 17042332.  22971814.  12753400.  23954128.]]
3
[[ 21176278.  27440118.  15713590.  22759994.]]
1
[[ 17042332.  22971814.  12753400.  23954128.]]
3
[[ 21176278.  27440118.  15713590.  22759994.]]
1
[[ 17042332.  22971814.  12753400.  23954128.]]
3
[[ 21176278.  27440118.  15713590.  22759994.]]
1
[[ 17042332.  22971814.  12753400.  23954128.]]
3
[[ 21176278.  27440118.  15713590.  22759994.]]
1
[[ 17042332.  22971814.  12753400.  23954128.]]
3
[[ 21176278.  27440118.  15713590.  22759994.]]
1
[[ 17042332.  22971814.  12753400.  23954128.]]
3
[[ 21176278.  27440118.  15713590.  22759994.]]
1
[[ 17042332.  22971814.  12753400.  23954128.]]
3
[[ 21176278.  27440118.  15713590.  22759994.]]
1
[[ 17042332.  22971814.  12753400.  23954128.]]
3
[[ 21176278.  27440118.  15713590.  22759994.]]
1
FAIL
0/2
