[[  3.59101486  -2.6359086  -17.79901314  -5.39264488]]
0
[[  0.63491392   0.89744914 -15.50008011   0.17418727]]
1
[[  1.0217452    1.28098834 -17.00916862   2.38402462]]
3
[[  0.63491392   0.89744914 -15.50008011   0.17418727]]
1
[[  1.0217452    1.28098834 -17.00916862   2.38402462]]
3
[[  0.63491392   0.89744914 -15.50008011   0.17418727]]
1
[[  1.0217452    1.28098834 -17.00916862   2.38402462]]
3
[[  0.63491392   0.89744914 -15.50008011   0.17418727]]
1
[[  1.0217452    1.28098834 -17.00916862   2.38402462]]
3
[[  0.63491392   0.89744914 -15.50008011   0.17418727]]
1
[[  1.0217452    1.28098834 -17.00916862   2.38402462]]
3
[[  0.63491392   0.89744914 -15.50008011   0.17418727]]
1
[[  1.0217452    1.28098834 -17.00916862   2.38402462]]
3
[[  0.63491392   0.89744914 -15.50008011   0.17418727]]
1
[[  1.0217452    1.28098834 -17.00916862   2.38402462]]
3
[[  0.63491392   0.89744914 -15.50008011   0.17418727]]
1
[[  1.0217452    1.28098834 -17.00916862   2.38402462]]
3
[[  0.63491392   0.89744914 -15.50008011   0.17418727]]
1
[[  1.0217452    1.28098834 -17.00916862   2.38402462]]
3
[[  0.63491392   0.89744914 -15.50008011   0.17418727]]
1
[[  1.0217452    1.28098834 -17.00916862   2.38402462]]
3
[[  0.63491392   0.89744914 -15.50008011   0.17418727]]
1
[[  1.0217452    1.28098834 -17.00916862   2.38402462]]
3
[[  0.63491392   0.89744914 -15.50008011   0.17418727]]
1
[[  1.0217452    1.28098834 -17.00916862   2.38402462]]
3
[[  0.63491392   0.89744914 -15.50008011   0.17418727]]
1
[[  1.0217452    1.28098834 -17.00916862   2.38402462]]
3
[[  0.63491392   0.89744914 -15.50008011   0.17418727]]
1
[[  1.0217452    1.28098834 -17.00916862   2.38402462]]
3
[[  0.63491392   0.89744914 -15.50008011   0.17418727]]
1
[[  1.0217452    1.28098834 -17.00916862   2.38402462]]
3
[[  0.63491392   0.89744914 -15.50008011   0.17418727]]
1
[[  1.0217452    1.28098834 -17.00916862   2.38402462]]
3
[[  0.63491392   0.89744914 -15.50008011   0.17418727]]
1
[[  1.0217452    1.28098834 -17.00916862   2.38402462]]
3
[[  0.63491392   0.89744914 -15.50008011   0.17418727]]
1
[[  1.0217452    1.28098834 -17.00916862   2.38402462]]
3
[[  0.63491392   0.89744914 -15.50008011   0.17418727]]
1
[[  1.0217452    1.28098834 -17.00916862   2.38402462]]
3
[[  0.63491392   0.89744914 -15.50008011   0.17418727]]
1
[[  1.0217452    1.28098834 -17.00916862   2.38402462]]
3
[[  0.63491392   0.89744914 -15.50008011   0.17418727]]
1
[[  1.0217452    1.28098834 -17.00916862   2.38402462]]
3
[[  0.63491392   0.89744914 -15.50008011   0.17418727]]
1
[[  1.0217452    1.28098834 -17.00916862   2.38402462]]
3
[[  0.63491392   0.89744914 -15.50008011   0.17418727]]
1
[[  1.0217452    1.28098834 -17.00916862   2.38402462]]
3
[[  0.63491392   0.89744914 -15.50008011   0.17418727]]
1
[[  1.0217452    1.28098834 -17.00916862   2.38402462]]
3
[[  0.63491392   0.89744914 -15.50008011   0.17418727]]
1
[[  1.0217452    1.28098834 -17.00916862   2.38402462]]
3
[[  0.63491392   0.89744914 -15.50008011   0.17418727]]
1
[[  1.0217452    1.28098834 -17.00916862   2.38402462]]
3
[[  0.63491392   0.89744914 -15.50008011   0.17418727]]
1
[[  1.0217452    1.28098834 -17.00916862   2.38402462]]
3
[[  0.63491392   0.89744914 -15.50008011   0.17418727]]
1
[[  1.0217452    1.28098834 -17.00916862   2.38402462]]
3
[[  0.63491392   0.89744914 -15.50008011   0.17418727]]
1
[[  1.0217452    1.28098834 -17.00916862   2.38402462]]
3
[[  0.63491392   0.89744914 -15.50008011   0.17418727]]
1
[[  1.0217452    1.28098834 -17.00916862   2.38402462]]
3
[[  0.63491392   0.89744914 -15.50008011   0.17418727]]
1
[[  1.0217452    1.28098834 -17.00916862   2.38402462]]
3
[[  0.63491392   0.89744914 -15.50008011   0.17418727]]
1
[[  1.0217452    1.28098834 -17.00916862   2.38402462]]
3
[[  0.63491392   0.89744914 -15.50008011   0.17418727]]
1
[[  1.0217452    1.28098834 -17.00916862   2.38402462]]
3
[[  0.63491392   0.89744914 -15.50008011   0.17418727]]
1
[[  1.0217452    1.28098834 -17.00916862   2.38402462]]
3
[[  0.63491392   0.89744914 -15.50008011   0.17418727]]
1
[[  1.0217452    1.28098834 -17.00916862   2.38402462]]
3
[[  0.63491392   0.89744914 -15.50008011   0.17418727]]
1
[[  1.0217452    1.28098834 -17.00916862   2.38402462]]
3
[[  0.63491392   0.89744914 -15.50008011   0.17418727]]
1
[[  1.0217452    1.28098834 -17.00916862   2.38402462]]
3
[[  0.63491392   0.89744914 -15.50008011   0.17418727]]
1
[[  1.0217452    1.28098834 -17.00916862   2.38402462]]
3
[[  0.63491392   0.89744914 -15.50008011   0.17418727]]
1
[[  1.0217452    1.28098834 -17.00916862   2.38402462]]
3
[[  0.63491392   0.89744914 -15.50008011   0.17418727]]
1
[[  1.0217452    1.28098834 -17.00916862   2.38402462]]
3
[[  0.63491392   0.89744914 -15.50008011   0.17418727]]
1
[[  1.0217452    1.28098834 -17.00916862   2.38402462]]
3
[[  0.63491392   0.89744914 -15.50008011   0.17418727]]
1
[[  1.0217452    1.28098834 -17.00916862   2.38402462]]
3
[[  0.63491392   0.89744914 -15.50008011   0.17418727]]
1
[[  1.0217452    1.28098834 -17.00916862   2.38402462]]
3
[[  0.63491392   0.89744914 -15.50008011   0.17418727]]
1
[[  1.0217452    1.28098834 -17.00916862   2.38402462]]
3
[[  0.63491392   0.89744914 -15.50008011   0.17418727]]
1
[[  1.0217452    1.28098834 -17.00916862   2.38402462]]
3
[[  0.63491392   0.89744914 -15.50008011   0.17418727]]
1
[[  1.0217452    1.28098834 -17.00916862   2.38402462]]
3
[[  0.63491392   0.89744914 -15.50008011   0.17418727]]
1
[[  1.0217452    1.28098834 -17.00916862   2.38402462]]
3
[[  0.63491392   0.89744914 -15.50008011   0.17418727]]
1
[[  1.0217452    1.28098834 -17.00916862   2.38402462]]
3
[[  0.63491392   0.89744914 -15.50008011   0.17418727]]
1
[[  1.0217452    1.28098834 -17.00916862   2.38402462]]
3
[[  0.63491392   0.89744914 -15.50008011   0.17418727]]
1
[[  1.0217452    1.28098834 -17.00916862   2.38402462]]
3
FAIL
0/4
