[[-8.07399464 -2.18658161 -6.35200739 -2.20299911 -6.99781084]]
1
[[-7.323946   -2.28511333 -4.05665255 -1.91670322 -5.27644587]]
3
[[-8.07399464 -2.18658161 -6.35200739 -2.20299911 -6.99781084]]
1
[[-7.323946   -2.28511333 -4.05665255 -1.91670322 -5.27644587]]
3
[[-8.07399464 -2.18658161 -6.35200739 -2.20299911 -6.99781084]]
1
[[-7.323946   -2.28511333 -4.05665255 -1.91670322 -5.27644587]]
3
[[-8.07399464 -2.18658161 -6.35200739 -2.20299911 -6.99781084]]
1
[[-7.323946   -2.28511333 -4.05665255 -1.91670322 -5.27644587]]
3
[[-8.07399464 -2.18658161 -6.35200739 -2.20299911 -6.99781084]]
1
[[-7.323946   -2.28511333 -4.05665255 -1.91670322 -5.27644587]]
3
[[-8.07399464 -2.18658161 -6.35200739 -2.20299911 -6.99781084]]
1
[[-7.323946   -2.28511333 -4.05665255 -1.91670322 -5.27644587]]
3
[[-8.07399464 -2.18658161 -6.35200739 -2.20299911 -6.99781084]]
1
[[-7.323946   -2.28511333 -4.05665255 -1.91670322 -5.27644587]]
3
[[-8.07399464 -2.18658161 -6.35200739 -2.20299911 -6.99781084]]
1
[[-7.323946   -2.28511333 -4.05665255 -1.91670322 -5.27644587]]
3
[[-8.07399464 -2.18658161 -6.35200739 -2.20299911 -6.99781084]]
1
[[-7.323946   -2.28511333 -4.05665255 -1.91670322 -5.27644587]]
3
[[-8.07399464 -2.18658161 -6.35200739 -2.20299911 -6.99781084]]
1
[[-7.323946   -2.28511333 -4.05665255 -1.91670322 -5.27644587]]
3
[[-8.07399464 -2.18658161 -6.35200739 -2.20299911 -6.99781084]]
1
[[-7.323946   -2.28511333 -4.05665255 -1.91670322 -5.27644587]]
3
[[-8.07399464 -2.18658161 -6.35200739 -2.20299911 -6.99781084]]
1
[[-7.323946   -2.28511333 -4.05665255 -1.91670322 -5.27644587]]
3
[[-8.07399464 -2.18658161 -6.35200739 -2.20299911 -6.99781084]]
1
[[-7.323946   -2.28511333 -4.05665255 -1.91670322 -5.27644587]]
3
[[-8.07399464 -2.18658161 -6.35200739 -2.20299911 -6.99781084]]
1
[[-7.323946   -2.28511333 -4.05665255 -1.91670322 -5.27644587]]
3
[[-8.07399464 -2.18658161 -6.35200739 -2.20299911 -6.99781084]]
1
[[-7.323946   -2.28511333 -4.05665255 -1.91670322 -5.27644587]]
3
[[-8.07399464 -2.18658161 -6.35200739 -2.20299911 -6.99781084]]
1
[[-7.323946   -2.28511333 -4.05665255 -1.91670322 -5.27644587]]
3
[[-8.07399464 -2.18658161 -6.35200739 -2.20299911 -6.99781084]]
1
[[-7.323946   -2.28511333 -4.05665255 -1.91670322 -5.27644587]]
3
[[-8.07399464 -2.18658161 -6.35200739 -2.20299911 -6.99781084]]
1
[[-7.323946   -2.28511333 -4.05665255 -1.91670322 -5.27644587]]
3
[[-8.07399464 -2.18658161 -6.35200739 -2.20299911 -6.99781084]]
1
[[-7.323946   -2.28511333 -4.05665255 -1.91670322 -5.27644587]]
3
[[-8.07399464 -2.18658161 -6.35200739 -2.20299911 -6.99781084]]
1
[[-7.323946   -2.28511333 -4.05665255 -1.91670322 -5.27644587]]
3
[[-8.07399464 -2.18658161 -6.35200739 -2.20299911 -6.99781084]]
1
[[-7.323946   -2.28511333 -4.05665255 -1.91670322 -5.27644587]]
3
[[-8.07399464 -2.18658161 -6.35200739 -2.20299911 -6.99781084]]
1
[[-7.323946   -2.28511333 -4.05665255 -1.91670322 -5.27644587]]
3
[[-8.07399464 -2.18658161 -6.35200739 -2.20299911 -6.99781084]]
1
[[-7.323946   -2.28511333 -4.05665255 -1.91670322 -5.27644587]]
3
[[-8.07399464 -2.18658161 -6.35200739 -2.20299911 -6.99781084]]
1
[[-7.323946   -2.28511333 -4.05665255 -1.91670322 -5.27644587]]
3
[[-8.07399464 -2.18658161 -6.35200739 -2.20299911 -6.99781084]]
1
[[-7.323946   -2.28511333 -4.05665255 -1.91670322 -5.27644587]]
3
[[-8.07399464 -2.18658161 -6.35200739 -2.20299911 -6.99781084]]
1
[[-7.323946   -2.28511333 -4.05665255 -1.91670322 -5.27644587]]
3
[[-8.07399464 -2.18658161 -6.35200739 -2.20299911 -6.99781084]]
1
[[-7.323946   -2.28511333 -4.05665255 -1.91670322 -5.27644587]]
3
[[-8.07399464 -2.18658161 -6.35200739 -2.20299911 -6.99781084]]
1
[[-7.323946   -2.28511333 -4.05665255 -1.91670322 -5.27644587]]
3
[[-8.07399464 -2.18658161 -6.35200739 -2.20299911 -6.99781084]]
1
[[-7.323946   -2.28511333 -4.05665255 -1.91670322 -5.27644587]]
3
[[-8.07399464 -2.18658161 -6.35200739 -2.20299911 -6.99781084]]
1
[[-7.323946   -2.28511333 -4.05665255 -1.91670322 -5.27644587]]
3
[[-8.07399464 -2.18658161 -6.35200739 -2.20299911 -6.99781084]]
1
[[-7.323946   -2.28511333 -4.05665255 -1.91670322 -5.27644587]]
3
[[-8.07399464 -2.18658161 -6.35200739 -2.20299911 -6.99781084]]
1
[[-7.323946   -2.28511333 -4.05665255 -1.91670322 -5.27644587]]
3
[[-8.07399464 -2.18658161 -6.35200739 -2.20299911 -6.99781084]]
1
[[-7.323946   -2.28511333 -4.05665255 -1.91670322 -5.27644587]]
3
[[-8.07399464 -2.18658161 -6.35200739 -2.20299911 -6.99781084]]
1
[[-7.323946   -2.28511333 -4.05665255 -1.91670322 -5.27644587]]
3
[[-8.07399464 -2.18658161 -6.35200739 -2.20299911 -6.99781084]]
1
[[-7.323946   -2.28511333 -4.05665255 -1.91670322 -5.27644587]]
3
[[-8.07399464 -2.18658161 -6.35200739 -2.20299911 -6.99781084]]
1
[[-7.323946   -2.28511333 -4.05665255 -1.91670322 -5.27644587]]
3
[[-8.07399464 -2.18658161 -6.35200739 -2.20299911 -6.99781084]]
1
[[-7.323946   -2.28511333 -4.05665255 -1.91670322 -5.27644587]]
3
[[-8.07399464 -2.18658161 -6.35200739 -2.20299911 -6.99781084]]
1
[[-7.323946   -2.28511333 -4.05665255 -1.91670322 -5.27644587]]
3
[[-8.07399464 -2.18658161 -6.35200739 -2.20299911 -6.99781084]]
1
[[-7.323946   -2.28511333 -4.05665255 -1.91670322 -5.27644587]]
3
[[-8.07399464 -2.18658161 -6.35200739 -2.20299911 -6.99781084]]
1
[[-7.323946   -2.28511333 -4.05665255 -1.91670322 -5.27644587]]
3
[[-8.07399464 -2.18658161 -6.35200739 -2.20299911 -6.99781084]]
1
[[-7.323946   -2.28511333 -4.05665255 -1.91670322 -5.27644587]]
3
[[-8.07399464 -2.18658161 -6.35200739 -2.20299911 -6.99781084]]
1
[[-7.323946   -2.28511333 -4.05665255 -1.91670322 -5.27644587]]
3
[[-8.07399464 -2.18658161 -6.35200739 -2.20299911 -6.99781084]]
1
[[-7.323946   -2.28511333 -4.05665255 -1.91670322 -5.27644587]]
3
[[-8.07399464 -2.18658161 -6.35200739 -2.20299911 -6.99781084]]
1
[[-7.323946   -2.28511333 -4.05665255 -1.91670322 -5.27644587]]
3
[[-8.07399464 -2.18658161 -6.35200739 -2.20299911 -6.99781084]]
1
[[-7.323946   -2.28511333 -4.05665255 -1.91670322 -5.27644587]]
3
[[-8.07399464 -2.18658161 -6.35200739 -2.20299911 -6.99781084]]
1
[[-7.323946   -2.28511333 -4.05665255 -1.91670322 -5.27644587]]
3
[[-8.07399464 -2.18658161 -6.35200739 -2.20299911 -6.99781084]]
1
[[-7.323946   -2.28511333 -4.05665255 -1.91670322 -5.27644587]]
3
[[-8.07399464 -2.18658161 -6.35200739 -2.20299911 -6.99781084]]
1
[[-7.323946   -2.28511333 -4.05665255 -1.91670322 -5.27644587]]
3
[[-8.07399464 -2.18658161 -6.35200739 -2.20299911 -6.99781084]]
1
[[-7.323946   -2.28511333 -4.05665255 -1.91670322 -5.27644587]]
3
[[-8.07399464 -2.18658161 -6.35200739 -2.20299911 -6.99781084]]
1
[[-7.323946   -2.28511333 -4.05665255 -1.91670322 -5.27644587]]
3
[[-8.07399464 -2.18658161 -6.35200739 -2.20299911 -6.99781084]]
1
FAIL
