[[-7.323946   -2.28511333 -4.05665255 -1.91670322 -5.27644587]]
3
[[-7.323946   -2.28511333 -4.05665255 -1.91670322 -5.27644587]]
3
[[-8.44502926 -1.47919261 -2.90171766 -1.46495724 -4.43499613]]
3
[[-6.85325813 -2.16315651 -8.48735237 -2.6606307  -3.66457629]]
1
[[-8.44502926 -1.47919261 -2.90171766 -1.46495724 -4.43499613]]
3
[[-6.85325813 -2.16315651 -8.48735237 -2.6606307  -3.66457629]]
1
[[-8.44502926 -1.47919261 -2.90171766 -1.46495724 -4.43499613]]
3
[[-6.85325813 -2.16315651 -8.48735237 -2.6606307  -3.66457629]]
1
[[-8.44502926 -1.47919261 -2.90171766 -1.46495724 -4.43499613]]
3
[[-6.85325813 -2.16315651 -8.48735237 -2.6606307  -3.66457629]]
1
[[-8.44502926 -1.47919261 -2.90171766 -1.46495724 -4.43499613]]
3
[[-6.85325813 -2.16315651 -8.48735237 -2.6606307  -3.66457629]]
1
[[-8.44502926 -1.47919261 -2.90171766 -1.46495724 -4.43499613]]
3
[[-6.85325813 -2.16315651 -8.48735237 -2.6606307  -3.66457629]]
1
[[-8.44502926 -1.47919261 -2.90171766 -1.46495724 -4.43499613]]
3
[[-6.85325813 -2.16315651 -8.48735237 -2.6606307  -3.66457629]]
1
[[-8.44502926 -1.47919261 -2.90171766 -1.46495724 -4.43499613]]
3
[[-6.85325813 -2.16315651 -8.48735237 -2.6606307  -3.66457629]]
1
[[-8.44502926 -1.47919261 -2.90171766 -1.46495724 -4.43499613]]
3
[[-6.85325813 -2.16315651 -8.48735237 -2.6606307  -3.66457629]]
1
[[-8.44502926 -1.47919261 -2.90171766 -1.46495724 -4.43499613]]
3
[[-6.85325813 -2.16315651 -8.48735237 -2.6606307  -3.66457629]]
1
[[-8.44502926 -1.47919261 -2.90171766 -1.46495724 -4.43499613]]
3
[[-6.85325813 -2.16315651 -8.48735237 -2.6606307  -3.66457629]]
1
[[-8.44502926 -1.47919261 -2.90171766 -1.46495724 -4.43499613]]
3
[[-6.85325813 -2.16315651 -8.48735237 -2.6606307  -3.66457629]]
1
[[-8.44502926 -1.47919261 -2.90171766 -1.46495724 -4.43499613]]
3
[[-6.85325813 -2.16315651 -8.48735237 -2.6606307  -3.66457629]]
1
[[-8.44502926 -1.47919261 -2.90171766 -1.46495724 -4.43499613]]
3
[[-6.85325813 -2.16315651 -8.48735237 -2.6606307  -3.66457629]]
1
[[-8.44502926 -1.47919261 -2.90171766 -1.46495724 -4.43499613]]
3
[[-6.85325813 -2.16315651 -8.48735237 -2.6606307  -3.66457629]]
1
[[-8.44502926 -1.47919261 -2.90171766 -1.46495724 -4.43499613]]
3
[[-6.85325813 -2.16315651 -8.48735237 -2.6606307  -3.66457629]]
1
[[-8.44502926 -1.47919261 -2.90171766 -1.46495724 -4.43499613]]
3
[[-6.85325813 -2.16315651 -8.48735237 -2.6606307  -3.66457629]]
1
[[-8.44502926 -1.47919261 -2.90171766 -1.46495724 -4.43499613]]
3
[[-6.85325813 -2.16315651 -8.48735237 -2.6606307  -3.66457629]]
1
[[-8.44502926 -1.47919261 -2.90171766 -1.46495724 -4.43499613]]
3
[[-6.85325813 -2.16315651 -8.48735237 -2.6606307  -3.66457629]]
1
[[-8.44502926 -1.47919261 -2.90171766 -1.46495724 -4.43499613]]
3
[[-6.85325813 -2.16315651 -8.48735237 -2.6606307  -3.66457629]]
1
[[-8.44502926 -1.47919261 -2.90171766 -1.46495724 -4.43499613]]
3
[[-6.85325813 -2.16315651 -8.48735237 -2.6606307  -3.66457629]]
1
[[-8.44502926 -1.47919261 -2.90171766 -1.46495724 -4.43499613]]
3
[[-6.85325813 -2.16315651 -8.48735237 -2.6606307  -3.66457629]]
1
[[-8.44502926 -1.47919261 -2.90171766 -1.46495724 -4.43499613]]
3
[[-6.85325813 -2.16315651 -8.48735237 -2.6606307  -3.66457629]]
1
[[-8.44502926 -1.47919261 -2.90171766 -1.46495724 -4.43499613]]
3
[[-6.85325813 -2.16315651 -8.48735237 -2.6606307  -3.66457629]]
1
[[-8.44502926 -1.47919261 -2.90171766 -1.46495724 -4.43499613]]
3
[[-6.85325813 -2.16315651 -8.48735237 -2.6606307  -3.66457629]]
1
[[-8.44502926 -1.47919261 -2.90171766 -1.46495724 -4.43499613]]
3
[[-6.85325813 -2.16315651 -8.48735237 -2.6606307  -3.66457629]]
1
[[-8.44502926 -1.47919261 -2.90171766 -1.46495724 -4.43499613]]
3
[[-6.85325813 -2.16315651 -8.48735237 -2.6606307  -3.66457629]]
1
[[-8.44502926 -1.47919261 -2.90171766 -1.46495724 -4.43499613]]
3
[[-6.85325813 -2.16315651 -8.48735237 -2.6606307  -3.66457629]]
1
[[-8.44502926 -1.47919261 -2.90171766 -1.46495724 -4.43499613]]
3
[[-6.85325813 -2.16315651 -8.48735237 -2.6606307  -3.66457629]]
1
[[-8.44502926 -1.47919261 -2.90171766 -1.46495724 -4.43499613]]
3
[[-6.85325813 -2.16315651 -8.48735237 -2.6606307  -3.66457629]]
1
[[-8.44502926 -1.47919261 -2.90171766 -1.46495724 -4.43499613]]
3
[[-6.85325813 -2.16315651 -8.48735237 -2.6606307  -3.66457629]]
1
[[-8.44502926 -1.47919261 -2.90171766 -1.46495724 -4.43499613]]
3
[[-6.85325813 -2.16315651 -8.48735237 -2.6606307  -3.66457629]]
1
[[-8.44502926 -1.47919261 -2.90171766 -1.46495724 -4.43499613]]
3
[[-6.85325813 -2.16315651 -8.48735237 -2.6606307  -3.66457629]]
1
[[-8.44502926 -1.47919261 -2.90171766 -1.46495724 -4.43499613]]
3
[[-6.85325813 -2.16315651 -8.48735237 -2.6606307  -3.66457629]]
1
[[-8.44502926 -1.47919261 -2.90171766 -1.46495724 -4.43499613]]
3
[[-6.85325813 -2.16315651 -8.48735237 -2.6606307  -3.66457629]]
1
[[-8.44502926 -1.47919261 -2.90171766 -1.46495724 -4.43499613]]
3
[[-6.85325813 -2.16315651 -8.48735237 -2.6606307  -3.66457629]]
1
[[-8.44502926 -1.47919261 -2.90171766 -1.46495724 -4.43499613]]
3
[[-6.85325813 -2.16315651 -8.48735237 -2.6606307  -3.66457629]]
1
[[-8.44502926 -1.47919261 -2.90171766 -1.46495724 -4.43499613]]
3
[[-6.85325813 -2.16315651 -8.48735237 -2.6606307  -3.66457629]]
1
[[-8.44502926 -1.47919261 -2.90171766 -1.46495724 -4.43499613]]
3
[[-6.85325813 -2.16315651 -8.48735237 -2.6606307  -3.66457629]]
1
[[-8.44502926 -1.47919261 -2.90171766 -1.46495724 -4.43499613]]
3
[[-6.85325813 -2.16315651 -8.48735237 -2.6606307  -3.66457629]]
1
[[-8.44502926 -1.47919261 -2.90171766 -1.46495724 -4.43499613]]
3
[[-6.85325813 -2.16315651 -8.48735237 -2.6606307  -3.66457629]]
1
[[-8.44502926 -1.47919261 -2.90171766 -1.46495724 -4.43499613]]
3
[[-6.85325813 -2.16315651 -8.48735237 -2.6606307  -3.66457629]]
1
[[-8.44502926 -1.47919261 -2.90171766 -1.46495724 -4.43499613]]
3
[[-6.85325813 -2.16315651 -8.48735237 -2.6606307  -3.66457629]]
1
[[-8.44502926 -1.47919261 -2.90171766 -1.46495724 -4.43499613]]
3
[[-6.85325813 -2.16315651 -8.48735237 -2.6606307  -3.66457629]]
1
[[-8.44502926 -1.47919261 -2.90171766 -1.46495724 -4.43499613]]
3
[[-6.85325813 -2.16315651 -8.48735237 -2.6606307  -3.66457629]]
1
[[-8.44502926 -1.47919261 -2.90171766 -1.46495724 -4.43499613]]
3
[[-6.85325813 -2.16315651 -8.48735237 -2.6606307  -3.66457629]]
1
[[-8.44502926 -1.47919261 -2.90171766 -1.46495724 -4.43499613]]
3
[[-6.85325813 -2.16315651 -8.48735237 -2.6606307  -3.66457629]]
1
[[-8.44502926 -1.47919261 -2.90171766 -1.46495724 -4.43499613]]
3
[[-6.85325813 -2.16315651 -8.48735237 -2.6606307  -3.66457629]]
1
[[-8.44502926 -1.47919261 -2.90171766 -1.46495724 -4.43499613]]
3
[[-6.85325813 -2.16315651 -8.48735237 -2.6606307  -3.66457629]]
1
[[-8.44502926 -1.47919261 -2.90171766 -1.46495724 -4.43499613]]
3
FAIL
