[[-8.51825047 -3.52747965 -6.76995325 -3.77615738 -4.63496208]]
1
[[-7.75997162 -3.66447306 -4.47850657 -3.36029768 -3.15730691]]
4
[[-7.75997162 -3.66447306 -4.47850657 -3.36029768 -3.15730691]]
4
[[-7.75997162 -3.66447306 -4.47850657 -3.36029768 -3.15730691]]
4
[[-7.75997162 -3.66447306 -4.47850657 -3.36029768 -3.15730691]]
4
[[-7.75997162 -3.66447306 -4.47850657 -3.36029768 -3.15730691]]
4
[[-7.75997162 -3.66447306 -4.47850657 -3.36029768 -3.15730691]]
4
[[-7.75997162 -3.66447306 -4.47850657 -3.36029768 -3.15730691]]
4
[[-7.75997162 -3.66447306 -4.47850657 -3.36029768 -3.15730691]]
4
[[-7.75997162 -3.66447306 -4.47850657 -3.36029768 -3.15730691]]
4
[[-7.75997162 -3.66447306 -4.47850657 -3.36029768 -3.15730691]]
4
[[-7.75997162 -3.66447306 -4.47850657 -3.36029768 -3.15730691]]
4
[[-7.75997162 -3.66447306 -4.47850657 -3.36029768 -3.15730691]]
4
[[-7.75997162 -3.66447306 -4.47850657 -3.36029768 -3.15730691]]
4
[[-7.75997162 -3.66447306 -4.47850657 -3.36029768 -3.15730691]]
4
[[-7.75997162 -3.66447306 -4.47850657 -3.36029768 -3.15730691]]
4
[[-7.75997162 -3.66447306 -4.47850657 -3.36029768 -3.15730691]]
4
[[-7.75997162 -3.66447306 -4.47850657 -3.36029768 -3.15730691]]
4
[[-7.75997162 -3.66447306 -4.47850657 -3.36029768 -3.15730691]]
4
[[-7.75997162 -3.66447306 -4.47850657 -3.36029768 -3.15730691]]
4
[[-7.75997162 -3.66447306 -4.47850657 -3.36029768 -3.15730691]]
4
[[-7.75997162 -3.66447306 -4.47850657 -3.36029768 -3.15730691]]
4
[[-7.75997162 -3.66447306 -4.47850657 -3.36029768 -3.15730691]]
4
[[-7.75997162 -3.66447306 -4.47850657 -3.36029768 -3.15730691]]
4
[[-7.75997162 -3.66447306 -4.47850657 -3.36029768 -3.15730691]]
4
[[-7.75997162 -3.66447306 -4.47850657 -3.36029768 -3.15730691]]
4
[[-7.75997162 -3.66447306 -4.47850657 -3.36029768 -3.15730691]]
4
[[-7.75997162 -3.66447306 -4.47850657 -3.36029768 -3.15730691]]
4
[[-7.75997162 -3.66447306 -4.47850657 -3.36029768 -3.15730691]]
4
[[-7.75997162 -3.66447306 -4.47850657 -3.36029768 -3.15730691]]
4
[[-7.75997162 -3.66447306 -4.47850657 -3.36029768 -3.15730691]]
4
[[-7.75997162 -3.66447306 -4.47850657 -3.36029768 -3.15730691]]
4
[[-7.75997162 -3.66447306 -4.47850657 -3.36029768 -3.15730691]]
4
[[-7.75997162 -3.66447306 -4.47850657 -3.36029768 -3.15730691]]
4
[[-7.75997162 -3.66447306 -4.47850657 -3.36029768 -3.15730691]]
4
[[-7.75997162 -3.66447306 -4.47850657 -3.36029768 -3.15730691]]
4
[[-7.75997162 -3.66447306 -4.47850657 -3.36029768 -3.15730691]]
4
[[-7.75997162 -3.66447306 -4.47850657 -3.36029768 -3.15730691]]
4
[[-7.75997162 -3.66447306 -4.47850657 -3.36029768 -3.15730691]]
4
[[-7.75997162 -3.66447306 -4.47850657 -3.36029768 -3.15730691]]
4
[[-7.75997162 -3.66447306 -4.47850657 -3.36029768 -3.15730691]]
4
[[-7.75997162 -3.66447306 -4.47850657 -3.36029768 -3.15730691]]
4
[[-7.75997162 -3.66447306 -4.47850657 -3.36029768 -3.15730691]]
4
[[-7.75997162 -3.66447306 -4.47850657 -3.36029768 -3.15730691]]
4
[[-7.75997162 -3.66447306 -4.47850657 -3.36029768 -3.15730691]]
4
[[-7.75997162 -3.66447306 -4.47850657 -3.36029768 -3.15730691]]
4
[[-7.75997162 -3.66447306 -4.47850657 -3.36029768 -3.15730691]]
4
[[-7.75997162 -3.66447306 -4.47850657 -3.36029768 -3.15730691]]
4
[[-7.75997162 -3.66447306 -4.47850657 -3.36029768 -3.15730691]]
4
[[-7.75997162 -3.66447306 -4.47850657 -3.36029768 -3.15730691]]
4
[[-7.75997162 -3.66447306 -4.47850657 -3.36029768 -3.15730691]]
4
[[-7.75997162 -3.66447306 -4.47850657 -3.36029768 -3.15730691]]
4
[[-7.75997162 -3.66447306 -4.47850657 -3.36029768 -3.15730691]]
4
[[-7.75997162 -3.66447306 -4.47850657 -3.36029768 -3.15730691]]
4
[[-7.75997162 -3.66447306 -4.47850657 -3.36029768 -3.15730691]]
4
[[-7.75997162 -3.66447306 -4.47850657 -3.36029768 -3.15730691]]
4
[[-7.75997162 -3.66447306 -4.47850657 -3.36029768 -3.15730691]]
4
[[-7.75997162 -3.66447306 -4.47850657 -3.36029768 -3.15730691]]
4
[[-7.75997162 -3.66447306 -4.47850657 -3.36029768 -3.15730691]]
4
[[-7.75997162 -3.66447306 -4.47850657 -3.36029768 -3.15730691]]
4
[[-7.75997162 -3.66447306 -4.47850657 -3.36029768 -3.15730691]]
4
[[-7.75997162 -3.66447306 -4.47850657 -3.36029768 -3.15730691]]
4
[[-7.75997162 -3.66447306 -4.47850657 -3.36029768 -3.15730691]]
4
[[-7.75997162 -3.66447306 -4.47850657 -3.36029768 -3.15730691]]
4
[[-7.75997162 -3.66447306 -4.47850657 -3.36029768 -3.15730691]]
4
[[-7.75997162 -3.66447306 -4.47850657 -3.36029768 -3.15730691]]
4
[[-7.75997162 -3.66447306 -4.47850657 -3.36029768 -3.15730691]]
4
[[-7.75997162 -3.66447306 -4.47850657 -3.36029768 -3.15730691]]
4
[[-7.75997162 -3.66447306 -4.47850657 -3.36029768 -3.15730691]]
4
[[-7.75997162 -3.66447306 -4.47850657 -3.36029768 -3.15730691]]
4
[[-7.75997162 -3.66447306 -4.47850657 -3.36029768 -3.15730691]]
4
[[-7.75997162 -3.66447306 -4.47850657 -3.36029768 -3.15730691]]
4
[[-7.75997162 -3.66447306 -4.47850657 -3.36029768 -3.15730691]]
4
[[-7.75997162 -3.66447306 -4.47850657 -3.36029768 -3.15730691]]
4
[[-7.75997162 -3.66447306 -4.47850657 -3.36029768 -3.15730691]]
4
[[-7.75997162 -3.66447306 -4.47850657 -3.36029768 -3.15730691]]
4
[[-7.75997162 -3.66447306 -4.47850657 -3.36029768 -3.15730691]]
4
[[-7.75997162 -3.66447306 -4.47850657 -3.36029768 -3.15730691]]
4
[[-7.75997162 -3.66447306 -4.47850657 -3.36029768 -3.15730691]]
4
[[-7.75997162 -3.66447306 -4.47850657 -3.36029768 -3.15730691]]
4
[[-7.75997162 -3.66447306 -4.47850657 -3.36029768 -3.15730691]]
4
[[-7.75997162 -3.66447306 -4.47850657 -3.36029768 -3.15730691]]
4
[[-7.75997162 -3.66447306 -4.47850657 -3.36029768 -3.15730691]]
4
[[-7.75997162 -3.66447306 -4.47850657 -3.36029768 -3.15730691]]
4
[[-7.75997162 -3.66447306 -4.47850657 -3.36029768 -3.15730691]]
4
[[-7.75997162 -3.66447306 -4.47850657 -3.36029768 -3.15730691]]
4
[[-7.75997162 -3.66447306 -4.47850657 -3.36029768 -3.15730691]]
4
[[-7.75997162 -3.66447306 -4.47850657 -3.36029768 -3.15730691]]
4
[[-7.75997162 -3.66447306 -4.47850657 -3.36029768 -3.15730691]]
4
[[-7.75997162 -3.66447306 -4.47850657 -3.36029768 -3.15730691]]
4
[[-7.75997162 -3.66447306 -4.47850657 -3.36029768 -3.15730691]]
4
[[-7.75997162 -3.66447306 -4.47850657 -3.36029768 -3.15730691]]
4
[[-7.75997162 -3.66447306 -4.47850657 -3.36029768 -3.15730691]]
4
[[-7.75997162 -3.66447306 -4.47850657 -3.36029768 -3.15730691]]
4
[[-7.75997162 -3.66447306 -4.47850657 -3.36029768 -3.15730691]]
4
[[-7.75997162 -3.66447306 -4.47850657 -3.36029768 -3.15730691]]
4
[[-7.75997162 -3.66447306 -4.47850657 -3.36029768 -3.15730691]]
4
[[-7.75997162 -3.66447306 -4.47850657 -3.36029768 -3.15730691]]
4
[[-7.75997162 -3.66447306 -4.47850657 -3.36029768 -3.15730691]]
4
[[-7.75997162 -3.66447306 -4.47850657 -3.36029768 -3.15730691]]
4
[[-7.75997162 -3.66447306 -4.47850657 -3.36029768 -3.15730691]]
4
FAIL
