[[-8.11264515 -1.19186807 -6.49590969 -1.98621225 -2.68732524]]
1
[[-7.36151552 -1.34659219 -4.20793056 -1.52387381 -0.82814682]]
4
[[-7.36151552 -1.34659219 -4.20793056 -1.52387381 -0.82814682]]
4
[[-7.36151552 -1.34659219 -4.20793056 -1.52387381 -0.82814682]]
4
[[-7.36151552 -1.34659219 -4.20793056 -1.52387381 -0.82814682]]
4
[[-7.36151552 -1.34659219 -4.20793056 -1.52387381 -0.82814682]]
4
[[-7.36151552 -1.34659219 -4.20793056 -1.52387381 -0.82814682]]
4
[[-7.36151552 -1.34659219 -4.20793056 -1.52387381 -0.82814682]]
4
[[-7.36151552 -1.34659219 -4.20793056 -1.52387381 -0.82814682]]
4
[[-7.36151552 -1.34659219 -4.20793056 -1.52387381 -0.82814682]]
4
[[-7.36151552 -1.34659219 -4.20793056 -1.52387381 -0.82814682]]
4
[[-7.36151552 -1.34659219 -4.20793056 -1.52387381 -0.82814682]]
4
[[-7.36151552 -1.34659219 -4.20793056 -1.52387381 -0.82814682]]
4
[[-7.36151552 -1.34659219 -4.20793056 -1.52387381 -0.82814682]]
4
[[-7.36151552 -1.34659219 -4.20793056 -1.52387381 -0.82814682]]
4
[[-7.36151552 -1.34659219 -4.20793056 -1.52387381 -0.82814682]]
4
[[-7.36151552 -1.34659219 -4.20793056 -1.52387381 -0.82814682]]
4
[[-7.36151552 -1.34659219 -4.20793056 -1.52387381 -0.82814682]]
4
[[-7.36151552 -1.34659219 -4.20793056 -1.52387381 -0.82814682]]
4
[[-7.36151552 -1.34659219 -4.20793056 -1.52387381 -0.82814682]]
4
[[-7.36151552 -1.34659219 -4.20793056 -1.52387381 -0.82814682]]
4
[[-7.36151552 -1.34659219 -4.20793056 -1.52387381 -0.82814682]]
4
[[-7.36151552 -1.34659219 -4.20793056 -1.52387381 -0.82814682]]
4
[[-7.36151552 -1.34659219 -4.20793056 -1.52387381 -0.82814682]]
4
[[-7.36151552 -1.34659219 -4.20793056 -1.52387381 -0.82814682]]
4
[[-7.36151552 -1.34659219 -4.20793056 -1.52387381 -0.82814682]]
4
[[-7.36151552 -1.34659219 -4.20793056 -1.52387381 -0.82814682]]
4
[[-7.36151552 -1.34659219 -4.20793056 -1.52387381 -0.82814682]]
4
[[-7.36151552 -1.34659219 -4.20793056 -1.52387381 -0.82814682]]
4
[[-7.36151552 -1.34659219 -4.20793056 -1.52387381 -0.82814682]]
4
[[-7.36151552 -1.34659219 -4.20793056 -1.52387381 -0.82814682]]
4
[[-7.36151552 -1.34659219 -4.20793056 -1.52387381 -0.82814682]]
4
[[-7.36151552 -1.34659219 -4.20793056 -1.52387381 -0.82814682]]
4
[[-7.36151552 -1.34659219 -4.20793056 -1.52387381 -0.82814682]]
4
[[-7.36151552 -1.34659219 -4.20793056 -1.52387381 -0.82814682]]
4
[[-7.36151552 -1.34659219 -4.20793056 -1.52387381 -0.82814682]]
4
[[-7.36151552 -1.34659219 -4.20793056 -1.52387381 -0.82814682]]
4
[[-7.36151552 -1.34659219 -4.20793056 -1.52387381 -0.82814682]]
4
[[-7.36151552 -1.34659219 -4.20793056 -1.52387381 -0.82814682]]
4
[[-7.36151552 -1.34659219 -4.20793056 -1.52387381 -0.82814682]]
4
[[-7.36151552 -1.34659219 -4.20793056 -1.52387381 -0.82814682]]
4
[[-7.36151552 -1.34659219 -4.20793056 -1.52387381 -0.82814682]]
4
[[-7.36151552 -1.34659219 -4.20793056 -1.52387381 -0.82814682]]
4
[[-7.36151552 -1.34659219 -4.20793056 -1.52387381 -0.82814682]]
4
[[-7.36151552 -1.34659219 -4.20793056 -1.52387381 -0.82814682]]
4
[[-7.36151552 -1.34659219 -4.20793056 -1.52387381 -0.82814682]]
4
[[-7.36151552 -1.34659219 -4.20793056 -1.52387381 -0.82814682]]
4
[[-7.36151552 -1.34659219 -4.20793056 -1.52387381 -0.82814682]]
4
[[-7.36151552 -1.34659219 -4.20793056 -1.52387381 -0.82814682]]
4
[[-7.36151552 -1.34659219 -4.20793056 -1.52387381 -0.82814682]]
4
[[-7.36151552 -1.34659219 -4.20793056 -1.52387381 -0.82814682]]
4
[[-7.36151552 -1.34659219 -4.20793056 -1.52387381 -0.82814682]]
4
[[-7.36151552 -1.34659219 -4.20793056 -1.52387381 -0.82814682]]
4
[[-7.36151552 -1.34659219 -4.20793056 -1.52387381 -0.82814682]]
4
[[-7.36151552 -1.34659219 -4.20793056 -1.52387381 -0.82814682]]
4
[[-7.36151552 -1.34659219 -4.20793056 -1.52387381 -0.82814682]]
4
[[-7.36151552 -1.34659219 -4.20793056 -1.52387381 -0.82814682]]
4
[[-7.36151552 -1.34659219 -4.20793056 -1.52387381 -0.82814682]]
4
[[-7.36151552 -1.34659219 -4.20793056 -1.52387381 -0.82814682]]
4
[[-7.36151552 -1.34659219 -4.20793056 -1.52387381 -0.82814682]]
4
[[-7.36151552 -1.34659219 -4.20793056 -1.52387381 -0.82814682]]
4
[[-7.36151552 -1.34659219 -4.20793056 -1.52387381 -0.82814682]]
4
[[-7.36151552 -1.34659219 -4.20793056 -1.52387381 -0.82814682]]
4
[[-7.36151552 -1.34659219 -4.20793056 -1.52387381 -0.82814682]]
4
[[-7.36151552 -1.34659219 -4.20793056 -1.52387381 -0.82814682]]
4
[[-7.36151552 -1.34659219 -4.20793056 -1.52387381 -0.82814682]]
4
[[-7.36151552 -1.34659219 -4.20793056 -1.52387381 -0.82814682]]
4
[[-7.36151552 -1.34659219 -4.20793056 -1.52387381 -0.82814682]]
4
[[-7.36151552 -1.34659219 -4.20793056 -1.52387381 -0.82814682]]
4
[[-7.36151552 -1.34659219 -4.20793056 -1.52387381 -0.82814682]]
4
[[-7.36151552 -1.34659219 -4.20793056 -1.52387381 -0.82814682]]
4
[[-7.36151552 -1.34659219 -4.20793056 -1.52387381 -0.82814682]]
4
[[-7.36151552 -1.34659219 -4.20793056 -1.52387381 -0.82814682]]
4
[[-7.36151552 -1.34659219 -4.20793056 -1.52387381 -0.82814682]]
4
[[-7.36151552 -1.34659219 -4.20793056 -1.52387381 -0.82814682]]
4
[[-7.36151552 -1.34659219 -4.20793056 -1.52387381 -0.82814682]]
4
[[-7.36151552 -1.34659219 -4.20793056 -1.52387381 -0.82814682]]
4
[[-7.36151552 -1.34659219 -4.20793056 -1.52387381 -0.82814682]]
4
[[-7.36151552 -1.34659219 -4.20793056 -1.52387381 -0.82814682]]
4
[[-7.36151552 -1.34659219 -4.20793056 -1.52387381 -0.82814682]]
4
[[-7.36151552 -1.34659219 -4.20793056 -1.52387381 -0.82814682]]
4
[[-7.36151552 -1.34659219 -4.20793056 -1.52387381 -0.82814682]]
4
[[-7.36151552 -1.34659219 -4.20793056 -1.52387381 -0.82814682]]
4
[[-7.36151552 -1.34659219 -4.20793056 -1.52387381 -0.82814682]]
4
[[-7.36151552 -1.34659219 -4.20793056 -1.52387381 -0.82814682]]
4
[[-7.36151552 -1.34659219 -4.20793056 -1.52387381 -0.82814682]]
4
[[-7.36151552 -1.34659219 -4.20793056 -1.52387381 -0.82814682]]
4
[[-7.36151552 -1.34659219 -4.20793056 -1.52387381 -0.82814682]]
4
[[-7.36151552 -1.34659219 -4.20793056 -1.52387381 -0.82814682]]
4
[[-7.36151552 -1.34659219 -4.20793056 -1.52387381 -0.82814682]]
4
[[-7.36151552 -1.34659219 -4.20793056 -1.52387381 -0.82814682]]
4
[[-7.36151552 -1.34659219 -4.20793056 -1.52387381 -0.82814682]]
4
[[-7.36151552 -1.34659219 -4.20793056 -1.52387381 -0.82814682]]
4
[[-7.36151552 -1.34659219 -4.20793056 -1.52387381 -0.82814682]]
4
[[-7.36151552 -1.34659219 -4.20793056 -1.52387381 -0.82814682]]
4
[[-7.36151552 -1.34659219 -4.20793056 -1.52387381 -0.82814682]]
4
[[-7.36151552 -1.34659219 -4.20793056 -1.52387381 -0.82814682]]
4
[[-7.36151552 -1.34659219 -4.20793056 -1.52387381 -0.82814682]]
4
[[-7.36151552 -1.34659219 -4.20793056 -1.52387381 -0.82814682]]
4
[[-7.36151552 -1.34659219 -4.20793056 -1.52387381 -0.82814682]]
4
[[-7.36151552 -1.34659219 -4.20793056 -1.52387381 -0.82814682]]
4
FAIL
