[[-8.49914837 -2.10580587 -6.50904179 -3.37852073 -2.24261475]]
1
[[-7.74045372 -2.23732901 -4.21898746 -2.92386508 -0.75319672]]
4
[[-7.74045372 -2.23732901 -4.21898746 -2.92386508 -0.75319672]]
4
[[-7.74045372 -2.23732901 -4.21898746 -2.92386508 -0.75319672]]
4
[[-7.74045372 -2.23732901 -4.21898746 -2.92386508 -0.75319672]]
4
[[-7.74045372 -2.23732901 -4.21898746 -2.92386508 -0.75319672]]
4
[[-7.74045372 -2.23732901 -4.21898746 -2.92386508 -0.75319672]]
4
[[-7.74045372 -2.23732901 -4.21898746 -2.92386508 -0.75319672]]
4
[[-7.74045372 -2.23732901 -4.21898746 -2.92386508 -0.75319672]]
4
[[-7.74045372 -2.23732901 -4.21898746 -2.92386508 -0.75319672]]
4
[[-7.74045372 -2.23732901 -4.21898746 -2.92386508 -0.75319672]]
4
[[-7.74045372 -2.23732901 -4.21898746 -2.92386508 -0.75319672]]
4
[[-7.74045372 -2.23732901 -4.21898746 -2.92386508 -0.75319672]]
4
[[-7.74045372 -2.23732901 -4.21898746 -2.92386508 -0.75319672]]
4
[[-7.74045372 -2.23732901 -4.21898746 -2.92386508 -0.75319672]]
4
[[-7.74045372 -2.23732901 -4.21898746 -2.92386508 -0.75319672]]
4
[[-7.74045372 -2.23732901 -4.21898746 -2.92386508 -0.75319672]]
4
[[-7.74045372 -2.23732901 -4.21898746 -2.92386508 -0.75319672]]
4
[[-7.74045372 -2.23732901 -4.21898746 -2.92386508 -0.75319672]]
4
[[-7.74045372 -2.23732901 -4.21898746 -2.92386508 -0.75319672]]
4
[[-7.74045372 -2.23732901 -4.21898746 -2.92386508 -0.75319672]]
4
[[-7.74045372 -2.23732901 -4.21898746 -2.92386508 -0.75319672]]
4
[[-7.74045372 -2.23732901 -4.21898746 -2.92386508 -0.75319672]]
4
[[-7.74045372 -2.23732901 -4.21898746 -2.92386508 -0.75319672]]
4
[[-7.74045372 -2.23732901 -4.21898746 -2.92386508 -0.75319672]]
4
[[-7.74045372 -2.23732901 -4.21898746 -2.92386508 -0.75319672]]
4
[[-7.74045372 -2.23732901 -4.21898746 -2.92386508 -0.75319672]]
4
[[-7.74045372 -2.23732901 -4.21898746 -2.92386508 -0.75319672]]
4
[[-7.74045372 -2.23732901 -4.21898746 -2.92386508 -0.75319672]]
4
[[-7.74045372 -2.23732901 -4.21898746 -2.92386508 -0.75319672]]
4
[[-7.74045372 -2.23732901 -4.21898746 -2.92386508 -0.75319672]]
4
[[-7.74045372 -2.23732901 -4.21898746 -2.92386508 -0.75319672]]
4
[[-7.74045372 -2.23732901 -4.21898746 -2.92386508 -0.75319672]]
4
[[-7.74045372 -2.23732901 -4.21898746 -2.92386508 -0.75319672]]
4
[[-7.74045372 -2.23732901 -4.21898746 -2.92386508 -0.75319672]]
4
[[-7.74045372 -2.23732901 -4.21898746 -2.92386508 -0.75319672]]
4
[[-7.74045372 -2.23732901 -4.21898746 -2.92386508 -0.75319672]]
4
[[-7.74045372 -2.23732901 -4.21898746 -2.92386508 -0.75319672]]
4
[[-7.74045372 -2.23732901 -4.21898746 -2.92386508 -0.75319672]]
4
[[-7.74045372 -2.23732901 -4.21898746 -2.92386508 -0.75319672]]
4
[[-7.74045372 -2.23732901 -4.21898746 -2.92386508 -0.75319672]]
4
[[-7.74045372 -2.23732901 -4.21898746 -2.92386508 -0.75319672]]
4
[[-7.74045372 -2.23732901 -4.21898746 -2.92386508 -0.75319672]]
4
[[-7.74045372 -2.23732901 -4.21898746 -2.92386508 -0.75319672]]
4
[[-7.74045372 -2.23732901 -4.21898746 -2.92386508 -0.75319672]]
4
[[-7.74045372 -2.23732901 -4.21898746 -2.92386508 -0.75319672]]
4
[[-7.74045372 -2.23732901 -4.21898746 -2.92386508 -0.75319672]]
4
[[-7.74045372 -2.23732901 -4.21898746 -2.92386508 -0.75319672]]
4
[[-7.74045372 -2.23732901 -4.21898746 -2.92386508 -0.75319672]]
4
[[-7.74045372 -2.23732901 -4.21898746 -2.92386508 -0.75319672]]
4
[[-7.74045372 -2.23732901 -4.21898746 -2.92386508 -0.75319672]]
4
[[-7.74045372 -2.23732901 -4.21898746 -2.92386508 -0.75319672]]
4
[[-7.74045372 -2.23732901 -4.21898746 -2.92386508 -0.75319672]]
4
[[-7.74045372 -2.23732901 -4.21898746 -2.92386508 -0.75319672]]
4
[[-7.74045372 -2.23732901 -4.21898746 -2.92386508 -0.75319672]]
4
[[-7.74045372 -2.23732901 -4.21898746 -2.92386508 -0.75319672]]
4
[[-7.74045372 -2.23732901 -4.21898746 -2.92386508 -0.75319672]]
4
[[-7.74045372 -2.23732901 -4.21898746 -2.92386508 -0.75319672]]
4
[[-7.74045372 -2.23732901 -4.21898746 -2.92386508 -0.75319672]]
4
[[-7.74045372 -2.23732901 -4.21898746 -2.92386508 -0.75319672]]
4
[[-7.74045372 -2.23732901 -4.21898746 -2.92386508 -0.75319672]]
4
[[-7.74045372 -2.23732901 -4.21898746 -2.92386508 -0.75319672]]
4
[[-7.74045372 -2.23732901 -4.21898746 -2.92386508 -0.75319672]]
4
[[-7.74045372 -2.23732901 -4.21898746 -2.92386508 -0.75319672]]
4
[[-7.74045372 -2.23732901 -4.21898746 -2.92386508 -0.75319672]]
4
[[-7.74045372 -2.23732901 -4.21898746 -2.92386508 -0.75319672]]
4
[[-7.74045372 -2.23732901 -4.21898746 -2.92386508 -0.75319672]]
4
[[-7.74045372 -2.23732901 -4.21898746 -2.92386508 -0.75319672]]
4
[[-7.74045372 -2.23732901 -4.21898746 -2.92386508 -0.75319672]]
4
[[-7.74045372 -2.23732901 -4.21898746 -2.92386508 -0.75319672]]
4
[[-7.74045372 -2.23732901 -4.21898746 -2.92386508 -0.75319672]]
4
[[-7.74045372 -2.23732901 -4.21898746 -2.92386508 -0.75319672]]
4
[[-7.74045372 -2.23732901 -4.21898746 -2.92386508 -0.75319672]]
4
[[-7.74045372 -2.23732901 -4.21898746 -2.92386508 -0.75319672]]
4
[[-7.74045372 -2.23732901 -4.21898746 -2.92386508 -0.75319672]]
4
[[-7.74045372 -2.23732901 -4.21898746 -2.92386508 -0.75319672]]
4
[[-7.74045372 -2.23732901 -4.21898746 -2.92386508 -0.75319672]]
4
[[-7.74045372 -2.23732901 -4.21898746 -2.92386508 -0.75319672]]
4
[[-7.74045372 -2.23732901 -4.21898746 -2.92386508 -0.75319672]]
4
[[-7.74045372 -2.23732901 -4.21898746 -2.92386508 -0.75319672]]
4
[[-7.74045372 -2.23732901 -4.21898746 -2.92386508 -0.75319672]]
4
[[-7.74045372 -2.23732901 -4.21898746 -2.92386508 -0.75319672]]
4
[[-7.74045372 -2.23732901 -4.21898746 -2.92386508 -0.75319672]]
4
[[-7.74045372 -2.23732901 -4.21898746 -2.92386508 -0.75319672]]
4
[[-7.74045372 -2.23732901 -4.21898746 -2.92386508 -0.75319672]]
4
[[-7.74045372 -2.23732901 -4.21898746 -2.92386508 -0.75319672]]
4
[[-7.74045372 -2.23732901 -4.21898746 -2.92386508 -0.75319672]]
4
[[-7.74045372 -2.23732901 -4.21898746 -2.92386508 -0.75319672]]
4
[[-7.74045372 -2.23732901 -4.21898746 -2.92386508 -0.75319672]]
4
[[-7.74045372 -2.23732901 -4.21898746 -2.92386508 -0.75319672]]
4
[[-7.74045372 -2.23732901 -4.21898746 -2.92386508 -0.75319672]]
4
[[-7.74045372 -2.23732901 -4.21898746 -2.92386508 -0.75319672]]
4
[[-7.74045372 -2.23732901 -4.21898746 -2.92386508 -0.75319672]]
4
[[-7.74045372 -2.23732901 -4.21898746 -2.92386508 -0.75319672]]
4
[[-7.74045372 -2.23732901 -4.21898746 -2.92386508 -0.75319672]]
4
[[-7.74045372 -2.23732901 -4.21898746 -2.92386508 -0.75319672]]
4
[[-7.74045372 -2.23732901 -4.21898746 -2.92386508 -0.75319672]]
4
[[-7.74045372 -2.23732901 -4.21898746 -2.92386508 -0.75319672]]
4
[[-7.74045372 -2.23732901 -4.21898746 -2.92386508 -0.75319672]]
4
[[-7.74045372 -2.23732901 -4.21898746 -2.92386508 -0.75319672]]
4
[[-7.74045372 -2.23732901 -4.21898746 -2.92386508 -0.75319672]]
4
FAIL
