[[-7.38301897 -2.39989185 -4.31368351 -1.40115356 -1.46203983]]
3
[[-7.38301897 -2.39989185 -4.31368351 -1.40115356 -1.46203983]]
3
[[-8.50875092 -1.56962681 -3.15308785 -0.73503882 -1.69322765]]
3
[[-6.70022726 -2.13774967 -8.70445156 -2.350348    0.35712633]]
4
[[-6.70022726 -2.13774967 -8.70445156 -2.350348    0.35712633]]
4
[[-6.70022726 -2.13774967 -8.70445156 -2.350348    0.35712633]]
4
[[-6.70022726 -2.13774967 -8.70445156 -2.350348    0.35712633]]
4
[[-6.70022726 -2.13774967 -8.70445156 -2.350348    0.35712633]]
4
[[-6.70022726 -2.13774967 -8.70445156 -2.350348    0.35712633]]
4
[[-6.70022726 -2.13774967 -8.70445156 -2.350348    0.35712633]]
4
[[-6.70022726 -2.13774967 -8.70445156 -2.350348    0.35712633]]
4
[[-6.70022726 -2.13774967 -8.70445156 -2.350348    0.35712633]]
4
[[-6.70022726 -2.13774967 -8.70445156 -2.350348    0.35712633]]
4
[[-6.70022726 -2.13774967 -8.70445156 -2.350348    0.35712633]]
4
[[-6.70022726 -2.13774967 -8.70445156 -2.350348    0.35712633]]
4
[[-6.70022726 -2.13774967 -8.70445156 -2.350348    0.35712633]]
4
[[-6.70022726 -2.13774967 -8.70445156 -2.350348    0.35712633]]
4
[[-6.70022726 -2.13774967 -8.70445156 -2.350348    0.35712633]]
4
[[-6.70022726 -2.13774967 -8.70445156 -2.350348    0.35712633]]
4
[[-6.70022726 -2.13774967 -8.70445156 -2.350348    0.35712633]]
4
[[-6.70022726 -2.13774967 -8.70445156 -2.350348    0.35712633]]
4
[[-6.70022726 -2.13774967 -8.70445156 -2.350348    0.35712633]]
4
[[-6.70022726 -2.13774967 -8.70445156 -2.350348    0.35712633]]
4
[[-6.70022726 -2.13774967 -8.70445156 -2.350348    0.35712633]]
4
[[-6.70022726 -2.13774967 -8.70445156 -2.350348    0.35712633]]
4
[[-6.70022726 -2.13774967 -8.70445156 -2.350348    0.35712633]]
4
[[-6.70022726 -2.13774967 -8.70445156 -2.350348    0.35712633]]
4
[[-6.70022726 -2.13774967 -8.70445156 -2.350348    0.35712633]]
4
[[-6.70022726 -2.13774967 -8.70445156 -2.350348    0.35712633]]
4
[[-6.70022726 -2.13774967 -8.70445156 -2.350348    0.35712633]]
4
[[-6.70022726 -2.13774967 -8.70445156 -2.350348    0.35712633]]
4
[[-6.70022726 -2.13774967 -8.70445156 -2.350348    0.35712633]]
4
[[-6.70022726 -2.13774967 -8.70445156 -2.350348    0.35712633]]
4
[[-6.70022726 -2.13774967 -8.70445156 -2.350348    0.35712633]]
4
[[-6.70022726 -2.13774967 -8.70445156 -2.350348    0.35712633]]
4
[[-6.70022726 -2.13774967 -8.70445156 -2.350348    0.35712633]]
4
[[-6.70022726 -2.13774967 -8.70445156 -2.350348    0.35712633]]
4
[[-6.70022726 -2.13774967 -8.70445156 -2.350348    0.35712633]]
4
[[-6.70022726 -2.13774967 -8.70445156 -2.350348    0.35712633]]
4
[[-6.70022726 -2.13774967 -8.70445156 -2.350348    0.35712633]]
4
[[-6.70022726 -2.13774967 -8.70445156 -2.350348    0.35712633]]
4
[[-6.70022726 -2.13774967 -8.70445156 -2.350348    0.35712633]]
4
[[-6.70022726 -2.13774967 -8.70445156 -2.350348    0.35712633]]
4
[[-6.70022726 -2.13774967 -8.70445156 -2.350348    0.35712633]]
4
[[-6.70022726 -2.13774967 -8.70445156 -2.350348    0.35712633]]
4
[[-6.70022726 -2.13774967 -8.70445156 -2.350348    0.35712633]]
4
[[-6.70022726 -2.13774967 -8.70445156 -2.350348    0.35712633]]
4
[[-6.70022726 -2.13774967 -8.70445156 -2.350348    0.35712633]]
4
[[-6.70022726 -2.13774967 -8.70445156 -2.350348    0.35712633]]
4
[[-6.70022726 -2.13774967 -8.70445156 -2.350348    0.35712633]]
4
[[-6.70022726 -2.13774967 -8.70445156 -2.350348    0.35712633]]
4
[[-6.70022726 -2.13774967 -8.70445156 -2.350348    0.35712633]]
4
[[-6.70022726 -2.13774967 -8.70445156 -2.350348    0.35712633]]
4
[[-6.70022726 -2.13774967 -8.70445156 -2.350348    0.35712633]]
4
[[-6.70022726 -2.13774967 -8.70445156 -2.350348    0.35712633]]
4
[[-6.70022726 -2.13774967 -8.70445156 -2.350348    0.35712633]]
4
[[-6.70022726 -2.13774967 -8.70445156 -2.350348    0.35712633]]
4
[[-6.70022726 -2.13774967 -8.70445156 -2.350348    0.35712633]]
4
[[-6.70022726 -2.13774967 -8.70445156 -2.350348    0.35712633]]
4
[[-6.70022726 -2.13774967 -8.70445156 -2.350348    0.35712633]]
4
[[-6.70022726 -2.13774967 -8.70445156 -2.350348    0.35712633]]
4
[[-6.70022726 -2.13774967 -8.70445156 -2.350348    0.35712633]]
4
[[-6.70022726 -2.13774967 -8.70445156 -2.350348    0.35712633]]
4
[[-6.70022726 -2.13774967 -8.70445156 -2.350348    0.35712633]]
4
[[-6.70022726 -2.13774967 -8.70445156 -2.350348    0.35712633]]
4
[[-6.70022726 -2.13774967 -8.70445156 -2.350348    0.35712633]]
4
[[-6.70022726 -2.13774967 -8.70445156 -2.350348    0.35712633]]
4
[[-6.70022726 -2.13774967 -8.70445156 -2.350348    0.35712633]]
4
[[-6.70022726 -2.13774967 -8.70445156 -2.350348    0.35712633]]
4
[[-6.70022726 -2.13774967 -8.70445156 -2.350348    0.35712633]]
4
[[-6.70022726 -2.13774967 -8.70445156 -2.350348    0.35712633]]
4
[[-6.70022726 -2.13774967 -8.70445156 -2.350348    0.35712633]]
4
[[-6.70022726 -2.13774967 -8.70445156 -2.350348    0.35712633]]
4
[[-6.70022726 -2.13774967 -8.70445156 -2.350348    0.35712633]]
4
[[-6.70022726 -2.13774967 -8.70445156 -2.350348    0.35712633]]
4
[[-6.70022726 -2.13774967 -8.70445156 -2.350348    0.35712633]]
4
[[-6.70022726 -2.13774967 -8.70445156 -2.350348    0.35712633]]
4
[[-6.70022726 -2.13774967 -8.70445156 -2.350348    0.35712633]]
4
[[-6.70022726 -2.13774967 -8.70445156 -2.350348    0.35712633]]
4
[[-6.70022726 -2.13774967 -8.70445156 -2.350348    0.35712633]]
4
[[-6.70022726 -2.13774967 -8.70445156 -2.350348    0.35712633]]
4
[[-6.70022726 -2.13774967 -8.70445156 -2.350348    0.35712633]]
4
[[-6.70022726 -2.13774967 -8.70445156 -2.350348    0.35712633]]
4
[[-6.70022726 -2.13774967 -8.70445156 -2.350348    0.35712633]]
4
[[-6.70022726 -2.13774967 -8.70445156 -2.350348    0.35712633]]
4
[[-6.70022726 -2.13774967 -8.70445156 -2.350348    0.35712633]]
4
[[-6.70022726 -2.13774967 -8.70445156 -2.350348    0.35712633]]
4
[[-6.70022726 -2.13774967 -8.70445156 -2.350348    0.35712633]]
4
[[-6.70022726 -2.13774967 -8.70445156 -2.350348    0.35712633]]
4
[[-6.70022726 -2.13774967 -8.70445156 -2.350348    0.35712633]]
4
[[-6.70022726 -2.13774967 -8.70445156 -2.350348    0.35712633]]
4
[[-6.70022726 -2.13774967 -8.70445156 -2.350348    0.35712633]]
4
[[-6.70022726 -2.13774967 -8.70445156 -2.350348    0.35712633]]
4
[[-6.70022726 -2.13774967 -8.70445156 -2.350348    0.35712633]]
4
[[-6.70022726 -2.13774967 -8.70445156 -2.350348    0.35712633]]
4
[[-6.70022726 -2.13774967 -8.70445156 -2.350348    0.35712633]]
4
[[-6.70022726 -2.13774967 -8.70445156 -2.350348    0.35712633]]
4
[[-6.70022726 -2.13774967 -8.70445156 -2.350348    0.35712633]]
4
[[-6.70022726 -2.13774967 -8.70445156 -2.350348    0.35712633]]
4
[[-6.70022726 -2.13774967 -8.70445156 -2.350348    0.35712633]]
4
[[-6.70022726 -2.13774967 -8.70445156 -2.350348    0.35712633]]
4
FAIL
