[[-317.04119873  -24.409729   -145.09658813 -138.85346985]]
1
[[-299.08758545  -24.70339203 -158.73468018  -17.97904205]]
3
[[-317.04119873  -24.409729   -145.09658813 -138.85346985]]
1
[[-299.08758545  -24.70339203 -158.73468018  -17.97904205]]
3
[[-317.04119873  -24.409729   -145.09658813 -138.85346985]]
1
[[-299.08758545  -24.70339203 -158.73468018  -17.97904205]]
3
[[-317.04119873  -24.409729   -145.09658813 -138.85346985]]
1
[[-299.08758545  -24.70339203 -158.73468018  -17.97904205]]
3
[[-317.04119873  -24.409729   -145.09658813 -138.85346985]]
1
[[-299.08758545  -24.70339203 -158.73468018  -17.97904205]]
3
[[-317.04119873  -24.409729   -145.09658813 -138.85346985]]
1
[[-299.08758545  -24.70339203 -158.73468018  -17.97904205]]
3
[[-317.04119873  -24.409729   -145.09658813 -138.85346985]]
1
[[-299.08758545  -24.70339203 -158.73468018  -17.97904205]]
3
[[-317.04119873  -24.409729   -145.09658813 -138.85346985]]
1
[[-299.08758545  -24.70339203 -158.73468018  -17.97904205]]
3
[[-317.04119873  -24.409729   -145.09658813 -138.85346985]]
1
[[-299.08758545  -24.70339203 -158.73468018  -17.97904205]]
3
[[-317.04119873  -24.409729   -145.09658813 -138.85346985]]
1
[[-299.08758545  -24.70339203 -158.73468018  -17.97904205]]
3
[[-317.04119873  -24.409729   -145.09658813 -138.85346985]]
1
[[-299.08758545  -24.70339203 -158.73468018  -17.97904205]]
3
[[-317.04119873  -24.409729   -145.09658813 -138.85346985]]
1
[[-299.08758545  -24.70339203 -158.73468018  -17.97904205]]
3
[[-317.04119873  -24.409729   -145.09658813 -138.85346985]]
1
[[-299.08758545  -24.70339203 -158.73468018  -17.97904205]]
3
[[-317.04119873  -24.409729   -145.09658813 -138.85346985]]
1
[[-299.08758545  -24.70339203 -158.73468018  -17.97904205]]
3
[[-317.04119873  -24.409729   -145.09658813 -138.85346985]]
1
[[-299.08758545  -24.70339203 -158.73468018  -17.97904205]]
3
[[-317.04119873  -24.409729   -145.09658813 -138.85346985]]
1
[[-299.08758545  -24.70339203 -158.73468018  -17.97904205]]
3
[[-317.04119873  -24.409729   -145.09658813 -138.85346985]]
1
[[-299.08758545  -24.70339203 -158.73468018  -17.97904205]]
3
[[-317.04119873  -24.409729   -145.09658813 -138.85346985]]
1
[[-299.08758545  -24.70339203 -158.73468018  -17.97904205]]
3
[[-317.04119873  -24.409729   -145.09658813 -138.85346985]]
1
[[-299.08758545  -24.70339203 -158.73468018  -17.97904205]]
3
[[-317.04119873  -24.409729   -145.09658813 -138.85346985]]
1
[[-299.08758545  -24.70339203 -158.73468018  -17.97904205]]
3
[[-317.04119873  -24.409729   -145.09658813 -138.85346985]]
1
[[-299.08758545  -24.70339203 -158.73468018  -17.97904205]]
3
[[-317.04119873  -24.409729   -145.09658813 -138.85346985]]
1
[[-299.08758545  -24.70339203 -158.73468018  -17.97904205]]
3
[[-317.04119873  -24.409729   -145.09658813 -138.85346985]]
1
[[-299.08758545  -24.70339203 -158.73468018  -17.97904205]]
3
[[-317.04119873  -24.409729   -145.09658813 -138.85346985]]
1
[[-299.08758545  -24.70339203 -158.73468018  -17.97904205]]
3
[[-317.04119873  -24.409729   -145.09658813 -138.85346985]]
1
[[-299.08758545  -24.70339203 -158.73468018  -17.97904205]]
3
[[-317.04119873  -24.409729   -145.09658813 -138.85346985]]
1
[[-299.08758545  -24.70339203 -158.73468018  -17.97904205]]
3
[[-317.04119873  -24.409729   -145.09658813 -138.85346985]]
1
[[-299.08758545  -24.70339203 -158.73468018  -17.97904205]]
3
[[-317.04119873  -24.409729   -145.09658813 -138.85346985]]
1
[[-299.08758545  -24.70339203 -158.73468018  -17.97904205]]
3
[[-317.04119873  -24.409729   -145.09658813 -138.85346985]]
1
[[-299.08758545  -24.70339203 -158.73468018  -17.97904205]]
3
[[-317.04119873  -24.409729   -145.09658813 -138.85346985]]
1
[[-299.08758545  -24.70339203 -158.73468018  -17.97904205]]
3
[[-317.04119873  -24.409729   -145.09658813 -138.85346985]]
1
[[-299.08758545  -24.70339203 -158.73468018  -17.97904205]]
3
[[-317.04119873  -24.409729   -145.09658813 -138.85346985]]
1
[[-299.08758545  -24.70339203 -158.73468018  -17.97904205]]
3
[[-317.04119873  -24.409729   -145.09658813 -138.85346985]]
1
[[-299.08758545  -24.70339203 -158.73468018  -17.97904205]]
3
[[-317.04119873  -24.409729   -145.09658813 -138.85346985]]
1
[[-299.08758545  -24.70339203 -158.73468018  -17.97904205]]
3
[[-317.04119873  -24.409729   -145.09658813 -138.85346985]]
1
[[-299.08758545  -24.70339203 -158.73468018  -17.97904205]]
3
[[-317.04119873  -24.409729   -145.09658813 -138.85346985]]
1
[[-299.08758545  -24.70339203 -158.73468018  -17.97904205]]
3
[[-317.04119873  -24.409729   -145.09658813 -138.85346985]]
1
[[-299.08758545  -24.70339203 -158.73468018  -17.97904205]]
3
[[-317.04119873  -24.409729   -145.09658813 -138.85346985]]
1
[[-299.08758545  -24.70339203 -158.73468018  -17.97904205]]
3
[[-317.04119873  -24.409729   -145.09658813 -138.85346985]]
1
[[-299.08758545  -24.70339203 -158.73468018  -17.97904205]]
3
[[-317.04119873  -24.409729   -145.09658813 -138.85346985]]
1
[[-299.08758545  -24.70339203 -158.73468018  -17.97904205]]
3
[[-317.04119873  -24.409729   -145.09658813 -138.85346985]]
1
[[-299.08758545  -24.70339203 -158.73468018  -17.97904205]]
3
[[-317.04119873  -24.409729   -145.09658813 -138.85346985]]
1
[[-299.08758545  -24.70339203 -158.73468018  -17.97904205]]
3
[[-317.04119873  -24.409729   -145.09658813 -138.85346985]]
1
[[-299.08758545  -24.70339203 -158.73468018  -17.97904205]]
3
[[-317.04119873  -24.409729   -145.09658813 -138.85346985]]
1
[[-299.08758545  -24.70339203 -158.73468018  -17.97904205]]
3
[[-317.04119873  -24.409729   -145.09658813 -138.85346985]]
1
[[-299.08758545  -24.70339203 -158.73468018  -17.97904205]]
3
[[-317.04119873  -24.409729   -145.09658813 -138.85346985]]
1
[[-299.08758545  -24.70339203 -158.73468018  -17.97904205]]
3
[[-317.04119873  -24.409729   -145.09658813 -138.85346985]]
1
[[-299.08758545  -24.70339203 -158.73468018  -17.97904205]]
3
[[-317.04119873  -24.409729   -145.09658813 -138.85346985]]
1
[[-299.08758545  -24.70339203 -158.73468018  -17.97904205]]
3
[[-317.04119873  -24.409729   -145.09658813 -138.85346985]]
1
[[-299.08758545  -24.70339203 -158.73468018  -17.97904205]]
3
[[-317.04119873  -24.409729   -145.09658813 -138.85346985]]
1
[[-299.08758545  -24.70339203 -158.73468018  -17.97904205]]
3
[[-317.04119873  -24.409729   -145.09658813 -138.85346985]]
1
FAIL
1/8
