[[-179.67002869  -82.32333374 -303.03851318 -297.47155762]]
1
[[-116.27500916  -58.54743576 -156.02368164  -59.08843613]]
1
[[   6.70115662 -148.32946777  -72.89578247  -49.68971252]]
0
[[-107.42446136    2.40306091  -64.13508606 -239.18812561]]
1
[[  10.51724243  -31.13589859 -249.03427124  -68.70497894]]
0
[[  11.97720337  -96.03863525 -116.09384155 -153.12918091]]
0
[[-254.35972595  -12.62619019  -85.79523468 -273.95040894]]
1
[[  -1.26858521 -205.41931152 -193.23838806  -33.00881958]]
0
[[  12.91493225 -135.39431763  -33.93516922  -97.00817871]]
0
[[   9.63973999 -172.35092163  -50.87253571 -137.78311157]]
0
[[-126.45182037 -278.11859131 -102.1146698     5.91606903]]
3
[[  -7.85368347 -220.56007385 -304.31906128 -298.87628174]]
0
[[-245.18254089 -199.5365448  -118.08969116  -29.22283936]]
3
[[ -43.64403534  -43.34288788 -258.10690308 -129.58285522]]
1
[[-245.18254089 -199.5365448  -118.08969116  -29.22283936]]
3
[[ -43.64403534  -43.34288788 -258.10690308 -129.58285522]]
1
[[-245.18254089 -199.5365448  -118.08969116  -29.22283936]]
3
[[ -43.64403534  -43.34288788 -258.10690308 -129.58285522]]
1
[[-245.18254089 -199.5365448  -118.08969116  -29.22283936]]
3
[[ -43.64403534  -43.34288788 -258.10690308 -129.58285522]]
1
[[-245.18254089 -199.5365448  -118.08969116  -29.22283936]]
3
[[ -43.64403534  -43.34288788 -258.10690308 -129.58285522]]
1
[[-245.18254089 -199.5365448  -118.08969116  -29.22283936]]
3
[[ -43.64403534  -43.34288788 -258.10690308 -129.58285522]]
1
[[-245.18254089 -199.5365448  -118.08969116  -29.22283936]]
3
[[ -43.64403534  -43.34288788 -258.10690308 -129.58285522]]
1
[[-245.18254089 -199.5365448  -118.08969116  -29.22283936]]
3
[[ -43.64403534  -43.34288788 -258.10690308 -129.58285522]]
1
[[-245.18254089 -199.5365448  -118.08969116  -29.22283936]]
3
[[ -43.64403534  -43.34288788 -258.10690308 -129.58285522]]
1
[[-245.18254089 -199.5365448  -118.08969116  -29.22283936]]
3
[[ -43.64403534  -43.34288788 -258.10690308 -129.58285522]]
1
[[-245.18254089 -199.5365448  -118.08969116  -29.22283936]]
3
[[ -43.64403534  -43.34288788 -258.10690308 -129.58285522]]
1
[[-245.18254089 -199.5365448  -118.08969116  -29.22283936]]
3
[[ -43.64403534  -43.34288788 -258.10690308 -129.58285522]]
1
[[-245.18254089 -199.5365448  -118.08969116  -29.22283936]]
3
[[ -43.64403534  -43.34288788 -258.10690308 -129.58285522]]
1
[[-245.18254089 -199.5365448  -118.08969116  -29.22283936]]
3
[[ -43.64403534  -43.34288788 -258.10690308 -129.58285522]]
1
[[-245.18254089 -199.5365448  -118.08969116  -29.22283936]]
3
[[ -43.64403534  -43.34288788 -258.10690308 -129.58285522]]
1
[[-245.18254089 -199.5365448  -118.08969116  -29.22283936]]
3
[[ -43.64403534  -43.34288788 -258.10690308 -129.58285522]]
1
[[-245.18254089 -199.5365448  -118.08969116  -29.22283936]]
3
[[ -43.64403534  -43.34288788 -258.10690308 -129.58285522]]
1
[[-245.18254089 -199.5365448  -118.08969116  -29.22283936]]
3
[[ -43.64403534  -43.34288788 -258.10690308 -129.58285522]]
1
[[-245.18254089 -199.5365448  -118.08969116  -29.22283936]]
3
[[ -43.64403534  -43.34288788 -258.10690308 -129.58285522]]
1
[[-245.18254089 -199.5365448  -118.08969116  -29.22283936]]
3
[[ -43.64403534  -43.34288788 -258.10690308 -129.58285522]]
1
[[-245.18254089 -199.5365448  -118.08969116  -29.22283936]]
3
[[ -43.64403534  -43.34288788 -258.10690308 -129.58285522]]
1
[[-245.18254089 -199.5365448  -118.08969116  -29.22283936]]
3
[[ -43.64403534  -43.34288788 -258.10690308 -129.58285522]]
1
[[-245.18254089 -199.5365448  -118.08969116  -29.22283936]]
3
[[ -43.64403534  -43.34288788 -258.10690308 -129.58285522]]
1
[[-245.18254089 -199.5365448  -118.08969116  -29.22283936]]
3
[[ -43.64403534  -43.34288788 -258.10690308 -129.58285522]]
1
[[-245.18254089 -199.5365448  -118.08969116  -29.22283936]]
3
[[ -43.64403534  -43.34288788 -258.10690308 -129.58285522]]
1
[[-245.18254089 -199.5365448  -118.08969116  -29.22283936]]
3
[[ -43.64403534  -43.34288788 -258.10690308 -129.58285522]]
1
[[-245.18254089 -199.5365448  -118.08969116  -29.22283936]]
3
[[ -43.64403534  -43.34288788 -258.10690308 -129.58285522]]
1
[[-245.18254089 -199.5365448  -118.08969116  -29.22283936]]
3
[[ -43.64403534  -43.34288788 -258.10690308 -129.58285522]]
1
[[-245.18254089 -199.5365448  -118.08969116  -29.22283936]]
3
[[ -43.64403534  -43.34288788 -258.10690308 -129.58285522]]
1
[[-245.18254089 -199.5365448  -118.08969116  -29.22283936]]
3
[[ -43.64403534  -43.34288788 -258.10690308 -129.58285522]]
1
[[-245.18254089 -199.5365448  -118.08969116  -29.22283936]]
3
[[ -43.64403534  -43.34288788 -258.10690308 -129.58285522]]
1
[[-245.18254089 -199.5365448  -118.08969116  -29.22283936]]
3
[[ -43.64403534  -43.34288788 -258.10690308 -129.58285522]]
1
[[-245.18254089 -199.5365448  -118.08969116  -29.22283936]]
3
[[ -43.64403534  -43.34288788 -258.10690308 -129.58285522]]
1
[[-245.18254089 -199.5365448  -118.08969116  -29.22283936]]
3
[[ -43.64403534  -43.34288788 -258.10690308 -129.58285522]]
1
[[-245.18254089 -199.5365448  -118.08969116  -29.22283936]]
3
[[ -43.64403534  -43.34288788 -258.10690308 -129.58285522]]
1
[[-245.18254089 -199.5365448  -118.08969116  -29.22283936]]
3
[[ -43.64403534  -43.34288788 -258.10690308 -129.58285522]]
1
[[-245.18254089 -199.5365448  -118.08969116  -29.22283936]]
3
[[ -43.64403534  -43.34288788 -258.10690308 -129.58285522]]
1
[[-245.18254089 -199.5365448  -118.08969116  -29.22283936]]
3
[[ -43.64403534  -43.34288788 -258.10690308 -129.58285522]]
1
[[-245.18254089 -199.5365448  -118.08969116  -29.22283936]]
3
[[ -43.64403534  -43.34288788 -258.10690308 -129.58285522]]
1
[[-245.18254089 -199.5365448  -118.08969116  -29.22283936]]
3
[[ -43.64403534  -43.34288788 -258.10690308 -129.58285522]]
1
[[-245.18254089 -199.5365448  -118.08969116  -29.22283936]]
3
[[ -43.64403534  -43.34288788 -258.10690308 -129.58285522]]
1
[[-245.18254089 -199.5365448  -118.08969116  -29.22283936]]
3
[[ -43.64403534  -43.34288788 -258.10690308 -129.58285522]]
1
[[-245.18254089 -199.5365448  -118.08969116  -29.22283936]]
3
[[ -43.64403534  -43.34288788 -258.10690308 -129.58285522]]
1
[[-245.18254089 -199.5365448  -118.08969116  -29.22283936]]
3
[[ -43.64403534  -43.34288788 -258.10690308 -129.58285522]]
1
[[-245.18254089 -199.5365448  -118.08969116  -29.22283936]]
3
FAIL
13/22
