[[ -31.90996552 -101.37866211 -224.96694946 -184.68704224]]
0
[[ -44.57392883  -99.89503479 -209.40444946 -174.68333435]]
0
[[  -1.75299072 -135.14758301 -176.9879303  -134.1245575 ]]
0
[[ -11.48325348 -248.07424927  -77.45506287 -135.33480835]]
0
[[ -17.3369751  -242.81588745 -117.7504425  -255.55349731]]
0
[[-242.79940796    4.48523712  -25.34606934  -91.22266388]]
1
[[   5.95371246 -100.04304504 -109.15377808  -78.5809021 ]]
0
[[  -6.16490936  -99.13028717  -59.22570801 -103.03308868]]
0
[[-210.17858887 -133.11524963 -151.63546753  -26.92461395]]
3
[[  -9.5769043   -57.65274429 -131.48219299 -252.48353577]]
0
[[ -31.08782959 -282.26693726 -108.70048523 -171.30413818]]
0
[[-317.04119873  -24.409729   -145.09658813 -138.85346985]]
1
[[-299.08758545  -24.70339203 -158.73468018  -17.97904205]]
3
[[-317.04119873  -24.409729   -145.09658813 -138.85346985]]
1
[[-299.08758545  -24.70339203 -158.73468018  -17.97904205]]
3
[[-317.04119873  -24.409729   -145.09658813 -138.85346985]]
1
[[-299.08758545  -24.70339203 -158.73468018  -17.97904205]]
3
[[-317.04119873  -24.409729   -145.09658813 -138.85346985]]
1
[[-299.08758545  -24.70339203 -158.73468018  -17.97904205]]
3
[[-317.04119873  -24.409729   -145.09658813 -138.85346985]]
1
[[-299.08758545  -24.70339203 -158.73468018  -17.97904205]]
3
[[-317.04119873  -24.409729   -145.09658813 -138.85346985]]
1
[[-299.08758545  -24.70339203 -158.73468018  -17.97904205]]
3
[[-317.04119873  -24.409729   -145.09658813 -138.85346985]]
1
[[-299.08758545  -24.70339203 -158.73468018  -17.97904205]]
3
[[-317.04119873  -24.409729   -145.09658813 -138.85346985]]
1
[[-299.08758545  -24.70339203 -158.73468018  -17.97904205]]
3
[[-317.04119873  -24.409729   -145.09658813 -138.85346985]]
1
[[-299.08758545  -24.70339203 -158.73468018  -17.97904205]]
3
[[-317.04119873  -24.409729   -145.09658813 -138.85346985]]
1
[[-299.08758545  -24.70339203 -158.73468018  -17.97904205]]
3
[[-317.04119873  -24.409729   -145.09658813 -138.85346985]]
1
[[-299.08758545  -24.70339203 -158.73468018  -17.97904205]]
3
[[-317.04119873  -24.409729   -145.09658813 -138.85346985]]
1
[[-299.08758545  -24.70339203 -158.73468018  -17.97904205]]
3
[[-317.04119873  -24.409729   -145.09658813 -138.85346985]]
1
[[-299.08758545  -24.70339203 -158.73468018  -17.97904205]]
3
[[-317.04119873  -24.409729   -145.09658813 -138.85346985]]
1
[[-299.08758545  -24.70339203 -158.73468018  -17.97904205]]
3
[[-317.04119873  -24.409729   -145.09658813 -138.85346985]]
1
[[-299.08758545  -24.70339203 -158.73468018  -17.97904205]]
3
[[-317.04119873  -24.409729   -145.09658813 -138.85346985]]
1
[[-299.08758545  -24.70339203 -158.73468018  -17.97904205]]
3
[[-317.04119873  -24.409729   -145.09658813 -138.85346985]]
1
[[-299.08758545  -24.70339203 -158.73468018  -17.97904205]]
3
[[-317.04119873  -24.409729   -145.09658813 -138.85346985]]
1
[[-299.08758545  -24.70339203 -158.73468018  -17.97904205]]
3
[[-317.04119873  -24.409729   -145.09658813 -138.85346985]]
1
[[-299.08758545  -24.70339203 -158.73468018  -17.97904205]]
3
[[-317.04119873  -24.409729   -145.09658813 -138.85346985]]
1
[[-299.08758545  -24.70339203 -158.73468018  -17.97904205]]
3
[[-317.04119873  -24.409729   -145.09658813 -138.85346985]]
1
[[-299.08758545  -24.70339203 -158.73468018  -17.97904205]]
3
[[-317.04119873  -24.409729   -145.09658813 -138.85346985]]
1
[[-299.08758545  -24.70339203 -158.73468018  -17.97904205]]
3
[[-317.04119873  -24.409729   -145.09658813 -138.85346985]]
1
[[-299.08758545  -24.70339203 -158.73468018  -17.97904205]]
3
[[-317.04119873  -24.409729   -145.09658813 -138.85346985]]
1
[[-299.08758545  -24.70339203 -158.73468018  -17.97904205]]
3
[[-317.04119873  -24.409729   -145.09658813 -138.85346985]]
1
[[-299.08758545  -24.70339203 -158.73468018  -17.97904205]]
3
[[-317.04119873  -24.409729   -145.09658813 -138.85346985]]
1
[[-299.08758545  -24.70339203 -158.73468018  -17.97904205]]
3
[[-317.04119873  -24.409729   -145.09658813 -138.85346985]]
1
[[-299.08758545  -24.70339203 -158.73468018  -17.97904205]]
3
[[-317.04119873  -24.409729   -145.09658813 -138.85346985]]
1
[[-299.08758545  -24.70339203 -158.73468018  -17.97904205]]
3
[[-317.04119873  -24.409729   -145.09658813 -138.85346985]]
1
[[-299.08758545  -24.70339203 -158.73468018  -17.97904205]]
3
[[-317.04119873  -24.409729   -145.09658813 -138.85346985]]
1
[[-299.08758545  -24.70339203 -158.73468018  -17.97904205]]
3
[[-317.04119873  -24.409729   -145.09658813 -138.85346985]]
1
[[-299.08758545  -24.70339203 -158.73468018  -17.97904205]]
3
[[-317.04119873  -24.409729   -145.09658813 -138.85346985]]
1
[[-299.08758545  -24.70339203 -158.73468018  -17.97904205]]
3
[[-317.04119873  -24.409729   -145.09658813 -138.85346985]]
1
[[-299.08758545  -24.70339203 -158.73468018  -17.97904205]]
3
[[-317.04119873  -24.409729   -145.09658813 -138.85346985]]
1
[[-299.08758545  -24.70339203 -158.73468018  -17.97904205]]
3
[[-317.04119873  -24.409729   -145.09658813 -138.85346985]]
1
[[-299.08758545  -24.70339203 -158.73468018  -17.97904205]]
3
[[-317.04119873  -24.409729   -145.09658813 -138.85346985]]
1
[[-299.08758545  -24.70339203 -158.73468018  -17.97904205]]
3
[[-317.04119873  -24.409729   -145.09658813 -138.85346985]]
1
[[-299.08758545  -24.70339203 -158.73468018  -17.97904205]]
3
[[-317.04119873  -24.409729   -145.09658813 -138.85346985]]
1
[[-299.08758545  -24.70339203 -158.73468018  -17.97904205]]
3
[[-317.04119873  -24.409729   -145.09658813 -138.85346985]]
1
[[-299.08758545  -24.70339203 -158.73468018  -17.97904205]]
3
[[-317.04119873  -24.409729   -145.09658813 -138.85346985]]
1
[[-299.08758545  -24.70339203 -158.73468018  -17.97904205]]
3
[[-317.04119873  -24.409729   -145.09658813 -138.85346985]]
1
[[-299.08758545  -24.70339203 -158.73468018  -17.97904205]]
3
[[-317.04119873  -24.409729   -145.09658813 -138.85346985]]
1
[[-299.08758545  -24.70339203 -158.73468018  -17.97904205]]
3
[[-317.04119873  -24.409729   -145.09658813 -138.85346985]]
1
[[-299.08758545  -24.70339203 -158.73468018  -17.97904205]]
3
[[-317.04119873  -24.409729   -145.09658813 -138.85346985]]
1
[[-299.08758545  -24.70339203 -158.73468018  -17.97904205]]
3
[[-317.04119873  -24.409729   -145.09658813 -138.85346985]]
1
[[-299.08758545  -24.70339203 -158.73468018  -17.97904205]]
3
FAIL
12/19
