[[-453.26306152 -196.47293091  -29.77218628 -131.86087036]]
2
[[-111.4779892  -237.06472778   -3.29119873 -373.5881958 ]]
2
[[-112.5415802   -43.65307617   -9.00101089  -67.79664612]]
2
[[ -22.61159515 -230.78041077   -3.47216797 -311.23202515]]
2
[[-126.74956512 -198.40255737 -131.4649353    -0.76657867]]
3
[[ -90.64483643 -106.31689453 -152.81964111   -6.29925537]]
3
[[-258.51422119 -121.5539093   -34.17114258 -104.07569885]]
2
[[ -52.95110321 -306.99798584 -173.27947998  -25.68228149]]
3
[[-350.2064209   -34.90307617  -32.20671082 -365.41851807]]
2
[[-208.92054749 -357.29101562 -120.43610382  -25.79417419]]
3
[[-305.57080078  -73.73788452 -171.68888855  -25.85387421]]
3
[[-296.30075073  -80.43104553 -145.64006042  -28.94998169]]
3
[[ -31.90996552 -101.37866211 -224.96694946 -184.68704224]]
0
[[ -44.57392883  -99.89503479 -209.40444946 -174.68333435]]
0
[[  -1.75299072 -135.14758301 -176.9879303  -134.1245575 ]]
0
[[ -11.48325348 -248.07424927  -77.45506287 -135.33480835]]
0
[[ -17.3369751  -242.81588745 -117.7504425  -255.55349731]]
0
[[-242.79940796    4.48523712  -25.34606934  -91.22266388]]
1
[[   5.95371246 -100.04304504 -109.15377808  -78.5809021 ]]
0
[[  -6.16490936  -99.13028717  -59.22570801 -103.03308868]]
0
[[-210.17858887 -133.11524963 -151.63546753  -26.92461395]]
3
[[  -9.5769043   -57.65274429 -131.48219299 -252.48353577]]
0
[[ -31.08782959 -282.26693726 -108.70048523 -171.30413818]]
0
[[-317.04119873  -24.409729   -145.09658813 -138.85346985]]
1
[[-299.08758545  -24.70339203 -158.73468018  -17.97904205]]
3
[[-317.04119873  -24.409729   -145.09658813 -138.85346985]]
1
[[-299.08758545  -24.70339203 -158.73468018  -17.97904205]]
3
[[-317.04119873  -24.409729   -145.09658813 -138.85346985]]
1
[[-299.08758545  -24.70339203 -158.73468018  -17.97904205]]
3
[[-317.04119873  -24.409729   -145.09658813 -138.85346985]]
1
[[-299.08758545  -24.70339203 -158.73468018  -17.97904205]]
3
[[-317.04119873  -24.409729   -145.09658813 -138.85346985]]
1
[[-299.08758545  -24.70339203 -158.73468018  -17.97904205]]
3
[[-317.04119873  -24.409729   -145.09658813 -138.85346985]]
1
[[-299.08758545  -24.70339203 -158.73468018  -17.97904205]]
3
[[-317.04119873  -24.409729   -145.09658813 -138.85346985]]
1
[[-299.08758545  -24.70339203 -158.73468018  -17.97904205]]
3
[[-317.04119873  -24.409729   -145.09658813 -138.85346985]]
1
[[-299.08758545  -24.70339203 -158.73468018  -17.97904205]]
3
[[-317.04119873  -24.409729   -145.09658813 -138.85346985]]
1
[[-299.08758545  -24.70339203 -158.73468018  -17.97904205]]
3
[[-317.04119873  -24.409729   -145.09658813 -138.85346985]]
1
[[-299.08758545  -24.70339203 -158.73468018  -17.97904205]]
3
[[-317.04119873  -24.409729   -145.09658813 -138.85346985]]
1
[[-299.08758545  -24.70339203 -158.73468018  -17.97904205]]
3
[[-317.04119873  -24.409729   -145.09658813 -138.85346985]]
1
[[-299.08758545  -24.70339203 -158.73468018  -17.97904205]]
3
[[-317.04119873  -24.409729   -145.09658813 -138.85346985]]
1
[[-299.08758545  -24.70339203 -158.73468018  -17.97904205]]
3
[[-317.04119873  -24.409729   -145.09658813 -138.85346985]]
1
[[-299.08758545  -24.70339203 -158.73468018  -17.97904205]]
3
[[-317.04119873  -24.409729   -145.09658813 -138.85346985]]
1
[[-299.08758545  -24.70339203 -158.73468018  -17.97904205]]
3
[[-317.04119873  -24.409729   -145.09658813 -138.85346985]]
1
[[-299.08758545  -24.70339203 -158.73468018  -17.97904205]]
3
[[-317.04119873  -24.409729   -145.09658813 -138.85346985]]
1
[[-299.08758545  -24.70339203 -158.73468018  -17.97904205]]
3
[[-317.04119873  -24.409729   -145.09658813 -138.85346985]]
1
[[-299.08758545  -24.70339203 -158.73468018  -17.97904205]]
3
[[-317.04119873  -24.409729   -145.09658813 -138.85346985]]
1
[[-299.08758545  -24.70339203 -158.73468018  -17.97904205]]
3
[[-317.04119873  -24.409729   -145.09658813 -138.85346985]]
1
[[-299.08758545  -24.70339203 -158.73468018  -17.97904205]]
3
[[-317.04119873  -24.409729   -145.09658813 -138.85346985]]
1
[[-299.08758545  -24.70339203 -158.73468018  -17.97904205]]
3
[[-317.04119873  -24.409729   -145.09658813 -138.85346985]]
1
[[-299.08758545  -24.70339203 -158.73468018  -17.97904205]]
3
[[-317.04119873  -24.409729   -145.09658813 -138.85346985]]
1
[[-299.08758545  -24.70339203 -158.73468018  -17.97904205]]
3
[[-317.04119873  -24.409729   -145.09658813 -138.85346985]]
1
[[-299.08758545  -24.70339203 -158.73468018  -17.97904205]]
3
[[-317.04119873  -24.409729   -145.09658813 -138.85346985]]
1
[[-299.08758545  -24.70339203 -158.73468018  -17.97904205]]
3
[[-317.04119873  -24.409729   -145.09658813 -138.85346985]]
1
[[-299.08758545  -24.70339203 -158.73468018  -17.97904205]]
3
[[-317.04119873  -24.409729   -145.09658813 -138.85346985]]
1
[[-299.08758545  -24.70339203 -158.73468018  -17.97904205]]
3
[[-317.04119873  -24.409729   -145.09658813 -138.85346985]]
1
[[-299.08758545  -24.70339203 -158.73468018  -17.97904205]]
3
[[-317.04119873  -24.409729   -145.09658813 -138.85346985]]
1
[[-299.08758545  -24.70339203 -158.73468018  -17.97904205]]
3
[[-317.04119873  -24.409729   -145.09658813 -138.85346985]]
1
[[-299.08758545  -24.70339203 -158.73468018  -17.97904205]]
3
[[-317.04119873  -24.409729   -145.09658813 -138.85346985]]
1
[[-299.08758545  -24.70339203 -158.73468018  -17.97904205]]
3
[[-317.04119873  -24.409729   -145.09658813 -138.85346985]]
1
[[-299.08758545  -24.70339203 -158.73468018  -17.97904205]]
3
[[-317.04119873  -24.409729   -145.09658813 -138.85346985]]
1
[[-299.08758545  -24.70339203 -158.73468018  -17.97904205]]
3
[[-317.04119873  -24.409729   -145.09658813 -138.85346985]]
1
[[-299.08758545  -24.70339203 -158.73468018  -17.97904205]]
3
[[-317.04119873  -24.409729   -145.09658813 -138.85346985]]
1
[[-299.08758545  -24.70339203 -158.73468018  -17.97904205]]
3
[[-317.04119873  -24.409729   -145.09658813 -138.85346985]]
1
[[-299.08758545  -24.70339203 -158.73468018  -17.97904205]]
3
[[-317.04119873  -24.409729   -145.09658813 -138.85346985]]
1
[[-299.08758545  -24.70339203 -158.73468018  -17.97904205]]
3
[[-317.04119873  -24.409729   -145.09658813 -138.85346985]]
1
[[-299.08758545  -24.70339203 -158.73468018  -17.97904205]]
3
[[-317.04119873  -24.409729   -145.09658813 -138.85346985]]
1
[[-299.08758545  -24.70339203 -158.73468018  -17.97904205]]
3
FAIL
24/31
