[[-132.34671021 -164.45904541  -36.27416229  -24.592453  ]]
3
[[-115.63217926  -35.28454208 -157.74360657  -49.59327698]]
1
[[-132.34671021 -164.45904541  -36.27416229  -24.592453  ]]
3
[[-115.63217926  -35.28454208 -157.74360657  -49.59327698]]
1
[[-132.34671021 -164.45904541  -36.27416229  -24.592453  ]]
3
[[-115.63217926  -35.28454208 -157.74360657  -49.59327698]]
1
[[-132.34671021 -164.45904541  -36.27416229  -24.592453  ]]
3
[[-115.63217926  -35.28454208 -157.74360657  -49.59327698]]
1
[[-132.34671021 -164.45904541  -36.27416229  -24.592453  ]]
3
[[-115.63217926  -35.28454208 -157.74360657  -49.59327698]]
1
[[-132.34671021 -164.45904541  -36.27416229  -24.592453  ]]
3
[[-115.63217926  -35.28454208 -157.74360657  -49.59327698]]
1
[[-132.34671021 -164.45904541  -36.27416229  -24.592453  ]]
3
[[-115.63217926  -35.28454208 -157.74360657  -49.59327698]]
1
[[-132.34671021 -164.45904541  -36.27416229  -24.592453  ]]
3
[[-115.63217926  -35.28454208 -157.74360657  -49.59327698]]
1
[[-132.34671021 -164.45904541  -36.27416229  -24.592453  ]]
3
[[-115.63217926  -35.28454208 -157.74360657  -49.59327698]]
1
[[-132.34671021 -164.45904541  -36.27416229  -24.592453  ]]
3
[[-115.63217926  -35.28454208 -157.74360657  -49.59327698]]
1
[[-132.34671021 -164.45904541  -36.27416229  -24.592453  ]]
3
[[-115.63217926  -35.28454208 -157.74360657  -49.59327698]]
1
[[-132.34671021 -164.45904541  -36.27416229  -24.592453  ]]
3
[[-115.63217926  -35.28454208 -157.74360657  -49.59327698]]
1
[[-132.34671021 -164.45904541  -36.27416229  -24.592453  ]]
3
[[-115.63217926  -35.28454208 -157.74360657  -49.59327698]]
1
[[-132.34671021 -164.45904541  -36.27416229  -24.592453  ]]
3
[[-115.63217926  -35.28454208 -157.74360657  -49.59327698]]
1
[[-132.34671021 -164.45904541  -36.27416229  -24.592453  ]]
3
[[-115.63217926  -35.28454208 -157.74360657  -49.59327698]]
1
[[-132.34671021 -164.45904541  -36.27416229  -24.592453  ]]
3
[[-115.63217926  -35.28454208 -157.74360657  -49.59327698]]
1
[[-132.34671021 -164.45904541  -36.27416229  -24.592453  ]]
3
[[-115.63217926  -35.28454208 -157.74360657  -49.59327698]]
1
[[-132.34671021 -164.45904541  -36.27416229  -24.592453  ]]
3
[[-115.63217926  -35.28454208 -157.74360657  -49.59327698]]
1
[[-132.34671021 -164.45904541  -36.27416229  -24.592453  ]]
3
[[-115.63217926  -35.28454208 -157.74360657  -49.59327698]]
1
[[-132.34671021 -164.45904541  -36.27416229  -24.592453  ]]
3
[[-115.63217926  -35.28454208 -157.74360657  -49.59327698]]
1
[[-132.34671021 -164.45904541  -36.27416229  -24.592453  ]]
3
[[-115.63217926  -35.28454208 -157.74360657  -49.59327698]]
1
[[-132.34671021 -164.45904541  -36.27416229  -24.592453  ]]
3
[[-115.63217926  -35.28454208 -157.74360657  -49.59327698]]
1
[[-132.34671021 -164.45904541  -36.27416229  -24.592453  ]]
3
[[-115.63217926  -35.28454208 -157.74360657  -49.59327698]]
1
[[-132.34671021 -164.45904541  -36.27416229  -24.592453  ]]
3
[[-115.63217926  -35.28454208 -157.74360657  -49.59327698]]
1
[[-132.34671021 -164.45904541  -36.27416229  -24.592453  ]]
3
[[-115.63217926  -35.28454208 -157.74360657  -49.59327698]]
1
[[-132.34671021 -164.45904541  -36.27416229  -24.592453  ]]
3
[[-115.63217926  -35.28454208 -157.74360657  -49.59327698]]
1
[[-132.34671021 -164.45904541  -36.27416229  -24.592453  ]]
3
[[-115.63217926  -35.28454208 -157.74360657  -49.59327698]]
1
[[-132.34671021 -164.45904541  -36.27416229  -24.592453  ]]
3
[[-115.63217926  -35.28454208 -157.74360657  -49.59327698]]
1
[[-132.34671021 -164.45904541  -36.27416229  -24.592453  ]]
3
[[-115.63217926  -35.28454208 -157.74360657  -49.59327698]]
1
[[-132.34671021 -164.45904541  -36.27416229  -24.592453  ]]
3
[[-115.63217926  -35.28454208 -157.74360657  -49.59327698]]
1
[[-132.34671021 -164.45904541  -36.27416229  -24.592453  ]]
3
[[-115.63217926  -35.28454208 -157.74360657  -49.59327698]]
1
[[-132.34671021 -164.45904541  -36.27416229  -24.592453  ]]
3
[[-115.63217926  -35.28454208 -157.74360657  -49.59327698]]
1
[[-132.34671021 -164.45904541  -36.27416229  -24.592453  ]]
3
[[-115.63217926  -35.28454208 -157.74360657  -49.59327698]]
1
[[-132.34671021 -164.45904541  -36.27416229  -24.592453  ]]
3
[[-115.63217926  -35.28454208 -157.74360657  -49.59327698]]
1
[[-132.34671021 -164.45904541  -36.27416229  -24.592453  ]]
3
[[-115.63217926  -35.28454208 -157.74360657  -49.59327698]]
1
[[-132.34671021 -164.45904541  -36.27416229  -24.592453  ]]
3
[[-115.63217926  -35.28454208 -157.74360657  -49.59327698]]
1
[[-132.34671021 -164.45904541  -36.27416229  -24.592453  ]]
3
[[-115.63217926  -35.28454208 -157.74360657  -49.59327698]]
1
[[-132.34671021 -164.45904541  -36.27416229  -24.592453  ]]
3
[[-115.63217926  -35.28454208 -157.74360657  -49.59327698]]
1
[[-132.34671021 -164.45904541  -36.27416229  -24.592453  ]]
3
[[-115.63217926  -35.28454208 -157.74360657  -49.59327698]]
1
[[-132.34671021 -164.45904541  -36.27416229  -24.592453  ]]
3
[[-115.63217926  -35.28454208 -157.74360657  -49.59327698]]
1
[[-132.34671021 -164.45904541  -36.27416229  -24.592453  ]]
3
[[-115.63217926  -35.28454208 -157.74360657  -49.59327698]]
1
[[-132.34671021 -164.45904541  -36.27416229  -24.592453  ]]
3
[[-115.63217926  -35.28454208 -157.74360657  -49.59327698]]
1
[[-132.34671021 -164.45904541  -36.27416229  -24.592453  ]]
3
[[-115.63217926  -35.28454208 -157.74360657  -49.59327698]]
1
[[-132.34671021 -164.45904541  -36.27416229  -24.592453  ]]
3
[[-115.63217926  -35.28454208 -157.74360657  -49.59327698]]
1
[[-132.34671021 -164.45904541  -36.27416229  -24.592453  ]]
3
[[-115.63217926  -35.28454208 -157.74360657  -49.59327698]]
1
[[-132.34671021 -164.45904541  -36.27416229  -24.592453  ]]
3
[[-115.63217926  -35.28454208 -157.74360657  -49.59327698]]
1
[[-132.34671021 -164.45904541  -36.27416229  -24.592453  ]]
3
[[-115.63217926  -35.28454208 -157.74360657  -49.59327698]]
1
[[-132.34671021 -164.45904541  -36.27416229  -24.592453  ]]
3
[[-115.63217926  -35.28454208 -157.74360657  -49.59327698]]
1
[[-132.34671021 -164.45904541  -36.27416229  -24.592453  ]]
3
[[-115.63217926  -35.28454208 -157.74360657  -49.59327698]]
1
[[-132.34671021 -164.45904541  -36.27416229  -24.592453  ]]
3
[[-115.63217926  -35.28454208 -157.74360657  -49.59327698]]
1
[[-132.34671021 -164.45904541  -36.27416229  -24.592453  ]]
3
FAIL
1/9
