[[  0.43088764  -1.25841475   0.17157915 -28.14328575]]
0
[[ -0.04931623  -0.3606953   -0.93575448 -27.68641853]]
0
[[  1.04571033  -4.49608898   0.55650598 -24.76358986]]
0
[[  0.03474349  -4.4953661    3.03809476 -28.7836895 ]]
2
[[  1.04571033  -4.49608898   0.55650598 -24.76358986]]
0
[[  0.03474349  -4.4953661    3.03809476 -28.7836895 ]]
2
[[  1.04571033  -4.49608898   0.55650598 -24.76358986]]
0
[[  0.03474349  -4.4953661    3.03809476 -28.7836895 ]]
2
[[  1.04571033  -4.49608898   0.55650598 -24.76358986]]
0
[[  0.03474349  -4.4953661    3.03809476 -28.7836895 ]]
2
[[  1.04571033  -4.49608898   0.55650598 -24.76358986]]
0
[[  0.03474349  -4.4953661    3.03809476 -28.7836895 ]]
2
[[  1.04571033  -4.49608898   0.55650598 -24.76358986]]
0
[[  0.03474349  -4.4953661    3.03809476 -28.7836895 ]]
2
[[  1.04571033  -4.49608898   0.55650598 -24.76358986]]
0
[[  0.03474349  -4.4953661    3.03809476 -28.7836895 ]]
2
[[  1.04571033  -4.49608898   0.55650598 -24.76358986]]
0
[[  0.03474349  -4.4953661    3.03809476 -28.7836895 ]]
2
[[  1.04571033  -4.49608898   0.55650598 -24.76358986]]
0
[[  0.03474349  -4.4953661    3.03809476 -28.7836895 ]]
2
[[  1.04571033  -4.49608898   0.55650598 -24.76358986]]
0
[[  0.03474349  -4.4953661    3.03809476 -28.7836895 ]]
2
[[  1.04571033  -4.49608898   0.55650598 -24.76358986]]
0
[[  0.03474349  -4.4953661    3.03809476 -28.7836895 ]]
2
[[  1.04571033  -4.49608898   0.55650598 -24.76358986]]
0
[[  0.03474349  -4.4953661    3.03809476 -28.7836895 ]]
2
[[  1.04571033  -4.49608898   0.55650598 -24.76358986]]
0
[[  0.03474349  -4.4953661    3.03809476 -28.7836895 ]]
2
[[  1.04571033  -4.49608898   0.55650598 -24.76358986]]
0
[[  0.03474349  -4.4953661    3.03809476 -28.7836895 ]]
2
[[  1.04571033  -4.49608898   0.55650598 -24.76358986]]
0
[[  0.03474349  -4.4953661    3.03809476 -28.7836895 ]]
2
[[  1.04571033  -4.49608898   0.55650598 -24.76358986]]
0
[[  0.03474349  -4.4953661    3.03809476 -28.7836895 ]]
2
[[  1.04571033  -4.49608898   0.55650598 -24.76358986]]
0
[[  0.03474349  -4.4953661    3.03809476 -28.7836895 ]]
2
[[  1.04571033  -4.49608898   0.55650598 -24.76358986]]
0
[[  0.03474349  -4.4953661    3.03809476 -28.7836895 ]]
2
[[  1.04571033  -4.49608898   0.55650598 -24.76358986]]
0
[[  0.03474349  -4.4953661    3.03809476 -28.7836895 ]]
2
[[  1.04571033  -4.49608898   0.55650598 -24.76358986]]
0
[[  0.03474349  -4.4953661    3.03809476 -28.7836895 ]]
2
[[  1.04571033  -4.49608898   0.55650598 -24.76358986]]
0
[[  0.03474349  -4.4953661    3.03809476 -28.7836895 ]]
2
[[  1.04571033  -4.49608898   0.55650598 -24.76358986]]
0
[[  0.03474349  -4.4953661    3.03809476 -28.7836895 ]]
2
[[  1.04571033  -4.49608898   0.55650598 -24.76358986]]
0
[[  0.03474349  -4.4953661    3.03809476 -28.7836895 ]]
2
[[  1.04571033  -4.49608898   0.55650598 -24.76358986]]
0
[[  0.03474349  -4.4953661    3.03809476 -28.7836895 ]]
2
[[  1.04571033  -4.49608898   0.55650598 -24.76358986]]
0
[[  0.03474349  -4.4953661    3.03809476 -28.7836895 ]]
2
[[  1.04571033  -4.49608898   0.55650598 -24.76358986]]
0
[[  0.03474349  -4.4953661    3.03809476 -28.7836895 ]]
2
[[  1.04571033  -4.49608898   0.55650598 -24.76358986]]
0
[[  0.03474349  -4.4953661    3.03809476 -28.7836895 ]]
2
[[  1.04571033  -4.49608898   0.55650598 -24.76358986]]
0
[[  0.03474349  -4.4953661    3.03809476 -28.7836895 ]]
2
[[  1.04571033  -4.49608898   0.55650598 -24.76358986]]
0
[[  0.03474349  -4.4953661    3.03809476 -28.7836895 ]]
2
[[  1.04571033  -4.49608898   0.55650598 -24.76358986]]
0
[[  0.03474349  -4.4953661    3.03809476 -28.7836895 ]]
2
[[  1.04571033  -4.49608898   0.55650598 -24.76358986]]
0
[[  0.03474349  -4.4953661    3.03809476 -28.7836895 ]]
2
[[  1.04571033  -4.49608898   0.55650598 -24.76358986]]
0
[[  0.03474349  -4.4953661    3.03809476 -28.7836895 ]]
2
[[  1.04571033  -4.49608898   0.55650598 -24.76358986]]
0
[[  0.03474349  -4.4953661    3.03809476 -28.7836895 ]]
2
[[  1.04571033  -4.49608898   0.55650598 -24.76358986]]
0
[[  0.03474349  -4.4953661    3.03809476 -28.7836895 ]]
2
[[  1.04571033  -4.49608898   0.55650598 -24.76358986]]
0
[[  0.03474349  -4.4953661    3.03809476 -28.7836895 ]]
2
[[  1.04571033  -4.49608898   0.55650598 -24.76358986]]
0
[[  0.03474349  -4.4953661    3.03809476 -28.7836895 ]]
2
[[  1.04571033  -4.49608898   0.55650598 -24.76358986]]
0
[[  0.03474349  -4.4953661    3.03809476 -28.7836895 ]]
2
[[  1.04571033  -4.49608898   0.55650598 -24.76358986]]
0
[[  0.03474349  -4.4953661    3.03809476 -28.7836895 ]]
2
[[  1.04571033  -4.49608898   0.55650598 -24.76358986]]
0
[[  0.03474349  -4.4953661    3.03809476 -28.7836895 ]]
2
[[  1.04571033  -4.49608898   0.55650598 -24.76358986]]
0
[[  0.03474349  -4.4953661    3.03809476 -28.7836895 ]]
2
[[  1.04571033  -4.49608898   0.55650598 -24.76358986]]
0
[[  0.03474349  -4.4953661    3.03809476 -28.7836895 ]]
2
[[  1.04571033  -4.49608898   0.55650598 -24.76358986]]
0
[[  0.03474349  -4.4953661    3.03809476 -28.7836895 ]]
2
[[  1.04571033  -4.49608898   0.55650598 -24.76358986]]
0
[[  0.03474349  -4.4953661    3.03809476 -28.7836895 ]]
2
[[  1.04571033  -4.49608898   0.55650598 -24.76358986]]
0
[[  0.03474349  -4.4953661    3.03809476 -28.7836895 ]]
2
[[  1.04571033  -4.49608898   0.55650598 -24.76358986]]
0
[[  0.03474349  -4.4953661    3.03809476 -28.7836895 ]]
2
[[  1.04571033  -4.49608898   0.55650598 -24.76358986]]
0
[[  0.03474349  -4.4953661    3.03809476 -28.7836895 ]]
2
[[  1.04571033  -4.49608898   0.55650598 -24.76358986]]
0
[[  0.03474349  -4.4953661    3.03809476 -28.7836895 ]]
2
[[  1.04571033  -4.49608898   0.55650598 -24.76358986]]
0
[[  0.03474349  -4.4953661    3.03809476 -28.7836895 ]]
2
[[  1.04571033  -4.49608898   0.55650598 -24.76358986]]
0
[[  0.03474349  -4.4953661    3.03809476 -28.7836895 ]]
2
[[  1.04571033  -4.49608898   0.55650598 -24.76358986]]
0
FAIL
3/19
