[[  4.85040283  -8.70878696  -0.48126334  -5.47610521 -16.60946083]]
0
[[-3.12748694 -9.00866127  2.67081785 -4.71297026 -5.15909386]]
2
[[  4.85040283  -8.70878696  -0.48126334  -5.47610521 -16.60946083]]
0
[[-3.12748694 -9.00866127  2.67081785 -4.71297026 -5.15909386]]
2
[[  4.85040283  -8.70878696  -0.48126334  -5.47610521 -16.60946083]]
0
[[-3.12748694 -9.00866127  2.67081785 -4.71297026 -5.15909386]]
2
[[  4.85040283  -8.70878696  -0.48126334  -5.47610521 -16.60946083]]
0
[[-3.12748694 -9.00866127  2.67081785 -4.71297026 -5.15909386]]
2
[[  4.85040283  -8.70878696  -0.48126334  -5.47610521 -16.60946083]]
0
[[-3.12748694 -9.00866127  2.67081785 -4.71297026 -5.15909386]]
2
[[  4.85040283  -8.70878696  -0.48126334  -5.47610521 -16.60946083]]
0
[[-3.12748694 -9.00866127  2.67081785 -4.71297026 -5.15909386]]
2
[[  4.85040283  -8.70878696  -0.48126334  -5.47610521 -16.60946083]]
0
[[-3.12748694 -9.00866127  2.67081785 -4.71297026 -5.15909386]]
2
[[  4.85040283  -8.70878696  -0.48126334  -5.47610521 -16.60946083]]
0
[[-3.12748694 -9.00866127  2.67081785 -4.71297026 -5.15909386]]
2
[[  4.85040283  -8.70878696  -0.48126334  -5.47610521 -16.60946083]]
0
[[-3.12748694 -9.00866127  2.67081785 -4.71297026 -5.15909386]]
2
[[  4.85040283  -8.70878696  -0.48126334  -5.47610521 -16.60946083]]
0
[[-3.12748694 -9.00866127  2.67081785 -4.71297026 -5.15909386]]
2
[[  4.85040283  -8.70878696  -0.48126334  -5.47610521 -16.60946083]]
0
[[-3.12748694 -9.00866127  2.67081785 -4.71297026 -5.15909386]]
2
[[  4.85040283  -8.70878696  -0.48126334  -5.47610521 -16.60946083]]
0
[[-3.12748694 -9.00866127  2.67081785 -4.71297026 -5.15909386]]
2
[[  4.85040283  -8.70878696  -0.48126334  -5.47610521 -16.60946083]]
0
[[-3.12748694 -9.00866127  2.67081785 -4.71297026 -5.15909386]]
2
[[  4.85040283  -8.70878696  -0.48126334  -5.47610521 -16.60946083]]
0
[[-3.12748694 -9.00866127  2.67081785 -4.71297026 -5.15909386]]
2
[[  4.85040283  -8.70878696  -0.48126334  -5.47610521 -16.60946083]]
0
[[-3.12748694 -9.00866127  2.67081785 -4.71297026 -5.15909386]]
2
[[  4.85040283  -8.70878696  -0.48126334  -5.47610521 -16.60946083]]
0
[[-3.12748694 -9.00866127  2.67081785 -4.71297026 -5.15909386]]
2
[[  4.85040283  -8.70878696  -0.48126334  -5.47610521 -16.60946083]]
0
[[-3.12748694 -9.00866127  2.67081785 -4.71297026 -5.15909386]]
2
[[  4.85040283  -8.70878696  -0.48126334  -5.47610521 -16.60946083]]
0
[[-3.12748694 -9.00866127  2.67081785 -4.71297026 -5.15909386]]
2
[[  4.85040283  -8.70878696  -0.48126334  -5.47610521 -16.60946083]]
0
[[-3.12748694 -9.00866127  2.67081785 -4.71297026 -5.15909386]]
2
[[  4.85040283  -8.70878696  -0.48126334  -5.47610521 -16.60946083]]
0
[[-3.12748694 -9.00866127  2.67081785 -4.71297026 -5.15909386]]
2
[[  4.85040283  -8.70878696  -0.48126334  -5.47610521 -16.60946083]]
0
[[-3.12748694 -9.00866127  2.67081785 -4.71297026 -5.15909386]]
2
[[  4.85040283  -8.70878696  -0.48126334  -5.47610521 -16.60946083]]
0
[[-3.12748694 -9.00866127  2.67081785 -4.71297026 -5.15909386]]
2
[[  4.85040283  -8.70878696  -0.48126334  -5.47610521 -16.60946083]]
0
[[-3.12748694 -9.00866127  2.67081785 -4.71297026 -5.15909386]]
2
[[  4.85040283  -8.70878696  -0.48126334  -5.47610521 -16.60946083]]
0
[[-3.12748694 -9.00866127  2.67081785 -4.71297026 -5.15909386]]
2
[[  4.85040283  -8.70878696  -0.48126334  -5.47610521 -16.60946083]]
0
[[-3.12748694 -9.00866127  2.67081785 -4.71297026 -5.15909386]]
2
[[  4.85040283  -8.70878696  -0.48126334  -5.47610521 -16.60946083]]
0
[[-3.12748694 -9.00866127  2.67081785 -4.71297026 -5.15909386]]
2
[[  4.85040283  -8.70878696  -0.48126334  -5.47610521 -16.60946083]]
0
[[-3.12748694 -9.00866127  2.67081785 -4.71297026 -5.15909386]]
2
[[  4.85040283  -8.70878696  -0.48126334  -5.47610521 -16.60946083]]
0
[[-3.12748694 -9.00866127  2.67081785 -4.71297026 -5.15909386]]
2
[[  4.85040283  -8.70878696  -0.48126334  -5.47610521 -16.60946083]]
0
[[-3.12748694 -9.00866127  2.67081785 -4.71297026 -5.15909386]]
2
[[  4.85040283  -8.70878696  -0.48126334  -5.47610521 -16.60946083]]
0
[[-3.12748694 -9.00866127  2.67081785 -4.71297026 -5.15909386]]
2
[[  4.85040283  -8.70878696  -0.48126334  -5.47610521 -16.60946083]]
0
[[-3.12748694 -9.00866127  2.67081785 -4.71297026 -5.15909386]]
2
[[  4.85040283  -8.70878696  -0.48126334  -5.47610521 -16.60946083]]
0
[[-3.12748694 -9.00866127  2.67081785 -4.71297026 -5.15909386]]
2
[[  4.85040283  -8.70878696  -0.48126334  -5.47610521 -16.60946083]]
0
[[-3.12748694 -9.00866127  2.67081785 -4.71297026 -5.15909386]]
2
[[  4.85040283  -8.70878696  -0.48126334  -5.47610521 -16.60946083]]
0
[[-3.12748694 -9.00866127  2.67081785 -4.71297026 -5.15909386]]
2
[[  4.85040283  -8.70878696  -0.48126334  -5.47610521 -16.60946083]]
0
[[-3.12748694 -9.00866127  2.67081785 -4.71297026 -5.15909386]]
2
[[  4.85040283  -8.70878696  -0.48126334  -5.47610521 -16.60946083]]
0
[[-3.12748694 -9.00866127  2.67081785 -4.71297026 -5.15909386]]
2
[[  4.85040283  -8.70878696  -0.48126334  -5.47610521 -16.60946083]]
0
[[-3.12748694 -9.00866127  2.67081785 -4.71297026 -5.15909386]]
2
[[  4.85040283  -8.70878696  -0.48126334  -5.47610521 -16.60946083]]
0
[[-3.12748694 -9.00866127  2.67081785 -4.71297026 -5.15909386]]
2
[[  4.85040283  -8.70878696  -0.48126334  -5.47610521 -16.60946083]]
0
[[-3.12748694 -9.00866127  2.67081785 -4.71297026 -5.15909386]]
2
[[  4.85040283  -8.70878696  -0.48126334  -5.47610521 -16.60946083]]
0
[[-3.12748694 -9.00866127  2.67081785 -4.71297026 -5.15909386]]
2
[[  4.85040283  -8.70878696  -0.48126334  -5.47610521 -16.60946083]]
0
[[-3.12748694 -9.00866127  2.67081785 -4.71297026 -5.15909386]]
2
[[  4.85040283  -8.70878696  -0.48126334  -5.47610521 -16.60946083]]
0
[[-3.12748694 -9.00866127  2.67081785 -4.71297026 -5.15909386]]
2
[[  4.85040283  -8.70878696  -0.48126334  -5.47610521 -16.60946083]]
0
[[-3.12748694 -9.00866127  2.67081785 -4.71297026 -5.15909386]]
2
[[  4.85040283  -8.70878696  -0.48126334  -5.47610521 -16.60946083]]
0
[[-3.12748694 -9.00866127  2.67081785 -4.71297026 -5.15909386]]
2
[[  4.85040283  -8.70878696  -0.48126334  -5.47610521 -16.60946083]]
0
[[-3.12748694 -9.00866127  2.67081785 -4.71297026 -5.15909386]]
2
[[  4.85040283  -8.70878696  -0.48126334  -5.47610521 -16.60946083]]
0
[[-3.12748694 -9.00866127  2.67081785 -4.71297026 -5.15909386]]
2
[[  4.85040283  -8.70878696  -0.48126334  -5.47610521 -16.60946083]]
0
[[-3.12748694 -9.00866127  2.67081785 -4.71297026 -5.15909386]]
2
[[  4.85040283  -8.70878696  -0.48126334  -5.47610521 -16.60946083]]
0
[[-3.12748694 -9.00866127  2.67081785 -4.71297026 -5.15909386]]
2
[[  4.85040283  -8.70878696  -0.48126334  -5.47610521 -16.60946083]]
0
[[-3.12748694 -9.00866127  2.67081785 -4.71297026 -5.15909386]]
2
[[  4.85040283  -8.70878696  -0.48126334  -5.47610521 -16.60946083]]
0
[[-3.12748694 -9.00866127  2.67081785 -4.71297026 -5.15909386]]
2
[[  4.85040283  -8.70878696  -0.48126334  -5.47610521 -16.60946083]]
0
FAIL
